"","t60","t61","t1","t5","t11","t12","t42","t43","t110","t111","t117","t118","t13","t6","t7","t79","t112","t113","t78","t103","t104","t63","t94","t95","t77","t90","t91","t31","t35","t133","t134","t109","t22","t107","t108","t100","t101","t41","t96","t97","t92","t93","t36","t52","t53","t44","t45","t9","t18","t19","t10","t38","t39","t70","t71","t20","t8","t2","t88","t89","t25","t32","t129","t130","t30","t55","t82","t98","t99","t14","t72","t73","t62","t50","t51","t21","t131","t132","t59","t83","t119","t120","t64","t23","t54","t115","t116","t102","t66","t67","t65","t74","t75","t125","t126","t86","t87","t34","t57","t58","t26","t46","t47","t17","t56","t84","t85","t80","t81","t68","t69","t37","t29","t27","t28","t24","t3","t127","t128","t121","t122","t114","t123","t124","t76","t4","t15","t16","t48","t49","t40","t33","t105","t106"
"t60",0,1.1198913694,5.6741980757,5.765651817384,4.956041166564,5.969033377684,7.104370205184,7.104370205184,7.104370205184,7.104370205184,7.104370205284,7.104370205284,5.322643719284,7.104370205344,4.747805805244,7.104370205744,7.104370205644,7.104370205644,7.104370205744,7.104370205644,7.104370205644,7.104370205444,7.104370205417,7.104370205417,7.104370205417,7.104370205544,7.104370205544,6.749539852444,6.482818099244,7.104370205463,7.104370205463,7.104370205444,7.104370205444,7.10437020537,7.10437020537,7.10437020547,7.10437020547,6.31505019301,7.10437020547,7.10437020547,7.10437020537,7.10437020537,7.104370205364,7.104370205344,7.104370205344,7.104370205444,7.104370205444,5.116485299744,5.955855427974,5.794778450774,5.386271717174,7.104370205474,7.104370205474,6.809658993774,7.104370205474,7.104370205374,6.278910455574,4.510783053874,7.104370205618,7.104370205618,6.111271070018,7.104370205648,7.104370205908,7.104370205908,6.890362593968,6.458681674158,7.104370205918,7.104370205898,7.104370205898,5.520602750418,7.104370205418,7.104370205418,7.104370205318,6.953044036618,6.799749116118,5.774002208154,7.104370205635,7.104370205635,7.104370205434,6.878657684984,7.104370205444,7.104370205444,7.104370205434,7.104370205934,7.10437020557,7.10437020554,7.10437020554,7.10437020557,6.960466855894,6.744584288764,7.104370205584,7.104370205564,7.104370205564,7.104370205834,7.104370205834,7.104370204644,7.104370204644,7.104370205044,7.104370205044,7.104370205044,7.104370204944,6.481836656344,7.104370205144,7.104370205544,7.104370205404,7.104370205404,7.104370205404,7.104370205404,7.104370205404,7.104370205304,6.971968912804,7.104370205304,5.999880465904,7.104370205304,7.104370205304,7.104370205504,4.555920336254,7.104370205304,7.104370205304,7.104370205364,7.104370205364,7.104370205364,7.104370205424,7.104370205424,7.104370205404,7.104370205364,7.1283576947,7.550627342024,8.882983914984,8.498409570884,8.882983915024,8.882983915324,9.24937521401,9.3631856952
"t61",1.1198913694,0,5.6741980757,5.765651817384,4.956041166564,5.969033377684,7.104370205184,7.104370205184,7.104370205184,7.104370205184,7.104370205284,7.104370205284,5.322643719284,7.104370205344,4.747805805244,7.104370205744,7.104370205644,7.104370205644,7.104370205744,7.104370205644,7.104370205644,7.104370205444,7.104370205417,7.104370205417,7.104370205417,7.104370205544,7.104370205544,6.749539852444,6.482818099244,7.104370205463,7.104370205463,7.104370205444,7.104370205444,7.10437020537,7.10437020537,7.10437020547,7.10437020547,6.31505019301,7.10437020547,7.10437020547,7.10437020537,7.10437020537,7.104370205364,7.104370205344,7.104370205344,7.104370205444,7.104370205444,5.116485299744,5.955855427974,5.794778450774,5.386271717174,7.104370205474,7.104370205474,6.809658993774,7.104370205474,7.104370205374,6.278910455574,4.510783053874,7.104370205618,7.104370205618,6.111271070018,7.104370205648,7.104370205908,7.104370205908,6.890362593968,6.458681674158,7.104370205918,7.104370205898,7.104370205898,5.520602750418,7.104370205418,7.104370205418,7.104370205318,6.953044036618,6.799749116118,5.774002208154,7.104370205635,7.104370205635,7.104370205434,6.878657684984,7.104370205444,7.104370205444,7.104370205434,7.104370205934,7.10437020557,7.10437020554,7.10437020554,7.10437020557,6.960466855894,6.744584288764,7.104370205584,7.104370205564,7.104370205564,7.104370205834,7.104370205834,7.104370204644,7.104370204644,7.104370205044,7.104370205044,7.104370205044,7.104370204944,6.481836656344,7.104370205144,7.104370205544,7.104370205404,7.104370205404,7.104370205404,7.104370205404,7.104370205404,7.104370205304,6.971968912804,7.104370205304,5.999880465904,7.104370205304,7.104370205304,7.104370205504,4.555920336254,7.104370205304,7.104370205304,7.104370205364,7.104370205364,7.104370205364,7.104370205424,7.104370205424,7.104370205404,7.104370205364,7.1283576947,7.550627342024,8.882983914984,8.498409570884,8.882983915024,8.882983915324,9.24937521401,9.3631856952
"t1",5.6741980757,5.6741980757,0,5.051445349684,4.241834698864,5.254826909984,6.390163737484,6.390163737484,6.390163737484,6.390163737484,6.390163737584,6.390163737584,4.608437251584,6.390163737644,4.033599337544,6.390163738044,6.390163737944,6.390163737944,6.390163738044,6.390163737944,6.390163737944,6.390163737744,6.390163737717,6.390163737717,6.390163737717,6.390163737844,6.390163737844,6.035333384744,5.768611631544,6.390163737763,6.390163737763,6.390163737744,6.390163737744,6.39016373767,6.39016373767,6.39016373777,6.39016373777,5.60084372531,6.39016373777,6.39016373777,6.39016373767,6.39016373767,6.390163737664,6.390163737644,6.390163737644,6.390163737744,6.390163737744,4.402278832044,5.241648960274,5.080571983074,4.672065249474,6.390163737774,6.390163737774,6.095452526074,6.390163737774,6.390163737674,5.564703987874,3.796576586174,6.390163737918,6.390163737918,5.397064602318,6.390163737948,6.390163738208,6.390163738208,6.176156126268,5.744475206458,6.390163738218,6.390163738198,6.390163738198,4.806396282718,6.390163737718,6.390163737718,6.390163737618,6.238837568918,6.085542648418,5.059795740454,6.390163737935,6.390163737935,6.390163737734,6.164451217284,6.390163737744,6.390163737744,6.390163737734,6.390163738234,6.39016373787,6.39016373784,6.39016373784,6.39016373787,6.246260388194,6.030377821064,6.390163737884,6.390163737864,6.390163737864,6.390163738134,6.390163738134,6.390163736944,6.390163736944,6.390163737344,6.390163737344,6.390163737344,6.390163737244,5.767630188644,6.390163737444,6.390163737844,6.390163737704,6.390163737704,6.390163737704,6.390163737704,6.390163737704,6.390163737604,6.257762445104,6.390163737604,5.285673998204,6.390163737604,6.390163737604,6.390163737804,3.841713868554,6.390163737604,6.390163737604,6.390163737664,6.390163737664,6.390163737664,6.390163737724,6.390163737724,6.390163737704,6.390163737664,6.414151227,6.836420874324,8.168777447284,7.784203103184,8.168777447324,8.168777447624,8.53516874631,8.6489792275
"t5",5.765651817384,5.765651817384,5.051445349684,0,1.88954294118,2.9025351523,4.0378719798,4.0378719798,4.0378719798,4.0378719798,4.0378719799,4.0378719799,2.2561454939,5.74655612896,3.38999172886,5.74655612936,5.74655612926,5.74655612926,5.74655612936,5.74655612926,5.74655612926,5.74655612906,5.746556129033,5.746556129033,5.746556129033,5.74655612916,5.74655612916,5.39172577606,5.12500402286,5.746556129079,5.746556129079,5.74655612906,5.74655612906,5.746556128986,5.746556128986,5.746556129086,5.746556129086,4.957236116626,5.746556129086,5.746556129086,5.746556128986,5.746556128986,5.74655612898,5.74655612896,5.74655612896,5.74655612906,5.74655612906,3.75867122336,4.59804135159,4.43696437439,4.02845764079,5.74655612909,5.74655612909,5.45184491739,5.74655612909,5.74655612899,4.92109637919,3.15296897749,5.746556129234,5.746556129234,4.753456993634,5.746556129264,5.746556129524,5.746556129524,5.532548517584,5.100867597774,5.746556129534,5.746556129514,5.746556129514,4.162788674034,5.746556129034,5.746556129034,5.746556128934,5.595229960234,5.441935039734,4.41618813177,5.746556129251,5.746556129251,5.74655612905,5.5208436086,5.74655612906,5.74655612906,5.74655612905,5.74655612955,5.746556129186,5.746556129156,5.746556129156,5.746556129186,5.60265277951,5.38677021238,5.7465561292,5.74655612918,5.74655612918,5.74655612945,5.74655612945,5.74655612826,5.74655612826,5.74655612866,5.74655612866,5.74655612866,5.74655612856,5.12402257996,5.74655612876,5.74655612916,5.74655612902,5.74655612902,5.74655612902,5.74655612902,5.74655612902,5.74655612892,5.61415483642,5.74655612892,4.64206638952,5.74655612892,5.74655612892,5.74655612912,3.19810625987,5.74655612892,5.74655612892,5.74655612898,5.74655612898,5.74655612898,5.74655612904,5.74655612904,5.74655612902,5.74655612898,5.789639306684,6.211908954008,7.544265526968,7.159691182868,7.544265527008,7.544265527308,7.910656825994,8.024467307184
"t11",4.956041166564,4.956041166564,4.241834698864,1.88954294118,0,1.07967424888,2.81187690598,2.81187690598,2.81187690598,2.81187690598,2.81187690608,2.81187690608,1.03015042008,4.93694547814,2.58038107804,4.93694547854,4.93694547844,4.93694547844,4.93694547854,4.93694547844,4.93694547844,4.93694547824,4.936945478213,4.936945478213,4.936945478213,4.93694547834,4.93694547834,4.58211512524,4.31539337204,4.936945478259,4.936945478259,4.93694547824,4.93694547824,4.936945478166,4.936945478166,4.936945478266,4.936945478266,4.147625465806,4.936945478266,4.936945478266,4.936945478166,4.936945478166,4.93694547816,4.93694547814,4.93694547814,4.93694547824,4.93694547824,2.94906057254,3.78843070077,3.62735372357,3.21884698997,4.93694547827,4.93694547827,4.64223426657,4.93694547827,4.93694547817,4.11148572837,2.34335832667,4.936945478414,4.936945478414,3.943846342814,4.936945478444,4.936945478704,4.936945478704,4.722937866764,4.291256946954,4.936945478714,4.936945478694,4.936945478694,3.353178023214,4.936945478214,4.936945478214,4.936945478114,4.785619309414,4.632324388914,3.60657748095,4.936945478431,4.936945478431,4.93694547823,4.71123295778,4.93694547824,4.93694547824,4.93694547823,4.93694547873,4.936945478366,4.936945478336,4.936945478336,4.936945478366,4.79304212869,4.57715956156,4.93694547838,4.93694547836,4.93694547836,4.93694547863,4.93694547863,4.93694547744,4.93694547744,4.93694547784,4.93694547784,4.93694547784,4.93694547774,4.31441192914,4.93694547794,4.93694547834,4.9369454782,4.9369454782,4.9369454782,4.9369454782,4.9369454782,4.9369454781,4.8045441856,4.9369454781,3.8324557387,4.9369454781,4.9369454781,4.9369454783,2.38849560905,4.9369454781,4.9369454781,4.93694547816,4.93694547816,4.93694547816,4.93694547822,4.93694547822,4.9369454782,4.93694547816,4.980028655864,5.402298303188,6.734654876148,6.350080532048,6.734654876188,6.734654876488,7.101046175174,7.214856656364
"t12",5.969033377684,5.969033377684,5.254826909984,2.9025351523,1.07967424888,0,3.8248691171,3.8248691171,3.8248691171,3.8248691171,3.8248691172,3.8248691172,2.0431426312,5.94993768926,3.59337328916,5.94993768966,5.94993768956,5.94993768956,5.94993768966,5.94993768956,5.94993768956,5.94993768936,5.949937689333,5.949937689333,5.949937689333,5.94993768946,5.94993768946,5.59510733636,5.32838558316,5.949937689379,5.949937689379,5.94993768936,5.94993768936,5.949937689286,5.949937689286,5.949937689386,5.949937689386,5.160617676926,5.949937689386,5.949937689386,5.949937689286,5.949937689286,5.94993768928,5.94993768926,5.94993768926,5.94993768936,5.94993768936,3.96205278366,4.80142291189,4.64034593469,4.23183920109,5.94993768939,5.94993768939,5.65522647769,5.94993768939,5.94993768929,5.12447793949,3.35635053779,5.949937689534,5.949937689534,4.956838553934,5.949937689564,5.949937689824,5.949937689824,5.735930077884,5.304249158074,5.949937689834,5.949937689814,5.949937689814,4.366170234334,5.949937689334,5.949937689334,5.949937689234,5.798611520534,5.645316600034,4.61956969207,5.949937689551,5.949937689551,5.94993768935,5.7242251689,5.94993768936,5.94993768936,5.94993768935,5.94993768985,5.949937689486,5.949937689456,5.949937689456,5.949937689486,5.80603433981,5.59015177268,5.9499376895,5.94993768948,5.94993768948,5.94993768975,5.94993768975,5.94993768856,5.94993768856,5.94993768896,5.94993768896,5.94993768896,5.94993768886,5.32740414026,5.94993768906,5.94993768946,5.94993768932,5.94993768932,5.94993768932,5.94993768932,5.94993768932,5.94993768922,5.81753639672,5.94993768922,4.84544794982,5.94993768922,5.94993768922,5.94993768942,3.40148782017,5.94993768922,5.94993768922,5.94993768928,5.94993768928,5.94993768928,5.94993768934,5.94993768934,5.94993768932,5.94993768928,5.993020866984,6.415290514308,7.747647087268,7.363072743168,7.747647087308,7.747647087608,8.114038386294,8.227848867484
"t42",7.104370205184,7.104370205184,6.390163737484,4.0378719798,2.81187690598,3.8248691171,0,1.5669515946,2.0041543306,2.0041543306,2.0041543307,2.0041543307,2.5738343827,7.08527451676,4.72871011666,7.08527451716,7.08527451706,7.08527451706,7.08527451716,7.08527451706,7.08527451706,7.08527451686,7.085274516833,7.085274516833,7.085274516833,7.08527451696,7.08527451696,6.73044416386,6.46372241066,7.085274516879,7.085274516879,7.08527451686,7.08527451686,7.085274516786,7.085274516786,7.085274516886,7.085274516886,6.295954504426,7.085274516886,7.085274516886,7.085274516786,7.085274516786,7.08527451678,7.08527451676,7.08527451676,7.08527451686,7.08527451686,5.09738961116,5.93675973939,5.77568276219,5.36717602859,7.08527451689,7.08527451689,6.79056330519,7.08527451689,7.08527451679,6.25981476699,4.49168736529,7.085274517034,7.085274517034,6.092175381434,7.085274517064,7.085274517324,7.085274517324,6.871266905384,6.439585985574,7.085274517334,7.085274517314,7.085274517314,5.501507061834,7.085274516834,7.085274516834,7.085274516734,6.933948348034,6.780653427534,5.75490651957,7.085274517051,7.085274517051,7.08527451685,6.8595619964,7.08527451686,7.08527451686,7.08527451685,7.08527451735,7.085274516986,7.085274516956,7.085274516956,7.085274516986,6.94137116731,6.72548860018,7.085274517,7.08527451698,7.08527451698,7.08527451725,7.08527451725,7.08527451606,7.08527451606,7.08527451646,7.08527451646,7.08527451646,7.08527451636,6.46274096776,7.08527451656,7.08527451696,7.08527451682,7.08527451682,7.08527451682,7.08527451682,7.08527451682,7.08527451672,6.95287322422,7.08527451672,5.98078477732,7.08527451672,7.08527451672,7.08527451692,4.53682464767,7.08527451672,7.08527451672,7.08527451678,7.08527451678,7.08527451678,7.08527451684,7.08527451684,7.08527451682,7.08527451678,7.128357694484,7.550627341808,8.882983914768,8.498409570668,8.882983914808,8.882983915108,9.249375213794,9.363185694984
"t43",7.104370205184,7.104370205184,6.390163737484,4.0378719798,2.81187690598,3.8248691171,1.5669515946,0,2.0041543306,2.0041543306,2.0041543307,2.0041543307,2.5738343827,7.08527451676,4.72871011666,7.08527451716,7.08527451706,7.08527451706,7.08527451716,7.08527451706,7.08527451706,7.08527451686,7.085274516833,7.085274516833,7.085274516833,7.08527451696,7.08527451696,6.73044416386,6.46372241066,7.085274516879,7.085274516879,7.08527451686,7.08527451686,7.085274516786,7.085274516786,7.085274516886,7.085274516886,6.295954504426,7.085274516886,7.085274516886,7.085274516786,7.085274516786,7.08527451678,7.08527451676,7.08527451676,7.08527451686,7.08527451686,5.09738961116,5.93675973939,5.77568276219,5.36717602859,7.08527451689,7.08527451689,6.79056330519,7.08527451689,7.08527451679,6.25981476699,4.49168736529,7.085274517034,7.085274517034,6.092175381434,7.085274517064,7.085274517324,7.085274517324,6.871266905384,6.439585985574,7.085274517334,7.085274517314,7.085274517314,5.501507061834,7.085274516834,7.085274516834,7.085274516734,6.933948348034,6.780653427534,5.75490651957,7.085274517051,7.085274517051,7.08527451685,6.8595619964,7.08527451686,7.08527451686,7.08527451685,7.08527451735,7.085274516986,7.085274516956,7.085274516956,7.085274516986,6.94137116731,6.72548860018,7.085274517,7.08527451698,7.08527451698,7.08527451725,7.08527451725,7.08527451606,7.08527451606,7.08527451646,7.08527451646,7.08527451646,7.08527451636,6.46274096776,7.08527451656,7.08527451696,7.08527451682,7.08527451682,7.08527451682,7.08527451682,7.08527451682,7.08527451672,6.95287322422,7.08527451672,5.98078477732,7.08527451672,7.08527451672,7.08527451692,4.53682464767,7.08527451672,7.08527451672,7.08527451678,7.08527451678,7.08527451678,7.08527451684,7.08527451684,7.08527451682,7.08527451678,7.128357694484,7.550627341808,8.882983914768,8.498409570668,8.882983914808,8.882983915108,9.249375213794,9.363185694984
"t110",7.104370205184,7.104370205184,6.390163737484,4.0378719798,2.81187690598,3.8248691171,2.0041543306,2.0041543306,0,0.3039699072,0.6398056537,0.6398056537,2.5738343827,7.08527451676,4.72871011666,7.08527451716,7.08527451706,7.08527451706,7.08527451716,7.08527451706,7.08527451706,7.08527451686,7.085274516833,7.085274516833,7.085274516833,7.08527451696,7.08527451696,6.73044416386,6.46372241066,7.085274516879,7.085274516879,7.08527451686,7.08527451686,7.085274516786,7.085274516786,7.085274516886,7.085274516886,6.295954504426,7.085274516886,7.085274516886,7.085274516786,7.085274516786,7.08527451678,7.08527451676,7.08527451676,7.08527451686,7.08527451686,5.09738961116,5.93675973939,5.77568276219,5.36717602859,7.08527451689,7.08527451689,6.79056330519,7.08527451689,7.08527451679,6.25981476699,4.49168736529,7.085274517034,7.085274517034,6.092175381434,7.085274517064,7.085274517324,7.085274517324,6.871266905384,6.439585985574,7.085274517334,7.085274517314,7.085274517314,5.501507061834,7.085274516834,7.085274516834,7.085274516734,6.933948348034,6.780653427534,5.75490651957,7.085274517051,7.085274517051,7.08527451685,6.8595619964,7.08527451686,7.08527451686,7.08527451685,7.08527451735,7.085274516986,7.085274516956,7.085274516956,7.085274516986,6.94137116731,6.72548860018,7.085274517,7.08527451698,7.08527451698,7.08527451725,7.08527451725,7.08527451606,7.08527451606,7.08527451646,7.08527451646,7.08527451646,7.08527451636,6.46274096776,7.08527451656,7.08527451696,7.08527451682,7.08527451682,7.08527451682,7.08527451682,7.08527451682,7.08527451672,6.95287322422,7.08527451672,5.98078477732,7.08527451672,7.08527451672,7.08527451692,4.53682464767,7.08527451672,7.08527451672,7.08527451678,7.08527451678,7.08527451678,7.08527451684,7.08527451684,7.08527451682,7.08527451678,7.128357694484,7.550627341808,8.882983914768,8.498409570668,8.882983914808,8.882983915108,9.249375213794,9.363185694984
"t111",7.104370205184,7.104370205184,6.390163737484,4.0378719798,2.81187690598,3.8248691171,2.0041543306,2.0041543306,0.3039699072,0,0.6398056537,0.6398056537,2.5738343827,7.08527451676,4.72871011666,7.08527451716,7.08527451706,7.08527451706,7.08527451716,7.08527451706,7.08527451706,7.08527451686,7.085274516833,7.085274516833,7.085274516833,7.08527451696,7.08527451696,6.73044416386,6.46372241066,7.085274516879,7.085274516879,7.08527451686,7.08527451686,7.085274516786,7.085274516786,7.085274516886,7.085274516886,6.295954504426,7.085274516886,7.085274516886,7.085274516786,7.085274516786,7.08527451678,7.08527451676,7.08527451676,7.08527451686,7.08527451686,5.09738961116,5.93675973939,5.77568276219,5.36717602859,7.08527451689,7.08527451689,6.79056330519,7.08527451689,7.08527451679,6.25981476699,4.49168736529,7.085274517034,7.085274517034,6.092175381434,7.085274517064,7.085274517324,7.085274517324,6.871266905384,6.439585985574,7.085274517334,7.085274517314,7.085274517314,5.501507061834,7.085274516834,7.085274516834,7.085274516734,6.933948348034,6.780653427534,5.75490651957,7.085274517051,7.085274517051,7.08527451685,6.8595619964,7.08527451686,7.08527451686,7.08527451685,7.08527451735,7.085274516986,7.085274516956,7.085274516956,7.085274516986,6.94137116731,6.72548860018,7.085274517,7.08527451698,7.08527451698,7.08527451725,7.08527451725,7.08527451606,7.08527451606,7.08527451646,7.08527451646,7.08527451646,7.08527451636,6.46274096776,7.08527451656,7.08527451696,7.08527451682,7.08527451682,7.08527451682,7.08527451682,7.08527451682,7.08527451672,6.95287322422,7.08527451672,5.98078477732,7.08527451672,7.08527451672,7.08527451692,4.53682464767,7.08527451672,7.08527451672,7.08527451678,7.08527451678,7.08527451678,7.08527451684,7.08527451684,7.08527451682,7.08527451678,7.128357694484,7.550627341808,8.882983914768,8.498409570668,8.882983914808,8.882983915108,9.249375213794,9.363185694984
"t117",7.104370205284,7.104370205284,6.390163737584,4.0378719799,2.81187690608,3.8248691172,2.0041543307,2.0041543307,0.6398056537,0.6398056537,0,0.1459570078,2.5738343828,7.08527451686,4.72871011676,7.08527451726,7.08527451716,7.08527451716,7.08527451726,7.08527451716,7.08527451716,7.08527451696,7.085274516933,7.085274516933,7.085274516933,7.08527451706,7.08527451706,6.73044416396,6.46372241076,7.085274516979,7.085274516979,7.08527451696,7.08527451696,7.085274516886,7.085274516886,7.085274516986,7.085274516986,6.295954504526,7.085274516986,7.085274516986,7.085274516886,7.085274516886,7.08527451688,7.08527451686,7.08527451686,7.08527451696,7.08527451696,5.09738961126,5.93675973949,5.77568276229,5.36717602869,7.08527451699,7.08527451699,6.79056330529,7.08527451699,7.08527451689,6.25981476709,4.49168736539,7.085274517134,7.085274517134,6.092175381534,7.085274517164,7.085274517424,7.085274517424,6.871266905484,6.439585985674,7.085274517434,7.085274517414,7.085274517414,5.501507061934,7.085274516934,7.085274516934,7.085274516834,6.933948348134,6.780653427634,5.75490651967,7.085274517151,7.085274517151,7.08527451695,6.8595619965,7.08527451696,7.08527451696,7.08527451695,7.08527451745,7.085274517086,7.085274517056,7.085274517056,7.085274517086,6.94137116741,6.72548860028,7.0852745171,7.08527451708,7.08527451708,7.08527451735,7.08527451735,7.08527451616,7.08527451616,7.08527451656,7.08527451656,7.08527451656,7.08527451646,6.46274096786,7.08527451666,7.08527451706,7.08527451692,7.08527451692,7.08527451692,7.08527451692,7.08527451692,7.08527451682,6.95287322432,7.08527451682,5.98078477742,7.08527451682,7.08527451682,7.08527451702,4.53682464777,7.08527451682,7.08527451682,7.08527451688,7.08527451688,7.08527451688,7.08527451694,7.08527451694,7.08527451692,7.08527451688,7.128357694584,7.550627341908,8.882983914868,8.498409570768,8.882983914908,8.882983915208,9.249375213894,9.363185695084
"t118",7.104370205284,7.104370205284,6.390163737584,4.0378719799,2.81187690608,3.8248691172,2.0041543307,2.0041543307,0.6398056537,0.6398056537,0.1459570078,0,2.5738343828,7.08527451686,4.72871011676,7.08527451726,7.08527451716,7.08527451716,7.08527451726,7.08527451716,7.08527451716,7.08527451696,7.085274516933,7.085274516933,7.085274516933,7.08527451706,7.08527451706,6.73044416396,6.46372241076,7.085274516979,7.085274516979,7.08527451696,7.08527451696,7.085274516886,7.085274516886,7.085274516986,7.085274516986,6.295954504526,7.085274516986,7.085274516986,7.085274516886,7.085274516886,7.08527451688,7.08527451686,7.08527451686,7.08527451696,7.08527451696,5.09738961126,5.93675973949,5.77568276229,5.36717602869,7.08527451699,7.08527451699,6.79056330529,7.08527451699,7.08527451689,6.25981476709,4.49168736539,7.085274517134,7.085274517134,6.092175381534,7.085274517164,7.085274517424,7.085274517424,6.871266905484,6.439585985674,7.085274517434,7.085274517414,7.085274517414,5.501507061934,7.085274516934,7.085274516934,7.085274516834,6.933948348134,6.780653427634,5.75490651967,7.085274517151,7.085274517151,7.08527451695,6.8595619965,7.08527451696,7.08527451696,7.08527451695,7.08527451745,7.085274517086,7.085274517056,7.085274517056,7.085274517086,6.94137116741,6.72548860028,7.0852745171,7.08527451708,7.08527451708,7.08527451735,7.08527451735,7.08527451616,7.08527451616,7.08527451656,7.08527451656,7.08527451656,7.08527451646,6.46274096786,7.08527451666,7.08527451706,7.08527451692,7.08527451692,7.08527451692,7.08527451692,7.08527451692,7.08527451682,6.95287322432,7.08527451682,5.98078477742,7.08527451682,7.08527451682,7.08527451702,4.53682464777,7.08527451682,7.08527451682,7.08527451688,7.08527451688,7.08527451688,7.08527451694,7.08527451694,7.08527451692,7.08527451688,7.128357694584,7.550627341908,8.882983914868,8.498409570768,8.882983914908,8.882983915208,9.249375213894,9.363185695084
"t13",5.322643719284,5.322643719284,4.608437251584,2.2561454939,1.03015042008,2.0431426312,2.5738343827,2.5738343827,2.5738343827,2.5738343827,2.5738343828,2.5738343828,0,5.30354803086,2.94698363076,5.30354803126,5.30354803116,5.30354803116,5.30354803126,5.30354803116,5.30354803116,5.30354803096,5.303548030933,5.303548030933,5.303548030933,5.30354803106,5.30354803106,4.94871767796,4.68199592476,5.303548030979,5.303548030979,5.30354803096,5.30354803096,5.303548030886,5.303548030886,5.303548030986,5.303548030986,4.514228018526,5.303548030986,5.303548030986,5.303548030886,5.303548030886,5.30354803088,5.30354803086,5.30354803086,5.30354803096,5.30354803096,3.31566312526,4.15503325349,3.99395627629,3.58544954269,5.30354803099,5.30354803099,5.00883681929,5.30354803099,5.30354803089,4.47808828109,2.70996087939,5.303548031134,5.303548031134,4.310448895534,5.303548031164,5.303548031424,5.303548031424,5.089540419484,4.657859499674,5.303548031434,5.303548031414,5.303548031414,3.719780575934,5.303548030934,5.303548030934,5.303548030834,5.152221862134,4.998926941634,3.97318003367,5.303548031151,5.303548031151,5.30354803095,5.0778355105,5.30354803096,5.30354803096,5.30354803095,5.30354803145,5.303548031086,5.303548031056,5.303548031056,5.303548031086,5.15964468141,4.94376211428,5.3035480311,5.30354803108,5.30354803108,5.30354803135,5.30354803135,5.30354803016,5.30354803016,5.30354803056,5.30354803056,5.30354803056,5.30354803046,4.68101448186,5.30354803066,5.30354803106,5.30354803092,5.30354803092,5.30354803092,5.30354803092,5.30354803092,5.30354803082,5.17114673832,5.30354803082,4.19905829142,5.30354803082,5.30354803082,5.30354803102,2.75509816177,5.30354803082,5.30354803082,5.30354803088,5.30354803088,5.30354803088,5.30354803094,5.30354803094,5.30354803092,5.30354803088,5.346631208584,5.768900855908,7.101257428868,6.716683084768,7.101257428908,7.101257429208,7.467648727894,7.581459209084
"t6",7.104370205344,7.104370205344,6.390163737644,5.74655612896,4.93694547814,5.94993768926,7.08527451676,7.08527451676,7.08527451676,7.08527451676,7.08527451686,7.08527451686,5.30354803086,0,2.5850839619,5.2534613112,5.2534613111,5.2534613111,5.2534613112,5.2534613111,5.2534613111,5.2534613109,5.253461310873,5.253461310873,5.253461310873,5.253461311,5.253461311,4.8986309579,4.6319092047,5.253461310919,5.253461310919,5.2534613109,5.2534613109,5.705236217826,5.705236217826,5.705236217926,5.705236217926,4.915916205466,5.705236217926,5.705236217926,5.705236217826,5.705236217826,5.70523621782,5.7052362178,5.7052362178,5.7052362179,5.7052362179,3.7173513122,4.62451112377,4.46343414657,4.05492741297,6.15511895147,6.15511895147,5.86040773977,6.15511895147,6.15511895137,5.32965920157,3.56153179987,6.179106253194,6.179106253194,5.186007117594,6.179106253224,6.179106253484,6.179106253484,5.965098641544,5.533417721734,6.179106253494,6.179106253474,6.179106253474,4.595338797994,6.179106252994,6.179106252994,6.179106252894,6.027780084194,5.874485163694,4.84873825573,6.179106253211,6.179106253211,6.17910625301,5.95339373256,6.17910625302,6.17910625302,6.17910625301,6.17910625351,6.179106253146,6.179106253116,6.179106253116,6.179106253146,6.03520290347,5.81932033634,6.17910625316,6.17910625314,6.17910625314,6.17910625341,6.17910625341,6.17910625222,6.17910625222,6.17910625262,6.17910625262,6.17910625262,6.17910625252,5.55657270392,6.17910625272,6.17910625312,6.17910625298,6.17910625298,6.17910625298,6.17910625298,6.17910625298,6.17910625288,6.04670496038,6.17910625288,5.07461651348,6.17910625288,6.17910625288,6.17910625308,3.63065638383,6.17910625288,6.17910625288,6.17910625294,6.17910625294,6.17910625294,6.179106253,6.179106253,6.17910625298,6.17910625294,7.128357694644,7.550627341968,8.882983914928,8.498409570828,8.882983914968,8.882983915268,9.249375213954,9.363185695144
"t7",4.747805805244,4.747805805244,4.033599337544,3.38999172886,2.58038107804,3.59337328916,4.72871011666,4.72871011666,4.72871011666,4.72871011666,4.72871011676,4.72871011676,2.94698363076,2.5850839619,0,2.8968969111,2.896896911,2.896896911,2.8968969111,2.896896911,2.896896911,2.8968969108,2.896896910773,2.896896910773,2.896896910773,2.8968969109,2.8968969109,2.5420665578,2.2753448046,2.896896910819,2.896896910819,2.8968969108,2.8968969108,3.348671817726,3.348671817726,3.348671817826,3.348671817826,2.559351805366,3.348671817826,3.348671817826,3.348671817726,3.348671817726,3.34867181772,3.3486718177,3.3486718177,3.3486718178,3.3486718178,1.3607869121,2.26794672367,2.10686974647,1.69836301287,3.79855455137,3.79855455137,3.50384333967,3.79855455137,3.79855455127,2.97309480147,1.20496739977,3.822541853094,3.822541853094,2.829442717494,3.822541853124,3.822541853384,3.822541853384,3.608534241444,3.176853321634,3.822541853394,3.822541853374,3.822541853374,2.238774397894,3.822541852894,3.822541852894,3.822541852794,3.671215684094,3.517920763594,2.49217385563,3.822541853111,3.822541853111,3.82254185291,3.59682933246,3.82254185292,3.82254185292,3.82254185291,3.82254185341,3.822541853046,3.822541853016,3.822541853016,3.822541853046,3.67863850337,3.46275593624,3.82254185306,3.82254185304,3.82254185304,3.82254185331,3.82254185331,3.82254185212,3.82254185212,3.82254185252,3.82254185252,3.82254185252,3.82254185242,3.20000830382,3.82254185262,3.82254185302,3.82254185288,3.82254185288,3.82254185288,3.82254185288,3.82254185288,3.82254185278,3.69014056028,3.82254185278,2.71805211338,3.82254185278,3.82254185278,3.82254185298,1.27409198373,3.82254185278,3.82254185278,3.82254185284,3.82254185284,3.82254185284,3.8225418529,3.8225418529,3.82254185288,3.82254185284,4.771793294544,5.194062941868,6.526419514828,6.141845170728,6.526419514868,6.526419515168,6.892810813854,7.006621295044
"t79",7.104370205744,7.104370205744,6.390163738044,5.74655612936,4.93694547854,5.94993768966,7.08527451716,7.08527451716,7.08527451716,7.08527451716,7.08527451726,7.08527451726,5.30354803126,5.2534613112,2.8968969111,0,0.6263569409,0.6263569409,3.906841937,3.9068419369,3.9068419369,3.9068419367,3.906841936673,3.906841936673,3.906841936673,3.9068419368,3.9068419368,3.5520115837,3.2852898305,3.906841936719,3.906841936719,3.9068419367,3.9068419367,5.705236218226,5.705236218226,5.705236218326,5.705236218326,4.915916205866,5.705236218326,5.705236218326,5.705236218226,5.705236218226,5.70523621822,5.7052362182,5.7052362182,5.7052362183,5.7052362183,3.7173513126,4.62451112417,4.46343414697,4.05492741337,6.15511895187,6.15511895187,5.86040774017,6.15511895187,6.15511895177,5.32965920197,3.56153180027,6.179106253594,6.179106253594,5.186007117994,6.179106253624,6.179106253884,6.179106253884,5.965098641944,5.533417722134,6.179106253894,6.179106253874,6.179106253874,4.595338798394,6.179106253394,6.179106253394,6.179106253294,6.027780084594,5.874485164094,4.84873825613,6.179106253611,6.179106253611,6.17910625341,5.95339373296,6.17910625342,6.17910625342,6.17910625341,6.17910625391,6.179106253546,6.179106253516,6.179106253516,6.179106253546,6.03520290387,5.81932033674,6.17910625356,6.17910625354,6.17910625354,6.17910625381,6.17910625381,6.17910625262,6.17910625262,6.17910625302,6.17910625302,6.17910625302,6.17910625292,5.55657270432,6.17910625312,6.17910625352,6.17910625338,6.17910625338,6.17910625338,6.17910625338,6.17910625338,6.17910625328,6.04670496078,6.17910625328,5.07461651388,6.17910625328,6.17910625328,6.17910625348,3.63065638423,6.17910625328,6.17910625328,6.17910625334,6.17910625334,6.17910625334,6.1791062534,6.1791062534,6.17910625338,6.17910625334,7.128357695044,7.550627342368,8.882983915328,8.498409571228,8.882983915368,8.882983915668,9.249375214354,9.363185695544
"t112",7.104370205644,7.104370205644,6.390163737944,5.74655612926,4.93694547844,5.94993768956,7.08527451706,7.08527451706,7.08527451706,7.08527451706,7.08527451716,7.08527451716,5.30354803116,5.2534613111,2.896896911,0.6263569409,0,0.26476425,3.9068419369,3.9068419368,3.9068419368,3.9068419366,3.906841936573,3.906841936573,3.906841936573,3.9068419367,3.9068419367,3.5520115836,3.2852898304,3.906841936619,3.906841936619,3.9068419366,3.9068419366,5.705236218126,5.705236218126,5.705236218226,5.705236218226,4.915916205766,5.705236218226,5.705236218226,5.705236218126,5.705236218126,5.70523621812,5.7052362181,5.7052362181,5.7052362182,5.7052362182,3.7173513125,4.62451112407,4.46343414687,4.05492741327,6.15511895177,6.15511895177,5.86040774007,6.15511895177,6.15511895167,5.32965920187,3.56153180017,6.179106253494,6.179106253494,5.186007117894,6.179106253524,6.179106253784,6.179106253784,5.965098641844,5.533417722034,6.179106253794,6.179106253774,6.179106253774,4.595338798294,6.179106253294,6.179106253294,6.179106253194,6.027780084494,5.874485163994,4.84873825603,6.179106253511,6.179106253511,6.17910625331,5.95339373286,6.17910625332,6.17910625332,6.17910625331,6.17910625381,6.179106253446,6.179106253416,6.179106253416,6.179106253446,6.03520290377,5.81932033664,6.17910625346,6.17910625344,6.17910625344,6.17910625371,6.17910625371,6.17910625252,6.17910625252,6.17910625292,6.17910625292,6.17910625292,6.17910625282,5.55657270422,6.17910625302,6.17910625342,6.17910625328,6.17910625328,6.17910625328,6.17910625328,6.17910625328,6.17910625318,6.04670496068,6.17910625318,5.07461651378,6.17910625318,6.17910625318,6.17910625338,3.63065638413,6.17910625318,6.17910625318,6.17910625324,6.17910625324,6.17910625324,6.1791062533,6.1791062533,6.17910625328,6.17910625324,7.128357694944,7.550627342268,8.882983915228,8.498409571128,8.882983915268,8.882983915568,9.249375214254,9.363185695444
"t113",7.104370205644,7.104370205644,6.390163737944,5.74655612926,4.93694547844,5.94993768956,7.08527451706,7.08527451706,7.08527451706,7.08527451706,7.08527451716,7.08527451716,5.30354803116,5.2534613111,2.896896911,0.6263569409,0.26476425,0,3.9068419369,3.9068419368,3.9068419368,3.9068419366,3.906841936573,3.906841936573,3.906841936573,3.9068419367,3.9068419367,3.5520115836,3.2852898304,3.906841936619,3.906841936619,3.9068419366,3.9068419366,5.705236218126,5.705236218126,5.705236218226,5.705236218226,4.915916205766,5.705236218226,5.705236218226,5.705236218126,5.705236218126,5.70523621812,5.7052362181,5.7052362181,5.7052362182,5.7052362182,3.7173513125,4.62451112407,4.46343414687,4.05492741327,6.15511895177,6.15511895177,5.86040774007,6.15511895177,6.15511895167,5.32965920187,3.56153180017,6.179106253494,6.179106253494,5.186007117894,6.179106253524,6.179106253784,6.179106253784,5.965098641844,5.533417722034,6.179106253794,6.179106253774,6.179106253774,4.595338798294,6.179106253294,6.179106253294,6.179106253194,6.027780084494,5.874485163994,4.84873825603,6.179106253511,6.179106253511,6.17910625331,5.95339373286,6.17910625332,6.17910625332,6.17910625331,6.17910625381,6.179106253446,6.179106253416,6.179106253416,6.179106253446,6.03520290377,5.81932033664,6.17910625346,6.17910625344,6.17910625344,6.17910625371,6.17910625371,6.17910625252,6.17910625252,6.17910625292,6.17910625292,6.17910625292,6.17910625282,5.55657270422,6.17910625302,6.17910625342,6.17910625328,6.17910625328,6.17910625328,6.17910625328,6.17910625328,6.17910625318,6.04670496068,6.17910625318,5.07461651378,6.17910625318,6.17910625318,6.17910625338,3.63065638413,6.17910625318,6.17910625318,6.17910625324,6.17910625324,6.17910625324,6.1791062533,6.1791062533,6.17910625328,6.17910625324,7.128357694944,7.550627342268,8.882983915228,8.498409571128,8.882983915268,8.882983915568,9.249375214254,9.363185695444
"t78",7.104370205744,7.104370205744,6.390163738044,5.74655612936,4.93694547854,5.94993768966,7.08527451716,7.08527451716,7.08527451716,7.08527451716,7.08527451726,7.08527451726,5.30354803126,5.2534613112,2.8968969111,3.906841937,3.9068419369,3.9068419369,0,0.6942456101,0.6942456101,3.5041716759,3.504171675873,3.504171675873,3.504171675873,3.504171676,3.504171676,3.1493413229,2.8826195697,3.504171675919,3.504171675919,3.5041716759,3.5041716759,5.705236218226,5.705236218226,5.705236218326,5.705236218326,4.915916205866,5.705236218326,5.705236218326,5.705236218226,5.705236218226,5.70523621822,5.7052362182,5.7052362182,5.7052362183,5.7052362183,3.7173513126,4.62451112417,4.46343414697,4.05492741337,6.15511895187,6.15511895187,5.86040774017,6.15511895187,6.15511895177,5.32965920197,3.56153180027,6.179106253594,6.179106253594,5.186007117994,6.179106253624,6.179106253884,6.179106253884,5.965098641944,5.533417722134,6.179106253894,6.179106253874,6.179106253874,4.595338798394,6.179106253394,6.179106253394,6.179106253294,6.027780084594,5.874485164094,4.84873825613,6.179106253611,6.179106253611,6.17910625341,5.95339373296,6.17910625342,6.17910625342,6.17910625341,6.17910625391,6.179106253546,6.179106253516,6.179106253516,6.179106253546,6.03520290387,5.81932033674,6.17910625356,6.17910625354,6.17910625354,6.17910625381,6.17910625381,6.17910625262,6.17910625262,6.17910625302,6.17910625302,6.17910625302,6.17910625292,5.55657270432,6.17910625312,6.17910625352,6.17910625338,6.17910625338,6.17910625338,6.17910625338,6.17910625338,6.17910625328,6.04670496078,6.17910625328,5.07461651388,6.17910625328,6.17910625328,6.17910625348,3.63065638423,6.17910625328,6.17910625328,6.17910625334,6.17910625334,6.17910625334,6.1791062534,6.1791062534,6.17910625338,6.17910625334,7.128357695044,7.550627342368,8.882983915328,8.498409571228,8.882983915368,8.882983915668,9.249375214354,9.363185695544
"t103",7.104370205644,7.104370205644,6.390163737944,5.74655612926,4.93694547844,5.94993768956,7.08527451706,7.08527451706,7.08527451706,7.08527451706,7.08527451716,7.08527451716,5.30354803116,5.2534613111,2.896896911,3.9068419369,3.9068419368,3.9068419368,0.6942456101,0,0.392515189,3.5041716758,3.504171675773,3.504171675773,3.504171675773,3.5041716759,3.5041716759,3.1493413228,2.8826195696,3.504171675819,3.504171675819,3.5041716758,3.5041716758,5.705236218126,5.705236218126,5.705236218226,5.705236218226,4.915916205766,5.705236218226,5.705236218226,5.705236218126,5.705236218126,5.70523621812,5.7052362181,5.7052362181,5.7052362182,5.7052362182,3.7173513125,4.62451112407,4.46343414687,4.05492741327,6.15511895177,6.15511895177,5.86040774007,6.15511895177,6.15511895167,5.32965920187,3.56153180017,6.179106253494,6.179106253494,5.186007117894,6.179106253524,6.179106253784,6.179106253784,5.965098641844,5.533417722034,6.179106253794,6.179106253774,6.179106253774,4.595338798294,6.179106253294,6.179106253294,6.179106253194,6.027780084494,5.874485163994,4.84873825603,6.179106253511,6.179106253511,6.17910625331,5.95339373286,6.17910625332,6.17910625332,6.17910625331,6.17910625381,6.179106253446,6.179106253416,6.179106253416,6.179106253446,6.03520290377,5.81932033664,6.17910625346,6.17910625344,6.17910625344,6.17910625371,6.17910625371,6.17910625252,6.17910625252,6.17910625292,6.17910625292,6.17910625292,6.17910625282,5.55657270422,6.17910625302,6.17910625342,6.17910625328,6.17910625328,6.17910625328,6.17910625328,6.17910625328,6.17910625318,6.04670496068,6.17910625318,5.07461651378,6.17910625318,6.17910625318,6.17910625338,3.63065638413,6.17910625318,6.17910625318,6.17910625324,6.17910625324,6.17910625324,6.1791062533,6.1791062533,6.17910625328,6.17910625324,7.128357694944,7.550627342268,8.882983915228,8.498409571128,8.882983915268,8.882983915568,9.249375214254,9.363185695444
