"","t3","t5","t50","t51","t116","t117","t105","t27","t79","t80","t67","t96","t97","t86","t77","t33","t45","t71","t72","t39","t75","t76","t11","t41","t42","t24","t25","t23","t15","t12","t26","t62","t63","t8","t9","t31","t32","t14","t48","t49","t65","t134","t135","t112","t59","t60","t58","t73","t74","t10","t54","t55","t53","t106","t107","t124","t125","t34","t91","t92","t52","t21","t4","t128","t129","t126","t115","t120","t121","t61","t98","t99","t16","t19","t20","t6","t102","t103","t90","t30","t64","t113","t114","t104","t66","t36","t37","t68","t69","t7","t56","t57","t118","t119","t95","t70","t93","t94","t22","t83","t136","t137","t127","t40","t17","t108","t109","t110","t111","t46","t47","t89","t100","t101","t43","t44","t35","t87","t88","t38","t122","t123","t130","t131","t81","t82","t78","t132","t133","t84","t85","t18","t28","t29","t13","t1","t2"
"t3",0,1.55562395712,4.3351653818,4.3351653818,4.3351653818,4.3351653818,4.3351653818,3.491509695,4.33516538167,4.28570624967,3.86669159471,4.33516538204,4.33516538204,4.33516538194,4.335165382,3.6455789267,3.6288096117,4.33516538209,4.33516538209,4.3351653821,4.3351653819,4.3351653819,2.28795400044,3.70257767934,4.33516538164,3.63511607442,3.48745324132,4.23736784554,4.33516538174,3.37417791274,3.60564375374,4.33516538124,4.33516538124,2.8338063042,1.8921222936,3.5817006555,3.33358683413,2.65398356807,4.33516538167,4.33516538167,4.33516538157,4.33516538156,4.33516538156,4.33516538157,4.33516538167,4.33516538167,4.30358116507,4.33516538127,4.33516538127,1.91778327226,4.2267894418,4.3351653816,3.68191497676,4.33516538163,4.33516538163,4.335165381597,4.335165381597,4.335165381627,4.33516538158,4.33516538158,4.33516538168,3.58815750338,1.212258227,4.335165381818,4.335165381818,4.33516538181,4.33516538188,4.33516538183,4.33516538183,4.33516538178,4.2635420703,4.3351653818,4.33516538153,4.33516538093,4.33516538093,2.7473440931,4.33516538154,4.33516538154,4.3351653816,4.33516538139,4.33516538169,4.33516538166,4.187020756659,4.33516538166,4.33516538166,4.33516538158,3.59227326648,4.33516538159,4.33516538159,4.52177634677,4.5217763466,4.5217763466,4.52177634665,4.52177634665,4.52177634655,4.52177634667,4.30394136827,4.52177634667,3.91562364587,4.52177634677,4.521776346773,4.521776346773,4.52177634677,4.52177634677,4.52177634637,4.52177634647,4.52177634647,4.52177634651,4.52177634651,4.52177634651,4.36771468754,4.52177634644,4.52177634634,4.52177634634,4.52177634643,4.52177634643,4.52177634643,4.52177634644,4.52177634644,4.52177634644,4.52177634637,4.52177634637,4.52177634658,4.52177634658,4.52177634635,4.52177634635,4.52177634635,4.52177634639,4.52177634639,4.52177634629,4.37681183329,4.52177634639,3.59131943907,3.50023059774,4.52177634647,2.29514056741,2.95058866411
"t5",1.55562395712,0,2.88760850332,2.88760850332,2.88760850332,2.88760850332,2.88760850332,2.04395281652,2.88760850319,2.83814937119,2.41913471623,4.82648138656,4.82648138656,4.82648138646,4.82648138652,4.13689493122,4.12012561622,4.82648138661,4.82648138661,4.82648138662,4.82648138642,4.82648138642,2.77927000496,4.19389368386,4.82648138616,4.12643207894,3.97876924584,4.72868385006,4.82648138626,3.86549391726,4.09695975826,4.82648138576,4.82648138576,3.32512230872,2.38343829812,4.07301666002,3.82490283865,3.14529957259,4.82648138619,4.82648138619,4.82648138609,4.82648138608,4.82648138608,4.82648138609,4.82648138619,4.82648138619,4.79489716959,4.82648138579,4.82648138579,2.40909927678,4.71810544632,4.82648138612,4.17323098128,4.82648138615,4.82648138615,4.826481386117,4.826481386117,4.826481386147,4.8264813861,4.8264813861,4.8264813862,4.0794735079,1.70357423152,4.826481386338,4.826481386338,4.82648138633,4.8264813864,4.82648138635,4.82648138635,4.8264813863,4.75485807482,4.82648138632,4.82648138605,4.82648138545,4.82648138545,3.23866009762,4.82648138606,4.82648138606,4.82648138612,4.82648138591,4.82648138621,4.82648138618,4.678336761179,4.82648138618,4.82648138618,4.8264813861,4.083589271,4.82648138611,4.82648138611,5.34540754169,5.34540754152,5.34540754152,5.34540754157,5.34540754157,5.34540754147,5.34540754159,5.12757256319,5.34540754159,4.73925484079,5.34540754169,5.345407541693,5.345407541693,5.34540754169,5.34540754169,5.34540754129,5.34540754139,5.34540754139,5.34540754143,5.34540754143,5.34540754143,5.19134588246,5.34540754136,5.34540754126,5.34540754126,5.34540754135,5.34540754135,5.34540754135,5.34540754136,5.34540754136,5.34540754136,5.34540754129,5.34540754129,5.3454075415,5.3454075415,5.34540754127,5.34540754127,5.34540754127,5.34540754131,5.34540754131,5.34540754121,5.20044302821,5.34540754131,4.41495063399,4.32386179266,5.34540754139,3.11877176233,3.77421985903
"t50",4.3351653818,2.88760850332,0,1.4081404288,1.9975376392,1.9975376392,1.9975376392,3.2644206324,4.10807631907,4.05861718707,3.63960253211,7.60602281124,7.60602281124,7.60602281114,7.6060228112,6.9164363559,6.8996670409,7.60602281129,7.60602281129,7.6060228113,7.6060228111,7.6060228111,5.55881142964,6.97343510854,7.60602281084,6.90597350362,6.75831067052,7.50822527474,7.60602281094,6.64503534194,6.87650118294,7.60602281044,7.60602281044,6.1046637334,5.1629797228,6.8525580847,6.60444426333,5.92484099727,7.60602281087,7.60602281087,7.60602281077,7.60602281076,7.60602281076,7.60602281077,7.60602281087,7.60602281087,7.57443859427,7.60602281047,7.60602281047,5.18864070146,7.497646871,7.6060228108,6.95277240596,7.60602281083,7.60602281083,7.606022810797,7.606022810797,7.606022810827,7.60602281078,7.60602281078,7.60602281088,6.85901493258,4.4831156562,7.606022811018,7.606022811018,7.60602281101,7.60602281108,7.60602281103,7.60602281103,7.60602281098,7.5343994995,7.606022811,7.60602281073,7.60602281013,7.60602281013,6.0182015223,7.60602281074,7.60602281074,7.6060228108,7.60602281059,7.60602281089,7.60602281086,7.457878185859,7.60602281086,7.60602281086,7.60602281078,6.86313069568,7.60602281079,7.60602281079,8.12494896637,8.1249489662,8.1249489662,8.12494896625,8.12494896625,8.12494896615,8.12494896627,7.90711398787,8.12494896627,7.51879626547,8.12494896637,8.124948966373,8.124948966373,8.12494896637,8.12494896637,8.12494896597,8.12494896607,8.12494896607,8.12494896611,8.12494896611,8.12494896611,7.97088730714,8.12494896604,8.12494896594,8.12494896594,8.12494896603,8.12494896603,8.12494896603,8.12494896604,8.12494896604,8.12494896604,8.12494896597,8.12494896597,8.12494896618,8.12494896618,8.12494896595,8.12494896595,8.12494896595,8.12494896599,8.12494896599,8.12494896589,7.97998445289,8.12494896599,7.19449205867,7.10340321734,8.12494896607,5.89831318701,6.55376128371
"t51",4.3351653818,2.88760850332,1.4081404288,0,1.9975376392,1.9975376392,1.9975376392,3.2644206324,4.10807631907,4.05861718707,3.63960253211,7.60602281124,7.60602281124,7.60602281114,7.6060228112,6.9164363559,6.8996670409,7.60602281129,7.60602281129,7.6060228113,7.6060228111,7.6060228111,5.55881142964,6.97343510854,7.60602281084,6.90597350362,6.75831067052,7.50822527474,7.60602281094,6.64503534194,6.87650118294,7.60602281044,7.60602281044,6.1046637334,5.1629797228,6.8525580847,6.60444426333,5.92484099727,7.60602281087,7.60602281087,7.60602281077,7.60602281076,7.60602281076,7.60602281077,7.60602281087,7.60602281087,7.57443859427,7.60602281047,7.60602281047,5.18864070146,7.497646871,7.6060228108,6.95277240596,7.60602281083,7.60602281083,7.606022810797,7.606022810797,7.606022810827,7.60602281078,7.60602281078,7.60602281088,6.85901493258,4.4831156562,7.606022811018,7.606022811018,7.60602281101,7.60602281108,7.60602281103,7.60602281103,7.60602281098,7.5343994995,7.606022811,7.60602281073,7.60602281013,7.60602281013,6.0182015223,7.60602281074,7.60602281074,7.6060228108,7.60602281059,7.60602281089,7.60602281086,7.457878185859,7.60602281086,7.60602281086,7.60602281078,6.86313069568,7.60602281079,7.60602281079,8.12494896637,8.1249489662,8.1249489662,8.12494896625,8.12494896625,8.12494896615,8.12494896627,7.90711398787,8.12494896627,7.51879626547,8.12494896637,8.124948966373,8.124948966373,8.12494896637,8.12494896637,8.12494896597,8.12494896607,8.12494896607,8.12494896611,8.12494896611,8.12494896611,7.97088730714,8.12494896604,8.12494896594,8.12494896594,8.12494896603,8.12494896603,8.12494896603,8.12494896604,8.12494896604,8.12494896604,8.12494896597,8.12494896597,8.12494896618,8.12494896618,8.12494896595,8.12494896595,8.12494896595,8.12494896599,8.12494896599,8.12494896589,7.97998445289,8.12494896599,7.19449205867,7.10340321734,8.12494896607,5.89831318701,6.55376128371
"t116",4.3351653818,2.88760850332,1.9975376392,1.9975376392,0,0.2522796032,0.4964100506,3.2644206324,4.10807631907,4.05861718707,3.63960253211,7.60602281124,7.60602281124,7.60602281114,7.6060228112,6.9164363559,6.8996670409,7.60602281129,7.60602281129,7.6060228113,7.6060228111,7.6060228111,5.55881142964,6.97343510854,7.60602281084,6.90597350362,6.75831067052,7.50822527474,7.60602281094,6.64503534194,6.87650118294,7.60602281044,7.60602281044,6.1046637334,5.1629797228,6.8525580847,6.60444426333,5.92484099727,7.60602281087,7.60602281087,7.60602281077,7.60602281076,7.60602281076,7.60602281077,7.60602281087,7.60602281087,7.57443859427,7.60602281047,7.60602281047,5.18864070146,7.497646871,7.6060228108,6.95277240596,7.60602281083,7.60602281083,7.606022810797,7.606022810797,7.606022810827,7.60602281078,7.60602281078,7.60602281088,6.85901493258,4.4831156562,7.606022811018,7.606022811018,7.60602281101,7.60602281108,7.60602281103,7.60602281103,7.60602281098,7.5343994995,7.606022811,7.60602281073,7.60602281013,7.60602281013,6.0182015223,7.60602281074,7.60602281074,7.6060228108,7.60602281059,7.60602281089,7.60602281086,7.457878185859,7.60602281086,7.60602281086,7.60602281078,6.86313069568,7.60602281079,7.60602281079,8.12494896637,8.1249489662,8.1249489662,8.12494896625,8.12494896625,8.12494896615,8.12494896627,7.90711398787,8.12494896627,7.51879626547,8.12494896637,8.124948966373,8.124948966373,8.12494896637,8.12494896637,8.12494896597,8.12494896607,8.12494896607,8.12494896611,8.12494896611,8.12494896611,7.97088730714,8.12494896604,8.12494896594,8.12494896594,8.12494896603,8.12494896603,8.12494896603,8.12494896604,8.12494896604,8.12494896604,8.12494896597,8.12494896597,8.12494896618,8.12494896618,8.12494896595,8.12494896595,8.12494896595,8.12494896599,8.12494896599,8.12494896589,7.97998445289,8.12494896599,7.19449205867,7.10340321734,8.12494896607,5.89831318701,6.55376128371
"t117",4.3351653818,2.88760850332,1.9975376392,1.9975376392,0.2522796032,0,0.4964100506,3.2644206324,4.10807631907,4.05861718707,3.63960253211,7.60602281124,7.60602281124,7.60602281114,7.6060228112,6.9164363559,6.8996670409,7.60602281129,7.60602281129,7.6060228113,7.6060228111,7.6060228111,5.55881142964,6.97343510854,7.60602281084,6.90597350362,6.75831067052,7.50822527474,7.60602281094,6.64503534194,6.87650118294,7.60602281044,7.60602281044,6.1046637334,5.1629797228,6.8525580847,6.60444426333,5.92484099727,7.60602281087,7.60602281087,7.60602281077,7.60602281076,7.60602281076,7.60602281077,7.60602281087,7.60602281087,7.57443859427,7.60602281047,7.60602281047,5.18864070146,7.497646871,7.6060228108,6.95277240596,7.60602281083,7.60602281083,7.606022810797,7.606022810797,7.606022810827,7.60602281078,7.60602281078,7.60602281088,6.85901493258,4.4831156562,7.606022811018,7.606022811018,7.60602281101,7.60602281108,7.60602281103,7.60602281103,7.60602281098,7.5343994995,7.606022811,7.60602281073,7.60602281013,7.60602281013,6.0182015223,7.60602281074,7.60602281074,7.6060228108,7.60602281059,7.60602281089,7.60602281086,7.457878185859,7.60602281086,7.60602281086,7.60602281078,6.86313069568,7.60602281079,7.60602281079,8.12494896637,8.1249489662,8.1249489662,8.12494896625,8.12494896625,8.12494896615,8.12494896627,7.90711398787,8.12494896627,7.51879626547,8.12494896637,8.124948966373,8.124948966373,8.12494896637,8.12494896637,8.12494896597,8.12494896607,8.12494896607,8.12494896611,8.12494896611,8.12494896611,7.97088730714,8.12494896604,8.12494896594,8.12494896594,8.12494896603,8.12494896603,8.12494896603,8.12494896604,8.12494896604,8.12494896604,8.12494896597,8.12494896597,8.12494896618,8.12494896618,8.12494896595,8.12494896595,8.12494896595,8.12494896599,8.12494896599,8.12494896589,7.97998445289,8.12494896599,7.19449205867,7.10340321734,8.12494896607,5.89831318701,6.55376128371
"t105",4.3351653818,2.88760850332,1.9975376392,1.9975376392,0.4964100506,0.4964100506,0,3.2644206324,4.10807631907,4.05861718707,3.63960253211,7.60602281124,7.60602281124,7.60602281114,7.6060228112,6.9164363559,6.8996670409,7.60602281129,7.60602281129,7.6060228113,7.6060228111,7.6060228111,5.55881142964,6.97343510854,7.60602281084,6.90597350362,6.75831067052,7.50822527474,7.60602281094,6.64503534194,6.87650118294,7.60602281044,7.60602281044,6.1046637334,5.1629797228,6.8525580847,6.60444426333,5.92484099727,7.60602281087,7.60602281087,7.60602281077,7.60602281076,7.60602281076,7.60602281077,7.60602281087,7.60602281087,7.57443859427,7.60602281047,7.60602281047,5.18864070146,7.497646871,7.6060228108,6.95277240596,7.60602281083,7.60602281083,7.606022810797,7.606022810797,7.606022810827,7.60602281078,7.60602281078,7.60602281088,6.85901493258,4.4831156562,7.606022811018,7.606022811018,7.60602281101,7.60602281108,7.60602281103,7.60602281103,7.60602281098,7.5343994995,7.606022811,7.60602281073,7.60602281013,7.60602281013,6.0182015223,7.60602281074,7.60602281074,7.6060228108,7.60602281059,7.60602281089,7.60602281086,7.457878185859,7.60602281086,7.60602281086,7.60602281078,6.86313069568,7.60602281079,7.60602281079,8.12494896637,8.1249489662,8.1249489662,8.12494896625,8.12494896625,8.12494896615,8.12494896627,7.90711398787,8.12494896627,7.51879626547,8.12494896637,8.124948966373,8.124948966373,8.12494896637,8.12494896637,8.12494896597,8.12494896607,8.12494896607,8.12494896611,8.12494896611,8.12494896611,7.97088730714,8.12494896604,8.12494896594,8.12494896594,8.12494896603,8.12494896603,8.12494896603,8.12494896604,8.12494896604,8.12494896604,8.12494896597,8.12494896597,8.12494896618,8.12494896618,8.12494896595,8.12494896595,8.12494896595,8.12494896599,8.12494896599,8.12494896589,7.97998445289,8.12494896599,7.19449205867,7.10340321734,8.12494896607,5.89831318701,6.55376128371
"t27",3.491509695,2.04395281652,3.2644206324,3.2644206324,3.2644206324,3.2644206324,3.2644206324,0,1.43535949107,1.38590035907,0.96688570411,6.76236712444,6.76236712444,6.76236712434,6.7623671244,6.0727806691,6.0560113541,6.76236712449,6.76236712449,6.7623671245,6.7623671243,6.7623671243,4.71515574284,6.12977942174,6.76236712404,6.06231781682,5.91465498372,6.66456958794,6.76236712414,5.80137965514,6.03284549614,6.76236712364,6.76236712364,5.2610080466,4.319324036,6.0089023979,5.76078857653,5.08118531047,6.76236712407,6.76236712407,6.76236712397,6.76236712396,6.76236712396,6.76236712397,6.76236712407,6.76236712407,6.73078290747,6.76236712367,6.76236712367,4.34498501466,6.6539911842,6.762367124,6.10911671916,6.76236712403,6.76236712403,6.762367123997,6.762367123997,6.762367124027,6.76236712398,6.76236712398,6.76236712408,6.01535924578,3.6394599694,6.762367124218,6.762367124218,6.76236712421,6.76236712428,6.76236712423,6.76236712423,6.76236712418,6.6907438127,6.7623671242,6.76236712393,6.76236712333,6.76236712333,5.1745458355,6.76236712394,6.76236712394,6.762367124,6.76236712379,6.76236712409,6.76236712406,6.614222499059,6.76236712406,6.76236712406,6.76236712398,6.01947500888,6.76236712399,6.76236712399,7.28129327957,7.2812932794,7.2812932794,7.28129327945,7.28129327945,7.28129327935,7.28129327947,7.06345830107,7.28129327947,6.67514057867,7.28129327957,7.281293279573,7.281293279573,7.28129327957,7.28129327957,7.28129327917,7.28129327927,7.28129327927,7.28129327931,7.28129327931,7.28129327931,7.12723162034,7.28129327924,7.28129327914,7.28129327914,7.28129327923,7.28129327923,7.28129327923,7.28129327924,7.28129327924,7.28129327924,7.28129327917,7.28129327917,7.28129327938,7.28129327938,7.28129327915,7.28129327915,7.28129327915,7.28129327919,7.28129327919,7.28129327909,7.13632876609,7.28129327919,6.35083637187,6.25974753054,7.28129327927,5.05465750021,5.71010559691
"t79",4.33516538167,2.88760850319,4.10807631907,4.10807631907,4.10807631907,4.10807631907,4.10807631907,1.43535949107,0,0.7835627574,0.56234073838,7.60602281111,7.60602281111,7.60602281101,7.60602281107,6.91643635577,6.89966704077,7.60602281116,7.60602281116,7.60602281117,7.60602281097,7.60602281097,5.55881142951,6.97343510841,7.60602281071,6.90597350349,6.75831067039,7.50822527461,7.60602281081,6.64503534181,6.87650118281,7.60602281031,7.60602281031,6.10466373327,5.16297972267,6.85255808457,6.6044442632,5.92484099714,7.60602281074,7.60602281074,7.60602281064,7.60602281063,7.60602281063,7.60602281064,7.60602281074,7.60602281074,7.57443859414,7.60602281034,7.60602281034,5.18864070133,7.49764687087,7.60602281067,6.95277240583,7.6060228107,7.6060228107,7.606022810667,7.606022810667,7.606022810697,7.60602281065,7.60602281065,7.60602281075,6.85901493245,4.48311565607,7.606022810888,7.606022810888,7.60602281088,7.60602281095,7.6060228109,7.6060228109,7.60602281085,7.53439949937,7.60602281087,7.6060228106,7.60602281,7.60602281,6.01820152217,7.60602281061,7.60602281061,7.60602281067,7.60602281046,7.60602281076,7.60602281073,7.457878185729,7.60602281073,7.60602281073,7.60602281065,6.86313069555,7.60602281066,7.60602281066,8.12494896624,8.12494896607,8.12494896607,8.12494896612,8.12494896612,8.12494896602,8.12494896614,7.90711398774,8.12494896614,7.51879626534,8.12494896624,8.124948966243,8.124948966243,8.12494896624,8.12494896624,8.12494896584,8.12494896594,8.12494896594,8.12494896598,8.12494896598,8.12494896598,7.97088730701,8.12494896591,8.12494896581,8.12494896581,8.1249489659,8.1249489659,8.1249489659,8.12494896591,8.12494896591,8.12494896591,8.12494896584,8.12494896584,8.12494896605,8.12494896605,8.12494896582,8.12494896582,8.12494896582,8.12494896586,8.12494896586,8.12494896576,7.97998445276,8.12494896586,7.19449205854,7.10340321721,8.12494896594,5.89831318688,6.55376128358
"t80",4.28570624967,2.83814937119,4.05861718707,4.05861718707,4.05861718707,4.05861718707,4.05861718707,1.38590035907,0.7835627574,0,0.51288160638,7.55656367911,7.55656367911,7.55656367901,7.55656367907,6.86697722377,6.85020790877,7.55656367916,7.55656367916,7.55656367917,7.55656367897,7.55656367897,5.50935229751,6.92397597641,7.55656367871,6.85651437149,6.70885153839,7.45876614261,7.55656367881,6.59557620981,6.82704205081,7.55656367831,7.55656367831,6.05520460127,5.11352059067,6.80309895257,6.5549851312,5.87538186514,7.55656367874,7.55656367874,7.55656367864,7.55656367863,7.55656367863,7.55656367864,7.55656367874,7.55656367874,7.52497946214,7.55656367834,7.55656367834,5.13918156933,7.44818773887,7.55656367867,6.90331327383,7.5565636787,7.5565636787,7.556563678667,7.556563678667,7.556563678697,7.55656367865,7.55656367865,7.55656367875,6.80955580045,4.43365652407,7.556563678888,7.556563678888,7.55656367888,7.55656367895,7.5565636789,7.5565636789,7.55656367885,7.48494036737,7.55656367887,7.5565636786,7.556563678,7.556563678,5.96874239017,7.55656367861,7.55656367861,7.55656367867,7.55656367846,7.55656367876,7.55656367873,7.408419053729,7.55656367873,7.55656367873,7.55656367865,6.81367156355,7.55656367866,7.55656367866,8.07548983424,8.07548983407,8.07548983407,8.07548983412,8.07548983412,8.07548983402,8.07548983414,7.85765485574,8.07548983414,7.46933713334,8.07548983424,8.075489834243,8.075489834243,8.07548983424,8.07548983424,8.07548983384,8.07548983394,8.07548983394,8.07548983398,8.07548983398,8.07548983398,7.92142817501,8.07548983391,8.07548983381,8.07548983381,8.0754898339,8.0754898339,8.0754898339,8.07548983391,8.07548983391,8.07548983391,8.07548983384,8.07548983384,8.07548983405,8.07548983405,8.07548983382,8.07548983382,8.07548983382,8.07548983386,8.07548983386,8.07548983376,7.93052532076,8.07548983386,7.14503292654,7.05394408521,8.07548983394,5.84885405488,6.50430215158
"t67",3.86669159471,2.41913471623,3.63960253211,3.63960253211,3.63960253211,3.63960253211,3.63960253211,0.96688570411,0.56234073838,0.51288160638,0,7.13754902415,7.13754902415,7.13754902405,7.13754902411,6.44796256881,6.43119325381,7.1375490242,7.1375490242,7.13754902421,7.13754902401,7.13754902401,5.09033764255,6.50496132145,7.13754902375,6.43749971653,6.28983688343,7.03975148765,7.13754902385,6.17656155485,6.40802739585,7.13754902335,7.13754902335,5.63618994631,4.69450593571,6.38408429761,6.13597047624,5.45636721018,7.13754902378,7.13754902378,7.13754902368,7.13754902367,7.13754902367,7.13754902368,7.13754902378,7.13754902378,7.10596480718,7.13754902338,7.13754902338,4.72016691437,7.02917308391,7.13754902371,6.48429861887,7.13754902374,7.13754902374,7.137549023707,7.137549023707,7.137549023737,7.13754902369,7.13754902369,7.13754902379,6.39054114549,4.01464186911,7.137549023928,7.137549023928,7.13754902392,7.13754902399,7.13754902394,7.13754902394,7.13754902389,7.06592571241,7.13754902391,7.13754902364,7.13754902304,7.13754902304,5.54972773521,7.13754902365,7.13754902365,7.13754902371,7.1375490235,7.1375490238,7.13754902377,6.989404398769,7.13754902377,7.13754902377,7.13754902369,6.39465690859,7.1375490237,7.1375490237,7.65647517928,7.65647517911,7.65647517911,7.65647517916,7.65647517916,7.65647517906,7.65647517918,7.43864020078,7.65647517918,7.05032247838,7.65647517928,7.656475179283,7.656475179283,7.65647517928,7.65647517928,7.65647517888,7.65647517898,7.65647517898,7.65647517902,7.65647517902,7.65647517902,7.50241352005,7.65647517895,7.65647517885,7.65647517885,7.65647517894,7.65647517894,7.65647517894,7.65647517895,7.65647517895,7.65647517895,7.65647517888,7.65647517888,7.65647517909,7.65647517909,7.65647517886,7.65647517886,7.65647517886,7.6564751789,7.6564751789,7.6564751788,7.5115106658,7.6564751789,6.72601827158,6.63492943025,7.65647517898,5.42983939992,6.08528749662
"t96",4.33516538204,4.82648138656,7.60602281124,7.60602281124,7.60602281124,7.60602281124,7.60602281124,6.76236712444,7.60602281111,7.55656367911,7.13754902415,0,0.5835303344,0.7923852693,0.85191832984,1.37217412074,2.93843986494,3.64479563533,3.64479563533,3.64479563534,3.64479563514,3.64479563514,3.65210601968,5.06672969858,5.69931740088,4.99926809366,4.85160526056,5.60151986478,5.69931740098,4.73832993198,4.96979577298,5.69931740048,5.69931740048,4.45793635004,3.51625233944,5.59660949454,5.34849567317,4.66889240711,6.35007422071,6.35007422071,6.35007422061,6.3500742206,6.3500742206,6.35007422061,6.35007422071,6.35007422071,6.31849000411,6.35007422031,6.35007422031,3.9326921113,6.24169828084,6.35007422064,5.6968238158,6.35007422067,6.35007422067,6.350074220637,6.350074220637,6.350074220667,6.35007422062,6.35007422062,6.35007422072,5.60306634242,4.17973756844,7.302644723258,7.302644723258,7.30264472325,7.30264472332,7.30264472327,7.30264472327,7.30264472322,7.23102141174,7.30264472324,7.30264472297,7.30264472237,7.30264472237,5.71482343454,7.30264472298,7.30264472298,7.30264472304,7.30264472283,7.30264472313,7.3026447231,7.154500098099,7.3026447231,7.3026447231,7.30264472302,6.55975260792,7.30264472303,7.30264472303,8.12494896661,8.12494896644,8.12494896644,8.12494896649,8.12494896649,8.12494896639,8.12494896651,7.90711398811,8.12494896651,7.51879626571,8.12494896661,8.124948966613,8.124948966613,8.12494896661,8.12494896661,8.12494896621,8.12494896631,8.12494896631,8.12494896635,8.12494896635,8.12494896635,7.97088730738,8.12494896628,8.12494896618,8.12494896618,8.12494896627,8.12494896627,8.12494896627,8.12494896628,8.12494896628,8.12494896628,8.12494896621,8.12494896621,8.12494896642,8.12494896642,8.12494896619,8.12494896619,8.12494896619,8.12494896623,8.12494896623,8.12494896613,7.97998445313,8.12494896623,7.19449205891,7.10340321758,8.12494896631,5.89831318725,6.55376128395
"t97",4.33516538204,4.82648138656,7.60602281124,7.60602281124,7.60602281124,7.60602281124,7.60602281124,6.76236712444,7.60602281111,7.55656367911,7.13754902415,0.5835303344,0,0.7923852693,0.85191832984,1.37217412074,2.93843986494,3.64479563533,3.64479563533,3.64479563534,3.64479563514,3.64479563514,3.65210601968,5.06672969858,5.69931740088,4.99926809366,4.85160526056,5.60151986478,5.69931740098,4.73832993198,4.96979577298,5.69931740048,5.69931740048,4.45793635004,3.51625233944,5.59660949454,5.34849567317,4.66889240711,6.35007422071,6.35007422071,6.35007422061,6.3500742206,6.3500742206,6.35007422061,6.35007422071,6.35007422071,6.31849000411,6.35007422031,6.35007422031,3.9326921113,6.24169828084,6.35007422064,5.6968238158,6.35007422067,6.35007422067,6.350074220637,6.350074220637,6.350074220667,6.35007422062,6.35007422062,6.35007422072,5.60306634242,4.17973756844,7.302644723258,7.302644723258,7.30264472325,7.30264472332,7.30264472327,7.30264472327,7.30264472322,7.23102141174,7.30264472324,7.30264472297,7.30264472237,7.30264472237,5.71482343454,7.30264472298,7.30264472298,7.30264472304,7.30264472283,7.30264472313,7.3026447231,7.154500098099,7.3026447231,7.3026447231,7.30264472302,6.55975260792,7.30264472303,7.30264472303,8.12494896661,8.12494896644,8.12494896644,8.12494896649,8.12494896649,8.12494896639,8.12494896651,7.90711398811,8.12494896651,7.51879626571,8.12494896661,8.124948966613,8.124948966613,8.12494896661,8.12494896661,8.12494896621,8.12494896631,8.12494896631,8.12494896635,8.12494896635,8.12494896635,7.97088730738,8.12494896628,8.12494896618,8.12494896618,8.12494896627,8.12494896627,8.12494896627,8.12494896628,8.12494896628,8.12494896628,8.12494896621,8.12494896621,8.12494896642,8.12494896642,8.12494896619,8.12494896619,8.12494896619,8.12494896623,8.12494896623,8.12494896613,7.97998445313,8.12494896623,7.19449205891,7.10340321758,8.12494896631,5.89831318725,6.55376128395
"t86",4.33516538194,4.82648138646,7.60602281114,7.60602281114,7.60602281114,7.60602281114,7.60602281114,6.76236712434,7.60602281101,7.55656367901,7.13754902405,0.7923852693,0.7923852693,0,0.85191832974,1.37217412064,2.93843986484,3.64479563523,3.64479563523,3.64479563524,3.64479563504,3.64479563504,3.65210601958,5.06672969848,5.69931740078,4.99926809356,4.85160526046,5.60151986468,5.69931740088,4.73832993188,4.96979577288,5.69931740038,5.69931740038,4.45793634994,3.51625233934,5.59660949444,5.34849567307,4.66889240701,6.35007422061,6.35007422061,6.35007422051,6.3500742205,6.3500742205,6.35007422051,6.35007422061,6.35007422061,6.31849000401,6.35007422021,6.35007422021,3.9326921112,6.24169828074,6.35007422054,5.6968238157,6.35007422057,6.35007422057,6.350074220537,6.350074220537,6.350074220567,6.35007422052,6.35007422052,6.35007422062,5.60306634232,4.17973756834,7.302644723158,7.302644723158,7.30264472315,7.30264472322,7.30264472317,7.30264472317,7.30264472312,7.23102141164,7.30264472314,7.30264472287,7.30264472227,7.30264472227,5.71482343444,7.30264472288,7.30264472288,7.30264472294,7.30264472273,7.30264472303,7.302644723,7.154500097999,7.302644723,7.302644723,7.30264472292,6.55975260782,7.30264472293,7.30264472293,8.12494896651,8.12494896634,8.12494896634,8.12494896639,8.12494896639,8.12494896629,8.12494896641,7.90711398801,8.12494896641,7.51879626561,8.12494896651,8.124948966513,8.124948966513,8.12494896651,8.12494896651,8.12494896611,8.12494896621,8.12494896621,8.12494896625,8.12494896625,8.12494896625,7.97088730728,8.12494896618,8.12494896608,8.12494896608,8.12494896617,8.12494896617,8.12494896617,8.12494896618,8.12494896618,8.12494896618,8.12494896611,8.12494896611,8.12494896632,8.12494896632,8.12494896609,8.12494896609,8.12494896609,8.12494896613,8.12494896613,8.12494896603,7.97998445303,8.12494896613,7.19449205881,7.10340321748,8.12494896621,5.89831318715,6.55376128385
"t77",4.335165382,4.82648138652,7.6060228112,7.6060228112,7.6060228112,7.6060228112,7.6060228112,6.7623671244,7.60602281107,7.55656367907,7.13754902411,0.85191832984,0.85191832984,0.85191832974,0,1.3721741207,2.9384398649,3.64479563529,3.64479563529,3.6447956353,3.6447956351,3.6447956351,3.65210601964,5.06672969854,5.69931740084,4.99926809362,4.85160526052,5.60151986474,5.69931740094,4.73832993194,4.96979577294,5.69931740044,5.69931740044,4.45793635,3.5162523394,5.5966094945,5.34849567313,4.66889240707,6.35007422067,6.35007422067,6.35007422057,6.35007422056,6.35007422056,6.35007422057,6.35007422067,6.35007422067,6.31849000407,6.35007422027,6.35007422027,3.93269211126,6.2416982808,6.3500742206,5.69682381576,6.35007422063,6.35007422063,6.350074220597,6.350074220597,6.350074220627,6.35007422058,6.35007422058,6.35007422068,5.60306634238,4.1797375684,7.302644723218,7.302644723218,7.30264472321,7.30264472328,7.30264472323,7.30264472323,7.30264472318,7.2310214117,7.3026447232,7.30264472293,7.30264472233,7.30264472233,5.7148234345,7.30264472294,7.30264472294,7.302644723,7.30264472279,7.30264472309,7.30264472306,7.154500098059,7.30264472306,7.30264472306,7.30264472298,6.55975260788,7.30264472299,7.30264472299,8.12494896657,8.1249489664,8.1249489664,8.12494896645,8.12494896645,8.12494896635,8.12494896647,7.90711398807,8.12494896647,7.51879626567,8.12494896657,8.124948966573,8.124948966573,8.12494896657,8.12494896657,8.12494896617,8.12494896627,8.12494896627,8.12494896631,8.12494896631,8.12494896631,7.97088730734,8.12494896624,8.12494896614,8.12494896614,8.12494896623,8.12494896623,8.12494896623,8.12494896624,8.12494896624,8.12494896624,8.12494896617,8.12494896617,8.12494896638,8.12494896638,8.12494896615,8.12494896615,8.12494896615,8.12494896619,8.12494896619,8.12494896609,7.97998445309,8.12494896619,7.19449205887,7.10340321754,8.12494896627,5.89831318721,6.55376128391
"t33",3.6455789267,4.13689493122,6.9164363559,6.9164363559,6.9164363559,6.9164363559,6.9164363559,6.0727806691,6.91643635577,6.86697722377,6.44796256881,1.37217412074,1.37217412074,1.37217412064,1.3721741207,0,2.2488534096,2.95520917999,2.95520917999,2.95520918,2.9552091798,2.9552091798,2.96251956434,4.37714324324,5.00973094554,4.30968163832,4.16201880522,4.91193340944,5.00973094564,4.04874347664,4.28020931764,5.00973094514,5.00973094514,3.7683498947,2.8266658841,4.9070230392,4.65890921783,3.97930595177,5.66048776537,5.66048776537,5.66048776527,5.66048776526,5.66048776526,5.66048776527,5.66048776537,5.66048776537,5.62890354877,5.66048776497,5.66048776497,3.24310565596,5.5521118255,5.6604877653,5.00723736046,5.66048776533,5.66048776533,5.660487765297,5.660487765297,5.660487765327,5.66048776528,5.66048776528,5.66048776538,4.91347988708,3.4901511131,6.613058267918,6.613058267918,6.61305826791,6.61305826798,6.61305826793,6.61305826793,6.61305826788,6.5414349564,6.6130582679,6.61305826763,6.61305826703,6.61305826703,5.0252369792,6.61305826764,6.61305826764,6.6130582677,6.61305826749,6.61305826779,6.61305826776,6.464913642759,6.61305826776,6.61305826776,6.61305826768,5.87016615258,6.61305826769,6.61305826769,7.43536251127,7.4353625111,7.4353625111,7.43536251115,7.43536251115,7.43536251105,7.43536251117,7.21752753277,7.43536251117,6.82920981037,7.43536251127,7.435362511273,7.435362511273,7.43536251127,7.43536251127,7.43536251087,7.43536251097,7.43536251097,7.43536251101,7.43536251101,7.43536251101,7.28130085204,7.43536251094,7.43536251084,7.43536251084,7.43536251093,7.43536251093,7.43536251093,7.43536251094,7.43536251094,7.43536251094,7.43536251087,7.43536251087,7.43536251108,7.43536251108,7.43536251085,7.43536251085,7.43536251085,7.43536251089,7.43536251089,7.43536251079,7.29039799779,7.43536251089,6.50490560357,6.41381676224,7.43536251097,5.20872673191,5.86417482861
"t45",3.6288096117,4.12012561622,6.8996670409,6.8996670409,6.8996670409,6.8996670409,6.8996670409,6.0560113541,6.89966704077,6.85020790877,6.43119325381,2.93843986494,2.93843986494,2.93843986484,2.9384398649,2.2488534096,0,0.83795226721,0.83795226721,1.028848742,2.6417733522,2.6417733522,2.94575024934,4.36037392824,4.99296163054,4.29291232332,4.14524949022,4.89516409444,4.99296163064,4.03197416164,4.26344000264,4.99296163014,4.99296163014,3.7515805797,2.8098965691,4.8902537242,4.64213990283,3.96253663677,5.64371845037,5.64371845037,5.64371845027,5.64371845026,5.64371845026,5.64371845027,5.64371845037,5.64371845037,5.61213423377,5.64371844997,5.64371844997,3.22633634096,5.5353425105,5.6437184503,4.99046804546,5.64371845033,5.64371845033,5.643718450297,5.643718450297,5.643718450327,5.64371845028,5.64371845028,5.64371845038,4.89671057208,3.4733817981,6.596288952918,6.596288952918,6.59628895291,6.59628895298,6.59628895293,6.59628895293,6.59628895288,6.5246656414,6.5962889529,6.59628895263,6.59628895203,6.59628895203,5.0084676642,6.59628895264,6.59628895264,6.5962889527,6.59628895249,6.59628895279,6.59628895276,6.448144327759,6.59628895276,6.59628895276,6.59628895268,5.85339683758,6.59628895269,6.59628895269,7.41859319627,7.4185931961,7.4185931961,7.41859319615,7.41859319615,7.41859319605,7.41859319617,7.20075821777,7.41859319617,6.81244049537,7.41859319627,7.418593196273,7.418593196273,7.41859319627,7.41859319627,7.41859319587,7.41859319597,7.41859319597,7.41859319601,7.41859319601,7.41859319601,7.26453153704,7.41859319594,7.41859319584,7.41859319584,7.41859319593,7.41859319593,7.41859319593,7.41859319594,7.41859319594,7.41859319594,7.41859319587,7.41859319587,7.41859319608,7.41859319608,7.41859319585,7.41859319585,7.41859319585,7.41859319589,7.41859319589,7.41859319579,7.27362868279,7.41859319589,6.48813628857,6.39704744724,7.41859319597,5.19195741691,5.84740551361
"t71",4.33516538209,4.82648138661,7.60602281129,7.60602281129,7.60602281129,7.60602281129,7.60602281129,6.76236712449,7.60602281116,7.55656367916,7.1375490242,3.64479563533,3.64479563533,3.64479563523,3.64479563529,2.95520917999,0.83795226721,0,0.9817603744,1.73520451239,3.34812912259,3.34812912259,3.65210601973,5.06672969863,5.69931740093,4.99926809371,4.85160526061,5.60151986483,5.69931740103,4.73832993203,4.96979577303,5.69931740053,5.69931740053,4.45793635009,3.51625233949,5.59660949459,5.34849567322,4.66889240716,6.35007422076,6.35007422076,6.35007422066,6.35007422065,6.35007422065,6.35007422066,6.35007422076,6.35007422076,6.31849000416,6.35007422036,6.35007422036,3.93269211135,6.24169828089,6.35007422069,5.69682381585,6.35007422072,6.35007422072,6.350074220687,6.350074220687,6.350074220717,6.35007422067,6.35007422067,6.35007422077,5.60306634247,4.17973756849,7.302644723308,7.302644723308,7.3026447233,7.30264472337,7.30264472332,7.30264472332,7.30264472327,7.23102141179,7.30264472329,7.30264472302,7.30264472242,7.30264472242,5.71482343459,7.30264472303,7.30264472303,7.30264472309,7.30264472288,7.30264472318,7.30264472315,7.154500098149,7.30264472315,7.30264472315,7.30264472307,6.55975260797,7.30264472308,7.30264472308,8.12494896666,8.12494896649,8.12494896649,8.12494896654,8.12494896654,8.12494896644,8.12494896656,7.90711398816,8.12494896656,7.51879626576,8.12494896666,8.124948966663,8.124948966663,8.12494896666,8.12494896666,8.12494896626,8.12494896636,8.12494896636,8.1249489664,8.1249489664,8.1249489664,7.97088730743,8.12494896633,8.12494896623,8.12494896623,8.12494896632,8.12494896632,8.12494896632,8.12494896633,8.12494896633,8.12494896633,8.12494896626,8.12494896626,8.12494896647,8.12494896647,8.12494896624,8.12494896624,8.12494896624,8.12494896628,8.12494896628,8.12494896618,7.97998445318,8.12494896628,7.19449205896,7.10340321763,8.12494896636,5.8983131873,6.553761284
"t72",4.33516538209,4.82648138661,7.60602281129,7.60602281129,7.60602281129,7.60602281129,7.60602281129,6.76236712449,7.60602281116,7.55656367916,7.1375490242,3.64479563533,3.64479563533,3.64479563523,3.64479563529,2.95520917999,0.83795226721,0.9817603744,0,1.73520451239,3.34812912259,3.34812912259,3.65210601973,5.06672969863,5.69931740093,4.99926809371,4.85160526061,5.60151986483,5.69931740103,4.73832993203,4.96979577303,5.69931740053,5.69931740053,4.45793635009,3.51625233949,5.59660949459,5.34849567322,4.66889240716,6.35007422076,6.35007422076,6.35007422066,6.35007422065,6.35007422065,6.35007422066,6.35007422076,6.35007422076,6.31849000416,6.35007422036,6.35007422036,3.93269211135,6.24169828089,6.35007422069,5.69682381585,6.35007422072,6.35007422072,6.350074220687,6.350074220687,6.350074220717,6.35007422067,6.35007422067,6.35007422077,5.60306634247,4.17973756849,7.302644723308,7.302644723308,7.3026447233,7.30264472337,7.30264472332,7.30264472332,7.30264472327,7.23102141179,7.30264472329,7.30264472302,7.30264472242,7.30264472242,5.71482343459,7.30264472303,7.30264472303,7.30264472309,7.30264472288,7.30264472318,7.30264472315,7.154500098149,7.30264472315,7.30264472315,7.30264472307,6.55975260797,7.30264472308,7.30264472308,8.12494896666,8.12494896649,8.12494896649,8.12494896654,8.12494896654,8.12494896644,8.12494896656,7.90711398816,8.12494896656,7.51879626576,8.12494896666,8.124948966663,8.124948966663,8.12494896666,8.12494896666,8.12494896626,8.12494896636,8.12494896636,8.1249489664,8.1249489664,8.1249489664,7.97088730743,8.12494896633,8.12494896623,8.12494896623,8.12494896632,8.12494896632,8.12494896632,8.12494896633,8.12494896633,8.12494896633,8.12494896626,8.12494896626,8.12494896647,8.12494896647,8.12494896624,8.12494896624,8.12494896624,8.12494896628,8.12494896628,8.12494896618,7.97998445318,8.12494896628,7.19449205896,7.10340321763,8.12494896636,5.8983131873,6.553761284
"t39",4.3351653821,4.82648138662,7.6060228113,7.6060228113,7.6060228113,7.6060228113,7.6060228113,6.7623671245,7.60602281117,7.55656367917,7.13754902421,3.64479563534,3.64479563534,3.64479563524,3.6447956353,2.95520918,1.028848742,1.73520451239,1.73520451239,0,3.3481291226,3.3481291226,3.65210601974,5.06672969864,5.69931740094,4.99926809372,4.85160526062,5.60151986484,5.69931740104,4.73832993204,4.96979577304,5.69931740054,5.69931740054,4.4579363501,3.5162523395,5.5966094946,5.34849567323,4.66889240717,6.35007422077,6.35007422077,6.35007422067,6.35007422066,6.35007422066,6.35007422067,6.35007422077,6.35007422077,6.31849000417,6.35007422037,6.35007422037,3.93269211136,6.2416982809,6.3500742207,5.69682381586,6.35007422073,6.35007422073,6.350074220697,6.350074220697,6.350074220727,6.35007422068,6.35007422068,6.35007422078,5.60306634248,4.1797375685,7.302644723318,7.302644723318,7.30264472331,7.30264472338,7.30264472333,7.30264472333,7.30264472328,7.2310214118,7.3026447233,7.30264472303,7.30264472243,7.30264472243,5.7148234346,7.30264472304,7.30264472304,7.3026447231,7.30264472289,7.30264472319,7.30264472316,7.154500098159,7.30264472316,7.30264472316,7.30264472308,6.55975260798,7.30264472309,7.30264472309,8.12494896667,8.1249489665,8.1249489665,8.12494896655,8.12494896655,8.12494896645,8.12494896657,7.90711398817,8.12494896657,7.51879626577,8.12494896667,8.124948966673,8.124948966673,8.12494896667,8.12494896667,8.12494896627,8.12494896637,8.12494896637,8.12494896641,8.12494896641,8.12494896641,7.97088730744,8.12494896634,8.12494896624,8.12494896624,8.12494896633,8.12494896633,8.12494896633,8.12494896634,8.12494896634,8.12494896634,8.12494896627,8.12494896627,8.12494896648,8.12494896648,8.12494896625,8.12494896625,8.12494896625,8.12494896629,8.12494896629,8.12494896619,7.97998445319,8.12494896629,7.19449205897,7.10340321764,8.12494896637,5.89831318731,6.55376128401
