"","t14","t91","t92","t9","t16","t17","t80","t81","t73","t59","t74","t75","t95","t96","t69","t99","t100","t35","t89","t90","t45","t3","t2","t36","t37","t38","t31","t55","t56","t42","t86","t87","t28","t1","t67","t68","t15","t82","t83","t5","t22","t23","t19","t70","t71","t18","t29","t30","t6","t27","t39","t40","t48","t49","t84","t85","t72","t34","t10","t11","t4","t57","t58","t26","t44","t46","t47","t41","t64","t65","t43","t88","t93","t94","t33","t13","t78","t79","t24","t25","t12","t53","t54","t50","t97","t98","t7","t62","t63","t51","t52","t20","t21","t32","t66","t76","t77","t60","t61","t8"
"t14",0,1.59248054238,1.59248054238,4.1166614767,4.1166614766,4.1166614766,7.80805391466,7.80805391466,7.8080539147,7.8080539149,7.8080539149,7.8080539149,7.80805391492,7.80805391492,7.80805391464,7.80805391459,7.80805391459,7.80805391464,7.80805391459,7.80805391459,7.80805391454,7.80805391504,7.8080539152,7.8080539149,7.808053914918,7.808053914918,7.8080539145,7.8080539145,7.8080539145,7.8080539145,7.8080539145,7.8080539145,7.80805391447,7.8080539148,7.8080539153,7.8080539153,7.8080539153,7.80805391451,7.80805391451,7.8080539151,7.8080539151,7.8080539151,7.8080539151,7.8080539147,7.8080539147,7.8080539148,7.8080539148,7.8080539148,7.8080539148,7.8080539147,7.8080539148,7.8080539148,7.80805391505,7.80805391505,7.80805391506,7.80805391506,7.80805391502,7.80805391512,7.80805391502,7.80805391502,7.80805391495,7.80805391525,7.80805391525,7.80805391495,7.80805391499,7.808053914953,7.808053914953,7.80805391495,7.808053914971,7.808053914971,7.808053914871,7.808053914901,7.808053914891,7.808053914891,7.808053914911,7.808053914911,7.80805391492,7.80805391492,7.80805391497,7.80805391497,7.8080539151,7.808053915023,7.808053915023,7.808053915023,7.808053915013,7.808053915013,7.8080539149,7.80805391536,7.80805391536,7.80805391496,7.80805391496,7.80805391496,7.80805391496,7.80805391498,7.80805391496,7.8080539149,7.8080539149,7.80805391496,7.80805391496,7.80805391488
"t91",1.59248054238,0,0.08108378516,4.11666147668,4.11666147658,4.11666147658,7.80805391464,7.80805391464,7.80805391468,7.80805391488,7.80805391488,7.80805391488,7.8080539149,7.8080539149,7.80805391462,7.80805391457,7.80805391457,7.80805391462,7.80805391457,7.80805391457,7.80805391452,7.80805391502,7.80805391518,7.80805391488,7.808053914898,7.808053914898,7.80805391448,7.80805391448,7.80805391448,7.80805391448,7.80805391448,7.80805391448,7.80805391445,7.80805391478,7.80805391528,7.80805391528,7.80805391528,7.80805391449,7.80805391449,7.80805391508,7.80805391508,7.80805391508,7.80805391508,7.80805391468,7.80805391468,7.80805391478,7.80805391478,7.80805391478,7.80805391478,7.80805391468,7.80805391478,7.80805391478,7.80805391503,7.80805391503,7.80805391504,7.80805391504,7.808053915,7.8080539151,7.808053915,7.808053915,7.80805391493,7.80805391523,7.80805391523,7.80805391493,7.80805391497,7.808053914933,7.808053914933,7.80805391493,7.808053914951,7.808053914951,7.808053914851,7.808053914881,7.808053914871,7.808053914871,7.808053914891,7.808053914891,7.8080539149,7.8080539149,7.80805391495,7.80805391495,7.80805391508,7.808053915003,7.808053915003,7.808053915003,7.808053914993,7.808053914993,7.80805391488,7.80805391534,7.80805391534,7.80805391494,7.80805391494,7.80805391494,7.80805391494,7.80805391496,7.80805391494,7.80805391488,7.80805391488,7.80805391494,7.80805391494,7.80805391486
"t92",1.59248054238,0.08108378516,0,4.11666147668,4.11666147658,4.11666147658,7.80805391464,7.80805391464,7.80805391468,7.80805391488,7.80805391488,7.80805391488,7.8080539149,7.8080539149,7.80805391462,7.80805391457,7.80805391457,7.80805391462,7.80805391457,7.80805391457,7.80805391452,7.80805391502,7.80805391518,7.80805391488,7.808053914898,7.808053914898,7.80805391448,7.80805391448,7.80805391448,7.80805391448,7.80805391448,7.80805391448,7.80805391445,7.80805391478,7.80805391528,7.80805391528,7.80805391528,7.80805391449,7.80805391449,7.80805391508,7.80805391508,7.80805391508,7.80805391508,7.80805391468,7.80805391468,7.80805391478,7.80805391478,7.80805391478,7.80805391478,7.80805391468,7.80805391478,7.80805391478,7.80805391503,7.80805391503,7.80805391504,7.80805391504,7.808053915,7.8080539151,7.808053915,7.808053915,7.80805391493,7.80805391523,7.80805391523,7.80805391493,7.80805391497,7.808053914933,7.808053914933,7.80805391493,7.808053914951,7.808053914951,7.808053914851,7.808053914881,7.808053914871,7.808053914871,7.808053914891,7.808053914891,7.8080539149,7.8080539149,7.80805391495,7.80805391495,7.80805391508,7.808053915003,7.808053915003,7.808053915003,7.808053914993,7.808053914993,7.80805391488,7.80805391534,7.80805391534,7.80805391494,7.80805391494,7.80805391494,7.80805391494,7.80805391496,7.80805391494,7.80805391488,7.80805391488,7.80805391494,7.80805391494,7.80805391486
"t9",4.1166614767,4.11666147668,4.11666147668,0,2.4115878279,2.4115878279,7.80805391496,7.80805391496,7.808053915,7.8080539152,7.8080539152,7.8080539152,7.80805391522,7.80805391522,7.80805391494,7.80805391489,7.80805391489,7.80805391494,7.80805391489,7.80805391489,7.80805391484,7.80805391534,7.8080539155,7.8080539152,7.808053915218,7.808053915218,7.8080539148,7.8080539148,7.8080539148,7.8080539148,7.8080539148,7.8080539148,7.80805391477,7.8080539151,7.8080539156,7.8080539156,7.8080539156,7.80805391481,7.80805391481,7.8080539154,7.8080539154,7.8080539154,7.8080539154,7.808053915,7.808053915,7.8080539151,7.8080539151,7.8080539151,7.8080539151,7.808053915,7.8080539151,7.8080539151,7.80805391535,7.80805391535,7.80805391536,7.80805391536,7.80805391532,7.80805391542,7.80805391532,7.80805391532,7.80805391525,7.80805391555,7.80805391555,7.80805391525,7.80805391529,7.808053915253,7.808053915253,7.80805391525,7.808053915271,7.808053915271,7.808053915171,7.808053915201,7.808053915191,7.808053915191,7.808053915211,7.808053915211,7.80805391522,7.80805391522,7.80805391527,7.80805391527,7.8080539154,7.808053915323,7.808053915323,7.808053915323,7.808053915313,7.808053915313,7.8080539152,7.80805391566,7.80805391566,7.80805391526,7.80805391526,7.80805391526,7.80805391526,7.80805391528,7.80805391526,7.8080539152,7.8080539152,7.80805391526,7.80805391526,7.80805391518
"t16",4.1166614766,4.11666147658,4.11666147658,2.4115878279,0,1.4768265754,7.80805391486,7.80805391486,7.8080539149,7.8080539151,7.8080539151,7.8080539151,7.80805391512,7.80805391512,7.80805391484,7.80805391479,7.80805391479,7.80805391484,7.80805391479,7.80805391479,7.80805391474,7.80805391524,7.8080539154,7.8080539151,7.808053915118,7.808053915118,7.8080539147,7.8080539147,7.8080539147,7.8080539147,7.8080539147,7.8080539147,7.80805391467,7.808053915,7.8080539155,7.8080539155,7.8080539155,7.80805391471,7.80805391471,7.8080539153,7.8080539153,7.8080539153,7.8080539153,7.8080539149,7.8080539149,7.808053915,7.808053915,7.808053915,7.808053915,7.8080539149,7.808053915,7.808053915,7.80805391525,7.80805391525,7.80805391526,7.80805391526,7.80805391522,7.80805391532,7.80805391522,7.80805391522,7.80805391515,7.80805391545,7.80805391545,7.80805391515,7.80805391519,7.808053915153,7.808053915153,7.80805391515,7.808053915171,7.808053915171,7.808053915071,7.808053915101,7.808053915091,7.808053915091,7.808053915111,7.808053915111,7.80805391512,7.80805391512,7.80805391517,7.80805391517,7.8080539153,7.808053915223,7.808053915223,7.808053915223,7.808053915213,7.808053915213,7.8080539151,7.80805391556,7.80805391556,7.80805391516,7.80805391516,7.80805391516,7.80805391516,7.80805391518,7.80805391516,7.8080539151,7.8080539151,7.80805391516,7.80805391516,7.80805391508
"t17",4.1166614766,4.11666147658,4.11666147658,2.4115878279,1.4768265754,0,7.80805391486,7.80805391486,7.8080539149,7.8080539151,7.8080539151,7.8080539151,7.80805391512,7.80805391512,7.80805391484,7.80805391479,7.80805391479,7.80805391484,7.80805391479,7.80805391479,7.80805391474,7.80805391524,7.8080539154,7.8080539151,7.808053915118,7.808053915118,7.8080539147,7.8080539147,7.8080539147,7.8080539147,7.8080539147,7.8080539147,7.80805391467,7.808053915,7.8080539155,7.8080539155,7.8080539155,7.80805391471,7.80805391471,7.8080539153,7.8080539153,7.8080539153,7.8080539153,7.8080539149,7.8080539149,7.808053915,7.808053915,7.808053915,7.808053915,7.8080539149,7.808053915,7.808053915,7.80805391525,7.80805391525,7.80805391526,7.80805391526,7.80805391522,7.80805391532,7.80805391522,7.80805391522,7.80805391515,7.80805391545,7.80805391545,7.80805391515,7.80805391519,7.808053915153,7.808053915153,7.80805391515,7.808053915171,7.808053915171,7.808053915071,7.808053915101,7.808053915091,7.808053915091,7.808053915111,7.808053915111,7.80805391512,7.80805391512,7.80805391517,7.80805391517,7.8080539153,7.808053915223,7.808053915223,7.808053915223,7.808053915213,7.808053915213,7.8080539151,7.80805391556,7.80805391556,7.80805391516,7.80805391516,7.80805391516,7.80805391516,7.80805391518,7.80805391516,7.8080539151,7.8080539151,7.80805391516,7.80805391516,7.80805391508
"t80",7.80805391466,7.80805391464,7.80805391464,7.80805391496,7.80805391486,7.80805391486,0,0.19000268074,0.24716694136,4.33488515756,4.33488515756,4.33488515756,4.33488515758,4.33488515758,5.9773668965,5.97736689645,5.97736689645,5.9773668965,5.97736689645,5.97736689645,5.9773668964,5.9773668969,5.97736689706,5.97736689676,5.977366896778,5.977366896778,6.73649416436,6.73649416436,6.73649416436,6.73649416436,6.73649416436,6.73649416436,6.73649416433,6.73649416466,6.73649416516,6.73649416516,6.73649416516,6.73649416437,6.73649416437,6.73649416496,6.73649416496,6.73649416496,6.73649416496,7.19882002996,7.19882002996,7.19882003006,7.19882003006,7.19882003006,7.19882003006,7.19882002996,7.19882003006,7.19882003006,7.19882003031,7.19882003031,7.19882003032,7.19882003032,7.19882003028,7.19882003038,7.19882003028,7.19882003028,7.19882003021,7.19882003051,7.19882003051,7.19882003021,7.19882003025,7.198820030213,7.198820030213,7.19882003021,7.198820030231,7.198820030231,7.198820030131,7.198820030161,7.198820030151,7.198820030151,7.198820030171,7.198820030171,7.19882003018,7.19882003018,7.19882003023,7.19882003023,7.19882003036,7.198820030283,7.198820030283,7.198820030283,7.198820030273,7.198820030273,7.19882003016,7.19882003062,7.19882003062,7.19882003022,7.19882003022,7.19882003022,7.19882003022,7.19882003024,7.19882003022,7.19882003016,7.19882003016,7.19882003022,7.19882003022,7.19882003014
"t81",7.80805391466,7.80805391464,7.80805391464,7.80805391496,7.80805391486,7.80805391486,0.19000268074,0,0.24716694136,4.33488515756,4.33488515756,4.33488515756,4.33488515758,4.33488515758,5.9773668965,5.97736689645,5.97736689645,5.9773668965,5.97736689645,5.97736689645,5.9773668964,5.9773668969,5.97736689706,5.97736689676,5.977366896778,5.977366896778,6.73649416436,6.73649416436,6.73649416436,6.73649416436,6.73649416436,6.73649416436,6.73649416433,6.73649416466,6.73649416516,6.73649416516,6.73649416516,6.73649416437,6.73649416437,6.73649416496,6.73649416496,6.73649416496,6.73649416496,7.19882002996,7.19882002996,7.19882003006,7.19882003006,7.19882003006,7.19882003006,7.19882002996,7.19882003006,7.19882003006,7.19882003031,7.19882003031,7.19882003032,7.19882003032,7.19882003028,7.19882003038,7.19882003028,7.19882003028,7.19882003021,7.19882003051,7.19882003051,7.19882003021,7.19882003025,7.198820030213,7.198820030213,7.19882003021,7.198820030231,7.198820030231,7.198820030131,7.198820030161,7.198820030151,7.198820030151,7.198820030171,7.198820030171,7.19882003018,7.19882003018,7.19882003023,7.19882003023,7.19882003036,7.198820030283,7.198820030283,7.198820030283,7.198820030273,7.198820030273,7.19882003016,7.19882003062,7.19882003062,7.19882003022,7.19882003022,7.19882003022,7.19882003022,7.19882003024,7.19882003022,7.19882003016,7.19882003016,7.19882003022,7.19882003022,7.19882003014
"t73",7.8080539147,7.80805391468,7.80805391468,7.808053915,7.8080539149,7.8080539149,0.24716694136,0.24716694136,0,4.3348851576,4.3348851576,4.3348851576,4.33488515762,4.33488515762,5.97736689654,5.97736689649,5.97736689649,5.97736689654,5.97736689649,5.97736689649,5.97736689644,5.97736689694,5.9773668971,5.9773668968,5.977366896818,5.977366896818,6.7364941644,6.7364941644,6.7364941644,6.7364941644,6.7364941644,6.7364941644,6.73649416437,6.7364941647,6.7364941652,6.7364941652,6.7364941652,6.73649416441,6.73649416441,6.736494165,6.736494165,6.736494165,6.736494165,7.19882003,7.19882003,7.1988200301,7.1988200301,7.1988200301,7.1988200301,7.19882003,7.1988200301,7.1988200301,7.19882003035,7.19882003035,7.19882003036,7.19882003036,7.19882003032,7.19882003042,7.19882003032,7.19882003032,7.19882003025,7.19882003055,7.19882003055,7.19882003025,7.19882003029,7.198820030253,7.198820030253,7.19882003025,7.198820030271,7.198820030271,7.198820030171,7.198820030201,7.198820030191,7.198820030191,7.198820030211,7.198820030211,7.19882003022,7.19882003022,7.19882003027,7.19882003027,7.1988200304,7.198820030323,7.198820030323,7.198820030323,7.198820030313,7.198820030313,7.1988200302,7.19882003066,7.19882003066,7.19882003026,7.19882003026,7.19882003026,7.19882003026,7.19882003028,7.19882003026,7.1988200302,7.1988200302,7.19882003026,7.19882003026,7.19882003018
"t59",7.8080539149,7.80805391488,7.80805391488,7.8080539152,7.8080539151,7.8080539151,4.33488515756,4.33488515756,4.3348851576,0,0.5683507412,0.5683507412,1.42246069782,1.42246069782,5.97736689674,5.97736689669,5.97736689669,5.97736689674,5.97736689669,5.97736689669,5.97736689664,5.97736689714,5.9773668973,5.977366897,5.977366897018,5.977366897018,6.7364941646,6.7364941646,6.7364941646,6.7364941646,6.7364941646,6.7364941646,6.73649416457,6.7364941649,6.7364941654,6.7364941654,6.7364941654,6.73649416461,6.73649416461,6.7364941652,6.7364941652,6.7364941652,6.7364941652,7.1988200302,7.1988200302,7.1988200303,7.1988200303,7.1988200303,7.1988200303,7.1988200302,7.1988200303,7.1988200303,7.19882003055,7.19882003055,7.19882003056,7.19882003056,7.19882003052,7.19882003062,7.19882003052,7.19882003052,7.19882003045,7.19882003075,7.19882003075,7.19882003045,7.19882003049,7.198820030453,7.198820030453,7.19882003045,7.198820030471,7.198820030471,7.198820030371,7.198820030401,7.198820030391,7.198820030391,7.198820030411,7.198820030411,7.19882003042,7.19882003042,7.19882003047,7.19882003047,7.1988200306,7.198820030523,7.198820030523,7.198820030523,7.198820030513,7.198820030513,7.1988200304,7.19882003086,7.19882003086,7.19882003046,7.19882003046,7.19882003046,7.19882003046,7.19882003048,7.19882003046,7.1988200304,7.1988200304,7.19882003046,7.19882003046,7.19882003038
"t74",7.8080539149,7.80805391488,7.80805391488,7.8080539152,7.8080539151,7.8080539151,4.33488515756,4.33488515756,4.3348851576,0.5683507412,0,0.2421504242,1.42246069782,1.42246069782,5.97736689674,5.97736689669,5.97736689669,5.97736689674,5.97736689669,5.97736689669,5.97736689664,5.97736689714,5.9773668973,5.977366897,5.977366897018,5.977366897018,6.7364941646,6.7364941646,6.7364941646,6.7364941646,6.7364941646,6.7364941646,6.73649416457,6.7364941649,6.7364941654,6.7364941654,6.7364941654,6.73649416461,6.73649416461,6.7364941652,6.7364941652,6.7364941652,6.7364941652,7.1988200302,7.1988200302,7.1988200303,7.1988200303,7.1988200303,7.1988200303,7.1988200302,7.1988200303,7.1988200303,7.19882003055,7.19882003055,7.19882003056,7.19882003056,7.19882003052,7.19882003062,7.19882003052,7.19882003052,7.19882003045,7.19882003075,7.19882003075,7.19882003045,7.19882003049,7.198820030453,7.198820030453,7.19882003045,7.198820030471,7.198820030471,7.198820030371,7.198820030401,7.198820030391,7.198820030391,7.198820030411,7.198820030411,7.19882003042,7.19882003042,7.19882003047,7.19882003047,7.1988200306,7.198820030523,7.198820030523,7.198820030523,7.198820030513,7.198820030513,7.1988200304,7.19882003086,7.19882003086,7.19882003046,7.19882003046,7.19882003046,7.19882003046,7.19882003048,7.19882003046,7.1988200304,7.1988200304,7.19882003046,7.19882003046,7.19882003038
"t75",7.8080539149,7.80805391488,7.80805391488,7.8080539152,7.8080539151,7.8080539151,4.33488515756,4.33488515756,4.3348851576,0.5683507412,0.2421504242,0,1.42246069782,1.42246069782,5.97736689674,5.97736689669,5.97736689669,5.97736689674,5.97736689669,5.97736689669,5.97736689664,5.97736689714,5.9773668973,5.977366897,5.977366897018,5.977366897018,6.7364941646,6.7364941646,6.7364941646,6.7364941646,6.7364941646,6.7364941646,6.73649416457,6.7364941649,6.7364941654,6.7364941654,6.7364941654,6.73649416461,6.73649416461,6.7364941652,6.7364941652,6.7364941652,6.7364941652,7.1988200302,7.1988200302,7.1988200303,7.1988200303,7.1988200303,7.1988200303,7.1988200302,7.1988200303,7.1988200303,7.19882003055,7.19882003055,7.19882003056,7.19882003056,7.19882003052,7.19882003062,7.19882003052,7.19882003052,7.19882003045,7.19882003075,7.19882003075,7.19882003045,7.19882003049,7.198820030453,7.198820030453,7.19882003045,7.198820030471,7.198820030471,7.198820030371,7.198820030401,7.198820030391,7.198820030391,7.198820030411,7.198820030411,7.19882003042,7.19882003042,7.19882003047,7.19882003047,7.1988200306,7.198820030523,7.198820030523,7.198820030523,7.198820030513,7.198820030513,7.1988200304,7.19882003086,7.19882003086,7.19882003046,7.19882003046,7.19882003046,7.19882003046,7.19882003048,7.19882003046,7.1988200304,7.1988200304,7.19882003046,7.19882003046,7.19882003038
"t95",7.80805391492,7.8080539149,7.8080539149,7.80805391522,7.80805391512,7.80805391512,4.33488515758,4.33488515758,4.33488515762,1.42246069782,1.42246069782,1.42246069782,0,0.06719122824,5.97736689676,5.97736689671,5.97736689671,5.97736689676,5.97736689671,5.97736689671,5.97736689666,5.97736689716,5.97736689732,5.97736689702,5.977366897038,5.977366897038,6.73649416462,6.73649416462,6.73649416462,6.73649416462,6.73649416462,6.73649416462,6.73649416459,6.73649416492,6.73649416542,6.73649416542,6.73649416542,6.73649416463,6.73649416463,6.73649416522,6.73649416522,6.73649416522,6.73649416522,7.19882003022,7.19882003022,7.19882003032,7.19882003032,7.19882003032,7.19882003032,7.19882003022,7.19882003032,7.19882003032,7.19882003057,7.19882003057,7.19882003058,7.19882003058,7.19882003054,7.19882003064,7.19882003054,7.19882003054,7.19882003047,7.19882003077,7.19882003077,7.19882003047,7.19882003051,7.198820030473,7.198820030473,7.19882003047,7.198820030491,7.198820030491,7.198820030391,7.198820030421,7.198820030411,7.198820030411,7.198820030431,7.198820030431,7.19882003044,7.19882003044,7.19882003049,7.19882003049,7.19882003062,7.198820030543,7.198820030543,7.198820030543,7.198820030533,7.198820030533,7.19882003042,7.19882003088,7.19882003088,7.19882003048,7.19882003048,7.19882003048,7.19882003048,7.1988200305,7.19882003048,7.19882003042,7.19882003042,7.19882003048,7.19882003048,7.1988200304
"t96",7.80805391492,7.8080539149,7.8080539149,7.80805391522,7.80805391512,7.80805391512,4.33488515758,4.33488515758,4.33488515762,1.42246069782,1.42246069782,1.42246069782,0.06719122824,0,5.97736689676,5.97736689671,5.97736689671,5.97736689676,5.97736689671,5.97736689671,5.97736689666,5.97736689716,5.97736689732,5.97736689702,5.977366897038,5.977366897038,6.73649416462,6.73649416462,6.73649416462,6.73649416462,6.73649416462,6.73649416462,6.73649416459,6.73649416492,6.73649416542,6.73649416542,6.73649416542,6.73649416463,6.73649416463,6.73649416522,6.73649416522,6.73649416522,6.73649416522,7.19882003022,7.19882003022,7.19882003032,7.19882003032,7.19882003032,7.19882003032,7.19882003022,7.19882003032,7.19882003032,7.19882003057,7.19882003057,7.19882003058,7.19882003058,7.19882003054,7.19882003064,7.19882003054,7.19882003054,7.19882003047,7.19882003077,7.19882003077,7.19882003047,7.19882003051,7.198820030473,7.198820030473,7.19882003047,7.198820030491,7.198820030491,7.198820030391,7.198820030421,7.198820030411,7.198820030411,7.198820030431,7.198820030431,7.19882003044,7.19882003044,7.19882003049,7.19882003049,7.19882003062,7.198820030543,7.198820030543,7.198820030543,7.198820030533,7.198820030533,7.19882003042,7.19882003088,7.19882003088,7.19882003048,7.19882003048,7.19882003048,7.19882003048,7.1988200305,7.19882003048,7.19882003042,7.19882003042,7.19882003048,7.19882003048,7.1988200304
"t69",7.80805391464,7.80805391462,7.80805391462,7.80805391494,7.80805391484,7.80805391484,5.9773668965,5.9773668965,5.97736689654,5.97736689674,5.97736689674,5.97736689674,5.97736689676,5.97736689676,0,0.36299145035,0.36299145035,0.9137288374,1.17428787915,1.17428787915,1.1742878791,3.5746653736,3.65914165944,4.90998052534,4.909980525358,4.909980525358,6.73649416434,6.73649416434,6.73649416434,6.73649416434,6.73649416434,6.73649416434,6.73649416431,6.73649416464,6.73649416514,6.73649416514,6.73649416514,6.73649416435,6.73649416435,6.73649416494,6.73649416494,6.73649416494,6.73649416494,7.19882002994,7.19882002994,7.19882003004,7.19882003004,7.19882003004,7.19882003004,7.19882002994,7.19882003004,7.19882003004,7.19882003029,7.19882003029,7.1988200303,7.1988200303,7.19882003026,7.19882003036,7.19882003026,7.19882003026,7.19882003019,7.19882003049,7.19882003049,7.19882003019,7.19882003023,7.198820030193,7.198820030193,7.19882003019,7.198820030211,7.198820030211,7.198820030111,7.198820030141,7.198820030131,7.198820030131,7.198820030151,7.198820030151,7.19882003016,7.19882003016,7.19882003021,7.19882003021,7.19882003034,7.198820030263,7.198820030263,7.198820030263,7.198820030253,7.198820030253,7.19882003014,7.1988200306,7.1988200306,7.1988200302,7.1988200302,7.1988200302,7.1988200302,7.19882003022,7.1988200302,7.19882003014,7.19882003014,7.1988200302,7.1988200302,7.19882003012
"t99",7.80805391459,7.80805391457,7.80805391457,7.80805391489,7.80805391479,7.80805391479,5.97736689645,5.97736689645,5.97736689649,5.97736689669,5.97736689669,5.97736689669,5.97736689671,5.97736689671,0.36299145035,0,0.0208778089,0.91372883735,1.1742878791,1.1742878791,1.17428787905,3.57466537355,3.65914165939,4.90998052529,4.909980525308,4.909980525308,6.73649416429,6.73649416429,6.73649416429,6.73649416429,6.73649416429,6.73649416429,6.73649416426,6.73649416459,6.73649416509,6.73649416509,6.73649416509,6.7364941643,6.7364941643,6.73649416489,6.73649416489,6.73649416489,6.73649416489,7.19882002989,7.19882002989,7.19882002999,7.19882002999,7.19882002999,7.19882002999,7.19882002989,7.19882002999,7.19882002999,7.19882003024,7.19882003024,7.19882003025,7.19882003025,7.19882003021,7.19882003031,7.19882003021,7.19882003021,7.19882003014,7.19882003044,7.19882003044,7.19882003014,7.19882003018,7.198820030143,7.198820030143,7.19882003014,7.198820030161,7.198820030161,7.198820030061,7.198820030091,7.198820030081,7.198820030081,7.198820030101,7.198820030101,7.19882003011,7.19882003011,7.19882003016,7.19882003016,7.19882003029,7.198820030213,7.198820030213,7.198820030213,7.198820030203,7.198820030203,7.19882003009,7.19882003055,7.19882003055,7.19882003015,7.19882003015,7.19882003015,7.19882003015,7.19882003017,7.19882003015,7.19882003009,7.19882003009,7.19882003015,7.19882003015,7.19882003007
"t100",7.80805391459,7.80805391457,7.80805391457,7.80805391489,7.80805391479,7.80805391479,5.97736689645,5.97736689645,5.97736689649,5.97736689669,5.97736689669,5.97736689669,5.97736689671,5.97736689671,0.36299145035,0.0208778089,0,0.91372883735,1.1742878791,1.1742878791,1.17428787905,3.57466537355,3.65914165939,4.90998052529,4.909980525308,4.909980525308,6.73649416429,6.73649416429,6.73649416429,6.73649416429,6.73649416429,6.73649416429,6.73649416426,6.73649416459,6.73649416509,6.73649416509,6.73649416509,6.7364941643,6.7364941643,6.73649416489,6.73649416489,6.73649416489,6.73649416489,7.19882002989,7.19882002989,7.19882002999,7.19882002999,7.19882002999,7.19882002999,7.19882002989,7.19882002999,7.19882002999,7.19882003024,7.19882003024,7.19882003025,7.19882003025,7.19882003021,7.19882003031,7.19882003021,7.19882003021,7.19882003014,7.19882003044,7.19882003044,7.19882003014,7.19882003018,7.198820030143,7.198820030143,7.19882003014,7.198820030161,7.198820030161,7.198820030061,7.198820030091,7.198820030081,7.198820030081,7.198820030101,7.198820030101,7.19882003011,7.19882003011,7.19882003016,7.19882003016,7.19882003029,7.198820030213,7.198820030213,7.198820030213,7.198820030203,7.198820030203,7.19882003009,7.19882003055,7.19882003055,7.19882003015,7.19882003015,7.19882003015,7.19882003015,7.19882003017,7.19882003015,7.19882003009,7.19882003009,7.19882003015,7.19882003015,7.19882003007
"t35",7.80805391464,7.80805391462,7.80805391462,7.80805391494,7.80805391484,7.80805391484,5.9773668965,5.9773668965,5.97736689654,5.97736689674,5.97736689674,5.97736689674,5.97736689676,5.97736689676,0.9137288374,0.91372883735,0.91372883735,0,1.17428787915,1.17428787915,1.1742878791,3.5746653736,3.65914165944,4.90998052534,4.909980525358,4.909980525358,6.73649416434,6.73649416434,6.73649416434,6.73649416434,6.73649416434,6.73649416434,6.73649416431,6.73649416464,6.73649416514,6.73649416514,6.73649416514,6.73649416435,6.73649416435,6.73649416494,6.73649416494,6.73649416494,6.73649416494,7.19882002994,7.19882002994,7.19882003004,7.19882003004,7.19882003004,7.19882003004,7.19882002994,7.19882003004,7.19882003004,7.19882003029,7.19882003029,7.1988200303,7.1988200303,7.19882003026,7.19882003036,7.19882003026,7.19882003026,7.19882003019,7.19882003049,7.19882003049,7.19882003019,7.19882003023,7.198820030193,7.198820030193,7.19882003019,7.198820030211,7.198820030211,7.198820030111,7.198820030141,7.198820030131,7.198820030131,7.198820030151,7.198820030151,7.19882003016,7.19882003016,7.19882003021,7.19882003021,7.19882003034,7.198820030263,7.198820030263,7.198820030263,7.198820030253,7.198820030253,7.19882003014,7.1988200306,7.1988200306,7.1988200302,7.1988200302,7.1988200302,7.1988200302,7.19882003022,7.1988200302,7.19882003014,7.19882003014,7.1988200302,7.1988200302,7.19882003012
"t89",7.80805391459,7.80805391457,7.80805391457,7.80805391489,7.80805391479,7.80805391479,5.97736689645,5.97736689645,5.97736689649,5.97736689669,5.97736689669,5.97736689669,5.97736689671,5.97736689671,1.17428787915,1.1742878791,1.1742878791,1.17428787915,0,0.0851094017,0.78328117285,3.57466537355,3.65914165939,4.90998052529,4.909980525308,4.909980525308,6.73649416429,6.73649416429,6.73649416429,6.73649416429,6.73649416429,6.73649416429,6.73649416426,6.73649416459,6.73649416509,6.73649416509,6.73649416509,6.7364941643,6.7364941643,6.73649416489,6.73649416489,6.73649416489,6.73649416489,7.19882002989,7.19882002989,7.19882002999,7.19882002999,7.19882002999,7.19882002999,7.19882002989,7.19882002999,7.19882002999,7.19882003024,7.19882003024,7.19882003025,7.19882003025,7.19882003021,7.19882003031,7.19882003021,7.19882003021,7.19882003014,7.19882003044,7.19882003044,7.19882003014,7.19882003018,7.198820030143,7.198820030143,7.19882003014,7.198820030161,7.198820030161,7.198820030061,7.198820030091,7.198820030081,7.198820030081,7.198820030101,7.198820030101,7.19882003011,7.19882003011,7.19882003016,7.19882003016,7.19882003029,7.198820030213,7.198820030213,7.198820030213,7.198820030203,7.198820030203,7.19882003009,7.19882003055,7.19882003055,7.19882003015,7.19882003015,7.19882003015,7.19882003015,7.19882003017,7.19882003015,7.19882003009,7.19882003009,7.19882003015,7.19882003015,7.19882003007
"t90",7.80805391459,7.80805391457,7.80805391457,7.80805391489,7.80805391479,7.80805391479,5.97736689645,5.97736689645,5.97736689649,5.97736689669,5.97736689669,5.97736689669,5.97736689671,5.97736689671,1.17428787915,1.1742878791,1.1742878791,1.17428787915,0.0851094017,0,0.78328117285,3.57466537355,3.65914165939,4.90998052529,4.909980525308,4.909980525308,6.73649416429,6.73649416429,6.73649416429,6.73649416429,6.73649416429,6.73649416429,6.73649416426,6.73649416459,6.73649416509,6.73649416509,6.73649416509,6.7364941643,6.7364941643,6.73649416489,6.73649416489,6.73649416489,6.73649416489,7.19882002989,7.19882002989,7.19882002999,7.19882002999,7.19882002999,7.19882002999,7.19882002989,7.19882002999,7.19882002999,7.19882003024,7.19882003024,7.19882003025,7.19882003025,7.19882003021,7.19882003031,7.19882003021,7.19882003021,7.19882003014,7.19882003044,7.19882003044,7.19882003014,7.19882003018,7.198820030143,7.198820030143,7.19882003014,7.198820030161,7.198820030161,7.198820030061,7.198820030091,7.198820030081,7.198820030081,7.198820030101,7.198820030101,7.19882003011,7.19882003011,7.19882003016,7.19882003016,7.19882003029,7.198820030213,7.198820030213,7.198820030213,7.198820030203,7.198820030203,7.19882003009,7.19882003055,7.19882003055,7.19882003015,7.19882003015,7.19882003015,7.19882003015,7.19882003017,7.19882003015,7.19882003009,7.19882003009,7.19882003015,7.19882003015,7.19882003007
"t45",7.80805391454,7.80805391452,7.80805391452,7.80805391484,7.80805391474,7.80805391474,5.9773668964,5.9773668964,5.97736689644,5.97736689664,5.97736689664,5.97736689664,5.97736689666,5.97736689666,1.1742878791,1.17428787905,1.17428787905,1.1742878791,0.78328117285,0.78328117285,0,3.5746653735,3.65914165934,4.90998052524,4.909980525258,4.909980525258,6.73649416424,6.73649416424,6.73649416424,6.73649416424,6.73649416424,6.73649416424,6.73649416421,6.73649416454,6.73649416504,6.73649416504,6.73649416504,6.73649416425,6.73649416425,6.73649416484,6.73649416484,6.73649416484,6.73649416484,7.19882002984,7.19882002984,7.19882002994,7.19882002994,7.19882002994,7.19882002994,7.19882002984,7.19882002994,7.19882002994,7.19882003019,7.19882003019,7.1988200302,7.1988200302,7.19882003016,7.19882003026,7.19882003016,7.19882003016,7.19882003009,7.19882003039,7.19882003039,7.19882003009,7.19882003013,7.198820030093,7.198820030093,7.19882003009,7.198820030111,7.198820030111,7.198820030011,7.198820030041,7.198820030031,7.198820030031,7.198820030051,7.198820030051,7.19882003006,7.19882003006,7.19882003011,7.19882003011,7.19882003024,7.198820030163,7.198820030163,7.198820030163,7.198820030153,7.198820030153,7.19882003004,7.1988200305,7.1988200305,7.1988200301,7.1988200301,7.1988200301,7.1988200301,7.19882003012,7.1988200301,7.19882003004,7.19882003004,7.1988200301,7.1988200301,7.19882003002
"t3",7.80805391504,7.80805391502,7.80805391502,7.80805391534,7.80805391524,7.80805391524,5.9773668969,5.9773668969,5.97736689694,5.97736689714,5.97736689714,5.97736689714,5.97736689716,5.97736689716,3.5746653736,3.57466537355,3.57466537355,3.5746653736,3.57466537355,3.57466537355,3.5746653735,0,3.65914165984,4.90998052574,4.909980525758,4.909980525758,6.73649416474,6.73649416474,6.73649416474,6.73649416474,6.73649416474,6.73649416474,6.73649416471,6.73649416504,6.73649416554,6.73649416554,6.73649416554,6.73649416475,6.73649416475,6.73649416534,6.73649416534,6.73649416534,6.73649416534,7.19882003034,7.19882003034,7.19882003044,7.19882003044,7.19882003044,7.19882003044,7.19882003034,7.19882003044,7.19882003044,7.19882003069,7.19882003069,7.1988200307,7.1988200307,7.19882003066,7.19882003076,7.19882003066,7.19882003066,7.19882003059,7.19882003089,7.19882003089,7.19882003059,7.19882003063,7.198820030593,7.198820030593,7.19882003059,7.198820030611,7.198820030611,7.198820030511,7.198820030541,7.198820030531,7.198820030531,7.198820030551,7.198820030551,7.19882003056,7.19882003056,7.19882003061,7.19882003061,7.19882003074,7.198820030663,7.198820030663,7.198820030663,7.198820030653,7.198820030653,7.19882003054,7.198820031,7.198820031,7.1988200306,7.1988200306,7.1988200306,7.1988200306,7.19882003062,7.1988200306,7.19882003054,7.19882003054,7.1988200306,7.1988200306,7.19882003052
"t2",7.8080539152,7.80805391518,7.80805391518,7.8080539155,7.8080539154,7.8080539154,5.97736689706,5.97736689706,5.9773668971,5.9773668973,5.9773668973,5.9773668973,5.97736689732,5.97736689732,3.65914165944,3.65914165939,3.65914165939,3.65914165944,3.65914165939,3.65914165939,3.65914165934,3.65914165984,0,4.9099805259,4.909980525918,4.909980525918,6.7364941649,6.7364941649,6.7364941649,6.7364941649,6.7364941649,6.7364941649,6.73649416487,6.7364941652,6.7364941657,6.7364941657,6.7364941657,6.73649416491,6.73649416491,6.7364941655,6.7364941655,6.7364941655,6.7364941655,7.1988200305,7.1988200305,7.1988200306,7.1988200306,7.1988200306,7.1988200306,7.1988200305,7.1988200306,7.1988200306,7.19882003085,7.19882003085,7.19882003086,7.19882003086,7.19882003082,7.19882003092,7.19882003082,7.19882003082,7.19882003075,7.19882003105,7.19882003105,7.19882003075,7.19882003079,7.198820030753,7.198820030753,7.19882003075,7.198820030771,7.198820030771,7.198820030671,7.198820030701,7.198820030691,7.198820030691,7.198820030711,7.198820030711,7.19882003072,7.19882003072,7.19882003077,7.19882003077,7.1988200309,7.198820030823,7.198820030823,7.198820030823,7.198820030813,7.198820030813,7.1988200307,7.19882003116,7.19882003116,7.19882003076,7.19882003076,7.19882003076,7.19882003076,7.19882003078,7.19882003076,7.1988200307,7.1988200307,7.19882003076,7.19882003076,7.19882003068
"t36",7.8080539149,7.80805391488,7.80805391488,7.8080539152,7.8080539151,7.8080539151,5.97736689676,5.97736689676,5.9773668968,5.977366897,5.977366897,5.977366897,5.97736689702,5.97736689702,4.90998052534,4.90998052529,4.90998052529,4.90998052534,4.90998052529,4.90998052529,4.90998052524,4.90998052574,4.9099805259,0,0.887471867618,0.887471867618,6.7364941646,6.7364941646,6.7364941646,6.7364941646,6.7364941646,6.7364941646,6.73649416457,6.7364941649,6.7364941654,6.7364941654,6.7364941654,6.73649416461,6.73649416461,6.7364941652,6.7364941652,6.7364941652,6.7364941652,7.1988200302,7.1988200302,7.1988200303,7.1988200303,7.1988200303,7.1988200303,7.1988200302,7.1988200303,7.1988200303,7.19882003055,7.19882003055,7.19882003056,7.19882003056,7.19882003052,7.19882003062,7.19882003052,7.19882003052,7.19882003045,7.19882003075,7.19882003075,7.19882003045,7.19882003049,7.198820030453,7.198820030453,7.19882003045,7.198820030471,7.198820030471,7.198820030371,7.198820030401,7.198820030391,7.198820030391,7.198820030411,7.198820030411,7.19882003042,7.19882003042,7.19882003047,7.19882003047,7.1988200306,7.198820030523,7.198820030523,7.198820030523,7.198820030513,7.198820030513,7.1988200304,7.19882003086,7.19882003086,7.19882003046,7.19882003046,7.19882003046,7.19882003046,7.19882003048,7.19882003046,7.1988200304,7.1988200304,7.19882003046,7.19882003046,7.19882003038
"t37",7.808053914918,7.808053914898,7.808053914898,7.808053915218,7.808053915118,7.808053915118,5.977366896778,5.977366896778,5.977366896818,5.977366897018,5.977366897018,5.977366897018,5.977366897038,5.977366897038,4.909980525358,4.909980525308,4.909980525308,4.909980525358,4.909980525308,4.909980525308,4.909980525258,4.909980525758,4.909980525918,0.887471867618,0,0.8745731938,6.736494164618,6.736494164618,6.736494164618,6.736494164618,6.736494164618,6.736494164618,6.736494164588,6.736494164918,6.736494165418,6.736494165418,6.736494165418,6.736494164628,6.736494164628,6.736494165218,6.736494165218,6.736494165218,6.736494165218,7.198820030218,7.198820030218,7.198820030318,7.198820030318,7.198820030318,7.198820030318,7.198820030218,7.198820030318,7.198820030318,7.198820030568,7.198820030568,7.198820030578,7.198820030578,7.198820030538,7.198820030638,7.198820030538,7.198820030538,7.198820030468,7.198820030768,7.198820030768,7.198820030468,7.198820030508,7.198820030471,7.198820030471,7.198820030468,7.198820030489,7.198820030489,7.198820030389,7.198820030419,7.198820030409,7.198820030409,7.198820030429,7.198820030429,7.198820030438,7.198820030438,7.198820030488,7.198820030488,7.198820030618,7.198820030541,7.198820030541,7.198820030541,7.198820030531,7.198820030531,7.198820030418,7.198820030878,7.198820030878,7.198820030478,7.198820030478,7.198820030478,7.198820030478,7.198820030498,7.198820030478,7.198820030418,7.198820030418,7.198820030478,7.198820030478,7.198820030398
"t38",7.808053914918,7.808053914898,7.808053914898,7.808053915218,7.808053915118,7.808053915118,5.977366896778,5.977366896778,5.977366896818,5.977366897018,5.977366897018,5.977366897018,5.977366897038,5.977366897038,4.909980525358,4.909980525308,4.909980525308,4.909980525358,4.909980525308,4.909980525308,4.909980525258,4.909980525758,4.909980525918,0.887471867618,0.8745731938,0,6.736494164618,6.736494164618,6.736494164618,6.736494164618,6.736494164618,6.736494164618,6.736494164588,6.736494164918,6.736494165418,6.736494165418,6.736494165418,6.736494164628,6.736494164628,6.736494165218,6.736494165218,6.736494165218,6.736494165218,7.198820030218,7.198820030218,7.198820030318,7.198820030318,7.198820030318,7.198820030318,7.198820030218,7.198820030318,7.198820030318,7.198820030568,7.198820030568,7.198820030578,7.198820030578,7.198820030538,7.198820030638,7.198820030538,7.198820030538,7.198820030468,7.198820030768,7.198820030768,7.198820030468,7.198820030508,7.198820030471,7.198820030471,7.198820030468,7.198820030489,7.198820030489,7.198820030389,7.198820030419,7.198820030409,7.198820030409,7.198820030429,7.198820030429,7.198820030438,7.198820030438,7.198820030488,7.198820030488,7.198820030618,7.198820030541,7.198820030541,7.198820030541,7.198820030531,7.198820030531,7.198820030418,7.198820030878,7.198820030878,7.198820030478,7.198820030478,7.198820030478,7.198820030478,7.198820030498,7.198820030478,7.198820030418,7.198820030418,7.198820030478,7.198820030478,7.198820030398
"t31",7.8080539145,7.80805391448,7.80805391448,7.8080539148,7.8080539147,7.8080539147,6.73649416436,6.73649416436,6.7364941644,6.7364941646,6.7364941646,6.7364941646,6.73649416462,6.73649416462,6.73649416434,6.73649416429,6.73649416429,6.73649416434,6.73649416429,6.73649416429,6.73649416424,6.73649416474,6.7364941649,6.7364941646,6.736494164618,6.736494164618,0,1.0827100478,1.0827100478,1.0827100478,1.4456641388,1.4456641388,1.44566413877,6.3289101651,6.3289101656,6.3289101656,6.3289101656,6.32891016481,6.32891016481,6.3289101654,6.3289101654,6.3289101654,6.3289101654,7.1988200298,7.1988200298,7.1988200299,7.1988200299,7.1988200299,7.1988200299,7.1988200298,7.1988200299,7.1988200299,7.19882003015,7.19882003015,7.19882003016,7.19882003016,7.19882003012,7.19882003022,7.19882003012,7.19882003012,7.19882003005,7.19882003035,7.19882003035,7.19882003005,7.19882003009,7.198820030053,7.198820030053,7.19882003005,7.198820030071,7.198820030071,7.198820029971,7.198820030001,7.198820029991,7.198820029991,7.198820030011,7.198820030011,7.19882003002,7.19882003002,7.19882003007,7.19882003007,7.1988200302,7.198820030123,7.198820030123,7.198820030123,7.198820030113,7.198820030113,7.19882003,7.19882003046,7.19882003046,7.19882003006,7.19882003006,7.19882003006,7.19882003006,7.19882003008,7.19882003006,7.19882003,7.19882003,7.19882003006,7.19882003006,7.19882002998
"t55",7.8080539145,7.80805391448,7.80805391448,7.8080539148,7.8080539147,7.8080539147,6.73649416436,6.73649416436,6.7364941644,6.7364941646,6.7364941646,6.7364941646,6.73649416462,6.73649416462,6.73649416434,6.73649416429,6.73649416429,6.73649416434,6.73649416429,6.73649416429,6.73649416424,6.73649416474,6.7364941649,6.7364941646,6.736494164618,6.736494164618,1.0827100478,0,0.6203957806,0.8091457582,1.4456641388,1.4456641388,1.44566413877,6.3289101651,6.3289101656,6.3289101656,6.3289101656,6.32891016481,6.32891016481,6.3289101654,6.3289101654,6.3289101654,6.3289101654,7.1988200298,7.1988200298,7.1988200299,7.1988200299,7.1988200299,7.1988200299,7.1988200298,7.1988200299,7.1988200299,7.19882003015,7.19882003015,7.19882003016,7.19882003016,7.19882003012,7.19882003022,7.19882003012,7.19882003012,7.19882003005,7.19882003035,7.19882003035,7.19882003005,7.19882003009,7.198820030053,7.198820030053,7.19882003005,7.198820030071,7.198820030071,7.198820029971,7.198820030001,7.198820029991,7.198820029991,7.198820030011,7.198820030011,7.19882003002,7.19882003002,7.19882003007,7.19882003007,7.1988200302,7.198820030123,7.198820030123,7.198820030123,7.198820030113,7.198820030113,7.19882003,7.19882003046,7.19882003046,7.19882003006,7.19882003006,7.19882003006,7.19882003006,7.19882003008,7.19882003006,7.19882003,7.19882003,7.19882003006,7.19882003006,7.19882002998
