"accepted_species","0","1"
"sp35",1,0
"sp47",1,0
"sp48",1,0
"sp52",1,0
"sp69",1,0
"sp86",1,0
"sp88",1,0
"sp92",1,0
"sp94",1,0
"sp97",1,0
