"","t7","t41","t65","t66","t9","t120","t121","t82","t54","t55","t8","t21","t24","t25","t14","t29","t30","t33","t48","t104","t118","t119","t105","t106","t63","t64","t50","t85","t86","t81","t95","t96","t90","t59","t6","t122","t123","t100","t101","t77","t37","t13","t16","t109","t110","t49","t23","t38","t39","t26","t36","t46","t47","t91","t92","t43","t20","t116","t117","t35","t19","t79","t80","t78","t130","t131","t42","t40","t22","t70","t71","t88","t89","t128","t129","t84","t107","t108","t94","t67","t113","t114","t124","t125","t115","t18","t57","t58","t61","t134","t135","t97","t72","t73","t60","t68","t69","t45","t51","t102","t103","t44","t132","t133","t87","t56","t52","t53","t62","t98","t99","t31","t32","t27","t28","t15","t74","t75","t76","t83","t111","t112","t11","t12","t10","t17","t34","t126","t127","t93","t5","t4","t3","t2","t1"
"t7",0,3.9098330358,3.9098330358,3.9098330358,2.18258636829,5.13163240856,5.13163240856,5.13163240859,5.13163240819,5.13163240819,2.58164621509,5.13163240809,5.13163240759,4.21566090519,2.9964799689,5.131632408,4.5118874148,5.13163240829,5.13163240795,5.13163240785,5.13163240787,5.13163240787,5.13163240785,5.13163240785,4.84561183855,5.13163240795,4.54458317607,5.13163240795,5.13163240795,5.13163240789,5.13163240791,5.13163240791,5.13163240799,5.13163240789,2.54740044022,5.13163240828,5.13163240828,4.98370219393,5.13163240832,4.94403296062,5.13163240822,2.97977331292,3.52051103683,5.13163240863,5.13163240863,5.13163240863,5.13163240883,5.13163240873,4.27624575703,5.13163240873,5.13163240882,4.67685739822,5.13163240852,5.13163240845,5.13163240845,5.13163240845,3.47701066065,5.13163240848,5.13163240848,5.13163240887,5.13163240837,5.13163240829,5.13163240829,4.898920188814,5.131632408274,5.131632408274,5.13163240837,4.30043867137,4.76819305407,5.1316324083,5.1316324083,5.1316324085,5.1316324085,5.13163240848,5.13163240848,5.13163240844,5.13163240841,5.13163240841,5.13163240844,5.1316324084,5.1316324082,5.1316324082,5.13163240826,5.13163240826,5.1316324083,3.33219053257,5.13163240827,5.13163240827,5.13163240837,5.131632408386,5.131632408386,5.13163240837,5.13163240837,5.13163240837,5.13163240827,5.13163240827,5.13163240827,5.13163240827,4.93590450877,5.13163240847,5.13163240847,4.50265168617,5.13163240869,5.13163240869,5.13163240867,5.13163240867,5.13163240867,5.13163240867,5.13163240857,5.13163240857,5.13163240857,4.27983616588,5.13163240878,4.8447369818,5.1316324088,3.0540914124,5.4776323366,5.47763233665,5.47763233665,5.4776323366,5.4776323366,5.4776323366,3.19486406042,2.82909356692,2.7213059157,5.06863153265,6.9596716623,7.35329836391,7.35329836391,7.3532983639,4.6982678758,2.8909913315,2.9553472338,5.0574790215,3.8803935536
"t41",3.9098330358,0,1.986693815,1.986693815,5.03040956949,7.97945560976,7.97945560976,7.97945560979,7.97945560939,7.97945560939,5.42946941629,7.97945560929,7.97945560879,7.06348410639,5.8443031701,7.9794556092,7.359710616,7.97945560949,7.97945560915,7.97945560905,7.97945560907,7.97945560907,7.97945560905,7.97945560905,7.69343503975,7.97945560915,7.39240637727,7.97945560915,7.97945560915,7.97945560909,7.97945560911,7.97945560911,7.97945560919,7.97945560909,5.39522364142,7.97945560948,7.97945560948,7.83152539513,7.97945560952,7.79185616182,7.97945560942,5.82759651412,6.36833423803,7.97945560983,7.97945560983,7.97945560983,7.97945561003,7.97945560993,7.12406895823,7.97945560993,7.97945561002,7.52468059942,7.97945560972,7.97945560965,7.97945560965,7.97945560965,6.32483386185,7.97945560968,7.97945560968,7.97945561007,7.97945560957,7.97945560949,7.97945560949,7.746743390014,7.979455609474,7.979455609474,7.97945560957,7.14826187257,7.61601625527,7.9794556095,7.9794556095,7.9794556097,7.9794556097,7.97945560968,7.97945560968,7.97945560964,7.97945560961,7.97945560961,7.97945560964,7.9794556096,7.9794556094,7.9794556094,7.97945560946,7.97945560946,7.9794556095,6.18001373377,7.97945560947,7.97945560947,7.97945560957,7.979455609586,7.979455609586,7.97945560957,7.97945560957,7.97945560957,7.97945560947,7.97945560947,7.97945560947,7.97945560947,7.78372770997,7.97945560967,7.97945560967,7.35047488737,7.97945560989,7.97945560989,7.97945560987,7.97945560987,7.97945560987,7.97945560987,7.97945560977,7.97945560977,7.97945560977,7.12765936708,7.97945560998,7.692560183,7.97945561,5.9019146136,8.3254555378,8.32545553785,8.32545553785,8.3254555378,8.3254555378,8.3254555378,6.04268726162,5.67691676812,5.5691291169,7.91645473385,9.8074948635,10.20112156511,10.20112156511,10.2011215651,7.546091077,5.7388145327,5.803170435,7.9053022227,6.7282167548
"t65",3.9098330358,1.986693815,0,1.0027314938,5.03040956949,7.97945560976,7.97945560976,7.97945560979,7.97945560939,7.97945560939,5.42946941629,7.97945560929,7.97945560879,7.06348410639,5.8443031701,7.9794556092,7.359710616,7.97945560949,7.97945560915,7.97945560905,7.97945560907,7.97945560907,7.97945560905,7.97945560905,7.69343503975,7.97945560915,7.39240637727,7.97945560915,7.97945560915,7.97945560909,7.97945560911,7.97945560911,7.97945560919,7.97945560909,5.39522364142,7.97945560948,7.97945560948,7.83152539513,7.97945560952,7.79185616182,7.97945560942,5.82759651412,6.36833423803,7.97945560983,7.97945560983,7.97945560983,7.97945561003,7.97945560993,7.12406895823,7.97945560993,7.97945561002,7.52468059942,7.97945560972,7.97945560965,7.97945560965,7.97945560965,6.32483386185,7.97945560968,7.97945560968,7.97945561007,7.97945560957,7.97945560949,7.97945560949,7.746743390014,7.979455609474,7.979455609474,7.97945560957,7.14826187257,7.61601625527,7.9794556095,7.9794556095,7.9794556097,7.9794556097,7.97945560968,7.97945560968,7.97945560964,7.97945560961,7.97945560961,7.97945560964,7.9794556096,7.9794556094,7.9794556094,7.97945560946,7.97945560946,7.9794556095,6.18001373377,7.97945560947,7.97945560947,7.97945560957,7.979455609586,7.979455609586,7.97945560957,7.97945560957,7.97945560957,7.97945560947,7.97945560947,7.97945560947,7.97945560947,7.78372770997,7.97945560967,7.97945560967,7.35047488737,7.97945560989,7.97945560989,7.97945560987,7.97945560987,7.97945560987,7.97945560987,7.97945560977,7.97945560977,7.97945560977,7.12765936708,7.97945560998,7.692560183,7.97945561,5.9019146136,8.3254555378,8.32545553785,8.32545553785,8.3254555378,8.3254555378,8.3254555378,6.04268726162,5.67691676812,5.5691291169,7.91645473385,9.8074948635,10.20112156511,10.20112156511,10.2011215651,7.546091077,5.7388145327,5.803170435,7.9053022227,6.7282167548
"t66",3.9098330358,1.986693815,1.0027314938,0,5.03040956949,7.97945560976,7.97945560976,7.97945560979,7.97945560939,7.97945560939,5.42946941629,7.97945560929,7.97945560879,7.06348410639,5.8443031701,7.9794556092,7.359710616,7.97945560949,7.97945560915,7.97945560905,7.97945560907,7.97945560907,7.97945560905,7.97945560905,7.69343503975,7.97945560915,7.39240637727,7.97945560915,7.97945560915,7.97945560909,7.97945560911,7.97945560911,7.97945560919,7.97945560909,5.39522364142,7.97945560948,7.97945560948,7.83152539513,7.97945560952,7.79185616182,7.97945560942,5.82759651412,6.36833423803,7.97945560983,7.97945560983,7.97945560983,7.97945561003,7.97945560993,7.12406895823,7.97945560993,7.97945561002,7.52468059942,7.97945560972,7.97945560965,7.97945560965,7.97945560965,6.32483386185,7.97945560968,7.97945560968,7.97945561007,7.97945560957,7.97945560949,7.97945560949,7.746743390014,7.979455609474,7.979455609474,7.97945560957,7.14826187257,7.61601625527,7.9794556095,7.9794556095,7.9794556097,7.9794556097,7.97945560968,7.97945560968,7.97945560964,7.97945560961,7.97945560961,7.97945560964,7.9794556096,7.9794556094,7.9794556094,7.97945560946,7.97945560946,7.9794556095,6.18001373377,7.97945560947,7.97945560947,7.97945560957,7.979455609586,7.979455609586,7.97945560957,7.97945560957,7.97945560957,7.97945560947,7.97945560947,7.97945560947,7.97945560947,7.78372770997,7.97945560967,7.97945560967,7.35047488737,7.97945560989,7.97945560989,7.97945560987,7.97945560987,7.97945560987,7.97945560987,7.97945560977,7.97945560977,7.97945560977,7.12765936708,7.97945560998,7.692560183,7.97945561,5.9019146136,8.3254555378,8.32545553785,8.32545553785,8.3254555378,8.3254555378,8.3254555378,6.04268726162,5.67691676812,5.5691291169,7.91645473385,9.8074948635,10.20112156511,10.20112156511,10.2011215651,7.546091077,5.7388145327,5.803170435,7.9053022227,6.7282167548
"t9",2.18258636829,5.03040956949,5.03040956949,5.03040956949,0,3.58707942187,3.58707942187,3.5870794219,3.5870794215,3.5870794215,1.1259315742,3.87307323744,3.87307323694,2.95710173454,1.73792079825,3.87307323735,3.25332824415,3.87307323764,3.8730732373,3.8730732372,3.87307323722,3.87307323722,3.8730732372,3.8730732372,3.5870526679,3.8730732373,3.28602400542,3.8730732373,3.8730732373,3.87307323724,3.87307323726,3.87307323726,3.87307323734,3.87307323724,1.88775465257,4.47198662063,4.47198662063,4.32405640628,4.47198662067,4.28438717297,4.47198662057,2.32012752527,2.86086524918,4.47198662098,4.47198662098,4.47198662098,4.47198662118,4.47198662108,3.61659996938,4.47198662108,4.47198662117,4.01721161057,4.47198662087,4.4719866208,4.4719866208,4.4719866208,2.817364873,4.47198662083,4.47198662083,4.47198662122,4.92140965952,4.92140965944,4.92140965944,4.688697439964,4.921409659424,4.921409659424,4.92140965952,4.09021592252,4.55797030522,4.92140965945,4.92140965945,4.92140965965,4.92140965965,4.92140965963,4.92140965963,4.92140965959,4.92140965956,4.92140965956,4.92140965959,4.92140965955,4.92140965935,4.92140965935,4.92140965941,4.92140965941,4.92140965945,3.12196778372,4.92140965942,4.92140965942,4.92140965952,4.921409659536,4.921409659536,4.92140965952,4.92140965952,4.92140965952,4.92140965942,4.92140965942,4.92140965942,4.92140965942,4.72568175992,4.92140965962,4.92140965962,4.29242893732,4.92140965984,4.92140965984,4.92140965982,4.92140965982,4.92140965982,4.92140965982,4.92140965972,4.92140965972,4.92140965972,4.06961341703,4.92140965993,4.63451423295,4.92140965995,2.95286857309,5.37640949729,5.37640949734,5.37640949734,5.37640949729,5.37640949729,5.37640949729,3.09364122111,2.72787072761,2.62008307639,4.96740869334,6.85844882299,7.2520755246,7.2520755246,7.25207552459,4.59704503649,2.78976849219,2.85412439449,4.95625618219,3.77917071429
"t120",5.13163240856,7.97945560976,7.97945560976,7.97945560976,3.58707942187,0,0.13429059514,0.68303567417,3.96870981977,3.96870981977,4.07497761447,6.82211927771,6.82211927721,5.90614777481,4.68696683852,6.82211927762,6.20237428442,6.82211927791,6.82211927757,6.82211927747,6.82211927749,6.82211927749,6.82211927747,6.82211927747,6.53609870817,6.82211927757,6.23507004569,6.82211927757,6.82211927757,6.82211927751,6.82211927753,6.82211927753,6.82211927761,6.82211927751,4.83680069284,7.4210326609,7.4210326609,7.27310244655,7.42103266094,7.23343321324,7.42103266084,5.26917356554,5.80991128945,7.42103266125,7.42103266125,7.42103266125,7.42103266145,7.42103266135,6.56564600965,7.42103266135,7.42103266144,6.96625765084,7.42103266114,7.42103266107,7.42103266107,7.42103266107,5.76641091327,7.4210326611,7.4210326611,7.42103266149,7.87045569979,7.87045569971,7.87045569971,7.637743480234,7.870455699694,7.870455699694,7.87045569979,7.03926196279,7.50701634549,7.87045569972,7.87045569972,7.87045569992,7.87045569992,7.8704556999,7.8704556999,7.87045569986,7.87045569983,7.87045569983,7.87045569986,7.87045569982,7.87045569962,7.87045569962,7.87045569968,7.87045569968,7.87045569972,6.07101382399,7.87045569969,7.87045569969,7.87045569979,7.870455699806,7.870455699806,7.87045569979,7.87045569979,7.87045569979,7.87045569969,7.87045569969,7.87045569969,7.87045569969,7.67472780019,7.87045569989,7.87045569989,7.24147497759,7.87045570011,7.87045570011,7.87045570009,7.87045570009,7.87045570009,7.87045570009,7.87045569999,7.87045569999,7.87045569999,7.0186594573,7.8704557002,7.58356027322,7.87045570022,5.90191461336,8.32545553756,8.32545553761,8.32545553761,8.32545553756,8.32545553756,8.32545553756,6.04268726138,5.67691676788,5.56912911666,7.91645473361,9.80749486326,10.20112156487,10.20112156487,10.20112156486,7.54609107676,5.73881453246,5.80317043476,7.90530222246,6.72821675456
"t121",5.13163240856,7.97945560976,7.97945560976,7.97945560976,3.58707942187,0.13429059514,0,0.68303567417,3.96870981977,3.96870981977,4.07497761447,6.82211927771,6.82211927721,5.90614777481,4.68696683852,6.82211927762,6.20237428442,6.82211927791,6.82211927757,6.82211927747,6.82211927749,6.82211927749,6.82211927747,6.82211927747,6.53609870817,6.82211927757,6.23507004569,6.82211927757,6.82211927757,6.82211927751,6.82211927753,6.82211927753,6.82211927761,6.82211927751,4.83680069284,7.4210326609,7.4210326609,7.27310244655,7.42103266094,7.23343321324,7.42103266084,5.26917356554,5.80991128945,7.42103266125,7.42103266125,7.42103266125,7.42103266145,7.42103266135,6.56564600965,7.42103266135,7.42103266144,6.96625765084,7.42103266114,7.42103266107,7.42103266107,7.42103266107,5.76641091327,7.4210326611,7.4210326611,7.42103266149,7.87045569979,7.87045569971,7.87045569971,7.637743480234,7.870455699694,7.870455699694,7.87045569979,7.03926196279,7.50701634549,7.87045569972,7.87045569972,7.87045569992,7.87045569992,7.8704556999,7.8704556999,7.87045569986,7.87045569983,7.87045569983,7.87045569986,7.87045569982,7.87045569962,7.87045569962,7.87045569968,7.87045569968,7.87045569972,6.07101382399,7.87045569969,7.87045569969,7.87045569979,7.870455699806,7.870455699806,7.87045569979,7.87045569979,7.87045569979,7.87045569969,7.87045569969,7.87045569969,7.87045569969,7.67472780019,7.87045569989,7.87045569989,7.24147497759,7.87045570011,7.87045570011,7.87045570009,7.87045570009,7.87045570009,7.87045570009,7.87045569999,7.87045569999,7.87045569999,7.0186594573,7.8704557002,7.58356027322,7.87045570022,5.90191461336,8.32545553756,8.32545553761,8.32545553761,8.32545553756,8.32545553756,8.32545553756,6.04268726138,5.67691676788,5.56912911666,7.91645473361,9.80749486326,10.20112156487,10.20112156487,10.20112156486,7.54609107676,5.73881453246,5.80317043476,7.90530222246,6.72821675456
"t82",5.13163240859,7.97945560979,7.97945560979,7.97945560979,3.5870794219,0.68303567417,0.68303567417,0,3.9687098198,3.9687098198,4.0749776145,6.82211927774,6.82211927724,5.90614777484,4.68696683855,6.82211927765,6.20237428445,6.82211927794,6.8221192776,6.8221192775,6.82211927752,6.82211927752,6.8221192775,6.8221192775,6.5360987082,6.8221192776,6.23507004572,6.8221192776,6.8221192776,6.82211927754,6.82211927756,6.82211927756,6.82211927764,6.82211927754,4.83680069287,7.42103266093,7.42103266093,7.27310244658,7.42103266097,7.23343321327,7.42103266087,5.26917356557,5.80991128948,7.42103266128,7.42103266128,7.42103266128,7.42103266148,7.42103266138,6.56564600968,7.42103266138,7.42103266147,6.96625765087,7.42103266117,7.4210326611,7.4210326611,7.4210326611,5.7664109133,7.42103266113,7.42103266113,7.42103266152,7.87045569982,7.87045569974,7.87045569974,7.637743480264,7.870455699724,7.870455699724,7.87045569982,7.03926196282,7.50701634552,7.87045569975,7.87045569975,7.87045569995,7.87045569995,7.87045569993,7.87045569993,7.87045569989,7.87045569986,7.87045569986,7.87045569989,7.87045569985,7.87045569965,7.87045569965,7.87045569971,7.87045569971,7.87045569975,6.07101382402,7.87045569972,7.87045569972,7.87045569982,7.870455699836,7.870455699836,7.87045569982,7.87045569982,7.87045569982,7.87045569972,7.87045569972,7.87045569972,7.87045569972,7.67472780022,7.87045569992,7.87045569992,7.24147497762,7.87045570014,7.87045570014,7.87045570012,7.87045570012,7.87045570012,7.87045570012,7.87045570002,7.87045570002,7.87045570002,7.01865945733,7.87045570023,7.58356027325,7.87045570025,5.90191461339,8.32545553759,8.32545553764,8.32545553764,8.32545553759,8.32545553759,8.32545553759,6.04268726141,5.67691676791,5.56912911669,7.91645473364,9.80749486329,10.2011215649,10.2011215649,10.20112156489,7.54609107679,5.73881453249,5.80317043479,7.90530222249,6.72821675459
"t54",5.13163240819,7.97945560939,7.97945560939,7.97945560939,3.5870794215,3.96870981977,3.96870981977,3.9687098198,0,1.2109251474,4.0749776141,6.82211927734,6.82211927684,5.90614777444,4.68696683815,6.82211927725,6.20237428405,6.82211927754,6.8221192772,6.8221192771,6.82211927712,6.82211927712,6.8221192771,6.8221192771,6.5360987078,6.8221192772,6.23507004532,6.8221192772,6.8221192772,6.82211927714,6.82211927716,6.82211927716,6.82211927724,6.82211927714,4.83680069247,7.42103266053,7.42103266053,7.27310244618,7.42103266057,7.23343321287,7.42103266047,5.26917356517,5.80991128908,7.42103266088,7.42103266088,7.42103266088,7.42103266108,7.42103266098,6.56564600928,7.42103266098,7.42103266107,6.96625765047,7.42103266077,7.4210326607,7.4210326607,7.4210326607,5.7664109129,7.42103266073,7.42103266073,7.42103266112,7.87045569942,7.87045569934,7.87045569934,7.637743479864,7.870455699324,7.870455699324,7.87045569942,7.03926196242,7.50701634512,7.87045569935,7.87045569935,7.87045569955,7.87045569955,7.87045569953,7.87045569953,7.87045569949,7.87045569946,7.87045569946,7.87045569949,7.87045569945,7.87045569925,7.87045569925,7.87045569931,7.87045569931,7.87045569935,6.07101382362,7.87045569932,7.87045569932,7.87045569942,7.870455699436,7.870455699436,7.87045569942,7.87045569942,7.87045569942,7.87045569932,7.87045569932,7.87045569932,7.87045569932,7.67472779982,7.87045569952,7.87045569952,7.24147497722,7.87045569974,7.87045569974,7.87045569972,7.87045569972,7.87045569972,7.87045569972,7.87045569962,7.87045569962,7.87045569962,7.01865945693,7.87045569983,7.58356027285,7.87045569985,5.90191461299,8.32545553719,8.32545553724,8.32545553724,8.32545553719,8.32545553719,8.32545553719,6.04268726101,5.67691676751,5.56912911629,7.91645473324,9.80749486289,10.2011215645,10.2011215645,10.20112156449,7.54609107639,5.73881453209,5.80317043439,7.90530222209,6.72821675419
"t55",5.13163240819,7.97945560939,7.97945560939,7.97945560939,3.5870794215,3.96870981977,3.96870981977,3.9687098198,1.2109251474,0,4.0749776141,6.82211927734,6.82211927684,5.90614777444,4.68696683815,6.82211927725,6.20237428405,6.82211927754,6.8221192772,6.8221192771,6.82211927712,6.82211927712,6.8221192771,6.8221192771,6.5360987078,6.8221192772,6.23507004532,6.8221192772,6.8221192772,6.82211927714,6.82211927716,6.82211927716,6.82211927724,6.82211927714,4.83680069247,7.42103266053,7.42103266053,7.27310244618,7.42103266057,7.23343321287,7.42103266047,5.26917356517,5.80991128908,7.42103266088,7.42103266088,7.42103266088,7.42103266108,7.42103266098,6.56564600928,7.42103266098,7.42103266107,6.96625765047,7.42103266077,7.4210326607,7.4210326607,7.4210326607,5.7664109129,7.42103266073,7.42103266073,7.42103266112,7.87045569942,7.87045569934,7.87045569934,7.637743479864,7.870455699324,7.870455699324,7.87045569942,7.03926196242,7.50701634512,7.87045569935,7.87045569935,7.87045569955,7.87045569955,7.87045569953,7.87045569953,7.87045569949,7.87045569946,7.87045569946,7.87045569949,7.87045569945,7.87045569925,7.87045569925,7.87045569931,7.87045569931,7.87045569935,6.07101382362,7.87045569932,7.87045569932,7.87045569942,7.870455699436,7.870455699436,7.87045569942,7.87045569942,7.87045569942,7.87045569932,7.87045569932,7.87045569932,7.87045569932,7.67472779982,7.87045569952,7.87045569952,7.24147497722,7.87045569974,7.87045569974,7.87045569972,7.87045569972,7.87045569972,7.87045569972,7.87045569962,7.87045569962,7.87045569962,7.01865945693,7.87045569983,7.58356027285,7.87045569985,5.90191461299,8.32545553719,8.32545553724,8.32545553724,8.32545553719,8.32545553719,8.32545553719,6.04268726101,5.67691676751,5.56912911629,7.91645473324,9.80749486289,10.2011215645,10.2011215645,10.20112156449,7.54609107639,5.73881453209,5.80317043439,7.90530222209,6.72821675419
"t8",2.58164621509,5.42946941629,5.42946941629,5.42946941629,1.1259315742,4.07497761447,4.07497761447,4.0749776145,4.0749776141,4.0749776141,0,4.27213308424,4.27213308374,3.35616158134,2.13698064505,4.27213308415,3.65238809095,4.27213308444,4.2721330841,4.272133084,4.27213308402,4.27213308402,4.272133084,4.272133084,3.9861125147,4.2721330841,3.68508385222,4.2721330841,4.2721330841,4.27213308404,4.27213308406,4.27213308406,4.27213308414,4.27213308404,2.28681449937,4.87104646743,4.87104646743,4.72311625308,4.87104646747,4.68344701977,4.87104646737,2.71918737207,3.25992509598,4.87104646778,4.87104646778,4.87104646778,4.87104646798,4.87104646788,4.01565981618,4.87104646788,4.87104646797,4.41627145737,4.87104646767,4.8710464676,4.8710464676,4.8710464676,3.2164247198,4.87104646763,4.87104646763,4.87104646802,5.32046950632,5.32046950624,5.32046950624,5.087757286764,5.320469506224,5.320469506224,5.32046950632,4.48927576932,4.95703015202,5.32046950625,5.32046950625,5.32046950645,5.32046950645,5.32046950643,5.32046950643,5.32046950639,5.32046950636,5.32046950636,5.32046950639,5.32046950635,5.32046950615,5.32046950615,5.32046950621,5.32046950621,5.32046950625,3.52102763052,5.32046950622,5.32046950622,5.32046950632,5.320469506336,5.320469506336,5.32046950632,5.32046950632,5.32046950632,5.32046950622,5.32046950622,5.32046950622,5.32046950622,5.12474160672,5.32046950642,5.32046950642,4.69148878412,5.32046950664,5.32046950664,5.32046950662,5.32046950662,5.32046950662,5.32046950662,5.32046950652,5.32046950652,5.32046950652,4.46867326383,5.32046950673,5.03357407975,5.32046950675,3.35192841989,5.77546934409,5.77546934414,5.77546934414,5.77546934409,5.77546934409,5.77546934409,3.49270106791,3.12693057441,3.01914292319,5.36646854014,7.25750866979,7.6511353714,7.6511353714,7.65113537139,4.99610488329,3.18882833899,3.25318424129,5.35531602899,4.17823056109
"t21",5.13163240809,7.97945560929,7.97945560929,7.97945560929,3.87307323744,6.82211927771,6.82211927771,6.82211927774,6.82211927734,6.82211927734,4.27213308424,0,3.4216734395,2.5057019371,3.49146836281,5.62662080191,5.00687580871,6.6489615652,6.64896156486,6.64896156476,6.64896156478,6.64896156478,6.64896156476,6.64896156476,6.36294099546,6.64896156486,6.06191233298,6.64896156486,6.64896156486,6.6489615648,6.64896156482,6.64896156482,6.6489615649,6.6489615648,4.83680069237,7.42103266043,7.42103266043,7.27310244608,7.42103266047,7.23343321277,7.42103266037,5.26917356507,5.80991128898,7.42103266078,7.42103266078,7.42103266078,7.42103266098,7.42103266088,6.56564600918,7.42103266088,7.42103266097,6.96625765037,7.42103266067,7.4210326606,7.4210326606,7.4210326606,5.7664109128,7.42103266063,7.42103266063,7.42103266102,7.87045569932,7.87045569924,7.87045569924,7.637743479764,7.870455699224,7.870455699224,7.87045569932,7.03926196232,7.50701634502,7.87045569925,7.87045569925,7.87045569945,7.87045569945,7.87045569943,7.87045569943,7.87045569939,7.87045569936,7.87045569936,7.87045569939,7.87045569935,7.87045569915,7.87045569915,7.87045569921,7.87045569921,7.87045569925,6.07101382352,7.87045569922,7.87045569922,7.87045569932,7.870455699336,7.870455699336,7.87045569932,7.87045569932,7.87045569932,7.87045569922,7.87045569922,7.87045569922,7.87045569922,7.67472779972,7.87045569942,7.87045569942,7.24147497712,7.87045569964,7.87045569964,7.87045569962,7.87045569962,7.87045569962,7.87045569962,7.87045569952,7.87045569952,7.87045569952,7.01865945683,7.87045569973,7.58356027275,7.87045569975,5.90191461289,8.32545553709,8.32545553714,8.32545553714,8.32545553709,8.32545553709,8.32545553709,6.04268726091,5.67691676741,5.56912911619,7.91645473314,9.80749486279,10.2011215644,10.2011215644,10.20112156439,7.54609107629,5.73881453199,5.80317043429,7.90530222199,6.72821675409
"t24",5.13163240759,7.97945560879,7.97945560879,7.97945560879,3.87307323694,6.82211927721,6.82211927721,6.82211927724,6.82211927684,6.82211927684,4.27213308374,3.4216734395,0,2.1788702656,3.49146836231,5.62662080141,5.00687580821,6.6489615647,6.64896156436,6.64896156426,6.64896156428,6.64896156428,6.64896156426,6.64896156426,6.36294099496,6.64896156436,6.06191233248,6.64896156436,6.64896156436,6.6489615643,6.64896156432,6.64896156432,6.6489615644,6.6489615643,4.83680069187,7.42103265993,7.42103265993,7.27310244558,7.42103265997,7.23343321227,7.42103265987,5.26917356457,5.80991128848,7.42103266028,7.42103266028,7.42103266028,7.42103266048,7.42103266038,6.56564600868,7.42103266038,7.42103266047,6.96625764987,7.42103266017,7.4210326601,7.4210326601,7.4210326601,5.7664109123,7.42103266013,7.42103266013,7.42103266052,7.87045569882,7.87045569874,7.87045569874,7.637743479264,7.870455698724,7.870455698724,7.87045569882,7.03926196182,7.50701634452,7.87045569875,7.87045569875,7.87045569895,7.87045569895,7.87045569893,7.87045569893,7.87045569889,7.87045569886,7.87045569886,7.87045569889,7.87045569885,7.87045569865,7.87045569865,7.87045569871,7.87045569871,7.87045569875,6.07101382302,7.87045569872,7.87045569872,7.87045569882,7.870455698836,7.870455698836,7.87045569882,7.87045569882,7.87045569882,7.87045569872,7.87045569872,7.87045569872,7.87045569872,7.67472779922,7.87045569892,7.87045569892,7.24147497662,7.87045569914,7.87045569914,7.87045569912,7.87045569912,7.87045569912,7.87045569912,7.87045569902,7.87045569902,7.87045569902,7.01865945633,7.87045569923,7.58356027225,7.87045569925,5.90191461239,8.32545553659,8.32545553664,8.32545553664,8.32545553659,8.32545553659,8.32545553659,6.04268726041,5.67691676691,5.56912911569,7.91645473264,9.80749486229,10.2011215639,10.2011215639,10.20112156389,7.54609107579,5.73881453149,5.80317043379,7.90530222149,6.72821675359
"t25",4.21566090519,7.06348410639,7.06348410639,7.06348410639,2.95710173454,5.90614777481,5.90614777481,5.90614777484,5.90614777444,5.90614777444,3.35616158134,2.5057019371,2.1788702656,0,2.57549685991,4.71064929901,4.09090430581,5.7329900623,5.73299006196,5.73299006186,5.73299006188,5.73299006188,5.73299006186,5.73299006186,5.44696949256,5.73299006196,5.14594083008,5.73299006196,5.73299006196,5.7329900619,5.73299006192,5.73299006192,5.732990062,5.7329900619,3.92082918947,6.50506115753,6.50506115753,6.35713094318,6.50506115757,6.31746170987,6.50506115747,4.35320206217,4.89393978608,6.50506115788,6.50506115788,6.50506115788,6.50506115808,6.50506115798,5.64967450628,6.50506115798,6.50506115807,6.05028614747,6.50506115777,6.5050611577,6.5050611577,6.5050611577,4.8504394099,6.50506115773,6.50506115773,6.50506115812,6.95448419642,6.95448419634,6.95448419634,6.721771976864,6.954484196324,6.954484196324,6.95448419642,6.12329045942,6.59104484212,6.95448419635,6.95448419635,6.95448419655,6.95448419655,6.95448419653,6.95448419653,6.95448419649,6.95448419646,6.95448419646,6.95448419649,6.95448419645,6.95448419625,6.95448419625,6.95448419631,6.95448419631,6.95448419635,5.15504232062,6.95448419632,6.95448419632,6.95448419642,6.954484196436,6.954484196436,6.95448419642,6.95448419642,6.95448419642,6.95448419632,6.95448419632,6.95448419632,6.95448419632,6.75875629682,6.95448419652,6.95448419652,6.32550347422,6.95448419674,6.95448419674,6.95448419672,6.95448419672,6.95448419672,6.95448419672,6.95448419662,6.95448419662,6.95448419662,6.10268795393,6.95448419683,6.66758876985,6.95448419685,4.98594310999,7.40948403419,7.40948403424,7.40948403424,7.40948403419,7.40948403419,7.40948403419,5.12671575801,4.76094526451,4.65315761329,7.00048323024,8.89152335989,9.2851500615,9.2851500615,9.28515006149,6.63011957339,4.82284302909,4.88719893139,6.98933071909,5.81224525119
"t14",2.9964799689,5.8443031701,5.8443031701,5.8443031701,1.73792079825,4.68696683852,4.68696683852,4.68696683855,4.68696683815,4.68696683815,2.13698064505,3.49146836281,3.49146836231,2.57549685991,0,3.3103438569,2.6905988637,4.51380912601,4.51380912567,4.51380912557,4.51380912559,4.51380912559,4.51380912557,4.51380912557,4.22778855627,4.51380912567,3.92675989379,4.51380912567,4.51380912567,4.51380912561,4.51380912563,4.51380912563,4.51380912571,4.51380912561,2.70164825318,5.28588022124,5.28588022124,5.13795000689,5.28588022128,5.09828077358,5.28588022118,3.13402112588,3.67475884979,5.28588022159,5.28588022159,5.28588022159,5.28588022179,5.28588022169,4.43049356999,5.28588022169,5.28588022178,4.83110521118,5.28588022148,5.28588022141,5.28588022141,5.28588022141,3.63125847361,5.28588022144,5.28588022144,5.28588022183,5.73530326013,5.73530326005,5.73530326005,5.502591040574,5.735303260034,5.735303260034,5.73530326013,4.90410952313,5.37186390583,5.73530326006,5.73530326006,5.73530326026,5.73530326026,5.73530326024,5.73530326024,5.7353032602,5.73530326017,5.73530326017,5.7353032602,5.73530326016,5.73530325996,5.73530325996,5.73530326002,5.73530326002,5.73530326006,3.93586138433,5.73530326003,5.73530326003,5.73530326013,5.735303260146,5.735303260146,5.73530326013,5.73530326013,5.73530326013,5.73530326003,5.73530326003,5.73530326003,5.73530326003,5.53957536053,5.73530326023,5.73530326023,5.10632253793,5.73530326045,5.73530326045,5.73530326043,5.73530326043,5.73530326043,5.73530326043,5.73530326033,5.73530326033,5.73530326033,4.88350701764,5.73530326054,5.44840783356,5.73530326056,3.7667621737,6.1903030979,6.19030309795,6.19030309795,6.1903030979,6.1903030979,6.1903030979,3.90753482172,3.54176432822,3.433976677,5.78130229395,7.6723424236,8.06596912521,8.06596912521,8.0659691252,5.4109386371,3.6036620928,3.6680179951,5.7701497828,4.5930643149
"t29",5.131632408,7.9794556092,7.9794556092,7.9794556092,3.87307323735,6.82211927762,6.82211927762,6.82211927765,6.82211927725,6.82211927725,4.27213308415,5.62662080191,5.62662080141,4.71064929901,3.3103438569,0,1.9611639528,6.64896156511,6.64896156477,6.64896156467,6.64896156469,6.64896156469,6.64896156467,6.64896156467,6.36294099537,6.64896156477,6.06191233289,6.64896156477,6.64896156477,6.64896156471,6.64896156473,6.64896156473,6.64896156481,6.64896156471,4.83680069228,7.42103266034,7.42103266034,7.27310244599,7.42103266038,7.23343321268,7.42103266028,5.26917356498,5.80991128889,7.42103266069,7.42103266069,7.42103266069,7.42103266089,7.42103266079,6.56564600909,7.42103266079,7.42103266088,6.96625765028,7.42103266058,7.42103266051,7.42103266051,7.42103266051,5.76641091271,7.42103266054,7.42103266054,7.42103266093,7.87045569923,7.87045569915,7.87045569915,7.637743479674,7.870455699134,7.870455699134,7.87045569923,7.03926196223,7.50701634493,7.87045569916,7.87045569916,7.87045569936,7.87045569936,7.87045569934,7.87045569934,7.8704556993,7.87045569927,7.87045569927,7.8704556993,7.87045569926,7.87045569906,7.87045569906,7.87045569912,7.87045569912,7.87045569916,6.07101382343,7.87045569913,7.87045569913,7.87045569923,7.870455699246,7.870455699246,7.87045569923,7.87045569923,7.87045569923,7.87045569913,7.87045569913,7.87045569913,7.87045569913,7.67472779963,7.87045569933,7.87045569933,7.24147497703,7.87045569955,7.87045569955,7.87045569953,7.87045569953,7.87045569953,7.87045569953,7.87045569943,7.87045569943,7.87045569943,7.01865945674,7.87045569964,7.58356027266,7.87045569966,5.9019146128,8.325455537,8.32545553705,8.32545553705,8.325455537,8.325455537,8.325455537,6.04268726082,5.67691676732,5.5691291161,7.91645473305,9.8074948627,10.20112156431,10.20112156431,10.2011215643,7.5460910762,5.7388145319,5.8031704342,7.9053022219,6.728216754
"t30",4.5118874148,7.359710616,7.359710616,7.359710616,3.25332824415,6.20237428442,6.20237428442,6.20237428445,6.20237428405,6.20237428405,3.65238809095,5.00687580871,5.00687580821,4.09090430581,2.6905988637,1.9611639528,0,6.02921657191,6.02921657157,6.02921657147,6.02921657149,6.02921657149,6.02921657147,6.02921657147,5.74319600217,6.02921657157,5.44216733969,6.02921657157,6.02921657157,6.02921657151,6.02921657153,6.02921657153,6.02921657161,6.02921657151,4.21705569908,6.80128766714,6.80128766714,6.65335745279,6.80128766718,6.61368821948,6.80128766708,4.64942857178,5.19016629569,6.80128766749,6.80128766749,6.80128766749,6.80128766769,6.80128766759,5.94590101589,6.80128766759,6.80128766768,6.34651265708,6.80128766738,6.80128766731,6.80128766731,6.80128766731,5.14666591951,6.80128766734,6.80128766734,6.80128766773,7.25071070603,7.25071070595,7.25071070595,7.017998486474,7.250710705934,7.250710705934,7.25071070603,6.41951696903,6.88727135173,7.25071070596,7.25071070596,7.25071070616,7.25071070616,7.25071070614,7.25071070614,7.2507107061,7.25071070607,7.25071070607,7.2507107061,7.25071070606,7.25071070586,7.25071070586,7.25071070592,7.25071070592,7.25071070596,5.45126883023,7.25071070593,7.25071070593,7.25071070603,7.250710706046,7.250710706046,7.25071070603,7.25071070603,7.25071070603,7.25071070593,7.25071070593,7.25071070593,7.25071070593,7.05498280643,7.25071070613,7.25071070613,6.62172998383,7.25071070635,7.25071070635,7.25071070633,7.25071070633,7.25071070633,7.25071070633,7.25071070623,7.25071070623,7.25071070623,6.39891446354,7.25071070644,6.96381527946,7.25071070646,5.2821696196,7.7057105438,7.70571054385,7.70571054385,7.7057105438,7.7057105438,7.7057105438,5.42294226762,5.05717177412,4.9493841229,7.29670973985,9.1877498695,9.58137657111,9.58137657111,9.5813765711,6.926346083,5.1190695387,5.183425441,7.2855572287,6.1084717608
"t33",5.13163240829,7.97945560949,7.97945560949,7.97945560949,3.87307323764,6.82211927791,6.82211927791,6.82211927794,6.82211927754,6.82211927754,4.27213308444,6.6489615652,6.6489615647,5.7329900623,4.51380912601,6.64896156511,6.02921657191,0,2.52354714766,2.52354714756,2.52354714758,2.52354714758,2.52354714756,2.52354714756,2.23752657826,2.52354714766,1.93649791578,2.52354714766,2.52354714766,3.037114529,3.03711452902,3.03711452902,3.0371145291,3.037114529,4.83680069257,7.42103266063,7.42103266063,7.27310244628,7.42103266067,7.23343321297,7.42103266057,5.26917356527,5.80991128918,7.42103266098,7.42103266098,7.42103266098,7.42103266118,7.42103266108,6.56564600938,7.42103266108,7.42103266117,6.96625765057,7.42103266087,7.4210326608,7.4210326608,7.4210326608,5.766410913,7.42103266083,7.42103266083,7.42103266122,7.87045569952,7.87045569944,7.87045569944,7.637743479964,7.870455699424,7.870455699424,7.87045569952,7.03926196252,7.50701634522,7.87045569945,7.87045569945,7.87045569965,7.87045569965,7.87045569963,7.87045569963,7.87045569959,7.87045569956,7.87045569956,7.87045569959,7.87045569955,7.87045569935,7.87045569935,7.87045569941,7.87045569941,7.87045569945,6.07101382372,7.87045569942,7.87045569942,7.87045569952,7.870455699536,7.870455699536,7.87045569952,7.87045569952,7.87045569952,7.87045569942,7.87045569942,7.87045569942,7.87045569942,7.67472779992,7.87045569962,7.87045569962,7.24147497732,7.87045569984,7.87045569984,7.87045569982,7.87045569982,7.87045569982,7.87045569982,7.87045569972,7.87045569972,7.87045569972,7.01865945703,7.87045569993,7.58356027295,7.87045569995,5.90191461309,8.32545553729,8.32545553734,8.32545553734,8.32545553729,8.32545553729,8.32545553729,6.04268726111,5.67691676761,5.56912911639,7.91645473334,9.80749486299,10.2011215646,10.2011215646,10.20112156459,7.54609107649,5.73881453219,5.80317043449,7.90530222219,6.72821675429
"t48",5.13163240795,7.97945560915,7.97945560915,7.97945560915,3.8730732373,6.82211927757,6.82211927757,6.8221192776,6.8221192772,6.8221192772,4.2721330841,6.64896156486,6.64896156436,5.73299006196,4.51380912567,6.64896156477,6.02921657157,2.52354714766,0,1.4758128863,1.47581288632,1.47581288632,1.4758128863,1.4758128863,2.1669308396,2.452951409,1.86590217712,2.452951409,2.452951409,3.03711452866,3.03711452868,3.03711452868,3.03711452876,3.03711452866,4.83680069223,7.42103266029,7.42103266029,7.27310244594,7.42103266033,7.23343321263,7.42103266023,5.26917356493,5.80991128884,7.42103266064,7.42103266064,7.42103266064,7.42103266084,7.42103266074,6.56564600904,7.42103266074,7.42103266083,6.96625765023,7.42103266053,7.42103266046,7.42103266046,7.42103266046,5.76641091266,7.42103266049,7.42103266049,7.42103266088,7.87045569918,7.8704556991,7.8704556991,7.637743479624,7.870455699084,7.870455699084,7.87045569918,7.03926196218,7.50701634488,7.87045569911,7.87045569911,7.87045569931,7.87045569931,7.87045569929,7.87045569929,7.87045569925,7.87045569922,7.87045569922,7.87045569925,7.87045569921,7.87045569901,7.87045569901,7.87045569907,7.87045569907,7.87045569911,6.07101382338,7.87045569908,7.87045569908,7.87045569918,7.870455699196,7.870455699196,7.87045569918,7.87045569918,7.87045569918,7.87045569908,7.87045569908,7.87045569908,7.87045569908,7.67472779958,7.87045569928,7.87045569928,7.24147497698,7.8704556995,7.8704556995,7.87045569948,7.87045569948,7.87045569948,7.87045569948,7.87045569938,7.87045569938,7.87045569938,7.01865945669,7.87045569959,7.58356027261,7.87045569961,5.90191461275,8.32545553695,8.325455537,8.325455537,8.32545553695,8.32545553695,8.32545553695,6.04268726077,5.67691676727,5.56912911605,7.916454733,9.80749486265,10.20112156426,10.20112156426,10.20112156425,7.54609107615,5.73881453185,5.80317043415,7.90530222185,6.72821675395
"t104",5.13163240785,7.97945560905,7.97945560905,7.97945560905,3.8730732372,6.82211927747,6.82211927747,6.8221192775,6.8221192771,6.8221192771,4.272133084,6.64896156476,6.64896156426,5.73299006186,4.51380912557,6.64896156467,6.02921657147,2.52354714756,1.4758128863,0,0.38178289502,0.38178289502,0.690173786,0.690173786,2.1669308395,2.4529514089,1.86590217702,2.4529514089,2.4529514089,3.03711452856,3.03711452858,3.03711452858,3.03711452866,3.03711452856,4.83680069213,7.42103266019,7.42103266019,7.27310244584,7.42103266023,7.23343321253,7.42103266013,5.26917356483,5.80991128874,7.42103266054,7.42103266054,7.42103266054,7.42103266074,7.42103266064,6.56564600894,7.42103266064,7.42103266073,6.96625765013,7.42103266043,7.42103266036,7.42103266036,7.42103266036,5.76641091256,7.42103266039,7.42103266039,7.42103266078,7.87045569908,7.870455699,7.870455699,7.637743479524,7.870455698984,7.870455698984,7.87045569908,7.03926196208,7.50701634478,7.87045569901,7.87045569901,7.87045569921,7.87045569921,7.87045569919,7.87045569919,7.87045569915,7.87045569912,7.87045569912,7.87045569915,7.87045569911,7.87045569891,7.87045569891,7.87045569897,7.87045569897,7.87045569901,6.07101382328,7.87045569898,7.87045569898,7.87045569908,7.870455699096,7.870455699096,7.87045569908,7.87045569908,7.87045569908,7.87045569898,7.87045569898,7.87045569898,7.87045569898,7.67472779948,7.87045569918,7.87045569918,7.24147497688,7.8704556994,7.8704556994,7.87045569938,7.87045569938,7.87045569938,7.87045569938,7.87045569928,7.87045569928,7.87045569928,7.01865945659,7.87045569949,7.58356027251,7.87045569951,5.90191461265,8.32545553685,8.3254555369,8.3254555369,8.32545553685,8.32545553685,8.32545553685,6.04268726067,5.67691676717,5.56912911595,7.9164547329,9.80749486255,10.20112156416,10.20112156416,10.20112156415,7.54609107605,5.73881453175,5.80317043405,7.90530222175,6.72821675385
