"","t54","t69","t70","t91","t92","t45","t20","t7","t43","t95","t96","t16","t79","t80","t14","t8","t9","t62","t63","t64","t60","t61","t13","t99","t100","t18","t19","t4","t12","t81","t82","t27","t17","t89","t90","t37","t85","t86","t24","t59","t87","t88","t31","t32","t10","t67","t68","t47","t3","t29","t83","t84","t42","t33","t41","t93","t94","t5","t6","t38","t39","t46","t51","t77","t78","t48","t75","t76","t25","t2","t1","t11","t21","t22","t15","t65","t66","t73","t74","t57","t58","t49","t50","t23","t97","t98","t26","t28","t30","t71","t72","t44","t52","t53","t40","t55","t56","t36","t34","t35"
"t54",0,0.45354471144,0.45354471144,2.41071534463,2.41071534463,2.4107153447,2.4107153446,3.0731620724,3.07316207306,3.07316207304,3.07316207304,3.07316207277,3.07316207277,3.07316207277,3.07316207286,3.346637335,3.346637335,6.5831281667,6.583128166682,6.583128166682,6.5831281672,6.5831281672,6.5831281669,6.583128166737,6.583128166737,6.5831281669,6.5831281669,8.5654689133,8.56546891321,8.56546891321,8.56546891321,8.56546891311,8.56546891321,8.56546891318,8.56546891318,8.56546891318,8.56546891315,8.56546891315,8.56546891325,8.56546891325,8.5654689132,8.5654689132,8.56546891325,8.56546891325,8.56546891358,8.56546891278,8.56546891278,8.56546891278,8.5654689134,8.5654689129,8.5654689129,8.5654689129,8.5654689129,8.5654689134,8.5654689134,8.56546891339,8.56546891339,8.5654689133,8.56546891282,8.56546891312,8.56546891312,8.56546891312,8.56546891318,8.56546891308,8.56546891308,8.56546891313,8.5654689126,8.5654689126,8.5654689126,8.5654689136,8.5654689129,8.5654689127,8.5654689132,8.5654689132,8.5654689133,8.5654689136,8.5654689136,8.5654689136,8.5654689136,8.5654689135,8.5654689135,8.56546891312,8.56546891312,8.56546891312,8.56546891319,8.56546891319,8.56546891322,8.56546891312,8.56546891313,8.56546891309,8.56546891309,8.56546891309,8.565468913152,8.565468913152,8.565468913152,8.56546891324,8.56546891324,8.56546891324,8.56546891316,8.56546891316
"t69",0.45354471144,0,0.3790238842,2.41071534467,2.41071534467,2.41071534474,2.41071534464,3.07316207244,3.0731620731,3.07316207308,3.07316207308,3.07316207281,3.07316207281,3.07316207281,3.0731620729,3.34663733504,3.34663733504,6.58312816674,6.583128166722,6.583128166722,6.58312816724,6.58312816724,6.58312816694,6.583128166777,6.583128166777,6.58312816694,6.58312816694,8.56546891334,8.56546891325,8.56546891325,8.56546891325,8.56546891315,8.56546891325,8.56546891322,8.56546891322,8.56546891322,8.56546891319,8.56546891319,8.56546891329,8.56546891329,8.56546891324,8.56546891324,8.56546891329,8.56546891329,8.56546891362,8.56546891282,8.56546891282,8.56546891282,8.56546891344,8.56546891294,8.56546891294,8.56546891294,8.56546891294,8.56546891344,8.56546891344,8.56546891343,8.56546891343,8.56546891334,8.56546891286,8.56546891316,8.56546891316,8.56546891316,8.56546891322,8.56546891312,8.56546891312,8.56546891317,8.56546891264,8.56546891264,8.56546891264,8.56546891364,8.56546891294,8.56546891274,8.56546891324,8.56546891324,8.56546891334,8.56546891364,8.56546891364,8.56546891364,8.56546891364,8.56546891354,8.56546891354,8.56546891316,8.56546891316,8.56546891316,8.56546891323,8.56546891323,8.56546891326,8.56546891316,8.56546891317,8.56546891313,8.56546891313,8.56546891313,8.565468913192,8.565468913192,8.565468913192,8.56546891328,8.56546891328,8.56546891328,8.5654689132,8.5654689132
"t70",0.45354471144,0.3790238842,0,2.41071534467,2.41071534467,2.41071534474,2.41071534464,3.07316207244,3.0731620731,3.07316207308,3.07316207308,3.07316207281,3.07316207281,3.07316207281,3.0731620729,3.34663733504,3.34663733504,6.58312816674,6.583128166722,6.583128166722,6.58312816724,6.58312816724,6.58312816694,6.583128166777,6.583128166777,6.58312816694,6.58312816694,8.56546891334,8.56546891325,8.56546891325,8.56546891325,8.56546891315,8.56546891325,8.56546891322,8.56546891322,8.56546891322,8.56546891319,8.56546891319,8.56546891329,8.56546891329,8.56546891324,8.56546891324,8.56546891329,8.56546891329,8.56546891362,8.56546891282,8.56546891282,8.56546891282,8.56546891344,8.56546891294,8.56546891294,8.56546891294,8.56546891294,8.56546891344,8.56546891344,8.56546891343,8.56546891343,8.56546891334,8.56546891286,8.56546891316,8.56546891316,8.56546891316,8.56546891322,8.56546891312,8.56546891312,8.56546891317,8.56546891264,8.56546891264,8.56546891264,8.56546891364,8.56546891294,8.56546891274,8.56546891324,8.56546891324,8.56546891334,8.56546891364,8.56546891364,8.56546891364,8.56546891364,8.56546891354,8.56546891354,8.56546891316,8.56546891316,8.56546891316,8.56546891323,8.56546891323,8.56546891326,8.56546891316,8.56546891317,8.56546891313,8.56546891313,8.56546891313,8.565468913192,8.565468913192,8.565468913192,8.56546891328,8.56546891328,8.56546891328,8.5654689132,8.5654689132
"t91",2.41071534463,2.41071534467,2.41071534467,0,0.16418230086,0.66818496853,1.55089968263,3.07316207243,3.07316207309,3.07316207307,3.07316207307,3.0731620728,3.0731620728,3.0731620728,3.07316207289,3.34663733503,3.34663733503,6.58312816673,6.583128166712,6.583128166712,6.58312816723,6.58312816723,6.58312816693,6.583128166767,6.583128166767,6.58312816693,6.58312816693,8.56546891333,8.56546891324,8.56546891324,8.56546891324,8.56546891314,8.56546891324,8.56546891321,8.56546891321,8.56546891321,8.56546891318,8.56546891318,8.56546891328,8.56546891328,8.56546891323,8.56546891323,8.56546891328,8.56546891328,8.56546891361,8.56546891281,8.56546891281,8.56546891281,8.56546891343,8.56546891293,8.56546891293,8.56546891293,8.56546891293,8.56546891343,8.56546891343,8.56546891342,8.56546891342,8.56546891333,8.56546891285,8.56546891315,8.56546891315,8.56546891315,8.56546891321,8.56546891311,8.56546891311,8.56546891316,8.56546891263,8.56546891263,8.56546891263,8.56546891363,8.56546891293,8.56546891273,8.56546891323,8.56546891323,8.56546891333,8.56546891363,8.56546891363,8.56546891363,8.56546891363,8.56546891353,8.56546891353,8.56546891315,8.56546891315,8.56546891315,8.56546891322,8.56546891322,8.56546891325,8.56546891315,8.56546891316,8.56546891312,8.56546891312,8.56546891312,8.565468913182,8.565468913182,8.565468913182,8.56546891327,8.56546891327,8.56546891327,8.56546891319,8.56546891319
"t92",2.41071534463,2.41071534467,2.41071534467,0.16418230086,0,0.66818496853,1.55089968263,3.07316207243,3.07316207309,3.07316207307,3.07316207307,3.0731620728,3.0731620728,3.0731620728,3.07316207289,3.34663733503,3.34663733503,6.58312816673,6.583128166712,6.583128166712,6.58312816723,6.58312816723,6.58312816693,6.583128166767,6.583128166767,6.58312816693,6.58312816693,8.56546891333,8.56546891324,8.56546891324,8.56546891324,8.56546891314,8.56546891324,8.56546891321,8.56546891321,8.56546891321,8.56546891318,8.56546891318,8.56546891328,8.56546891328,8.56546891323,8.56546891323,8.56546891328,8.56546891328,8.56546891361,8.56546891281,8.56546891281,8.56546891281,8.56546891343,8.56546891293,8.56546891293,8.56546891293,8.56546891293,8.56546891343,8.56546891343,8.56546891342,8.56546891342,8.56546891333,8.56546891285,8.56546891315,8.56546891315,8.56546891315,8.56546891321,8.56546891311,8.56546891311,8.56546891316,8.56546891263,8.56546891263,8.56546891263,8.56546891363,8.56546891293,8.56546891273,8.56546891323,8.56546891323,8.56546891333,8.56546891363,8.56546891363,8.56546891363,8.56546891363,8.56546891353,8.56546891353,8.56546891315,8.56546891315,8.56546891315,8.56546891322,8.56546891322,8.56546891325,8.56546891315,8.56546891316,8.56546891312,8.56546891312,8.56546891312,8.565468913182,8.565468913182,8.565468913182,8.56546891327,8.56546891327,8.56546891327,8.56546891319,8.56546891319
"t45",2.4107153447,2.41071534474,2.41071534474,0.66818496853,0.66818496853,0,1.5508996827,3.0731620725,3.07316207316,3.07316207314,3.07316207314,3.07316207287,3.07316207287,3.07316207287,3.07316207296,3.3466373351,3.3466373351,6.5831281668,6.583128166782,6.583128166782,6.5831281673,6.5831281673,6.583128167,6.583128166837,6.583128166837,6.583128167,6.583128167,8.5654689134,8.56546891331,8.56546891331,8.56546891331,8.56546891321,8.56546891331,8.56546891328,8.56546891328,8.56546891328,8.56546891325,8.56546891325,8.56546891335,8.56546891335,8.5654689133,8.5654689133,8.56546891335,8.56546891335,8.56546891368,8.56546891288,8.56546891288,8.56546891288,8.5654689135,8.565468913,8.565468913,8.565468913,8.565468913,8.5654689135,8.5654689135,8.56546891349,8.56546891349,8.5654689134,8.56546891292,8.56546891322,8.56546891322,8.56546891322,8.56546891328,8.56546891318,8.56546891318,8.56546891323,8.5654689127,8.5654689127,8.5654689127,8.5654689137,8.565468913,8.5654689128,8.5654689133,8.5654689133,8.5654689134,8.5654689137,8.5654689137,8.5654689137,8.5654689137,8.5654689136,8.5654689136,8.56546891322,8.56546891322,8.56546891322,8.56546891329,8.56546891329,8.56546891332,8.56546891322,8.56546891323,8.56546891319,8.56546891319,8.56546891319,8.565468913252,8.565468913252,8.565468913252,8.56546891334,8.56546891334,8.56546891334,8.56546891326,8.56546891326
"t20",2.4107153446,2.41071534464,2.41071534464,1.55089968263,1.55089968263,1.5508996827,0,3.0731620724,3.07316207306,3.07316207304,3.07316207304,3.07316207277,3.07316207277,3.07316207277,3.07316207286,3.346637335,3.346637335,6.5831281667,6.583128166682,6.583128166682,6.5831281672,6.5831281672,6.5831281669,6.583128166737,6.583128166737,6.5831281669,6.5831281669,8.5654689133,8.56546891321,8.56546891321,8.56546891321,8.56546891311,8.56546891321,8.56546891318,8.56546891318,8.56546891318,8.56546891315,8.56546891315,8.56546891325,8.56546891325,8.5654689132,8.5654689132,8.56546891325,8.56546891325,8.56546891358,8.56546891278,8.56546891278,8.56546891278,8.5654689134,8.5654689129,8.5654689129,8.5654689129,8.5654689129,8.5654689134,8.5654689134,8.56546891339,8.56546891339,8.5654689133,8.56546891282,8.56546891312,8.56546891312,8.56546891312,8.56546891318,8.56546891308,8.56546891308,8.56546891313,8.5654689126,8.5654689126,8.5654689126,8.5654689136,8.5654689129,8.5654689127,8.5654689132,8.5654689132,8.5654689133,8.5654689136,8.5654689136,8.5654689136,8.5654689136,8.5654689135,8.5654689135,8.56546891312,8.56546891312,8.56546891312,8.56546891319,8.56546891319,8.56546891322,8.56546891312,8.56546891313,8.56546891309,8.56546891309,8.56546891309,8.565468913152,8.565468913152,8.565468913152,8.56546891324,8.56546891324,8.56546891324,8.56546891316,8.56546891316
"t7",3.0731620724,3.07316207244,3.07316207244,3.07316207243,3.07316207243,3.0731620725,3.0731620724,0,2.82667244066,2.82667244064,2.82667244064,2.82667244037,2.82667244037,2.82667244037,2.82667244046,3.3466373346,3.3466373346,6.5831281663,6.583128166282,6.583128166282,6.5831281668,6.5831281668,6.5831281665,6.583128166337,6.583128166337,6.5831281665,6.5831281665,8.5654689129,8.56546891281,8.56546891281,8.56546891281,8.56546891271,8.56546891281,8.56546891278,8.56546891278,8.56546891278,8.56546891275,8.56546891275,8.56546891285,8.56546891285,8.5654689128,8.5654689128,8.56546891285,8.56546891285,8.56546891318,8.56546891238,8.56546891238,8.56546891238,8.565468913,8.5654689125,8.5654689125,8.5654689125,8.5654689125,8.565468913,8.565468913,8.56546891299,8.56546891299,8.5654689129,8.56546891242,8.56546891272,8.56546891272,8.56546891272,8.56546891278,8.56546891268,8.56546891268,8.56546891273,8.5654689122,8.5654689122,8.5654689122,8.5654689132,8.5654689125,8.5654689123,8.5654689128,8.5654689128,8.5654689129,8.5654689132,8.5654689132,8.5654689132,8.5654689132,8.5654689131,8.5654689131,8.56546891272,8.56546891272,8.56546891272,8.56546891279,8.56546891279,8.56546891282,8.56546891272,8.56546891273,8.56546891269,8.56546891269,8.56546891269,8.565468912752,8.565468912752,8.565468912752,8.56546891284,8.56546891284,8.56546891284,8.56546891276,8.56546891276
"t43",3.07316207306,3.0731620731,3.0731620731,3.07316207309,3.07316207309,3.07316207316,3.07316207306,2.82667244066,0,0.72431873218,0.72431873218,2.79275863391,2.79275863391,2.79275863391,2.792758634,3.34663733526,3.34663733526,6.58312816696,6.583128166942,6.583128166942,6.58312816746,6.58312816746,6.58312816716,6.583128166997,6.583128166997,6.58312816716,6.58312816716,8.56546891356,8.56546891347,8.56546891347,8.56546891347,8.56546891337,8.56546891347,8.56546891344,8.56546891344,8.56546891344,8.56546891341,8.56546891341,8.56546891351,8.56546891351,8.56546891346,8.56546891346,8.56546891351,8.56546891351,8.56546891384,8.56546891304,8.56546891304,8.56546891304,8.56546891366,8.56546891316,8.56546891316,8.56546891316,8.56546891316,8.56546891366,8.56546891366,8.56546891365,8.56546891365,8.56546891356,8.56546891308,8.56546891338,8.56546891338,8.56546891338,8.56546891344,8.56546891334,8.56546891334,8.56546891339,8.56546891286,8.56546891286,8.56546891286,8.56546891386,8.56546891316,8.56546891296,8.56546891346,8.56546891346,8.56546891356,8.56546891386,8.56546891386,8.56546891386,8.56546891386,8.56546891376,8.56546891376,8.56546891338,8.56546891338,8.56546891338,8.56546891345,8.56546891345,8.56546891348,8.56546891338,8.56546891339,8.56546891335,8.56546891335,8.56546891335,8.565468913412,8.565468913412,8.565468913412,8.5654689135,8.5654689135,8.5654689135,8.56546891342,8.56546891342
"t95",3.07316207304,3.07316207308,3.07316207308,3.07316207307,3.07316207307,3.07316207314,3.07316207304,2.82667244064,0.72431873218,0,0.07064054016,2.79275863389,2.79275863389,2.79275863389,2.79275863398,3.34663733524,3.34663733524,6.58312816694,6.583128166922,6.583128166922,6.58312816744,6.58312816744,6.58312816714,6.583128166977,6.583128166977,6.58312816714,6.58312816714,8.56546891354,8.56546891345,8.56546891345,8.56546891345,8.56546891335,8.56546891345,8.56546891342,8.56546891342,8.56546891342,8.56546891339,8.56546891339,8.56546891349,8.56546891349,8.56546891344,8.56546891344,8.56546891349,8.56546891349,8.56546891382,8.56546891302,8.56546891302,8.56546891302,8.56546891364,8.56546891314,8.56546891314,8.56546891314,8.56546891314,8.56546891364,8.56546891364,8.56546891363,8.56546891363,8.56546891354,8.56546891306,8.56546891336,8.56546891336,8.56546891336,8.56546891342,8.56546891332,8.56546891332,8.56546891337,8.56546891284,8.56546891284,8.56546891284,8.56546891384,8.56546891314,8.56546891294,8.56546891344,8.56546891344,8.56546891354,8.56546891384,8.56546891384,8.56546891384,8.56546891384,8.56546891374,8.56546891374,8.56546891336,8.56546891336,8.56546891336,8.56546891343,8.56546891343,8.56546891346,8.56546891336,8.56546891337,8.56546891333,8.56546891333,8.56546891333,8.565468913392,8.565468913392,8.565468913392,8.56546891348,8.56546891348,8.56546891348,8.5654689134,8.5654689134
"t96",3.07316207304,3.07316207308,3.07316207308,3.07316207307,3.07316207307,3.07316207314,3.07316207304,2.82667244064,0.72431873218,0.07064054016,0,2.79275863389,2.79275863389,2.79275863389,2.79275863398,3.34663733524,3.34663733524,6.58312816694,6.583128166922,6.583128166922,6.58312816744,6.58312816744,6.58312816714,6.583128166977,6.583128166977,6.58312816714,6.58312816714,8.56546891354,8.56546891345,8.56546891345,8.56546891345,8.56546891335,8.56546891345,8.56546891342,8.56546891342,8.56546891342,8.56546891339,8.56546891339,8.56546891349,8.56546891349,8.56546891344,8.56546891344,8.56546891349,8.56546891349,8.56546891382,8.56546891302,8.56546891302,8.56546891302,8.56546891364,8.56546891314,8.56546891314,8.56546891314,8.56546891314,8.56546891364,8.56546891364,8.56546891363,8.56546891363,8.56546891354,8.56546891306,8.56546891336,8.56546891336,8.56546891336,8.56546891342,8.56546891332,8.56546891332,8.56546891337,8.56546891284,8.56546891284,8.56546891284,8.56546891384,8.56546891314,8.56546891294,8.56546891344,8.56546891344,8.56546891354,8.56546891384,8.56546891384,8.56546891384,8.56546891384,8.56546891374,8.56546891374,8.56546891336,8.56546891336,8.56546891336,8.56546891343,8.56546891343,8.56546891346,8.56546891336,8.56546891337,8.56546891333,8.56546891333,8.56546891333,8.565468913392,8.565468913392,8.565468913392,8.56546891348,8.56546891348,8.56546891348,8.5654689134,8.5654689134
"t16",3.07316207277,3.07316207281,3.07316207281,3.0731620728,3.0731620728,3.07316207287,3.07316207277,2.82667244037,2.79275863391,2.79275863389,2.79275863389,0,1.9206887186,1.9206887186,2.05604666391,3.34663733497,3.34663733497,6.58312816667,6.583128166652,6.583128166652,6.58312816717,6.58312816717,6.58312816687,6.583128166707,6.583128166707,6.58312816687,6.58312816687,8.56546891327,8.56546891318,8.56546891318,8.56546891318,8.56546891308,8.56546891318,8.56546891315,8.56546891315,8.56546891315,8.56546891312,8.56546891312,8.56546891322,8.56546891322,8.56546891317,8.56546891317,8.56546891322,8.56546891322,8.56546891355,8.56546891275,8.56546891275,8.56546891275,8.56546891337,8.56546891287,8.56546891287,8.56546891287,8.56546891287,8.56546891337,8.56546891337,8.56546891336,8.56546891336,8.56546891327,8.56546891279,8.56546891309,8.56546891309,8.56546891309,8.56546891315,8.56546891305,8.56546891305,8.5654689131,8.56546891257,8.56546891257,8.56546891257,8.56546891357,8.56546891287,8.56546891267,8.56546891317,8.56546891317,8.56546891327,8.56546891357,8.56546891357,8.56546891357,8.56546891357,8.56546891347,8.56546891347,8.56546891309,8.56546891309,8.56546891309,8.56546891316,8.56546891316,8.56546891319,8.56546891309,8.5654689131,8.56546891306,8.56546891306,8.56546891306,8.565468913122,8.565468913122,8.565468913122,8.56546891321,8.56546891321,8.56546891321,8.56546891313,8.56546891313
"t79",3.07316207277,3.07316207281,3.07316207281,3.0731620728,3.0731620728,3.07316207287,3.07316207277,2.82667244037,2.79275863391,2.79275863389,2.79275863389,1.9206887186,0,0.2970569906,2.05604666391,3.34663733497,3.34663733497,6.58312816667,6.583128166652,6.583128166652,6.58312816717,6.58312816717,6.58312816687,6.583128166707,6.583128166707,6.58312816687,6.58312816687,8.56546891327,8.56546891318,8.56546891318,8.56546891318,8.56546891308,8.56546891318,8.56546891315,8.56546891315,8.56546891315,8.56546891312,8.56546891312,8.56546891322,8.56546891322,8.56546891317,8.56546891317,8.56546891322,8.56546891322,8.56546891355,8.56546891275,8.56546891275,8.56546891275,8.56546891337,8.56546891287,8.56546891287,8.56546891287,8.56546891287,8.56546891337,8.56546891337,8.56546891336,8.56546891336,8.56546891327,8.56546891279,8.56546891309,8.56546891309,8.56546891309,8.56546891315,8.56546891305,8.56546891305,8.5654689131,8.56546891257,8.56546891257,8.56546891257,8.56546891357,8.56546891287,8.56546891267,8.56546891317,8.56546891317,8.56546891327,8.56546891357,8.56546891357,8.56546891357,8.56546891357,8.56546891347,8.56546891347,8.56546891309,8.56546891309,8.56546891309,8.56546891316,8.56546891316,8.56546891319,8.56546891309,8.5654689131,8.56546891306,8.56546891306,8.56546891306,8.565468913122,8.565468913122,8.565468913122,8.56546891321,8.56546891321,8.56546891321,8.56546891313,8.56546891313
"t80",3.07316207277,3.07316207281,3.07316207281,3.0731620728,3.0731620728,3.07316207287,3.07316207277,2.82667244037,2.79275863391,2.79275863389,2.79275863389,1.9206887186,0.2970569906,0,2.05604666391,3.34663733497,3.34663733497,6.58312816667,6.583128166652,6.583128166652,6.58312816717,6.58312816717,6.58312816687,6.583128166707,6.583128166707,6.58312816687,6.58312816687,8.56546891327,8.56546891318,8.56546891318,8.56546891318,8.56546891308,8.56546891318,8.56546891315,8.56546891315,8.56546891315,8.56546891312,8.56546891312,8.56546891322,8.56546891322,8.56546891317,8.56546891317,8.56546891322,8.56546891322,8.56546891355,8.56546891275,8.56546891275,8.56546891275,8.56546891337,8.56546891287,8.56546891287,8.56546891287,8.56546891287,8.56546891337,8.56546891337,8.56546891336,8.56546891336,8.56546891327,8.56546891279,8.56546891309,8.56546891309,8.56546891309,8.56546891315,8.56546891305,8.56546891305,8.5654689131,8.56546891257,8.56546891257,8.56546891257,8.56546891357,8.56546891287,8.56546891267,8.56546891317,8.56546891317,8.56546891327,8.56546891357,8.56546891357,8.56546891357,8.56546891357,8.56546891347,8.56546891347,8.56546891309,8.56546891309,8.56546891309,8.56546891316,8.56546891316,8.56546891319,8.56546891309,8.5654689131,8.56546891306,8.56546891306,8.56546891306,8.565468913122,8.565468913122,8.565468913122,8.56546891321,8.56546891321,8.56546891321,8.56546891313,8.56546891313
"t14",3.07316207286,3.0731620729,3.0731620729,3.07316207289,3.07316207289,3.07316207296,3.07316207286,2.82667244046,2.792758634,2.79275863398,2.79275863398,2.05604666391,2.05604666391,2.05604666391,0,3.34663733506,3.34663733506,6.58312816676,6.583128166742,6.583128166742,6.58312816726,6.58312816726,6.58312816696,6.583128166797,6.583128166797,6.58312816696,6.58312816696,8.56546891336,8.56546891327,8.56546891327,8.56546891327,8.56546891317,8.56546891327,8.56546891324,8.56546891324,8.56546891324,8.56546891321,8.56546891321,8.56546891331,8.56546891331,8.56546891326,8.56546891326,8.56546891331,8.56546891331,8.56546891364,8.56546891284,8.56546891284,8.56546891284,8.56546891346,8.56546891296,8.56546891296,8.56546891296,8.56546891296,8.56546891346,8.56546891346,8.56546891345,8.56546891345,8.56546891336,8.56546891288,8.56546891318,8.56546891318,8.56546891318,8.56546891324,8.56546891314,8.56546891314,8.56546891319,8.56546891266,8.56546891266,8.56546891266,8.56546891366,8.56546891296,8.56546891276,8.56546891326,8.56546891326,8.56546891336,8.56546891366,8.56546891366,8.56546891366,8.56546891366,8.56546891356,8.56546891356,8.56546891318,8.56546891318,8.56546891318,8.56546891325,8.56546891325,8.56546891328,8.56546891318,8.56546891319,8.56546891315,8.56546891315,8.56546891315,8.565468913212,8.565468913212,8.565468913212,8.5654689133,8.5654689133,8.5654689133,8.56546891322,8.56546891322
"t8",3.346637335,3.34663733504,3.34663733504,3.34663733503,3.34663733503,3.3466373351,3.346637335,3.3466373346,3.34663733526,3.34663733524,3.34663733524,3.34663733497,3.34663733497,3.34663733497,3.34663733506,0,2.723593468,6.5831281667,6.583128166682,6.583128166682,6.5831281672,6.5831281672,6.5831281669,6.583128166737,6.583128166737,6.5831281669,6.5831281669,8.5654689133,8.56546891321,8.56546891321,8.56546891321,8.56546891311,8.56546891321,8.56546891318,8.56546891318,8.56546891318,8.56546891315,8.56546891315,8.56546891325,8.56546891325,8.5654689132,8.5654689132,8.56546891325,8.56546891325,8.56546891358,8.56546891278,8.56546891278,8.56546891278,8.5654689134,8.5654689129,8.5654689129,8.5654689129,8.5654689129,8.5654689134,8.5654689134,8.56546891339,8.56546891339,8.5654689133,8.56546891282,8.56546891312,8.56546891312,8.56546891312,8.56546891318,8.56546891308,8.56546891308,8.56546891313,8.5654689126,8.5654689126,8.5654689126,8.5654689136,8.5654689129,8.5654689127,8.5654689132,8.5654689132,8.5654689133,8.5654689136,8.5654689136,8.5654689136,8.5654689136,8.5654689135,8.5654689135,8.56546891312,8.56546891312,8.56546891312,8.56546891319,8.56546891319,8.56546891322,8.56546891312,8.56546891313,8.56546891309,8.56546891309,8.56546891309,8.565468913152,8.565468913152,8.565468913152,8.56546891324,8.56546891324,8.56546891324,8.56546891316,8.56546891316
"t9",3.346637335,3.34663733504,3.34663733504,3.34663733503,3.34663733503,3.3466373351,3.346637335,3.3466373346,3.34663733526,3.34663733524,3.34663733524,3.34663733497,3.34663733497,3.34663733497,3.34663733506,2.723593468,0,6.5831281667,6.583128166682,6.583128166682,6.5831281672,6.5831281672,6.5831281669,6.583128166737,6.583128166737,6.5831281669,6.5831281669,8.5654689133,8.56546891321,8.56546891321,8.56546891321,8.56546891311,8.56546891321,8.56546891318,8.56546891318,8.56546891318,8.56546891315,8.56546891315,8.56546891325,8.56546891325,8.5654689132,8.5654689132,8.56546891325,8.56546891325,8.56546891358,8.56546891278,8.56546891278,8.56546891278,8.5654689134,8.5654689129,8.5654689129,8.5654689129,8.5654689129,8.5654689134,8.5654689134,8.56546891339,8.56546891339,8.5654689133,8.56546891282,8.56546891312,8.56546891312,8.56546891312,8.56546891318,8.56546891308,8.56546891308,8.56546891313,8.5654689126,8.5654689126,8.5654689126,8.5654689136,8.5654689129,8.5654689127,8.5654689132,8.5654689132,8.5654689133,8.5654689136,8.5654689136,8.5654689136,8.5654689136,8.5654689135,8.5654689135,8.56546891312,8.56546891312,8.56546891312,8.56546891319,8.56546891319,8.56546891322,8.56546891312,8.56546891313,8.56546891309,8.56546891309,8.56546891309,8.565468913152,8.565468913152,8.565468913152,8.56546891324,8.56546891324,8.56546891324,8.56546891316,8.56546891316
"t62",6.5831281667,6.58312816674,6.58312816674,6.58312816673,6.58312816673,6.5831281668,6.5831281667,6.5831281663,6.58312816696,6.58312816694,6.58312816694,6.58312816667,6.58312816667,6.58312816667,6.58312816676,6.5831281667,6.5831281667,0,0.423966739782,0.423966739782,4.1019822543,4.1019822543,4.6761805882,4.676180588037,4.676180588037,4.6761805882,4.6761805882,8.565468913,8.56546891291,8.56546891291,8.56546891291,8.56546891281,8.56546891291,8.56546891288,8.56546891288,8.56546891288,8.56546891285,8.56546891285,8.56546891295,8.56546891295,8.5654689129,8.5654689129,8.56546891295,8.56546891295,8.56546891328,8.56546891248,8.56546891248,8.56546891248,8.5654689131,8.5654689126,8.5654689126,8.5654689126,8.5654689126,8.5654689131,8.5654689131,8.56546891309,8.56546891309,8.565468913,8.56546891252,8.56546891282,8.56546891282,8.56546891282,8.56546891288,8.56546891278,8.56546891278,8.56546891283,8.5654689123,8.5654689123,8.5654689123,8.5654689133,8.5654689126,8.5654689124,8.5654689129,8.5654689129,8.565468913,8.5654689133,8.5654689133,8.5654689133,8.5654689133,8.5654689132,8.5654689132,8.56546891282,8.56546891282,8.56546891282,8.56546891289,8.56546891289,8.56546891292,8.56546891282,8.56546891283,8.56546891279,8.56546891279,8.56546891279,8.565468912852,8.565468912852,8.565468912852,8.56546891294,8.56546891294,8.56546891294,8.56546891286,8.56546891286
"t63",6.583128166682,6.583128166722,6.583128166722,6.583128166712,6.583128166712,6.583128166782,6.583128166682,6.583128166282,6.583128166942,6.583128166922,6.583128166922,6.583128166652,6.583128166652,6.583128166652,6.583128166742,6.583128166682,6.583128166682,0.423966739782,0,0.421869767,4.101982254282,4.101982254282,4.676180588182,4.676180588019,4.676180588019,4.676180588182,4.676180588182,8.565468912982,8.565468912892,8.565468912892,8.565468912892,8.565468912792,8.565468912892,8.565468912862,8.565468912862,8.565468912862,8.565468912832,8.565468912832,8.565468912932,8.565468912932,8.565468912882,8.565468912882,8.565468912932,8.565468912932,8.565468913262,8.565468912462,8.565468912462,8.565468912462,8.565468913082,8.565468912582,8.565468912582,8.565468912582,8.565468912582,8.565468913082,8.565468913082,8.565468913072,8.565468913072,8.565468912982,8.565468912502,8.565468912802,8.565468912802,8.565468912802,8.565468912862,8.565468912762,8.565468912762,8.565468912812,8.565468912282,8.565468912282,8.565468912282,8.565468913282,8.565468912582,8.565468912382,8.565468912882,8.565468912882,8.565468912982,8.565468913282,8.565468913282,8.565468913282,8.565468913282,8.565468913182,8.565468913182,8.565468912802,8.565468912802,8.565468912802,8.565468912872,8.565468912872,8.565468912902,8.565468912802,8.565468912812,8.565468912772,8.565468912772,8.565468912772,8.565468912834,8.565468912834,8.565468912834,8.565468912922,8.565468912922,8.565468912922,8.565468912842,8.565468912842
"t64",6.583128166682,6.583128166722,6.583128166722,6.583128166712,6.583128166712,6.583128166782,6.583128166682,6.583128166282,6.583128166942,6.583128166922,6.583128166922,6.583128166652,6.583128166652,6.583128166652,6.583128166742,6.583128166682,6.583128166682,0.423966739782,0.421869767,0,4.101982254282,4.101982254282,4.676180588182,4.676180588019,4.676180588019,4.676180588182,4.676180588182,8.565468912982,8.565468912892,8.565468912892,8.565468912892,8.565468912792,8.565468912892,8.565468912862,8.565468912862,8.565468912862,8.565468912832,8.565468912832,8.565468912932,8.565468912932,8.565468912882,8.565468912882,8.565468912932,8.565468912932,8.565468913262,8.565468912462,8.565468912462,8.565468912462,8.565468913082,8.565468912582,8.565468912582,8.565468912582,8.565468912582,8.565468913082,8.565468913082,8.565468913072,8.565468913072,8.565468912982,8.565468912502,8.565468912802,8.565468912802,8.565468912802,8.565468912862,8.565468912762,8.565468912762,8.565468912812,8.565468912282,8.565468912282,8.565468912282,8.565468913282,8.565468912582,8.565468912382,8.565468912882,8.565468912882,8.565468912982,8.565468913282,8.565468913282,8.565468913282,8.565468913282,8.565468913182,8.565468913182,8.565468912802,8.565468912802,8.565468912802,8.565468912872,8.565468912872,8.565468912902,8.565468912802,8.565468912812,8.565468912772,8.565468912772,8.565468912772,8.565468912834,8.565468912834,8.565468912834,8.565468912922,8.565468912922,8.565468912922,8.565468912842,8.565468912842
"t60",6.5831281672,6.58312816724,6.58312816724,6.58312816723,6.58312816723,6.5831281673,6.5831281672,6.5831281668,6.58312816746,6.58312816744,6.58312816744,6.58312816717,6.58312816717,6.58312816717,6.58312816726,6.5831281672,6.5831281672,4.1019822543,4.101982254282,4.101982254282,0,0.4283941948,4.6761805887,4.676180588537,4.676180588537,4.6761805887,4.6761805887,8.5654689135,8.56546891341,8.56546891341,8.56546891341,8.56546891331,8.56546891341,8.56546891338,8.56546891338,8.56546891338,8.56546891335,8.56546891335,8.56546891345,8.56546891345,8.5654689134,8.5654689134,8.56546891345,8.56546891345,8.56546891378,8.56546891298,8.56546891298,8.56546891298,8.5654689136,8.5654689131,8.5654689131,8.5654689131,8.5654689131,8.5654689136,8.5654689136,8.56546891359,8.56546891359,8.5654689135,8.56546891302,8.56546891332,8.56546891332,8.56546891332,8.56546891338,8.56546891328,8.56546891328,8.56546891333,8.5654689128,8.5654689128,8.5654689128,8.5654689138,8.5654689131,8.5654689129,8.5654689134,8.5654689134,8.5654689135,8.5654689138,8.5654689138,8.5654689138,8.5654689138,8.5654689137,8.5654689137,8.56546891332,8.56546891332,8.56546891332,8.56546891339,8.56546891339,8.56546891342,8.56546891332,8.56546891333,8.56546891329,8.56546891329,8.56546891329,8.565468913352,8.565468913352,8.565468913352,8.56546891344,8.56546891344,8.56546891344,8.56546891336,8.56546891336
"t61",6.5831281672,6.58312816724,6.58312816724,6.58312816723,6.58312816723,6.5831281673,6.5831281672,6.5831281668,6.58312816746,6.58312816744,6.58312816744,6.58312816717,6.58312816717,6.58312816717,6.58312816726,6.5831281672,6.5831281672,4.1019822543,4.101982254282,4.101982254282,0.4283941948,0,4.6761805887,4.676180588537,4.676180588537,4.6761805887,4.6761805887,8.5654689135,8.56546891341,8.56546891341,8.56546891341,8.56546891331,8.56546891341,8.56546891338,8.56546891338,8.56546891338,8.56546891335,8.56546891335,8.56546891345,8.56546891345,8.5654689134,8.5654689134,8.56546891345,8.56546891345,8.56546891378,8.56546891298,8.56546891298,8.56546891298,8.5654689136,8.5654689131,8.5654689131,8.5654689131,8.5654689131,8.5654689136,8.5654689136,8.56546891359,8.56546891359,8.5654689135,8.56546891302,8.56546891332,8.56546891332,8.56546891332,8.56546891338,8.56546891328,8.56546891328,8.56546891333,8.5654689128,8.5654689128,8.5654689128,8.5654689138,8.5654689131,8.5654689129,8.5654689134,8.5654689134,8.5654689135,8.5654689138,8.5654689138,8.5654689138,8.5654689138,8.5654689137,8.5654689137,8.56546891332,8.56546891332,8.56546891332,8.56546891339,8.56546891339,8.56546891342,8.56546891332,8.56546891333,8.56546891329,8.56546891329,8.56546891329,8.565468913352,8.565468913352,8.565468913352,8.56546891344,8.56546891344,8.56546891344,8.56546891336,8.56546891336
"t13",6.5831281669,6.58312816694,6.58312816694,6.58312816693,6.58312816693,6.583128167,6.5831281669,6.5831281665,6.58312816716,6.58312816714,6.58312816714,6.58312816687,6.58312816687,6.58312816687,6.58312816696,6.5831281669,6.5831281669,4.6761805882,4.676180588182,4.676180588182,4.6761805887,4.6761805887,0,2.422534111837,2.422534111837,2.6239462564,2.6239462564,8.5654689132,8.56546891311,8.56546891311,8.56546891311,8.56546891301,8.56546891311,8.56546891308,8.56546891308,8.56546891308,8.56546891305,8.56546891305,8.56546891315,8.56546891315,8.5654689131,8.5654689131,8.56546891315,8.56546891315,8.56546891348,8.56546891268,8.56546891268,8.56546891268,8.5654689133,8.5654689128,8.5654689128,8.5654689128,8.5654689128,8.5654689133,8.5654689133,8.56546891329,8.56546891329,8.5654689132,8.56546891272,8.56546891302,8.56546891302,8.56546891302,8.56546891308,8.56546891298,8.56546891298,8.56546891303,8.5654689125,8.5654689125,8.5654689125,8.5654689135,8.5654689128,8.5654689126,8.5654689131,8.5654689131,8.5654689132,8.5654689135,8.5654689135,8.5654689135,8.5654689135,8.5654689134,8.5654689134,8.56546891302,8.56546891302,8.56546891302,8.56546891309,8.56546891309,8.56546891312,8.56546891302,8.56546891303,8.56546891299,8.56546891299,8.56546891299,8.565468913052,8.565468913052,8.565468913052,8.56546891314,8.56546891314,8.56546891314,8.56546891306,8.56546891306
"t99",6.583128166737,6.583128166777,6.583128166777,6.583128166767,6.583128166767,6.583128166837,6.583128166737,6.583128166337,6.583128166997,6.583128166977,6.583128166977,6.583128166707,6.583128166707,6.583128166707,6.583128166797,6.583128166737,6.583128166737,4.676180588037,4.676180588019,4.676180588019,4.676180588537,4.676180588537,2.422534111837,0,0.007384623674,2.623946256237,2.623946256237,8.565468913037,8.565468912947,8.565468912947,8.565468912947,8.565468912847,8.565468912947,8.565468912917,8.565468912917,8.565468912917,8.565468912887,8.565468912887,8.565468912987,8.565468912987,8.565468912937,8.565468912937,8.565468912987,8.565468912987,8.565468913317,8.565468912517,8.565468912517,8.565468912517,8.565468913137,8.565468912637,8.565468912637,8.565468912637,8.565468912637,8.565468913137,8.565468913137,8.565468913127,8.565468913127,8.565468913037,8.565468912557,8.565468912857,8.565468912857,8.565468912857,8.565468912917,8.565468912817,8.565468912817,8.565468912867,8.565468912337,8.565468912337,8.565468912337,8.565468913337,8.565468912637,8.565468912437,8.565468912937,8.565468912937,8.565468913037,8.565468913337,8.565468913337,8.565468913337,8.565468913337,8.565468913237,8.565468913237,8.565468912857,8.565468912857,8.565468912857,8.565468912927,8.565468912927,8.565468912957,8.565468912857,8.565468912867,8.565468912827,8.565468912827,8.565468912827,8.565468912889,8.565468912889,8.565468912889,8.565468912977,8.565468912977,8.565468912977,8.565468912897,8.565468912897
"t100",6.583128166737,6.583128166777,6.583128166777,6.583128166767,6.583128166767,6.583128166837,6.583128166737,6.583128166337,6.583128166997,6.583128166977,6.583128166977,6.583128166707,6.583128166707,6.583128166707,6.583128166797,6.583128166737,6.583128166737,4.676180588037,4.676180588019,4.676180588019,4.676180588537,4.676180588537,2.422534111837,0.007384623674,0,2.623946256237,2.623946256237,8.565468913037,8.565468912947,8.565468912947,8.565468912947,8.565468912847,8.565468912947,8.565468912917,8.565468912917,8.565468912917,8.565468912887,8.565468912887,8.565468912987,8.565468912987,8.565468912937,8.565468912937,8.565468912987,8.565468912987,8.565468913317,8.565468912517,8.565468912517,8.565468912517,8.565468913137,8.565468912637,8.565468912637,8.565468912637,8.565468912637,8.565468913137,8.565468913137,8.565468913127,8.565468913127,8.565468913037,8.565468912557,8.565468912857,8.565468912857,8.565468912857,8.565468912917,8.565468912817,8.565468912817,8.565468912867,8.565468912337,8.565468912337,8.565468912337,8.565468913337,8.565468912637,8.565468912437,8.565468912937,8.565468912937,8.565468913037,8.565468913337,8.565468913337,8.565468913337,8.565468913337,8.565468913237,8.565468913237,8.565468912857,8.565468912857,8.565468912857,8.565468912927,8.565468912927,8.565468912957,8.565468912857,8.565468912867,8.565468912827,8.565468912827,8.565468912827,8.565468912889,8.565468912889,8.565468912889,8.565468912977,8.565468912977,8.565468912977,8.565468912897,8.565468912897
"t18",6.5831281669,6.58312816694,6.58312816694,6.58312816693,6.58312816693,6.583128167,6.5831281669,6.5831281665,6.58312816716,6.58312816714,6.58312816714,6.58312816687,6.58312816687,6.58312816687,6.58312816696,6.5831281669,6.5831281669,4.6761805882,4.676180588182,4.676180588182,4.6761805887,4.6761805887,2.6239462564,2.623946256237,2.623946256237,0,1.5951824594,8.5654689132,8.56546891311,8.56546891311,8.56546891311,8.56546891301,8.56546891311,8.56546891308,8.56546891308,8.56546891308,8.56546891305,8.56546891305,8.56546891315,8.56546891315,8.5654689131,8.5654689131,8.56546891315,8.56546891315,8.56546891348,8.56546891268,8.56546891268,8.56546891268,8.5654689133,8.5654689128,8.5654689128,8.5654689128,8.5654689128,8.5654689133,8.5654689133,8.56546891329,8.56546891329,8.5654689132,8.56546891272,8.56546891302,8.56546891302,8.56546891302,8.56546891308,8.56546891298,8.56546891298,8.56546891303,8.5654689125,8.5654689125,8.5654689125,8.5654689135,8.5654689128,8.5654689126,8.5654689131,8.5654689131,8.5654689132,8.5654689135,8.5654689135,8.5654689135,8.5654689135,8.5654689134,8.5654689134,8.56546891302,8.56546891302,8.56546891302,8.56546891309,8.56546891309,8.56546891312,8.56546891302,8.56546891303,8.56546891299,8.56546891299,8.56546891299,8.565468913052,8.565468913052,8.565468913052,8.56546891314,8.56546891314,8.56546891314,8.56546891306,8.56546891306
"t19",6.5831281669,6.58312816694,6.58312816694,6.58312816693,6.58312816693,6.583128167,6.5831281669,6.5831281665,6.58312816716,6.58312816714,6.58312816714,6.58312816687,6.58312816687,6.58312816687,6.58312816696,6.5831281669,6.5831281669,4.6761805882,4.676180588182,4.676180588182,4.6761805887,4.6761805887,2.6239462564,2.623946256237,2.623946256237,1.5951824594,0,8.5654689132,8.56546891311,8.56546891311,8.56546891311,8.56546891301,8.56546891311,8.56546891308,8.56546891308,8.56546891308,8.56546891305,8.56546891305,8.56546891315,8.56546891315,8.5654689131,8.5654689131,8.56546891315,8.56546891315,8.56546891348,8.56546891268,8.56546891268,8.56546891268,8.5654689133,8.5654689128,8.5654689128,8.5654689128,8.5654689128,8.5654689133,8.5654689133,8.56546891329,8.56546891329,8.5654689132,8.56546891272,8.56546891302,8.56546891302,8.56546891302,8.56546891308,8.56546891298,8.56546891298,8.56546891303,8.5654689125,8.5654689125,8.5654689125,8.5654689135,8.5654689128,8.5654689126,8.5654689131,8.5654689131,8.5654689132,8.5654689135,8.5654689135,8.5654689135,8.5654689135,8.5654689134,8.5654689134,8.56546891302,8.56546891302,8.56546891302,8.56546891309,8.56546891309,8.56546891312,8.56546891302,8.56546891303,8.56546891299,8.56546891299,8.56546891299,8.565468913052,8.565468913052,8.565468913052,8.56546891314,8.56546891314,8.56546891314,8.56546891306,8.56546891306
"t4",8.5654689133,8.56546891334,8.56546891334,8.56546891333,8.56546891333,8.5654689134,8.5654689133,8.5654689129,8.56546891356,8.56546891354,8.56546891354,8.56546891327,8.56546891327,8.56546891327,8.56546891336,8.5654689133,8.5654689133,8.565468913,8.565468912982,8.565468912982,8.5654689135,8.5654689135,8.5654689132,8.565468913037,8.565468913037,8.5654689132,8.5654689132,0,3.96687656191,3.96687656191,3.96687656191,3.96687656181,3.96687656191,3.96687656188,3.96687656188,3.96687656188,3.96687656185,3.96687656185,3.96687656195,3.96687656195,3.9668765619,3.9668765619,3.96687656195,3.96687656195,3.96687656228,3.96687656148,3.96687656148,3.96687656148,3.9934343439,5.1572089848,5.1572089848,5.1572089848,5.1572089848,7.0057036541,7.0057036541,7.00570365409,7.00570365409,7.005703654,7.24635408232,7.24635408262,7.24635408262,7.24635408262,7.24635408268,7.24635408258,7.24635408258,7.24635408263,7.2463540821,7.2463540821,7.2463540821,7.2463540831,7.2463540824,7.2463540822,7.2463540827,7.2463540827,7.2463540828,7.2463540831,7.2463540831,7.2463540831,7.2463540831,7.246354083,7.246354083,7.24635408262,7.24635408262,7.24635408262,7.24635408269,7.24635408269,7.24635408272,7.24635408262,7.24635408263,7.24635408259,7.24635408259,7.24635408259,7.246354082652,7.246354082652,7.246354082652,7.24635408274,7.24635408274,7.24635408274,7.24635408266,7.24635408266
