"","t1","t2","t5","t6","t10","t131","t132","t45","t65","t129","t130","t3","t4","t9","t96","t97","t39","t37","t86","t87","t69","t70","t49","t20","t33","t34","t25","t124","t125","t59","t30","t31","t51","t52","t46","t54","t55","t27","t36","t108","t109","t81","t82","t57","t103","t104","t75","t76","t118","t119","t88","t89","t84","t85","t135","t136","t127","t116","t117","t80","t13","t42","t43","t21","t22","t11","t12","t35","t56","t105","t106","t40","t47","t48","t137","t138","t50","t16","t17","t38","t64","t73","t74","t122","t123","t41","t26","t62","t63","t94","t95","t44","t23","t24","t18","t19","t98","t99","t71","t72","t126","t128","t133","t134","t32","t15","t14","t7","t8","t110","t111","t68","t101","t102","t53","t114","t115","t28","t29","t120","t121","t100","t60","t58","t77","t78","t79","t83","t90","t91","t92","t93","t66","t61","t112","t139","t140","t113","t107","t67"
"t1",0,8.9041020542,5.4543489223,5.7884759916,8.3134745241,8.90410205384,8.90410205384,8.9041020534,8.9041020534,8.90410205335,8.90410205335,5.796959272,5.4020321994,7.98181545036,8.90410205382,8.90410205382,7.93532442612,8.90410205424,8.904102054132,8.904102054132,8.904102053932,8.753910918532,8.904102053832,7.04865309142,8.11050564486,8.90410205346,7.16242808489,8.90410205404,8.90410205404,8.90410205402,7.48960072974,8.20628362481,8.90410205374,8.90410205374,8.90410205364,8.90410205364,8.90410205364,8.90410205407,7.69553650457,8.90410205393,8.90410205393,8.90410205393,8.90410205393,8.90410205393,8.90410205403,8.90410205403,8.5459463476,8.90410205403,8.90410205393,8.90410205393,8.90410205391,8.90410205391,8.90410205377,8.90410205377,8.90410205395,8.90410205395,8.90410205395,8.90410205384,8.90410205384,8.90410205394,8.85681339126,8.12845555146,8.27759024376,6.90934636434,7.66102359836,6.38229062906,6.1906507011,8.09468250234,8.90410205394,8.90410205394,8.90410205394,8.90410205424,8.90410205384,8.90410205388,8.90410205386,8.90410205386,8.90410205388,7.5163609677,7.08434296396,7.72079222241,8.90410205391,8.90410205391,8.90410205391,8.90410205389,8.90410205389,8.90410205341,7.53511278422,8.90410205391,8.90410205391,8.90410205392,8.90410205392,8.90410205392,7.86732698702,7.63582064552,7.4762115239,7.5739679037,8.90410205388,8.90410205388,8.90410205389,8.90410205389,8.90410205392,8.90410205392,8.90410205392,8.90410205392,7.79968045218,8.3373051137,6.6307170626,6.3779265669,6.5891076271,8.9041020534,8.9041020534,8.9041020534,8.6477089752,8.9041020533,8.9041020534,8.9041020541,8.9041020541,8.90410205327,8.21200066417,8.90410205356,8.90410205356,8.90410205356,8.90410205356,8.90410205356,8.90410205346,8.90410205352,8.90410205352,8.90410205354,8.80287960718,8.90410205348,8.904102053543,8.904102053543,8.904102053543,8.904102053543,8.904102053573,8.9041020535773,8.9041020535773,8.9041020536503,8.904102053643,8.904102053543
"t2",8.9041020542,0,5.6056630401,5.9397901094,8.4647886419,9.05541617164,9.05541617164,9.0554161712,9.0554161712,9.05541617115,9.05541617115,9.9494925598,9.5545654872,12.13434873816,13.05663534162,13.05663534162,12.08785771392,13.05663534204,13.056635341932,13.056635341932,13.056635341732,12.906444206332,13.056635341632,11.20118637922,12.26303893266,13.05663534126,11.31496137269,13.05663534184,13.05663534184,13.05663534182,11.64213401754,12.35881691261,13.05663534154,13.05663534154,13.05663534144,13.05663534144,13.05663534144,13.05663534187,11.84806979237,13.05663534173,13.05663534173,13.05663534173,13.05663534173,13.05663534173,13.05663534183,13.05663534183,12.6984796354,13.05663534183,13.05663534173,13.05663534173,13.05663534171,13.05663534171,13.05663534157,13.05663534157,13.05663534175,13.05663534175,13.05663534175,13.05663534164,13.05663534164,13.05663534174,13.00934667906,12.28098883926,12.43012353156,11.06187965214,11.81355688616,10.53482391686,10.3431839889,12.24721579014,13.05663534174,13.05663534174,13.05663534174,13.05663534204,13.05663534164,13.05663534168,13.05663534166,13.05663534166,13.05663534168,11.6688942555,11.23687625176,11.87332551021,13.05663534171,13.05663534171,13.05663534171,13.05663534169,13.05663534169,13.05663534121,11.68764607202,13.05663534171,13.05663534171,13.05663534172,13.05663534172,13.05663534172,12.01986027482,11.78835393332,11.6287448117,11.7265011915,13.05663534168,13.05663534168,13.05663534169,13.05663534169,13.05663534172,13.05663534172,13.05663534172,13.05663534172,11.95221373998,12.4898384015,10.7832503504,10.5304598547,10.7416409149,13.0566353412,13.0566353412,13.0566353412,12.800242263,13.0566353411,13.0566353412,13.0566353419,13.0566353419,13.05663534107,12.36453395197,13.05663534136,13.05663534136,13.05663534136,13.05663534136,13.05663534136,13.05663534126,13.05663534132,13.05663534132,13.05663534134,12.95541289498,13.05663534128,13.056635341343,13.056635341343,13.056635341343,13.056635341343,13.056635341373,13.0566353413773,13.0566353413773,13.0566353414503,13.056635341443,13.056635341343
"t5",5.4543489223,5.6056630401,0,0.6926003489,3.2175988814,3.80822641114,3.80822641114,3.8082264107,3.8082264107,3.80822641065,3.80822641065,6.4997394279,6.1048123553,8.68459560626,9.60688220972,9.60688220972,8.63810458202,9.60688221014,9.606882210032,9.606882210032,9.606882209832,9.456691074432,9.606882209732,7.75143324732,8.81328580076,9.60688220936,7.86520824079,9.60688220994,9.60688220994,9.60688220992,8.19238088564,8.90906378071,9.60688220964,9.60688220964,9.60688220954,9.60688220954,9.60688220954,9.60688220997,8.39831666047,9.60688220983,9.60688220983,9.60688220983,9.60688220983,9.60688220983,9.60688220993,9.60688220993,9.2487265035,9.60688220993,9.60688220983,9.60688220983,9.60688220981,9.60688220981,9.60688220967,9.60688220967,9.60688220985,9.60688220985,9.60688220985,9.60688220974,9.60688220974,9.60688220984,9.55959354716,8.83123570736,8.98037039966,7.61212652024,8.36380375426,7.08507078496,6.893430857,8.79746265824,9.60688220984,9.60688220984,9.60688220984,9.60688221014,9.60688220974,9.60688220978,9.60688220976,9.60688220976,9.60688220978,8.2191411236,7.78712311986,8.42357237831,9.60688220981,9.60688220981,9.60688220981,9.60688220979,9.60688220979,9.60688220931,8.23789294012,9.60688220981,9.60688220981,9.60688220982,9.60688220982,9.60688220982,8.57010714292,8.33860080142,8.1789916798,8.2767480596,9.60688220978,9.60688220978,9.60688220979,9.60688220979,9.60688220982,9.60688220982,9.60688220982,9.60688220982,8.50246060808,9.0400852696,7.3334972185,7.0807067228,7.291887783,9.6068822093,9.6068822093,9.6068822093,9.3504891311,9.6068822092,9.6068822093,9.60688221,9.60688221,9.60688220917,8.91478082007,9.60688220946,9.60688220946,9.60688220946,9.60688220946,9.60688220946,9.60688220936,9.60688220942,9.60688220942,9.60688220944,9.50565976308,9.60688220938,9.606882209443,9.606882209443,9.606882209443,9.606882209443,9.606882209473,9.6068822094773,9.6068822094773,9.6068822095503,9.606882209543,9.606882209443
"t6",5.7884759916,5.9397901094,0.6926003489,0,3.1670226565,3.75765018624,3.75765018624,3.7576501858,3.7576501858,3.75765018575,3.75765018575,6.8338664972,6.4389394246,9.01872267556,9.94100927902,9.94100927902,8.97223165132,9.94100927944,9.941009279332,9.941009279332,9.941009279132,9.790818143732,9.941009279032,8.08556031662,9.14741287006,9.94100927866,8.19933531009,9.94100927924,9.94100927924,9.94100927922,8.52650795494,9.24319085001,9.94100927894,9.94100927894,9.94100927884,9.94100927884,9.94100927884,9.94100927927,8.73244372977,9.94100927913,9.94100927913,9.94100927913,9.94100927913,9.94100927913,9.94100927923,9.94100927923,9.5828535728,9.94100927923,9.94100927913,9.94100927913,9.94100927911,9.94100927911,9.94100927897,9.94100927897,9.94100927915,9.94100927915,9.94100927915,9.94100927904,9.94100927904,9.94100927914,9.89372061646,9.16536277666,9.31449746896,7.94625358954,8.69793082356,7.41919785426,7.2275579263,9.13158972754,9.94100927914,9.94100927914,9.94100927914,9.94100927944,9.94100927904,9.94100927908,9.94100927906,9.94100927906,9.94100927908,8.5532681929,8.12125018916,8.75769944761,9.94100927911,9.94100927911,9.94100927911,9.94100927909,9.94100927909,9.94100927861,8.57202000942,9.94100927911,9.94100927911,9.94100927912,9.94100927912,9.94100927912,8.90423421222,8.67272787072,8.5131187491,8.6108751289,9.94100927908,9.94100927908,9.94100927909,9.94100927909,9.94100927912,9.94100927912,9.94100927912,9.94100927912,8.83658767738,9.3742123389,7.6676242878,7.4148337921,7.6260148523,9.9410092786,9.9410092786,9.9410092786,9.6846162004,9.9410092785,9.9410092786,9.9410092793,9.9410092793,9.94100927847,9.24890788937,9.94100927876,9.94100927876,9.94100927876,9.94100927876,9.94100927876,9.94100927866,9.94100927872,9.94100927872,9.94100927874,9.83978683238,9.94100927868,9.941009278743,9.941009278743,9.941009278743,9.941009278743,9.941009278773,9.9410092787773,9.9410092787773,9.9410092788503,9.941009278843,9.941009278743
"t10",8.3134745241,8.4647886419,3.2175988814,3.1670226565,0,4.99022354974,4.99022354974,4.9902235493,4.9902235493,4.99022354925,4.99022354925,9.3588650297,8.9639379571,11.54372120806,12.46600781152,12.46600781152,11.49723018382,12.46600781194,12.466007811832,12.466007811832,12.466007811632,12.315816676232,12.466007811532,10.61055884912,11.67241140256,12.46600781116,10.72433384259,12.46600781174,12.46600781174,12.46600781172,11.05150648744,11.76818938251,12.46600781144,12.46600781144,12.46600781134,12.46600781134,12.46600781134,12.46600781177,11.25744226227,12.46600781163,12.46600781163,12.46600781163,12.46600781163,12.46600781163,12.46600781173,12.46600781173,12.1078521053,12.46600781173,12.46600781163,12.46600781163,12.46600781161,12.46600781161,12.46600781147,12.46600781147,12.46600781165,12.46600781165,12.46600781165,12.46600781154,12.46600781154,12.46600781164,12.41871914896,11.69036130916,11.83949600146,10.47125212204,11.22292935606,9.94419638676,9.7525564588,11.65658826004,12.46600781164,12.46600781164,12.46600781164,12.46600781194,12.46600781154,12.46600781158,12.46600781156,12.46600781156,12.46600781158,11.0782667254,10.64624872166,11.28269798011,12.46600781161,12.46600781161,12.46600781161,12.46600781159,12.46600781159,12.46600781111,11.09701854192,12.46600781161,12.46600781161,12.46600781162,12.46600781162,12.46600781162,11.42923274472,11.19772640322,11.0381172816,11.1358736614,12.46600781158,12.46600781158,12.46600781159,12.46600781159,12.46600781162,12.46600781162,12.46600781162,12.46600781162,11.36158620988,11.8992108714,10.1926228203,9.9398323246,10.1510133848,12.4660078111,12.4660078111,12.4660078111,12.2096147329,12.466007811,12.4660078111,12.4660078118,12.4660078118,12.46600781097,11.77390642187,12.46600781126,12.46600781126,12.46600781126,12.46600781126,12.46600781126,12.46600781116,12.46600781122,12.46600781122,12.46600781124,12.36478536488,12.46600781118,12.466007811243,12.466007811243,12.466007811243,12.466007811243,12.466007811273,12.4660078112773,12.4660078112773,12.4660078113503,12.466007811343,12.466007811243
"t131",8.90410205384,9.05541617164,3.80822641114,3.75765018624,4.99022354974,0,0.10629810148,3.03812031104,3.03812031104,3.03812031099,3.03812031099,9.94949255944,9.55456548684,12.1343487378,13.05663534126,13.05663534126,12.08785771356,13.05663534168,13.056635341572,13.056635341572,13.056635341372,12.906444205972,13.056635341272,11.20118637886,12.2630389323,13.0566353409,11.31496137233,13.05663534148,13.05663534148,13.05663534146,11.64213401718,12.35881691225,13.05663534118,13.05663534118,13.05663534108,13.05663534108,13.05663534108,13.05663534151,11.84806979201,13.05663534137,13.05663534137,13.05663534137,13.05663534137,13.05663534137,13.05663534147,13.05663534147,12.69847963504,13.05663534147,13.05663534137,13.05663534137,13.05663534135,13.05663534135,13.05663534121,13.05663534121,13.05663534139,13.05663534139,13.05663534139,13.05663534128,13.05663534128,13.05663534138,13.0093466787,12.2809888389,12.4301235312,11.06187965178,11.8135568858,10.5348239165,10.34318398854,12.24721578978,13.05663534138,13.05663534138,13.05663534138,13.05663534168,13.05663534128,13.05663534132,13.0566353413,13.0566353413,13.05663534132,11.66889425514,11.2368762514,11.87332550985,13.05663534135,13.05663534135,13.05663534135,13.05663534133,13.05663534133,13.05663534085,11.68764607166,13.05663534135,13.05663534135,13.05663534136,13.05663534136,13.05663534136,12.01986027446,11.78835393296,11.62874481134,11.72650119114,13.05663534132,13.05663534132,13.05663534133,13.05663534133,13.05663534136,13.05663534136,13.05663534136,13.05663534136,11.95221373962,12.48983840114,10.78325035004,10.53045985434,10.74164091454,13.05663534084,13.05663534084,13.05663534084,12.80024226264,13.05663534074,13.05663534084,13.05663534154,13.05663534154,13.05663534071,12.36453395161,13.056635341,13.056635341,13.056635341,13.056635341,13.056635341,13.0566353409,13.05663534096,13.05663534096,13.05663534098,12.95541289462,13.05663534092,13.056635340983,13.056635340983,13.056635340983,13.056635340983,13.056635341013,13.0566353410173,13.0566353410173,13.0566353410903,13.056635341083,13.056635340983
"t132",8.90410205384,9.05541617164,3.80822641114,3.75765018624,4.99022354974,0.10629810148,0,3.03812031104,3.03812031104,3.03812031099,3.03812031099,9.94949255944,9.55456548684,12.1343487378,13.05663534126,13.05663534126,12.08785771356,13.05663534168,13.056635341572,13.056635341572,13.056635341372,12.906444205972,13.056635341272,11.20118637886,12.2630389323,13.0566353409,11.31496137233,13.05663534148,13.05663534148,13.05663534146,11.64213401718,12.35881691225,13.05663534118,13.05663534118,13.05663534108,13.05663534108,13.05663534108,13.05663534151,11.84806979201,13.05663534137,13.05663534137,13.05663534137,13.05663534137,13.05663534137,13.05663534147,13.05663534147,12.69847963504,13.05663534147,13.05663534137,13.05663534137,13.05663534135,13.05663534135,13.05663534121,13.05663534121,13.05663534139,13.05663534139,13.05663534139,13.05663534128,13.05663534128,13.05663534138,13.0093466787,12.2809888389,12.4301235312,11.06187965178,11.8135568858,10.5348239165,10.34318398854,12.24721578978,13.05663534138,13.05663534138,13.05663534138,13.05663534168,13.05663534128,13.05663534132,13.0566353413,13.0566353413,13.05663534132,11.66889425514,11.2368762514,11.87332550985,13.05663534135,13.05663534135,13.05663534135,13.05663534133,13.05663534133,13.05663534085,11.68764607166,13.05663534135,13.05663534135,13.05663534136,13.05663534136,13.05663534136,12.01986027446,11.78835393296,11.62874481134,11.72650119114,13.05663534132,13.05663534132,13.05663534133,13.05663534133,13.05663534136,13.05663534136,13.05663534136,13.05663534136,11.95221373962,12.48983840114,10.78325035004,10.53045985434,10.74164091454,13.05663534084,13.05663534084,13.05663534084,12.80024226264,13.05663534074,13.05663534084,13.05663534154,13.05663534154,13.05663534071,12.36453395161,13.056635341,13.056635341,13.056635341,13.056635341,13.056635341,13.0566353409,13.05663534096,13.05663534096,13.05663534098,12.95541289462,13.05663534092,13.056635340983,13.056635340983,13.056635340983,13.056635340983,13.056635341013,13.0566353410173,13.0566353410173,13.0566353410903,13.056635341083,13.056635340983
"t45",8.9041020534,9.0554161712,3.8082264107,3.7576501858,4.9902235493,3.03812031104,3.03812031104,0,1.8455873804,1.84558738035,1.84558738035,9.949492559,9.5545654864,12.13434873736,13.05663534082,13.05663534082,12.08785771312,13.05663534124,13.056635341132,13.056635341132,13.056635340932,12.906444205532,13.056635340832,11.20118637842,12.26303893186,13.05663534046,11.31496137189,13.05663534104,13.05663534104,13.05663534102,11.64213401674,12.35881691181,13.05663534074,13.05663534074,13.05663534064,13.05663534064,13.05663534064,13.05663534107,11.84806979157,13.05663534093,13.05663534093,13.05663534093,13.05663534093,13.05663534093,13.05663534103,13.05663534103,12.6984796346,13.05663534103,13.05663534093,13.05663534093,13.05663534091,13.05663534091,13.05663534077,13.05663534077,13.05663534095,13.05663534095,13.05663534095,13.05663534084,13.05663534084,13.05663534094,13.00934667826,12.28098883846,12.43012353076,11.06187965134,11.81355688536,10.53482391606,10.3431839881,12.24721578934,13.05663534094,13.05663534094,13.05663534094,13.05663534124,13.05663534084,13.05663534088,13.05663534086,13.05663534086,13.05663534088,11.6688942547,11.23687625096,11.87332550941,13.05663534091,13.05663534091,13.05663534091,13.05663534089,13.05663534089,13.05663534041,11.68764607122,13.05663534091,13.05663534091,13.05663534092,13.05663534092,13.05663534092,12.01986027402,11.78835393252,11.6287448109,11.7265011907,13.05663534088,13.05663534088,13.05663534089,13.05663534089,13.05663534092,13.05663534092,13.05663534092,13.05663534092,11.95221373918,12.4898384007,10.7832503496,10.5304598539,10.7416409141,13.0566353404,13.0566353404,13.0566353404,12.8002422622,13.0566353403,13.0566353404,13.0566353411,13.0566353411,13.05663534027,12.36453395117,13.05663534056,13.05663534056,13.05663534056,13.05663534056,13.05663534056,13.05663534046,13.05663534052,13.05663534052,13.05663534054,12.95541289418,13.05663534048,13.056635340543,13.056635340543,13.056635340543,13.056635340543,13.056635340573,13.0566353405773,13.0566353405773,13.0566353406503,13.056635340643,13.056635340543
"t65",8.9041020534,9.0554161712,3.8082264107,3.7576501858,4.9902235493,3.03812031104,3.03812031104,1.8455873804,0,1.02804889915,1.02804889915,9.949492559,9.5545654864,12.13434873736,13.05663534082,13.05663534082,12.08785771312,13.05663534124,13.056635341132,13.056635341132,13.056635340932,12.906444205532,13.056635340832,11.20118637842,12.26303893186,13.05663534046,11.31496137189,13.05663534104,13.05663534104,13.05663534102,11.64213401674,12.35881691181,13.05663534074,13.05663534074,13.05663534064,13.05663534064,13.05663534064,13.05663534107,11.84806979157,13.05663534093,13.05663534093,13.05663534093,13.05663534093,13.05663534093,13.05663534103,13.05663534103,12.6984796346,13.05663534103,13.05663534093,13.05663534093,13.05663534091,13.05663534091,13.05663534077,13.05663534077,13.05663534095,13.05663534095,13.05663534095,13.05663534084,13.05663534084,13.05663534094,13.00934667826,12.28098883846,12.43012353076,11.06187965134,11.81355688536,10.53482391606,10.3431839881,12.24721578934,13.05663534094,13.05663534094,13.05663534094,13.05663534124,13.05663534084,13.05663534088,13.05663534086,13.05663534086,13.05663534088,11.6688942547,11.23687625096,11.87332550941,13.05663534091,13.05663534091,13.05663534091,13.05663534089,13.05663534089,13.05663534041,11.68764607122,13.05663534091,13.05663534091,13.05663534092,13.05663534092,13.05663534092,12.01986027402,11.78835393252,11.6287448109,11.7265011907,13.05663534088,13.05663534088,13.05663534089,13.05663534089,13.05663534092,13.05663534092,13.05663534092,13.05663534092,11.95221373918,12.4898384007,10.7832503496,10.5304598539,10.7416409141,13.0566353404,13.0566353404,13.0566353404,12.8002422622,13.0566353403,13.0566353404,13.0566353411,13.0566353411,13.05663534027,12.36453395117,13.05663534056,13.05663534056,13.05663534056,13.05663534056,13.05663534056,13.05663534046,13.05663534052,13.05663534052,13.05663534054,12.95541289418,13.05663534048,13.056635340543,13.056635340543,13.056635340543,13.056635340543,13.056635340573,13.0566353405773,13.0566353405773,13.0566353406503,13.056635340643,13.056635340543
"t129",8.90410205335,9.05541617115,3.80822641065,3.75765018575,4.99022354925,3.03812031099,3.03812031099,1.84558738035,1.02804889915,0,0.1202519773,9.94949255895,9.55456548635,12.13434873731,13.05663534077,13.05663534077,12.08785771307,13.05663534119,13.056635341082,13.056635341082,13.056635340882,12.906444205482,13.056635340782,11.20118637837,12.26303893181,13.05663534041,11.31496137184,13.05663534099,13.05663534099,13.05663534097,11.64213401669,12.35881691176,13.05663534069,13.05663534069,13.05663534059,13.05663534059,13.05663534059,13.05663534102,11.84806979152,13.05663534088,13.05663534088,13.05663534088,13.05663534088,13.05663534088,13.05663534098,13.05663534098,12.69847963455,13.05663534098,13.05663534088,13.05663534088,13.05663534086,13.05663534086,13.05663534072,13.05663534072,13.0566353409,13.0566353409,13.0566353409,13.05663534079,13.05663534079,13.05663534089,13.00934667821,12.28098883841,12.43012353071,11.06187965129,11.81355688531,10.53482391601,10.34318398805,12.24721578929,13.05663534089,13.05663534089,13.05663534089,13.05663534119,13.05663534079,13.05663534083,13.05663534081,13.05663534081,13.05663534083,11.66889425465,11.23687625091,11.87332550936,13.05663534086,13.05663534086,13.05663534086,13.05663534084,13.05663534084,13.05663534036,11.68764607117,13.05663534086,13.05663534086,13.05663534087,13.05663534087,13.05663534087,12.01986027397,11.78835393247,11.62874481085,11.72650119065,13.05663534083,13.05663534083,13.05663534084,13.05663534084,13.05663534087,13.05663534087,13.05663534087,13.05663534087,11.95221373913,12.48983840065,10.78325034955,10.53045985385,10.74164091405,13.05663534035,13.05663534035,13.05663534035,12.80024226215,13.05663534025,13.05663534035,13.05663534105,13.05663534105,13.05663534022,12.36453395112,13.05663534051,13.05663534051,13.05663534051,13.05663534051,13.05663534051,13.05663534041,13.05663534047,13.05663534047,13.05663534049,12.95541289413,13.05663534043,13.056635340493,13.056635340493,13.056635340493,13.056635340493,13.056635340523,13.0566353405273,13.0566353405273,13.0566353406003,13.056635340593,13.056635340493
"t130",8.90410205335,9.05541617115,3.80822641065,3.75765018575,4.99022354925,3.03812031099,3.03812031099,1.84558738035,1.02804889915,0.1202519773,0,9.94949255895,9.55456548635,12.13434873731,13.05663534077,13.05663534077,12.08785771307,13.05663534119,13.056635341082,13.056635341082,13.056635340882,12.906444205482,13.056635340782,11.20118637837,12.26303893181,13.05663534041,11.31496137184,13.05663534099,13.05663534099,13.05663534097,11.64213401669,12.35881691176,13.05663534069,13.05663534069,13.05663534059,13.05663534059,13.05663534059,13.05663534102,11.84806979152,13.05663534088,13.05663534088,13.05663534088,13.05663534088,13.05663534088,13.05663534098,13.05663534098,12.69847963455,13.05663534098,13.05663534088,13.05663534088,13.05663534086,13.05663534086,13.05663534072,13.05663534072,13.0566353409,13.0566353409,13.0566353409,13.05663534079,13.05663534079,13.05663534089,13.00934667821,12.28098883841,12.43012353071,11.06187965129,11.81355688531,10.53482391601,10.34318398805,12.24721578929,13.05663534089,13.05663534089,13.05663534089,13.05663534119,13.05663534079,13.05663534083,13.05663534081,13.05663534081,13.05663534083,11.66889425465,11.23687625091,11.87332550936,13.05663534086,13.05663534086,13.05663534086,13.05663534084,13.05663534084,13.05663534036,11.68764607117,13.05663534086,13.05663534086,13.05663534087,13.05663534087,13.05663534087,12.01986027397,11.78835393247,11.62874481085,11.72650119065,13.05663534083,13.05663534083,13.05663534084,13.05663534084,13.05663534087,13.05663534087,13.05663534087,13.05663534087,11.95221373913,12.48983840065,10.78325034955,10.53045985385,10.74164091405,13.05663534035,13.05663534035,13.05663534035,12.80024226215,13.05663534025,13.05663534035,13.05663534105,13.05663534105,13.05663534022,12.36453395112,13.05663534051,13.05663534051,13.05663534051,13.05663534051,13.05663534051,13.05663534041,13.05663534047,13.05663534047,13.05663534049,12.95541289413,13.05663534043,13.056635340493,13.056635340493,13.056635340493,13.056635340493,13.056635340523,13.0566353405273,13.0566353405273,13.0566353406003,13.056635340593,13.056635340493
"t3",5.796959272,9.9494925598,6.4997394279,6.8338664972,9.3588650297,9.94949255944,9.94949255944,9.949492559,9.949492559,9.94949255895,9.94949255895,0,1.1812096194,8.01396391236,8.93625051582,8.93625051582,7.96747288812,8.93625051624,8.936250516132,8.936250516132,8.936250515932,8.786059380532,8.936250515832,7.08080155342,8.14265410686,8.93625051546,7.19457654689,8.93625051604,8.93625051604,8.93625051602,7.52174919174,8.23843208681,8.93625051574,8.93625051574,8.93625051564,8.93625051564,8.93625051564,8.93625051607,7.72768496657,8.93625051593,8.93625051593,8.93625051593,8.93625051593,8.93625051593,8.93625051603,8.93625051603,8.5780948096,8.93625051603,8.93625051593,8.93625051593,8.93625051591,8.93625051591,8.93625051577,8.93625051577,8.93625051595,8.93625051595,8.93625051595,8.93625051584,8.93625051584,8.93625051594,8.88896185326,8.16060401346,8.30973870576,6.94149482634,7.69317206036,6.41443909106,6.2227991631,8.12683096434,8.93625051594,8.93625051594,8.93625051594,8.93625051624,8.93625051584,8.93625051588,8.93625051586,8.93625051586,8.93625051588,7.5485094297,7.11649142596,7.75294068441,8.93625051591,8.93625051591,8.93625051591,8.93625051589,8.93625051589,8.93625051541,7.56726124622,8.93625051591,8.93625051591,8.93625051592,8.93625051592,8.93625051592,7.89947544902,7.66796910752,7.5083599859,7.6061163657,8.93625051588,8.93625051588,8.93625051589,8.93625051589,8.93625051592,8.93625051592,8.93625051592,8.93625051592,7.83182891418,8.3694535757,6.6628655246,6.4100750289,6.6212560891,8.9362505154,8.9362505154,8.9362505154,8.6798574372,8.9362505153,8.9362505154,8.9362505161,8.9362505161,8.93625051527,8.24414912617,8.93625051556,8.93625051556,8.93625051556,8.93625051556,8.93625051556,8.93625051546,8.93625051552,8.93625051552,8.93625051554,8.83502806918,8.93625051548,8.936250515543,8.936250515543,8.936250515543,8.936250515543,8.936250515573,8.9362505155773,8.9362505155773,8.9362505156503,8.936250515643,8.936250515543
"t4",5.4020321994,9.5545654872,6.1048123553,6.4389394246,8.9639379571,9.55456548684,9.55456548684,9.5545654864,9.5545654864,9.55456548635,9.55456548635,1.1812096194,0,7.61903683976,8.54132344322,8.54132344322,7.57254581552,8.54132344364,8.541323443532,8.541323443532,8.541323443332,8.391132307932,8.541323443232,6.68587448082,7.74772703426,8.54132344286,6.79964947429,8.54132344344,8.54132344344,8.54132344342,7.12682211914,7.84350501421,8.54132344314,8.54132344314,8.54132344304,8.54132344304,8.54132344304,8.54132344347,7.33275789397,8.54132344333,8.54132344333,8.54132344333,8.54132344333,8.54132344333,8.54132344343,8.54132344343,8.183167737,8.54132344343,8.54132344333,8.54132344333,8.54132344331,8.54132344331,8.54132344317,8.54132344317,8.54132344335,8.54132344335,8.54132344335,8.54132344324,8.54132344324,8.54132344334,8.49403478066,7.76567694086,7.91481163316,6.54656775374,7.29824498776,6.01951201846,5.8278720905,7.73190389174,8.54132344334,8.54132344334,8.54132344334,8.54132344364,8.54132344324,8.54132344328,8.54132344326,8.54132344326,8.54132344328,7.1535823571,6.72156435336,7.35801361181,8.54132344331,8.54132344331,8.54132344331,8.54132344329,8.54132344329,8.54132344281,7.17233417362,8.54132344331,8.54132344331,8.54132344332,8.54132344332,8.54132344332,7.50454837642,7.27304203492,7.1134329133,7.2111892931,8.54132344328,8.54132344328,8.54132344329,8.54132344329,8.54132344332,8.54132344332,8.54132344332,8.54132344332,7.43690184158,7.9745265031,6.267938452,6.0151479563,6.2263290165,8.5413234428,8.5413234428,8.5413234428,8.2849303646,8.5413234427,8.5413234428,8.5413234435,8.5413234435,8.54132344267,7.84922205357,8.54132344296,8.54132344296,8.54132344296,8.54132344296,8.54132344296,8.54132344286,8.54132344292,8.54132344292,8.54132344294,8.44010099658,8.54132344288,8.541323442943,8.541323442943,8.541323442943,8.541323442943,8.541323442973,8.5413234429773,8.5413234429773,8.5413234430503,8.541323443043,8.541323442943
"t9",7.98181545036,12.13434873816,8.68459560626,9.01872267556,11.54372120806,12.1343487378,12.1343487378,12.13434873736,12.13434873736,12.13434873731,12.13434873731,8.01396391236,7.61903683976,0,4.67667089146,4.67667089146,3.70789326376,4.67667089188,4.676670891772,4.676670891772,4.676670891572,4.526479756172,4.676670891472,2.82122192906,3.8830744825,4.6766708911,2.93499692253,4.67667089168,4.67667089168,4.67667089166,3.26216956738,3.97885246245,4.67667089138,4.67667089138,4.67667089128,4.67667089128,4.67667089128,4.67667089171,3.46810534221,4.67667089157,4.67667089157,4.67667089157,4.67667089157,4.67667089157,4.67667089167,4.67667089167,4.31851518524,4.67667089167,4.67667089157,4.67667089157,4.67667089155,4.67667089155,4.67667089141,4.67667089141,4.67667089159,4.67667089159,4.67667089159,4.67667089148,4.67667089148,4.67667089158,4.6293822289,3.9010243891,4.0501590814,2.68191520198,3.433592436,2.4319665527,2.24032662474,4.2951687657,5.1045883173,5.1045883173,5.1045883173,5.1045883176,5.1045883172,5.10458831724,5.10458831722,5.10458831722,5.10458831724,3.71684723106,3.28482922732,3.92127848577,5.10458831727,5.10458831727,5.10458831727,5.10458831725,5.10458831725,5.10458831677,3.73559904758,5.10458831727,5.10458831727,5.10458831728,5.10458831728,5.10458831728,4.06781325038,3.83630690888,3.67669778726,3.77445416706,5.10458831724,5.10458831724,5.10458831725,5.10458831725,5.10458831728,5.10458831728,5.10458831728,5.10458831728,4.00016671554,4.53779137706,2.83120332596,2.94863489286,3.15981595306,5.84343153576,5.84343153576,5.84343153576,5.58703845756,5.84343153566,5.84343153576,5.84343153646,5.84343153646,5.84343153563,5.15133014653,5.84343153592,5.84343153592,5.84343153592,5.84343153592,5.84343153592,5.84343153582,5.84343153588,5.84343153588,5.8434315359,5.74220908954,5.84343153584,5.843431535903,5.843431535903,5.843431535903,5.843431535903,5.843431535933,5.8434315359373,5.8434315359373,5.8434315360103,5.843431536003,5.843431535903
"t96",8.90410205382,13.05663534162,9.60688220972,9.94100927902,12.46600781152,13.05663534126,13.05663534126,13.05663534082,13.05663534082,13.05663534077,13.05663534077,8.93625051582,8.54132344322,4.67667089146,0,0.6226033138,1.5089735141,2.52758809358,3.521014261872,3.521014261872,3.521014261672,3.370823126272,3.521014261572,2.47181605916,3.5336686126,4.3272650212,2.58559105263,4.32726502178,4.32726502178,4.32726502176,2.91276369748,3.62944659255,5.24266156748,5.24266156748,5.24266156738,5.24266156738,5.24266156738,5.24266156781,4.03409601831,5.24266156767,5.24266156767,5.24266156767,5.24266156767,5.24266156767,5.24266156777,5.24266156777,4.88450586134,5.24266156777,5.24266156767,5.24266156767,5.24266156765,5.24266156765,5.24266156751,5.24266156751,5.24266156769,5.24266156769,5.24266156769,5.24266156758,5.24266156758,5.24266156768,5.28501224776,4.55665440796,4.70578910026,3.33754522084,4.08922245486,3.35425315616,3.1626132282,5.21745536916,6.02687492076,6.02687492076,6.02687492076,6.02687492106,6.02687492066,6.0268749207,6.02687492068,6.02687492068,6.0268749207,4.63913383452,4.20711583078,4.84356508923,6.02687492073,6.02687492073,6.02687492073,6.02687492071,6.02687492071,6.02687492023,4.65788565104,6.02687492073,6.02687492073,6.02687492074,6.02687492074,6.02687492074,4.99009985384,4.75859351234,4.59898439072,4.69674077052,6.0268749207,6.0268749207,6.02687492071,6.02687492071,6.02687492074,6.02687492074,6.02687492074,6.02687492074,4.922453319,5.46007798052,3.75348992942,3.87092149632,4.08210255652,6.76571813922,6.76571813922,6.76571813922,6.50932506102,6.76571813912,6.76571813922,6.76571813992,6.76571813992,6.76571813909,6.07361674999,6.76571813938,6.76571813938,6.76571813938,6.76571813938,6.76571813938,6.76571813928,6.76571813934,6.76571813934,6.76571813936,6.664495693,6.7657181393,6.765718139363,6.765718139363,6.765718139363,6.765718139363,6.765718139393,6.7657181393973,6.7657181393973,6.7657181394703,6.765718139463,6.765718139363
"t97",8.90410205382,13.05663534162,9.60688220972,9.94100927902,12.46600781152,13.05663534126,13.05663534126,13.05663534082,13.05663534082,13.05663534077,13.05663534077,8.93625051582,8.54132344322,4.67667089146,0.6226033138,0,1.5089735141,2.52758809358,3.521014261872,3.521014261872,3.521014261672,3.370823126272,3.521014261572,2.47181605916,3.5336686126,4.3272650212,2.58559105263,4.32726502178,4.32726502178,4.32726502176,2.91276369748,3.62944659255,5.24266156748,5.24266156748,5.24266156738,5.24266156738,5.24266156738,5.24266156781,4.03409601831,5.24266156767,5.24266156767,5.24266156767,5.24266156767,5.24266156767,5.24266156777,5.24266156777,4.88450586134,5.24266156777,5.24266156767,5.24266156767,5.24266156765,5.24266156765,5.24266156751,5.24266156751,5.24266156769,5.24266156769,5.24266156769,5.24266156758,5.24266156758,5.24266156768,5.28501224776,4.55665440796,4.70578910026,3.33754522084,4.08922245486,3.35425315616,3.1626132282,5.21745536916,6.02687492076,6.02687492076,6.02687492076,6.02687492106,6.02687492066,6.0268749207,6.02687492068,6.02687492068,6.0268749207,4.63913383452,4.20711583078,4.84356508923,6.02687492073,6.02687492073,6.02687492073,6.02687492071,6.02687492071,6.02687492023,4.65788565104,6.02687492073,6.02687492073,6.02687492074,6.02687492074,6.02687492074,4.99009985384,4.75859351234,4.59898439072,4.69674077052,6.0268749207,6.0268749207,6.02687492071,6.02687492071,6.02687492074,6.02687492074,6.02687492074,6.02687492074,4.922453319,5.46007798052,3.75348992942,3.87092149632,4.08210255652,6.76571813922,6.76571813922,6.76571813922,6.50932506102,6.76571813912,6.76571813922,6.76571813992,6.76571813992,6.76571813909,6.07361674999,6.76571813938,6.76571813938,6.76571813938,6.76571813938,6.76571813938,6.76571813928,6.76571813934,6.76571813934,6.76571813936,6.664495693,6.7657181393,6.765718139363,6.765718139363,6.765718139363,6.765718139363,6.765718139393,6.7657181393973,6.7657181393973,6.7657181394703,6.765718139463,6.765718139363
"t39",7.93532442612,12.08785771392,8.63810458202,8.97223165132,11.49723018382,12.08785771356,12.08785771356,12.08785771312,12.08785771312,12.08785771307,12.08785771307,7.96747288812,7.57254581552,3.70789326376,1.5089735141,1.5089735141,0,1.55881046588,2.552236634172,2.552236634172,2.552236633972,2.402045498572,2.552236633872,1.50303843146,2.5648909849,3.3584873935,1.61681342493,3.35848739408,3.35848739408,3.35848739406,1.94398606978,2.66066896485,4.27388393978,4.27388393978,4.27388393968,4.27388393968,4.27388393968,4.27388394011,3.06531839061,4.27388393997,4.27388393997,4.27388393997,4.27388393997,4.27388393997,4.27388394007,4.27388394007,3.91572823364,4.27388394007,4.27388393997,4.27388393997,4.27388393995,4.27388393995,4.27388393981,4.27388393981,4.27388393999,4.27388393999,4.27388393999,4.27388393988,4.27388393988,4.27388393998,4.31623462006,3.58787678026,3.73701147256,2.36876759314,3.12044482716,2.38547552846,2.1938356005,4.24867774146,5.05809729306,5.05809729306,5.05809729306,5.05809729336,5.05809729296,5.058097293,5.05809729298,5.05809729298,5.058097293,3.67035620682,3.23833820308,3.87478746153,5.05809729303,5.05809729303,5.05809729303,5.05809729301,5.05809729301,5.05809729253,3.68910802334,5.05809729303,5.05809729303,5.05809729304,5.05809729304,5.05809729304,4.02132222614,3.78981588464,3.63020676302,3.72796314282,5.058097293,5.058097293,5.05809729301,5.05809729301,5.05809729304,5.05809729304,5.05809729304,5.05809729304,3.9536756913,4.49130035282,2.78471230172,2.90214386862,3.11332492882,5.79694051152,5.79694051152,5.79694051152,5.54054743332,5.79694051142,5.79694051152,5.79694051222,5.79694051222,5.79694051139,5.10483912229,5.79694051168,5.79694051168,5.79694051168,5.79694051168,5.79694051168,5.79694051158,5.79694051164,5.79694051164,5.79694051166,5.6957180653,5.7969405116,5.796940511663,5.796940511663,5.796940511663,5.796940511663,5.796940511693,5.7969405116973,5.7969405116973,5.7969405117703,5.796940511763,5.796940511663
"t37",8.90410205424,13.05663534204,9.60688221014,9.94100927944,12.46600781194,13.05663534168,13.05663534168,13.05663534124,13.05663534124,13.05663534119,13.05663534119,8.93625051624,8.54132344364,4.67667089188,2.52758809358,2.52758809358,1.55881046588,0,3.521014262292,3.521014262292,3.521014262092,3.370823126692,3.521014261992,2.47181605958,3.53366861302,4.32726502162,2.58559105305,4.3272650222,4.3272650222,4.32726502218,2.9127636979,3.62944659297,5.2426615679,5.2426615679,5.2426615678,5.2426615678,5.2426615678,5.24266156823,4.03409601873,5.24266156809,5.24266156809,5.24266156809,5.24266156809,5.24266156809,5.24266156819,5.24266156819,4.88450586176,5.24266156819,5.24266156809,5.24266156809,5.24266156807,5.24266156807,5.24266156793,5.24266156793,5.24266156811,5.24266156811,5.24266156811,5.242661568,5.242661568,5.2426615681,5.28501224818,4.55665440838,4.70578910068,3.33754522126,4.08922245528,3.35425315658,3.16261322862,5.21745536958,6.02687492118,6.02687492118,6.02687492118,6.02687492148,6.02687492108,6.02687492112,6.0268749211,6.0268749211,6.02687492112,4.63913383494,4.2071158312,4.84356508965,6.02687492115,6.02687492115,6.02687492115,6.02687492113,6.02687492113,6.02687492065,4.65788565146,6.02687492115,6.02687492115,6.02687492116,6.02687492116,6.02687492116,4.99009985426,4.75859351276,4.59898439114,4.69674077094,6.02687492112,6.02687492112,6.02687492113,6.02687492113,6.02687492116,6.02687492116,6.02687492116,6.02687492116,4.92245331942,5.46007798094,3.75348992984,3.87092149674,4.08210255694,6.76571813964,6.76571813964,6.76571813964,6.50932506144,6.76571813954,6.76571813964,6.76571814034,6.76571814034,6.76571813951,6.07361675041,6.7657181398,6.7657181398,6.7657181398,6.7657181398,6.7657181398,6.7657181397,6.76571813976,6.76571813976,6.76571813978,6.66449569342,6.76571813972,6.765718139783,6.765718139783,6.765718139783,6.765718139783,6.765718139813,6.7657181398173,6.7657181398173,6.7657181398903,6.765718139883,6.765718139783
"t86",8.904102054132,13.056635341932,9.606882210032,9.941009279332,12.466007811832,13.056635341572,13.056635341572,13.056635341132,13.056635341132,13.056635341082,13.056635341082,8.936250516132,8.541323443532,4.676670891772,3.521014261872,3.521014261872,2.552236634172,3.521014262292,0,0.7244995944,3.5040977542,3.3539066188,3.5040977541,2.471816059472,3.533668612912,4.327265021512,2.585591052942,4.327265022092,4.327265022092,4.327265022072,2.912763697792,3.629446592862,5.242661567792,5.242661567792,5.242661567692,5.242661567692,5.242661567692,5.242661568122,4.034096018622,5.242661567982,5.242661567982,5.242661567982,5.242661567982,5.242661567982,5.242661568082,5.242661568082,4.884505861652,5.242661568082,5.242661567982,5.242661567982,5.242661567962,5.242661567962,5.242661567822,5.242661567822,5.242661568002,5.242661568002,5.242661568002,5.242661567892,5.242661567892,5.242661567992,5.285012248072,4.556654408272,4.705789100572,3.337545221152,4.089222455172,3.354253156472,3.162613228512,5.217455369472,6.026874921072,6.026874921072,6.026874921072,6.026874921372,6.026874920972,6.026874921012,6.026874920992,6.026874920992,6.026874921012,4.639133834832,4.207115831092,4.843565089542,6.026874921042,6.026874921042,6.026874921042,6.026874921022,6.026874921022,6.026874920542,4.657885651352,6.026874921042,6.026874921042,6.026874921052,6.026874921052,6.026874921052,4.990099854152,4.758593512652,4.598984391032,4.696740770832,6.026874921012,6.026874921012,6.026874921022,6.026874921022,6.026874921052,6.026874921052,6.026874921052,6.026874921052,4.922453319312,5.460077980832,3.753489929732,3.870921496632,4.082102556832,6.765718139532,6.765718139532,6.765718139532,6.509325061332,6.765718139432,6.765718139532,6.765718140232,6.765718140232,6.765718139402,6.073616750302,6.765718139692,6.765718139692,6.765718139692,6.765718139692,6.765718139692,6.765718139592,6.765718139652,6.765718139652,6.765718139672,6.664495693312,6.765718139612,6.765718139675,6.765718139675,6.765718139675,6.765718139675,6.765718139705,6.7657181397093,6.7657181397093,6.7657181397823,6.765718139775,6.765718139675
