"","t2","t3","t6","t17","t78","t131","t132","t122","t123","t98","t84","t85","t139","t140","t129","t160","t161","t144","t145","t87","t82","t67","t68","t11","t22","t47","t95","t96","t83","t90","t91","t71","t59","t27","t28","t39","t40","t33","t61","t62","t42","t31","t37","t104","t105","t56","t19","t7","t110","t111","t162","t163","t120","t35","t148","t149","t114","t72","t14","t9","t10","t16","t18","t30","t146","t147","t141","t48","t49","t20","t45","t46","t108","t109","t57","t152","t153","t130","t137","t138","t38","t4","t5","t15","t29","t69","t70","t80","t81","t58","t101","t102","t86","t118","t119","t156","t157","t73","t79","t133","t134","t158","t159","t154","t155","t121","t88","t92","t93","t89","t74","t24","t32","t53","t54","t55","t63","t97","t127","t128","t34","t43","t125","t126","t115","t94","t25","t23","t135","t136","t124","t75","t41","t26","t142","t143","t112","t113","t99","t106","t107","t36","t21","t60","t76","t77","t150","t151","t51","t44","t12","t13","t8","t100","t116","t117","t103","t50","t64","t65","t66","t52","t1"
"t2",0,0.6546815954,1.85962717341,2.6463818508,5.6868855448,5.6868855448,5.6868855448,5.686885545,5.686885545,5.686885545,5.21370551182,5.68688554502,5.68688554511,5.68688554511,5.6868855451,5.686885545485,5.686885545485,5.6868855451,5.6868855451,5.68688554512,5.05298802114,4.871139415,5.6868855451,3.72063487336,3.05708754846,5.68688554446,5.6868855444,5.6868855444,5.6868855444,5.68688554433,5.68688554433,5.68688554433,5.68688554416,3.9810876553,4.0386694748,4.45125189858,5.68688554428,4.63800328808,5.68688554488,4.82092723058,5.58853885548,5.68688554478,4.3187586339,5.4272979455,5.6868855443,5.6868855445,5.1732487442,4.0700418568,7.4315876427,7.4315876427,7.43158764279,7.43158764279,7.4315876428,7.4315876433,7.43158764354,7.43158764354,7.4315876435,7.4315876435,7.4315876433,3.8787992149,4.5497702172,4.02507910897,4.71645701378,7.43158764298,7.43158764374,7.43158764374,7.43158764373,7.43158764388,6.64073616468,4.47868650048,6.48692611578,6.55304642248,7.43158764333,7.43158764333,7.43158764343,7.43158764346,7.43158764346,7.43158764353,7.43158764349,7.43158764349,7.43158764378,7.00017785898,3.50093590613,4.82806737888,6.38618385198,7.43158764348,7.43158764348,7.43158764348,7.36354417978,6.52370526928,7.11215422748,7.43158764308,7.43158764338,7.43158764338,7.43158764338,7.43158764338,7.43158764338,7.31429359588,7.43158764318,7.43158764308,7.43158764308,7.43158764315,7.43158764315,7.43158764315,7.43158764315,7.43158764317,7.21103252398,7.43158764322,7.43158764322,7.25123072608,6.82973134658,4.916321607849,5.810345733369,7.431587642569,6.495406374394,7.075788963494,7.431587642969,7.431587642969,7.431587642969,7.431587642969,7.431587643169,6.314144310949,7.431587643069,7.355581845669,7.431587643049,7.431587643149,4.976734066279,6.87225737598,7.43158764311,7.43158764311,7.21694536692,7.00438222131,7.05464658481,5.69298342031,7.43158764287,7.43158764287,7.431587642828,7.431587642828,7.25207574491,7.43158764287,7.39439201887,5.71235010165,5.50197186638,7.08530183909,6.82045261636,6.71831584504,7.43158764342,7.43158764342,7.43158764309,6.36940948449,3.96439007795,5.87462703119,4.6125270093,7.4315876423,7.43158764239,7.43158764239,7.43158764239,7.4315876421,7.43158764232,7.431587642321,7.022028802421,7.43158764272,2.1473293705
"t3",0.6546815954,0,1.77076225041,2.5575169278,5.5980206218,5.5980206218,5.5980206218,5.598020622,5.598020622,5.598020622,5.12484058882,5.59802062202,5.59802062211,5.59802062211,5.5980206221,5.598020622485,5.598020622485,5.5980206221,5.5980206221,5.59802062212,4.96412309814,4.782274492,5.5980206221,3.63176995036,2.96822262546,5.59802062146,5.5980206214,5.5980206214,5.5980206214,5.59802062133,5.59802062133,5.59802062133,5.59802062116,3.8922227323,3.9498045518,4.36238697558,5.59802062128,4.54913836508,5.59802062188,4.73206230758,5.49967393248,5.59802062178,4.2298937109,5.3384330225,5.5980206213,5.5980206215,5.0843838212,3.9811769338,7.3427227197,7.3427227197,7.34272271979,7.34272271979,7.3427227198,7.3427227203,7.34272272054,7.34272272054,7.3427227205,7.3427227205,7.3427227203,3.7899342919,4.4609052942,3.93621418597,4.62759209078,7.34272271998,7.34272272074,7.34272272074,7.34272272073,7.34272272088,6.55187124168,4.38982157748,6.39806119278,6.46418149948,7.34272272033,7.34272272033,7.34272272043,7.34272272046,7.34272272046,7.34272272053,7.34272272049,7.34272272049,7.34272272078,6.91131293598,3.41207098313,4.73920245588,6.29731892898,7.34272272048,7.34272272048,7.34272272048,7.27467925678,6.43484034628,7.02328930448,7.34272272008,7.34272272038,7.34272272038,7.34272272038,7.34272272038,7.34272272038,7.22542867288,7.34272272018,7.34272272008,7.34272272008,7.34272272015,7.34272272015,7.34272272015,7.34272272015,7.34272272017,7.12216760098,7.34272272022,7.34272272022,7.16236580308,6.74086642358,4.827456684849,5.721480810369,7.342722719569,6.406541451394,6.986924040494,7.342722719969,7.342722719969,7.342722719969,7.342722719969,7.342722720169,6.225279387949,7.342722720069,7.266716922669,7.342722720049,7.342722720149,4.887869143279,6.78339245298,7.34272272011,7.34272272011,7.12808044392,6.91551729831,6.96578166181,5.60411849731,7.34272271987,7.34272271987,7.342722719828,7.342722719828,7.16321082191,7.34272271987,7.30552709587,5.62348517865,5.41310694338,6.99643691609,6.73158769336,6.62945092204,7.34272272042,7.34272272042,7.34272272009,6.28054456149,3.87552515495,5.78576210819,4.5236620863,7.3427227193,7.34272271939,7.34272271939,7.34272271939,7.3427227191,7.34272271932,7.342722719321,6.933163879421,7.34272271972,2.0584644475
"t6",1.85962717341,1.77076225041,0,0.83918915521,3.87969284921,3.87969284921,3.87969284921,3.87969284941,3.87969284941,3.87969284941,3.40651281623,3.87969284943,3.87969284952,3.87969284952,3.87969284951,3.879692849895,3.879692849895,3.87969284951,3.87969284951,3.87969284953,3.24579532555,3.06394671941,3.87969284951,3.86750773557,3.20396041067,5.83375840667,5.83375840661,5.83375840661,5.83375840661,5.83375840654,5.83375840654,5.83375840654,5.83375840637,4.12796051751,4.18554233701,4.59812476079,5.83375840649,4.78487615029,5.83375840709,4.96780009279,5.73541171769,5.83375840699,4.46563149611,5.57417080771,5.83375840651,5.83375840671,5.32012160641,4.28314324901,7.64468903491,7.64468903491,7.644689035,7.644689035,7.64468903501,7.64468903551,7.64468903575,7.64468903575,7.64468903571,7.64468903571,7.64468903551,4.09190060711,4.76287160941,4.23818050118,4.92955840599,7.64468903519,7.64468903595,7.64468903595,7.64468903594,7.64468903609,6.85383755689,4.69178789269,6.70002750799,6.76614781469,7.64468903554,7.64468903554,7.64468903564,7.64468903567,7.64468903567,7.64468903574,7.6446890357,7.6446890357,7.64468903599,7.21327925119,3.71403729834,5.04116877109,6.59928524419,7.64468903569,7.64468903569,7.64468903569,7.57664557199,6.73680666149,7.32525561969,7.64468903529,7.64468903559,7.64468903559,7.64468903559,7.64468903559,7.64468903559,7.52739498809,7.64468903539,7.64468903529,7.64468903529,7.64468903536,7.64468903536,7.64468903536,7.64468903536,7.64468903538,7.42413391619,7.64468903543,7.64468903543,7.46433211829,7.04283273879,5.129423000059,6.023447125579,7.644689034779,6.708507766604,7.288890355704,7.644689035179,7.644689035179,7.644689035179,7.644689035179,7.644689035379,6.527245703159,7.644689035279,7.568683237879,7.644689035259,7.644689035359,5.189835458489,7.08535876819,7.64468903532,7.64468903532,7.43004675913,7.21748361352,7.26774797702,5.90608481252,7.64468903508,7.64468903508,7.644689035038,7.644689035038,7.46517713712,7.64468903508,7.60749341108,5.92545149386,5.71507325859,7.2984032313,7.03355400857,6.93141723725,7.64468903563,7.64468903563,7.6446890353,6.5825108767,4.17749147016,6.0877284234,4.82562840151,7.64468903451,7.6446890346,7.6446890346,7.6446890346,7.64468903431,7.64468903453,7.644689034531,7.235130194631,7.64468903493,2.36043076271
"t17",2.6463818508,2.5575169278,0.83918915521,0,3.619777377,3.619777377,3.619777377,3.6197773772,3.6197773772,3.6197773772,3.14659734402,3.61977737722,3.61977737731,3.61977737731,3.6197773773,3.619777377685,3.619777377685,3.6197773773,3.6197773773,3.61977737732,2.98587985334,2.8040312472,3.6197773773,4.65426241296,3.99071508806,6.62051308406,6.620513084,6.620513084,6.620513084,6.62051308393,6.62051308393,6.62051308393,6.62051308376,4.9147151949,4.9722970144,5.38487943818,6.62051308388,5.57163082768,6.62051308448,5.75455477018,6.52216639508,6.62051308438,5.2523861735,6.3609254851,6.6205130839,6.6205130841,6.1068762838,5.0698979264,8.4314437123,8.4314437123,8.43144371239,8.43144371239,8.4314437124,8.4314437129,8.43144371314,8.43144371314,8.4314437131,8.4314437131,8.4314437129,4.8786552845,5.5496262868,5.02493517857,5.71631308338,8.43144371258,8.43144371334,8.43144371334,8.43144371333,8.43144371348,7.64059223428,5.47854257008,7.48678218538,7.55290249208,8.43144371293,8.43144371293,8.43144371303,8.43144371306,8.43144371306,8.43144371313,8.43144371309,8.43144371309,8.43144371338,8.00003392858,4.50079197573,5.82792344848,7.38603992158,8.43144371308,8.43144371308,8.43144371308,8.36340024938,7.52356133888,8.11201029708,8.43144371268,8.43144371298,8.43144371298,8.43144371298,8.43144371298,8.43144371298,8.31414966548,8.43144371278,8.43144371268,8.43144371268,8.43144371275,8.43144371275,8.43144371275,8.43144371275,8.43144371277,8.21088859358,8.43144371282,8.43144371282,8.25108679568,7.82958741618,5.916177677449,6.810201802969,8.431443712169,7.495262443994,8.075645033094,8.431443712569,8.431443712569,8.431443712569,8.431443712569,8.431443712769,7.314000380549,8.431443712669,8.355437915269,8.431443712649,8.431443712749,5.976590135879,7.87211344558,8.43144371271,8.43144371271,8.21680143652,8.00423829091,8.05450265441,6.69283948991,8.43144371247,8.43144371247,8.431443712428,8.431443712428,8.25193181451,8.43144371247,8.39424808847,6.71220617125,6.50182793598,8.08515790869,7.82030868596,7.71817191464,8.43144371302,8.43144371302,8.43144371269,7.36926555409,4.96424614755,6.87448310079,5.6123830789,8.4314437119,8.43144371199,8.43144371199,8.43144371199,8.4314437117,8.43144371192,8.431443711921,8.021884872021,8.43144371232,3.1471854401
"t78",5.6868855448,5.5980206218,3.87969284921,3.619777377,0,1.5314068394,1.5314068394,5.8555577376,5.8555577376,5.8555577376,5.38237770442,5.85555773762,5.85555773771,5.85555773771,5.8555577377,5.855557738085,5.855557738085,5.8555577377,5.8555577377,5.85555773772,5.22166021374,5.0398116076,5.8555577377,7.69476610696,7.03121878206,9.66101677806,9.661016778,9.661016778,9.661016778,9.66101677793,9.66101677793,9.66101677793,9.66101677776,7.9552188889,8.0128007084,8.42538313218,9.66101677788,8.61213452168,9.66101677848,8.79505846418,9.56267008908,9.66101677838,8.2928898675,9.4014291791,9.6610167779,9.6610167781,9.1473799778,8.1104016204,11.4719474063,11.4719474063,11.47194740639,11.47194740639,11.4719474064,11.4719474069,11.47194740714,11.47194740714,11.4719474071,11.4719474071,11.4719474069,7.9191589785,8.5901299808,8.06543887257,8.75681677738,11.47194740658,11.47194740734,11.47194740734,11.47194740733,11.47194740748,10.68109592828,8.51904626408,10.52728587938,10.59340618608,11.47194740693,11.47194740693,11.47194740703,11.47194740706,11.47194740706,11.47194740713,11.47194740709,11.47194740709,11.47194740738,11.04053762258,7.54129566973,8.86842714248,10.42654361558,11.47194740708,11.47194740708,11.47194740708,11.40390394338,10.56406503288,11.15251399108,11.47194740668,11.47194740698,11.47194740698,11.47194740698,11.47194740698,11.47194740698,11.35465335948,11.47194740678,11.47194740668,11.47194740668,11.47194740675,11.47194740675,11.47194740675,11.47194740675,11.47194740677,11.25139228758,11.47194740682,11.47194740682,11.29159048968,10.87009111018,8.956681371449,9.850705496969,11.471947406169,10.535766137994,11.116148727094,11.471947406569,11.471947406569,11.471947406569,11.471947406569,11.471947406769,10.354504074549,11.471947406669,11.395941609269,11.471947406649,11.471947406749,9.017093829879,10.91261713958,11.47194740671,11.47194740671,11.25730513052,11.04474198491,11.09500634841,9.73334318391,11.47194740647,11.47194740647,11.471947406428,11.471947406428,11.29243550851,11.47194740647,11.43475178247,9.75270986525,9.54233162998,11.12566160269,10.86081237996,10.75867560864,11.47194740702,11.47194740702,11.47194740669,10.40976924809,8.00474984155,9.91498679479,8.6528867729,11.4719474059,11.47194740599,11.47194740599,11.47194740599,11.4719474057,11.47194740592,11.471947405921,11.062388566021,11.47194740632,6.1876891341
"t131",5.6868855448,5.5980206218,3.87969284921,3.619777377,1.5314068394,0,0.3329057636,5.8555577376,5.8555577376,5.8555577376,5.38237770442,5.85555773762,5.85555773771,5.85555773771,5.8555577377,5.855557738085,5.855557738085,5.8555577377,5.8555577377,5.85555773772,5.22166021374,5.0398116076,5.8555577377,7.69476610696,7.03121878206,9.66101677806,9.661016778,9.661016778,9.661016778,9.66101677793,9.66101677793,9.66101677793,9.66101677776,7.9552188889,8.0128007084,8.42538313218,9.66101677788,8.61213452168,9.66101677848,8.79505846418,9.56267008908,9.66101677838,8.2928898675,9.4014291791,9.6610167779,9.6610167781,9.1473799778,8.1104016204,11.4719474063,11.4719474063,11.47194740639,11.47194740639,11.4719474064,11.4719474069,11.47194740714,11.47194740714,11.4719474071,11.4719474071,11.4719474069,7.9191589785,8.5901299808,8.06543887257,8.75681677738,11.47194740658,11.47194740734,11.47194740734,11.47194740733,11.47194740748,10.68109592828,8.51904626408,10.52728587938,10.59340618608,11.47194740693,11.47194740693,11.47194740703,11.47194740706,11.47194740706,11.47194740713,11.47194740709,11.47194740709,11.47194740738,11.04053762258,7.54129566973,8.86842714248,10.42654361558,11.47194740708,11.47194740708,11.47194740708,11.40390394338,10.56406503288,11.15251399108,11.47194740668,11.47194740698,11.47194740698,11.47194740698,11.47194740698,11.47194740698,11.35465335948,11.47194740678,11.47194740668,11.47194740668,11.47194740675,11.47194740675,11.47194740675,11.47194740675,11.47194740677,11.25139228758,11.47194740682,11.47194740682,11.29159048968,10.87009111018,8.956681371449,9.850705496969,11.471947406169,10.535766137994,11.116148727094,11.471947406569,11.471947406569,11.471947406569,11.471947406569,11.471947406769,10.354504074549,11.471947406669,11.395941609269,11.471947406649,11.471947406749,9.017093829879,10.91261713958,11.47194740671,11.47194740671,11.25730513052,11.04474198491,11.09500634841,9.73334318391,11.47194740647,11.47194740647,11.471947406428,11.471947406428,11.29243550851,11.47194740647,11.43475178247,9.75270986525,9.54233162998,11.12566160269,10.86081237996,10.75867560864,11.47194740702,11.47194740702,11.47194740669,10.40976924809,8.00474984155,9.91498679479,8.6528867729,11.4719474059,11.47194740599,11.47194740599,11.47194740599,11.4719474057,11.47194740592,11.471947405921,11.062388566021,11.47194740632,6.1876891341
"t132",5.6868855448,5.5980206218,3.87969284921,3.619777377,1.5314068394,0.3329057636,0,5.8555577376,5.8555577376,5.8555577376,5.38237770442,5.85555773762,5.85555773771,5.85555773771,5.8555577377,5.855557738085,5.855557738085,5.8555577377,5.8555577377,5.85555773772,5.22166021374,5.0398116076,5.8555577377,7.69476610696,7.03121878206,9.66101677806,9.661016778,9.661016778,9.661016778,9.66101677793,9.66101677793,9.66101677793,9.66101677776,7.9552188889,8.0128007084,8.42538313218,9.66101677788,8.61213452168,9.66101677848,8.79505846418,9.56267008908,9.66101677838,8.2928898675,9.4014291791,9.6610167779,9.6610167781,9.1473799778,8.1104016204,11.4719474063,11.4719474063,11.47194740639,11.47194740639,11.4719474064,11.4719474069,11.47194740714,11.47194740714,11.4719474071,11.4719474071,11.4719474069,7.9191589785,8.5901299808,8.06543887257,8.75681677738,11.47194740658,11.47194740734,11.47194740734,11.47194740733,11.47194740748,10.68109592828,8.51904626408,10.52728587938,10.59340618608,11.47194740693,11.47194740693,11.47194740703,11.47194740706,11.47194740706,11.47194740713,11.47194740709,11.47194740709,11.47194740738,11.04053762258,7.54129566973,8.86842714248,10.42654361558,11.47194740708,11.47194740708,11.47194740708,11.40390394338,10.56406503288,11.15251399108,11.47194740668,11.47194740698,11.47194740698,11.47194740698,11.47194740698,11.47194740698,11.35465335948,11.47194740678,11.47194740668,11.47194740668,11.47194740675,11.47194740675,11.47194740675,11.47194740675,11.47194740677,11.25139228758,11.47194740682,11.47194740682,11.29159048968,10.87009111018,8.956681371449,9.850705496969,11.471947406169,10.535766137994,11.116148727094,11.471947406569,11.471947406569,11.471947406569,11.471947406569,11.471947406769,10.354504074549,11.471947406669,11.395941609269,11.471947406649,11.471947406749,9.017093829879,10.91261713958,11.47194740671,11.47194740671,11.25730513052,11.04474198491,11.09500634841,9.73334318391,11.47194740647,11.47194740647,11.471947406428,11.471947406428,11.29243550851,11.47194740647,11.43475178247,9.75270986525,9.54233162998,11.12566160269,10.86081237996,10.75867560864,11.47194740702,11.47194740702,11.47194740669,10.40976924809,8.00474984155,9.91498679479,8.6528867729,11.4719474059,11.47194740599,11.47194740599,11.47194740599,11.4719474057,11.47194740592,11.471947405921,11.062388566021,11.47194740632,6.1876891341
"t122",5.686885545,5.598020622,3.87969284941,3.6197773772,5.8555577376,5.8555577376,5.8555577376,0,0.5697406148,1.0723433032,0.83702371242,1.31020374562,1.88383684491,1.88383684491,1.8838368449,2.897391418285,2.897391418285,2.8973914179,2.8973914179,2.89739141792,2.26349389394,2.0816452878,2.8973914179,7.69476610716,7.03121878226,9.66101677826,9.6610167782,9.6610167782,9.6610167782,9.66101677813,9.66101677813,9.66101677813,9.66101677796,7.9552188891,8.0128007086,8.42538313238,9.66101677808,8.61213452188,9.66101677868,8.79505846438,9.56267008928,9.66101677858,8.2928898677,9.4014291793,9.6610167781,9.6610167783,9.147379978,8.1104016206,11.4719474065,11.4719474065,11.47194740659,11.47194740659,11.4719474066,11.4719474071,11.47194740734,11.47194740734,11.4719474073,11.4719474073,11.4719474071,7.9191589787,8.590129981,8.06543887277,8.75681677758,11.47194740678,11.47194740754,11.47194740754,11.47194740753,11.47194740768,10.68109592848,8.51904626428,10.52728587958,10.59340618628,11.47194740713,11.47194740713,11.47194740723,11.47194740726,11.47194740726,11.47194740733,11.47194740729,11.47194740729,11.47194740758,11.04053762278,7.54129566993,8.86842714268,10.42654361578,11.47194740728,11.47194740728,11.47194740728,11.40390394358,10.56406503308,11.15251399128,11.47194740688,11.47194740718,11.47194740718,11.47194740718,11.47194740718,11.47194740718,11.35465335968,11.47194740698,11.47194740688,11.47194740688,11.47194740695,11.47194740695,11.47194740695,11.47194740695,11.47194740697,11.25139228778,11.47194740702,11.47194740702,11.29159048988,10.87009111038,8.956681371649,9.850705497169,11.471947406369,10.535766138194,11.116148727294,11.471947406769,11.471947406769,11.471947406769,11.471947406769,11.471947406969,10.354504074749,11.471947406869,11.395941609469,11.471947406849,11.471947406949,9.017093830079,10.91261713978,11.47194740691,11.47194740691,11.25730513072,11.04474198511,11.09500634861,9.73334318411,11.47194740667,11.47194740667,11.471947406628,11.471947406628,11.29243550871,11.47194740667,11.43475178267,9.75270986545,9.54233163018,11.12566160289,10.86081238016,10.75867560884,11.47194740722,11.47194740722,11.47194740689,10.40976924829,8.00474984175,9.91498679499,8.6528867731,11.4719474061,11.47194740619,11.47194740619,11.47194740619,11.4719474059,11.47194740612,11.471947406121,11.062388566221,11.47194740652,6.1876891343
"t123",5.686885545,5.598020622,3.87969284941,3.6197773772,5.8555577376,5.8555577376,5.8555577376,0.5697406148,0,1.0723433032,0.83702371242,1.31020374562,1.88383684491,1.88383684491,1.8838368449,2.897391418285,2.897391418285,2.8973914179,2.8973914179,2.89739141792,2.26349389394,2.0816452878,2.8973914179,7.69476610716,7.03121878226,9.66101677826,9.6610167782,9.6610167782,9.6610167782,9.66101677813,9.66101677813,9.66101677813,9.66101677796,7.9552188891,8.0128007086,8.42538313238,9.66101677808,8.61213452188,9.66101677868,8.79505846438,9.56267008928,9.66101677858,8.2928898677,9.4014291793,9.6610167781,9.6610167783,9.147379978,8.1104016206,11.4719474065,11.4719474065,11.47194740659,11.47194740659,11.4719474066,11.4719474071,11.47194740734,11.47194740734,11.4719474073,11.4719474073,11.4719474071,7.9191589787,8.590129981,8.06543887277,8.75681677758,11.47194740678,11.47194740754,11.47194740754,11.47194740753,11.47194740768,10.68109592848,8.51904626428,10.52728587958,10.59340618628,11.47194740713,11.47194740713,11.47194740723,11.47194740726,11.47194740726,11.47194740733,11.47194740729,11.47194740729,11.47194740758,11.04053762278,7.54129566993,8.86842714268,10.42654361578,11.47194740728,11.47194740728,11.47194740728,11.40390394358,10.56406503308,11.15251399128,11.47194740688,11.47194740718,11.47194740718,11.47194740718,11.47194740718,11.47194740718,11.35465335968,11.47194740698,11.47194740688,11.47194740688,11.47194740695,11.47194740695,11.47194740695,11.47194740695,11.47194740697,11.25139228778,11.47194740702,11.47194740702,11.29159048988,10.87009111038,8.956681371649,9.850705497169,11.471947406369,10.535766138194,11.116148727294,11.471947406769,11.471947406769,11.471947406769,11.471947406769,11.471947406969,10.354504074749,11.471947406869,11.395941609469,11.471947406849,11.471947406949,9.017093830079,10.91261713978,11.47194740691,11.47194740691,11.25730513072,11.04474198511,11.09500634861,9.73334318411,11.47194740667,11.47194740667,11.471947406628,11.471947406628,11.29243550871,11.47194740667,11.43475178267,9.75270986545,9.54233163018,11.12566160289,10.86081238016,10.75867560884,11.47194740722,11.47194740722,11.47194740689,10.40976924829,8.00474984175,9.91498679499,8.6528867731,11.4719474061,11.47194740619,11.47194740619,11.47194740619,11.4719474059,11.47194740612,11.471947406121,11.062388566221,11.47194740652,6.1876891343
"t98",5.686885545,5.598020622,3.87969284941,3.6197773772,5.8555577376,5.8555577376,5.8555577376,1.0723433032,1.0723433032,0,0.83702371242,1.31020374562,1.88383684491,1.88383684491,1.8838368449,2.897391418285,2.897391418285,2.8973914179,2.8973914179,2.89739141792,2.26349389394,2.0816452878,2.8973914179,7.69476610716,7.03121878226,9.66101677826,9.6610167782,9.6610167782,9.6610167782,9.66101677813,9.66101677813,9.66101677813,9.66101677796,7.9552188891,8.0128007086,8.42538313238,9.66101677808,8.61213452188,9.66101677868,8.79505846438,9.56267008928,9.66101677858,8.2928898677,9.4014291793,9.6610167781,9.6610167783,9.147379978,8.1104016206,11.4719474065,11.4719474065,11.47194740659,11.47194740659,11.4719474066,11.4719474071,11.47194740734,11.47194740734,11.4719474073,11.4719474073,11.4719474071,7.9191589787,8.590129981,8.06543887277,8.75681677758,11.47194740678,11.47194740754,11.47194740754,11.47194740753,11.47194740768,10.68109592848,8.51904626428,10.52728587958,10.59340618628,11.47194740713,11.47194740713,11.47194740723,11.47194740726,11.47194740726,11.47194740733,11.47194740729,11.47194740729,11.47194740758,11.04053762278,7.54129566993,8.86842714268,10.42654361578,11.47194740728,11.47194740728,11.47194740728,11.40390394358,10.56406503308,11.15251399128,11.47194740688,11.47194740718,11.47194740718,11.47194740718,11.47194740718,11.47194740718,11.35465335968,11.47194740698,11.47194740688,11.47194740688,11.47194740695,11.47194740695,11.47194740695,11.47194740695,11.47194740697,11.25139228778,11.47194740702,11.47194740702,11.29159048988,10.87009111038,8.956681371649,9.850705497169,11.471947406369,10.535766138194,11.116148727294,11.471947406769,11.471947406769,11.471947406769,11.471947406769,11.471947406969,10.354504074749,11.471947406869,11.395941609469,11.471947406849,11.471947406949,9.017093830079,10.91261713978,11.47194740691,11.47194740691,11.25730513072,11.04474198511,11.09500634861,9.73334318411,11.47194740667,11.47194740667,11.471947406628,11.471947406628,11.29243550871,11.47194740667,11.43475178267,9.75270986545,9.54233163018,11.12566160289,10.86081238016,10.75867560884,11.47194740722,11.47194740722,11.47194740689,10.40976924829,8.00474984175,9.91498679499,8.6528867731,11.4719474061,11.47194740619,11.47194740619,11.47194740619,11.4719474059,11.47194740612,11.471947406121,11.062388566221,11.47194740652,6.1876891343
"t84",5.21370551182,5.12484058882,3.40651281623,3.14659734402,5.38237770442,5.38237770442,5.38237770442,0.83702371242,0.83702371242,0.83702371242,0,0.818935794,1.41065681173,1.41065681173,1.41065681172,2.424211385105,2.424211385105,2.42421138472,2.42421138472,2.42421138474,1.79031386076,1.60846525462,2.42421138472,7.22158607398,6.55803874908,9.18783674508,9.18783674502,9.18783674502,9.18783674502,9.18783674495,9.18783674495,9.18783674495,9.18783674478,7.48203885592,7.53962067542,7.9522030992,9.1878367449,8.1389544887,9.1878367455,8.3218784312,9.0894900561,9.1878367454,7.81970983452,8.92824914612,9.18783674492,9.18783674512,8.67419994482,7.63722158742,10.99876737332,10.99876737332,10.99876737341,10.99876737341,10.99876737342,10.99876737392,10.99876737416,10.99876737416,10.99876737412,10.99876737412,10.99876737392,7.44597894552,8.11694994782,7.59225883959,8.2836367444,10.9987673736,10.99876737436,10.99876737436,10.99876737435,10.9987673745,10.2079158953,8.0458662311,10.0541058464,10.1202261531,10.99876737395,10.99876737395,10.99876737405,10.99876737408,10.99876737408,10.99876737415,10.99876737411,10.99876737411,10.9987673744,10.5673575896,7.06811563675,8.3952471095,9.9533635826,10.9987673741,10.9987673741,10.9987673741,10.9307239104,10.0908849999,10.6793339581,10.9987673737,10.998767374,10.998767374,10.998767374,10.998767374,10.998767374,10.8814733265,10.9987673738,10.9987673737,10.9987673737,10.99876737377,10.99876737377,10.99876737377,10.99876737377,10.99876737379,10.7782122546,10.99876737384,10.99876737384,10.8184104567,10.3969110772,8.483501338469,9.377525463989,10.998767373189,10.062586105014,10.642968694114,10.998767373589,10.998767373589,10.998767373589,10.998767373589,10.998767373789,9.881324041569,10.998767373689,10.922761576289,10.998767373669,10.998767373769,8.543913796899,10.4394371066,10.99876737373,10.99876737373,10.78412509754,10.57156195193,10.62182631543,9.26016315093,10.99876737349,10.99876737349,10.998767373448,10.998767373448,10.81925547553,10.99876737349,10.96157174949,9.27952983227,9.069151597,10.65248156971,10.38763234698,10.28549557566,10.99876737404,10.99876737404,10.99876737371,9.93658921511,7.53156980857,9.44180676181,8.17970673992,10.99876737292,10.99876737301,10.99876737301,10.99876737301,10.99876737272,10.99876737294,10.998767372941,10.589208533041,10.99876737334,5.71450910112
"t85",5.68688554502,5.59802062202,3.87969284943,3.61977737722,5.85555773762,5.85555773762,5.85555773762,1.31020374562,1.31020374562,1.31020374562,0.818935794,0,1.88383684493,1.88383684493,1.88383684492,2.897391418305,2.897391418305,2.89739141792,2.89739141792,2.89739141794,2.26349389396,2.08164528782,2.89739141792,7.69476610718,7.03121878228,9.66101677828,9.66101677822,9.66101677822,9.66101677822,9.66101677815,9.66101677815,9.66101677815,9.66101677798,7.95521888912,8.01280070862,8.4253831324,9.6610167781,8.6121345219,9.6610167787,8.7950584644,9.5626700893,9.6610167786,8.29288986772,9.40142917932,9.66101677812,9.66101677832,9.14737997802,8.11040162062,11.47194740652,11.47194740652,11.47194740661,11.47194740661,11.47194740662,11.47194740712,11.47194740736,11.47194740736,11.47194740732,11.47194740732,11.47194740712,7.91915897872,8.59012998102,8.06543887279,8.7568167776,11.4719474068,11.47194740756,11.47194740756,11.47194740755,11.4719474077,10.6810959285,8.5190462643,10.5272858796,10.5934061863,11.47194740715,11.47194740715,11.47194740725,11.47194740728,11.47194740728,11.47194740735,11.47194740731,11.47194740731,11.4719474076,11.0405376228,7.54129566995,8.8684271427,10.4265436158,11.4719474073,11.4719474073,11.4719474073,11.4039039436,10.5640650331,11.1525139913,11.4719474069,11.4719474072,11.4719474072,11.4719474072,11.4719474072,11.4719474072,11.3546533597,11.471947407,11.4719474069,11.4719474069,11.47194740697,11.47194740697,11.47194740697,11.47194740697,11.47194740699,11.2513922878,11.47194740704,11.47194740704,11.2915904899,10.8700911104,8.956681371669,9.850705497189,11.471947406389,10.535766138214,11.116148727314,11.471947406789,11.471947406789,11.471947406789,11.471947406789,11.471947406989,10.354504074769,11.471947406889,11.395941609489,11.471947406869,11.471947406969,9.017093830099,10.9126171398,11.47194740693,11.47194740693,11.25730513074,11.04474198513,11.09500634863,9.73334318413,11.47194740669,11.47194740669,11.471947406648,11.471947406648,11.29243550873,11.47194740669,11.43475178269,9.75270986547,9.5423316302,11.12566160291,10.86081238018,10.75867560886,11.47194740724,11.47194740724,11.47194740691,10.40976924831,8.00474984177,9.91498679501,8.65288677312,11.47194740612,11.47194740621,11.47194740621,11.47194740621,11.47194740592,11.47194740614,11.471947406141,11.062388566241,11.47194740654,6.18768913432
"t139",5.68688554511,5.59802062211,3.87969284952,3.61977737731,5.85555773771,5.85555773771,5.85555773771,1.88383684491,1.88383684491,1.88383684491,1.41065681173,1.88383684493,0,0.2124435888,0.33616113301,2.897391418395,2.897391418395,2.89739141801,2.89739141801,2.89739141803,2.26349389405,2.08164528791,2.89739141801,7.69476610727,7.03121878237,9.66101677837,9.66101677831,9.66101677831,9.66101677831,9.66101677824,9.66101677824,9.66101677824,9.66101677807,7.95521888921,8.01280070871,8.42538313249,9.66101677819,8.61213452199,9.66101677879,8.79505846449,9.56267008939,9.66101677869,8.29288986781,9.40142917941,9.66101677821,9.66101677841,9.14737997811,8.11040162071,11.47194740661,11.47194740661,11.4719474067,11.4719474067,11.47194740671,11.47194740721,11.47194740745,11.47194740745,11.47194740741,11.47194740741,11.47194740721,7.91915897881,8.59012998111,8.06543887288,8.75681677769,11.47194740689,11.47194740765,11.47194740765,11.47194740764,11.47194740779,10.68109592859,8.51904626439,10.52728587969,10.59340618639,11.47194740724,11.47194740724,11.47194740734,11.47194740737,11.47194740737,11.47194740744,11.4719474074,11.4719474074,11.47194740769,11.04053762289,7.54129567004,8.86842714279,10.42654361589,11.47194740739,11.47194740739,11.47194740739,11.40390394369,10.56406503319,11.15251399139,11.47194740699,11.47194740729,11.47194740729,11.47194740729,11.47194740729,11.47194740729,11.35465335979,11.47194740709,11.47194740699,11.47194740699,11.47194740706,11.47194740706,11.47194740706,11.47194740706,11.47194740708,11.25139228789,11.47194740713,11.47194740713,11.29159048999,10.87009111049,8.956681371759,9.850705497279,11.471947406479,10.535766138304,11.116148727404,11.471947406879,11.471947406879,11.471947406879,11.471947406879,11.471947407079,10.354504074859,11.471947406979,11.395941609579,11.471947406959,11.471947407059,9.017093830189,10.91261713989,11.47194740702,11.47194740702,11.25730513083,11.04474198522,11.09500634872,9.73334318422,11.47194740678,11.47194740678,11.471947406738,11.471947406738,11.29243550882,11.47194740678,11.43475178278,9.75270986556,9.54233163029,11.125661603,10.86081238027,10.75867560895,11.47194740733,11.47194740733,11.471947407,10.4097692484,8.00474984186,9.9149867951,8.65288677321,11.47194740621,11.4719474063,11.4719474063,11.4719474063,11.47194740601,11.47194740623,11.471947406231,11.062388566331,11.47194740663,6.18768913441
"t140",5.68688554511,5.59802062211,3.87969284952,3.61977737731,5.85555773771,5.85555773771,5.85555773771,1.88383684491,1.88383684491,1.88383684491,1.41065681173,1.88383684493,0.2124435888,0,0.33616113301,2.897391418395,2.897391418395,2.89739141801,2.89739141801,2.89739141803,2.26349389405,2.08164528791,2.89739141801,7.69476610727,7.03121878237,9.66101677837,9.66101677831,9.66101677831,9.66101677831,9.66101677824,9.66101677824,9.66101677824,9.66101677807,7.95521888921,8.01280070871,8.42538313249,9.66101677819,8.61213452199,9.66101677879,8.79505846449,9.56267008939,9.66101677869,8.29288986781,9.40142917941,9.66101677821,9.66101677841,9.14737997811,8.11040162071,11.47194740661,11.47194740661,11.4719474067,11.4719474067,11.47194740671,11.47194740721,11.47194740745,11.47194740745,11.47194740741,11.47194740741,11.47194740721,7.91915897881,8.59012998111,8.06543887288,8.75681677769,11.47194740689,11.47194740765,11.47194740765,11.47194740764,11.47194740779,10.68109592859,8.51904626439,10.52728587969,10.59340618639,11.47194740724,11.47194740724,11.47194740734,11.47194740737,11.47194740737,11.47194740744,11.4719474074,11.4719474074,11.47194740769,11.04053762289,7.54129567004,8.86842714279,10.42654361589,11.47194740739,11.47194740739,11.47194740739,11.40390394369,10.56406503319,11.15251399139,11.47194740699,11.47194740729,11.47194740729,11.47194740729,11.47194740729,11.47194740729,11.35465335979,11.47194740709,11.47194740699,11.47194740699,11.47194740706,11.47194740706,11.47194740706,11.47194740706,11.47194740708,11.25139228789,11.47194740713,11.47194740713,11.29159048999,10.87009111049,8.956681371759,9.850705497279,11.471947406479,10.535766138304,11.116148727404,11.471947406879,11.471947406879,11.471947406879,11.471947406879,11.471947407079,10.354504074859,11.471947406979,11.395941609579,11.471947406959,11.471947407059,9.017093830189,10.91261713989,11.47194740702,11.47194740702,11.25730513083,11.04474198522,11.09500634872,9.73334318422,11.47194740678,11.47194740678,11.471947406738,11.471947406738,11.29243550882,11.47194740678,11.43475178278,9.75270986556,9.54233163029,11.125661603,10.86081238027,10.75867560895,11.47194740733,11.47194740733,11.471947407,10.4097692484,8.00474984186,9.9149867951,8.65288677321,11.47194740621,11.4719474063,11.4719474063,11.4719474063,11.47194740601,11.47194740623,11.471947406231,11.062388566331,11.47194740663,6.18768913441
"t129",5.6868855451,5.5980206221,3.87969284951,3.6197773773,5.8555577377,5.8555577377,5.8555577377,1.8838368449,1.8838368449,1.8838368449,1.41065681172,1.88383684492,0.33616113301,0.33616113301,0,2.897391418385,2.897391418385,2.897391418,2.897391418,2.89739141802,2.26349389404,2.0816452879,2.897391418,7.69476610726,7.03121878236,9.66101677836,9.6610167783,9.6610167783,9.6610167783,9.66101677823,9.66101677823,9.66101677823,9.66101677806,7.9552188892,8.0128007087,8.42538313248,9.66101677818,8.61213452198,9.66101677878,8.79505846448,9.56267008938,9.66101677868,8.2928898678,9.4014291794,9.6610167782,9.6610167784,9.1473799781,8.1104016207,11.4719474066,11.4719474066,11.47194740669,11.47194740669,11.4719474067,11.4719474072,11.47194740744,11.47194740744,11.4719474074,11.4719474074,11.4719474072,7.9191589788,8.5901299811,8.06543887287,8.75681677768,11.47194740688,11.47194740764,11.47194740764,11.47194740763,11.47194740778,10.68109592858,8.51904626438,10.52728587968,10.59340618638,11.47194740723,11.47194740723,11.47194740733,11.47194740736,11.47194740736,11.47194740743,11.47194740739,11.47194740739,11.47194740768,11.04053762288,7.54129567003,8.86842714278,10.42654361588,11.47194740738,11.47194740738,11.47194740738,11.40390394368,10.56406503318,11.15251399138,11.47194740698,11.47194740728,11.47194740728,11.47194740728,11.47194740728,11.47194740728,11.35465335978,11.47194740708,11.47194740698,11.47194740698,11.47194740705,11.47194740705,11.47194740705,11.47194740705,11.47194740707,11.25139228788,11.47194740712,11.47194740712,11.29159048998,10.87009111048,8.956681371749,9.850705497269,11.471947406469,10.535766138294,11.116148727394,11.471947406869,11.471947406869,11.471947406869,11.471947406869,11.471947407069,10.354504074849,11.471947406969,11.395941609569,11.471947406949,11.471947407049,9.017093830179,10.91261713988,11.47194740701,11.47194740701,11.25730513082,11.04474198521,11.09500634871,9.73334318421,11.47194740677,11.47194740677,11.471947406728,11.471947406728,11.29243550881,11.47194740677,11.43475178277,9.75270986555,9.54233163028,11.12566160299,10.86081238026,10.75867560894,11.47194740732,11.47194740732,11.47194740699,10.40976924839,8.00474984185,9.91498679509,8.6528867732,11.4719474062,11.47194740629,11.47194740629,11.47194740629,11.471947406,11.47194740622,11.471947406221,11.062388566321,11.47194740662,6.1876891344
"t160",5.686885545485,5.598020622485,3.879692849895,3.619777377685,5.855557738085,5.855557738085,5.855557738085,2.897391418285,2.897391418285,2.897391418285,2.424211385105,2.897391418305,2.897391418395,2.897391418395,2.897391418385,0,0.01487640447,2.137848010085,2.137848010085,2.137848010105,1.503950486125,1.398744034485,2.214490164585,7.694766107645,7.031218782745,9.661016778745,9.661016778685,9.661016778685,9.661016778685,9.661016778615,9.661016778615,9.661016778615,9.661016778445,7.955218889585,8.012800709085,8.425383132865,9.661016778565,8.612134522365,9.661016779165,8.795058464865,9.562670089765,9.661016779065,8.292889868185,9.401429179785,9.661016778585,9.661016778785,9.147379978485,8.110401621085,11.471947406985,11.471947406985,11.471947407075,11.471947407075,11.471947407085,11.471947407585,11.471947407825,11.471947407825,11.471947407785,11.471947407785,11.471947407585,7.919158979185,8.590129981485,8.065438873255,8.756816778065,11.471947407265,11.471947408025,11.471947408025,11.471947408015,11.471947408165,10.681095928965,8.519046264765,10.527285880065,10.593406186765,11.471947407615,11.471947407615,11.471947407715,11.471947407745,11.471947407745,11.471947407815,11.471947407775,11.471947407775,11.471947408065,11.040537623265,7.541295670415,8.868427143165,10.426543616265,11.471947407765,11.471947407765,11.471947407765,11.403903944065,10.564065033565,11.152513991765,11.471947407365,11.471947407665,11.471947407665,11.471947407665,11.471947407665,11.471947407665,11.354653360165,11.471947407465,11.471947407365,11.471947407365,11.471947407435,11.471947407435,11.471947407435,11.471947407435,11.471947407455,11.251392288265,11.471947407505,11.471947407505,11.291590490365,10.870091110865,8.956681372134,9.850705497654,11.471947406854,10.535766138679,11.116148727779,11.471947407254,11.471947407254,11.471947407254,11.471947407254,11.471947407454,10.354504075234,11.471947407354,11.395941609954,11.471947407334,11.471947407434,9.017093830564,10.912617140265,11.471947407395,11.471947407395,11.257305131205,11.044741985595,11.095006349095,9.733343184595,11.471947407155,11.471947407155,11.471947407113,11.471947407113,11.292435509195,11.471947407155,11.434751783155,9.752709865935,9.542331630665,11.125661603375,10.860812380645,10.758675609325,11.471947407705,11.471947407705,11.471947407375,10.409769248775,8.004749842235,9.914986795475,8.652886773585,11.471947406585,11.471947406675,11.471947406675,11.471947406675,11.471947406385,11.471947406605,11.471947406606,11.062388566706,11.471947407005,6.187689134785
