"","t84","t85","t12","t10","t19","t33","t34","t37","t49","t61","t62","t68","t69","t111","t130","t131","t60","t103","t104","t50","t54","t55","t35","t36","t18","t6","t92","t93","t56","t47","t14","t15","t30","t124","t125","t80","t76","t77","t70","t5","t96","t97","t91","t11","t115","t116","t17","t16","t20","t21","t140","t141","t40","t66","t67","t128","t129","t100","t101","t83","t63","t64","t45","t24","t4","t1","t2","t13","t39","t75","t87","t88","t112","t113","t89","t74","t43","t44","t107","t108","t65","t105","t106","t57","t126","t127","t98","t99","t86","t136","t137","t73","t42","t102","t119","t120","t94","t95","t134","t135","t121","t122","t123","t138","t139","t90","t79","t7","t8","t71","t72","t48","t38","t22","t81","t82","t46","t9","t27","t28","t26","t109","t110","t41","t25","t52","t53","t23","t132","t133","t114","t78","t51","t117","t118","t58","t59","t31","t32","t29","t3"
"t84",0,0.727089877,3.1854793531,6.32845994511,4.32210198088,6.32845994483,5.97929475583,5.10941300411,6.32845994491,6.19261650011,6.32845994491,6.13149965311,6.18888517711,6.32845994471,6.32845994475,6.32845994475,6.32845994471,6.32845994481,6.32845994481,6.3284599448,6.32845994488,6.32845994488,5.6767401433,6.3284599451,4.8242894089,3.85207988313,6.32845994483,6.32845994483,6.32845994473,5.91374309223,4.5105626309,6.3284599453,8.344109051,9.04105654131,9.04105654131,9.0410565413,9.04105654135,9.04105654135,9.0410565414,6.5551374175,9.041056541792,9.041056541792,9.041056541762,6.670694576362,9.041056541152,9.041056541152,7.005313897482,7.855830525052,7.303385479652,9.041056540852,9.041056541039,9.041056541039,9.041056541052,8.975220851652,9.041056541052,9.041056540962,9.041056540962,9.041056541052,8.925104483752,9.041056540952,9.041056541352,9.041056541352,9.041056541752,7.742958177352,6.305631427952,6.5336303407,7.7270755833,8.3644289902,9.24473292651,10.49190055142,10.49190055134,10.49190055134,10.49190055142,10.49190055142,10.49190055132,10.4919005514,10.220744942,10.274787805,10.4919005512,10.4919005512,10.4919005512,10.4919005512,10.4919005512,10.4919005512,10.49190055119,10.49190055119,10.45051634111,10.49190055111,10.49190055119,10.49190055115,10.49190055115,10.4919005512,9.494882901,10.4919005512,10.49190055117,10.49190055117,10.49190055123,10.49190055123,10.49190055116,10.49190055116,10.49190055116,10.49190055126,10.49190055126,10.49190055118,10.49190055118,10.196526612421,10.4919005512,8.6177560366,8.2795350029,10.4919005517,10.4919005517,10.4919005516,10.0807551525,9.5932742625,10.4919005516,10.4919005516,9.8132481644,8.989744107706,10.491900551778,10.281098515778,10.491900551906,10.491900551506,10.491900551506,10.491900551206,9.300826011386,10.491900551486,10.491900551486,10.491900551086,10.491900551186,10.491900551186,10.491900551186,10.491900551186,10.491900551486,10.491900551486,10.491900551486,10.491900551486,10.491900551486,9.145370456876,10.491900551276,10.491900551636,7.3318864047
"t85",0.727089877,0,3.1854793531,6.32845994511,4.32210198088,6.32845994483,5.97929475583,5.10941300411,6.32845994491,6.19261650011,6.32845994491,6.13149965311,6.18888517711,6.32845994471,6.32845994475,6.32845994475,6.32845994471,6.32845994481,6.32845994481,6.3284599448,6.32845994488,6.32845994488,5.6767401433,6.3284599451,4.8242894089,3.85207988313,6.32845994483,6.32845994483,6.32845994473,5.91374309223,4.5105626309,6.3284599453,8.344109051,9.04105654131,9.04105654131,9.0410565413,9.04105654135,9.04105654135,9.0410565414,6.5551374175,9.041056541792,9.041056541792,9.041056541762,6.670694576362,9.041056541152,9.041056541152,7.005313897482,7.855830525052,7.303385479652,9.041056540852,9.041056541039,9.041056541039,9.041056541052,8.975220851652,9.041056541052,9.041056540962,9.041056540962,9.041056541052,8.925104483752,9.041056540952,9.041056541352,9.041056541352,9.041056541752,7.742958177352,6.305631427952,6.5336303407,7.7270755833,8.3644289902,9.24473292651,10.49190055142,10.49190055134,10.49190055134,10.49190055142,10.49190055142,10.49190055132,10.4919005514,10.220744942,10.274787805,10.4919005512,10.4919005512,10.4919005512,10.4919005512,10.4919005512,10.4919005512,10.49190055119,10.49190055119,10.45051634111,10.49190055111,10.49190055119,10.49190055115,10.49190055115,10.4919005512,9.494882901,10.4919005512,10.49190055117,10.49190055117,10.49190055123,10.49190055123,10.49190055116,10.49190055116,10.49190055116,10.49190055126,10.49190055126,10.49190055118,10.49190055118,10.196526612421,10.4919005512,8.6177560366,8.2795350029,10.4919005517,10.4919005517,10.4919005516,10.0807551525,9.5932742625,10.4919005516,10.4919005516,9.8132481644,8.989744107706,10.491900551778,10.281098515778,10.491900551906,10.491900551506,10.491900551506,10.491900551206,9.300826011386,10.491900551486,10.491900551486,10.491900551086,10.491900551186,10.491900551186,10.491900551186,10.491900551186,10.491900551486,10.491900551486,10.491900551486,10.491900551486,10.491900551486,9.145370456876,10.491900551276,10.491900551636,7.3318864047
"t12",3.1854793531,3.1854793531,0,4.55425021721,2.54789225298,4.55425021693,4.20508502793,3.33520327621,4.55425021701,4.41840677221,4.55425021701,4.35728992521,4.41467544921,4.55425021681,4.55425021685,4.55425021685,4.55425021681,4.55425021691,4.55425021691,4.5542502169,4.55425021698,4.55425021698,3.9025304154,4.5542502172,3.050079681,2.07787015523,4.55425021693,4.55425021693,4.55425021683,4.13953336433,2.736352903,4.5542502174,6.5698993231,7.26684681341,7.26684681341,7.2668468134,7.26684681345,7.26684681345,7.2668468135,4.7809276896,7.266846813892,7.266846813892,7.266846813862,4.896484848462,7.266846813252,7.266846813252,5.231104169582,6.081620797152,5.529175751752,7.266846812952,7.266846813139,7.266846813139,7.266846813152,7.201011123752,7.266846813152,7.266846813062,7.266846813062,7.266846813152,7.150894755852,7.266846813052,7.266846813452,7.266846813452,7.266846813852,5.968748449452,4.531421700052,4.7594206128,5.9528658554,6.5902192623,7.47052319861,8.71769082352,8.71769082344,8.71769082344,8.71769082352,8.71769082352,8.71769082342,8.7176908235,8.4465352141,8.5005780771,8.7176908233,8.7176908233,8.7176908233,8.7176908233,8.7176908233,8.7176908233,8.71769082329,8.71769082329,8.67630661321,8.71769082321,8.71769082329,8.71769082325,8.71769082325,8.7176908233,7.7206731731,8.7176908233,8.71769082327,8.71769082327,8.71769082333,8.71769082333,8.71769082326,8.71769082326,8.71769082326,8.71769082336,8.71769082336,8.71769082328,8.71769082328,8.422316884521,8.7176908233,6.8435463087,6.505325275,8.7176908238,8.7176908238,8.7176908237,8.3065454246,7.8190645346,8.7176908237,8.7176908237,8.0390384365,7.215534379806,8.717690823878,8.506888787878,8.717690824006,8.717690823606,8.717690823606,8.717690823306,7.526616283486,8.717690823586,8.717690823586,8.717690823186,8.717690823286,8.717690823286,8.717690823286,8.717690823286,8.717690823586,8.717690823586,8.717690823586,8.717690823586,8.717690823586,7.371160728976,8.717690823376,8.717690823736,5.5576766768
"t10",6.32845994511,6.32845994511,4.55425021721,0,3.09157579777,5.09793376172,4.74876857272,3.878886821,5.0979337618,4.962090317,5.0979337618,4.90097347,4.958358994,5.0979337616,5.09793376164,5.09793376164,5.0979337616,5.0979337617,5.0979337617,5.18765519951,5.18765519959,5.18765519959,4.53593539801,5.18765519981,3.68348466361,3.39613770184,5.87251776354,5.87251776354,5.87251776344,5.45780091094,4.05462044961,5.87251776401,8.34410905131,9.04105654162,9.04105654162,9.04105654161,9.04105654166,9.04105654166,9.04105654171,6.55513741781,9.041056542102,9.041056542102,9.041056542072,6.670694576672,9.041056541462,9.041056541462,7.005313897792,7.855830525362,7.303385479962,9.041056541162,9.041056541349,9.041056541349,9.041056541362,8.975220851962,9.041056541362,9.041056541272,9.041056541272,9.041056541362,8.925104484062,9.041056541262,9.041056541662,9.041056541662,9.041056542062,7.742958177662,6.305631428262,6.53363034101,7.72707558361,8.36442899051,9.24473292682,10.49190055173,10.49190055165,10.49190055165,10.49190055173,10.49190055173,10.49190055163,10.49190055171,10.22074494231,10.27478780531,10.49190055151,10.49190055151,10.49190055151,10.49190055151,10.49190055151,10.49190055151,10.4919005515,10.4919005515,10.45051634142,10.49190055142,10.4919005515,10.49190055146,10.49190055146,10.49190055151,9.49488290131,10.49190055151,10.49190055148,10.49190055148,10.49190055154,10.49190055154,10.49190055147,10.49190055147,10.49190055147,10.49190055157,10.49190055157,10.49190055149,10.49190055149,10.196526612731,10.49190055151,8.61775603691,8.27953500321,10.49190055201,10.49190055201,10.49190055191,10.08075515281,9.59327426281,10.49190055191,10.49190055191,9.81324816471,8.989744108016,10.491900552088,10.281098516088,10.491900552216,10.491900551816,10.491900551816,10.491900551516,9.300826011696,10.491900551796,10.491900551796,10.491900551396,10.491900551496,10.491900551496,10.491900551496,10.491900551496,10.491900551796,10.491900551796,10.491900551796,10.491900551796,10.491900551796,9.145370457186,10.491900551586,10.491900551946,7.33188640501
"t19",4.32210198088,4.32210198088,2.54789225298,3.09157579777,0,2.02764170489,1.67847651589,0.80859476417,2.02764170497,1.89179826017,2.02764170497,2.31351081637,2.37089634037,2.51047110797,2.51047110801,2.51047110801,2.51047110797,2.51047110807,2.51047110807,3.18129723528,3.18129723536,3.18129723536,2.52957743378,3.18129723558,1.67712669938,1.38977973761,3.86615979931,3.86615979931,3.86615979921,3.45144294671,2.04826248538,3.86615979978,6.33775108708,7.03469857739,7.03469857739,7.03469857738,7.03469857743,7.03469857743,7.03469857748,4.54877945358,7.034698577872,7.034698577872,7.034698577842,4.664336612442,7.034698577232,7.034698577232,4.998955933562,5.849472561132,5.297027515732,7.034698576932,7.034698577119,7.034698577119,7.034698577132,6.968862887732,7.034698577132,7.034698577042,7.034698577042,7.034698577132,6.918746519832,7.034698577032,7.034698577432,7.034698577432,7.034698577832,5.736600213432,4.299273464032,4.52727237678,5.72071761938,6.35807102628,7.23837496259,8.4855425875,8.48554258742,8.48554258742,8.4855425875,8.4855425875,8.4855425874,8.48554258748,8.21438697808,8.26842984108,8.48554258728,8.48554258728,8.48554258728,8.48554258728,8.48554258728,8.48554258728,8.48554258727,8.48554258727,8.44415837719,8.48554258719,8.48554258727,8.48554258723,8.48554258723,8.48554258728,7.48852493708,8.48554258728,8.48554258725,8.48554258725,8.48554258731,8.48554258731,8.48554258724,8.48554258724,8.48554258724,8.48554258734,8.48554258734,8.48554258726,8.48554258726,8.190168648501,8.48554258728,6.61139807268,6.27317703898,8.48554258778,8.48554258778,8.48554258768,8.07439718858,7.58691629858,8.48554258768,8.48554258768,7.80689020048,6.983386143786,8.485542587858,8.274740551858,8.485542587986,8.485542587586,8.485542587586,8.485542587286,7.294468047466,8.485542587566,8.485542587566,8.485542587166,8.485542587266,8.485542587266,8.485542587266,8.485542587266,8.485542587566,8.485542587566,8.485542587566,8.485542587566,8.485542587566,7.139012492956,8.485542587356,8.485542587716,5.32552844078
"t33",6.32845994483,6.32845994483,4.55425021693,5.09793376172,2.02764170489,0,2.731498299,1.94916432292,3.16821126372,3.03236781892,3.16821126372,4.31986878032,4.37725430432,4.51682907192,4.51682907196,4.51682907196,4.51682907192,4.51682907202,4.51682907202,5.18765519923,5.18765519931,5.18765519931,4.53593539773,5.18765519953,3.68348466333,3.39613770156,5.87251776326,5.87251776326,5.87251776316,5.45780091066,4.05462044933,5.87251776373,8.34410905103,9.04105654134,9.04105654134,9.04105654133,9.04105654138,9.04105654138,9.04105654143,6.55513741753,9.041056541822,9.041056541822,9.041056541792,6.670694576392,9.041056541182,9.041056541182,7.005313897512,7.855830525082,7.303385479682,9.041056540882,9.041056541069,9.041056541069,9.041056541082,8.975220851682,9.041056541082,9.041056540992,9.041056540992,9.041056541082,8.925104483782,9.041056540982,9.041056541382,9.041056541382,9.041056541782,7.742958177382,6.305631427982,6.53363034073,7.72707558333,8.36442899023,9.24473292654,10.49190055145,10.49190055137,10.49190055137,10.49190055145,10.49190055145,10.49190055135,10.49190055143,10.22074494203,10.27478780503,10.49190055123,10.49190055123,10.49190055123,10.49190055123,10.49190055123,10.49190055123,10.49190055122,10.49190055122,10.45051634114,10.49190055114,10.49190055122,10.49190055118,10.49190055118,10.49190055123,9.49488290103,10.49190055123,10.4919005512,10.4919005512,10.49190055126,10.49190055126,10.49190055119,10.49190055119,10.49190055119,10.49190055129,10.49190055129,10.49190055121,10.49190055121,10.196526612451,10.49190055123,8.61775603663,8.27953500293,10.49190055173,10.49190055173,10.49190055163,10.08075515253,9.59327426253,10.49190055163,10.49190055163,9.81324816443,8.989744107736,10.491900551808,10.281098515808,10.491900551936,10.491900551536,10.491900551536,10.491900551236,9.300826011416,10.491900551516,10.491900551516,10.491900551116,10.491900551216,10.491900551216,10.491900551216,10.491900551216,10.491900551516,10.491900551516,10.491900551516,10.491900551516,10.491900551516,9.145370456906,10.491900551306,10.491900551666,7.33188640473
"t34",5.97929475583,5.97929475583,4.20508502793,4.74876857272,1.67847651589,2.731498299,0,1.59999913392,2.81904607472,2.68320262992,2.81904607472,3.97070359132,4.02808911532,4.16766388292,4.16766388296,4.16766388296,4.16766388292,4.16766388302,4.16766388302,4.83849001023,4.83849001031,4.83849001031,4.18677020873,4.83849001053,3.33431947433,3.04697251256,5.52335257426,5.52335257426,5.52335257416,5.10863572166,3.70545526033,5.52335257473,7.99494386203,8.69189135234,8.69189135234,8.69189135233,8.69189135238,8.69189135238,8.69189135243,6.20597222853,8.691891352822,8.691891352822,8.691891352792,6.321529387392,8.691891352182,8.691891352182,6.656148708512,7.506665336082,6.954220290682,8.691891351882,8.691891352069,8.691891352069,8.691891352082,8.626055662682,8.691891352082,8.691891351992,8.691891351992,8.691891352082,8.575939294782,8.691891351982,8.691891352382,8.691891352382,8.691891352782,7.393792988382,5.956466238982,6.18446515173,7.37791039433,8.01526380123,8.89556773754,10.14273536245,10.14273536237,10.14273536237,10.14273536245,10.14273536245,10.14273536235,10.14273536243,9.87157975303,9.92562261603,10.14273536223,10.14273536223,10.14273536223,10.14273536223,10.14273536223,10.14273536223,10.14273536222,10.14273536222,10.10135115214,10.14273536214,10.14273536222,10.14273536218,10.14273536218,10.14273536223,9.14571771203,10.14273536223,10.1427353622,10.1427353622,10.14273536226,10.14273536226,10.14273536219,10.14273536219,10.14273536219,10.14273536229,10.14273536229,10.14273536221,10.14273536221,9.847361423451,10.14273536223,8.26859084763,7.93036981393,10.14273536273,10.14273536273,10.14273536263,9.73158996353,9.24410907353,10.14273536263,10.14273536263,9.46408297543,8.640578918736,10.142735362808,9.931933326808,10.142735362936,10.142735362536,10.142735362536,10.142735362236,8.951660822416,10.142735362516,10.142735362516,10.142735362116,10.142735362216,10.142735362216,10.142735362216,10.142735362216,10.142735362516,10.142735362516,10.142735362516,10.142735362516,10.142735362516,8.796205267906,10.142735362306,10.142735362666,6.98272121573
"t37",5.10941300411,5.10941300411,3.33520327621,3.878886821,0.80859476417,1.94916432292,1.59999913392,0,1.714209828,1.5783663832,1.714209828,3.1008218396,3.1582073636,3.2977821312,3.29778213124,3.29778213124,3.2977821312,3.2977821313,3.2977821313,3.96860825851,3.96860825859,3.96860825859,3.31688845701,3.96860825881,2.46443772261,2.17709076084,4.65347082254,4.65347082254,4.65347082244,4.23875396994,2.83557350861,4.65347082301,7.12506211031,7.82200960062,7.82200960062,7.82200960061,7.82200960066,7.82200960066,7.82200960071,5.33609047681,7.822009601102,7.822009601102,7.822009601072,5.451647635672,7.822009600462,7.822009600462,5.786266956792,6.636783584362,6.084338538962,7.822009600162,7.822009600349,7.822009600349,7.822009600362,7.756173910962,7.822009600362,7.822009600272,7.822009600272,7.822009600362,7.706057543062,7.822009600262,7.822009600662,7.822009600662,7.822009601062,6.523911236662,5.086584487262,5.31458340001,6.50802864261,7.14538204951,8.02568598582,9.27285361073,9.27285361065,9.27285361065,9.27285361073,9.27285361073,9.27285361063,9.27285361071,9.00169800131,9.05574086431,9.27285361051,9.27285361051,9.27285361051,9.27285361051,9.27285361051,9.27285361051,9.2728536105,9.2728536105,9.23146940042,9.27285361042,9.2728536105,9.27285361046,9.27285361046,9.27285361051,8.27583596031,9.27285361051,9.27285361048,9.27285361048,9.27285361054,9.27285361054,9.27285361047,9.27285361047,9.27285361047,9.27285361057,9.27285361057,9.27285361049,9.27285361049,8.977479671731,9.27285361051,7.39870909591,7.06048806221,9.27285361101,9.27285361101,9.27285361091,8.86170821181,8.37422732181,9.27285361091,9.27285361091,8.59420122371,7.770697167016,9.272853611088,9.062051575088,9.272853611216,9.272853610816,9.272853610816,9.272853610516,8.081779070696,9.272853610796,9.272853610796,9.272853610396,9.272853610496,9.272853610496,9.272853610496,9.272853610496,9.272853610796,9.272853610796,9.272853610796,9.272853610796,9.272853610796,7.926323516186,9.272853610586,9.272853610946,6.11283946401
"t49",6.32845994491,6.32845994491,4.55425021701,5.0979337618,2.02764170497,3.16821126372,2.81904607472,1.714209828,0,1.5744122464,1.7102556912,4.3198687804,4.3772543044,4.516829072,4.51682907204,4.51682907204,4.516829072,4.5168290721,4.5168290721,5.18765519931,5.18765519939,5.18765519939,4.53593539781,5.18765519961,3.68348466341,3.39613770164,5.87251776334,5.87251776334,5.87251776324,5.45780091074,4.05462044941,5.87251776381,8.34410905111,9.04105654142,9.04105654142,9.04105654141,9.04105654146,9.04105654146,9.04105654151,6.55513741761,9.041056541902,9.041056541902,9.041056541872,6.670694576472,9.041056541262,9.041056541262,7.005313897592,7.855830525162,7.303385479762,9.041056540962,9.041056541149,9.041056541149,9.041056541162,8.975220851762,9.041056541162,9.041056541072,9.041056541072,9.041056541162,8.925104483862,9.041056541062,9.041056541462,9.041056541462,9.041056541862,7.742958177462,6.305631428062,6.53363034081,7.72707558341,8.36442899031,9.24473292662,10.49190055153,10.49190055145,10.49190055145,10.49190055153,10.49190055153,10.49190055143,10.49190055151,10.22074494211,10.27478780511,10.49190055131,10.49190055131,10.49190055131,10.49190055131,10.49190055131,10.49190055131,10.4919005513,10.4919005513,10.45051634122,10.49190055122,10.4919005513,10.49190055126,10.49190055126,10.49190055131,9.49488290111,10.49190055131,10.49190055128,10.49190055128,10.49190055134,10.49190055134,10.49190055127,10.49190055127,10.49190055127,10.49190055137,10.49190055137,10.49190055129,10.49190055129,10.196526612531,10.49190055131,8.61775603671,8.27953500301,10.49190055181,10.49190055181,10.49190055171,10.08075515261,9.59327426261,10.49190055171,10.49190055171,9.81324816451,8.989744107816,10.491900551888,10.281098515888,10.491900552016,10.491900551616,10.491900551616,10.491900551316,9.300826011496,10.491900551596,10.491900551596,10.491900551196,10.491900551296,10.491900551296,10.491900551296,10.491900551296,10.491900551596,10.491900551596,10.491900551596,10.491900551596,10.491900551596,9.145370456986,10.491900551386,10.491900551746,7.33188640481
"t61",6.19261650011,6.19261650011,4.41840677221,4.962090317,1.89179826017,3.03236781892,2.68320262992,1.5783663832,1.5744122464,0,1.0948613772,4.1840253356,4.2414108596,4.3809856272,4.38098562724,4.38098562724,4.3809856272,4.3809856273,4.3809856273,5.05181175451,5.05181175459,5.05181175459,4.40009195301,5.05181175481,3.54764121861,3.26029425684,5.73667431854,5.73667431854,5.73667431844,5.32195746594,3.91877700461,5.73667431901,8.20826560631,8.90521309662,8.90521309662,8.90521309661,8.90521309666,8.90521309666,8.90521309671,6.41929397281,8.905213097102,8.905213097102,8.905213097072,6.534851131672,8.905213096462,8.905213096462,6.869470452792,7.719987080362,7.167542034962,8.905213096162,8.905213096349,8.905213096349,8.905213096362,8.839377406962,8.905213096362,8.905213096272,8.905213096272,8.905213096362,8.789261039062,8.905213096262,8.905213096662,8.905213096662,8.905213097062,7.607114732662,6.169787983262,6.39778689601,7.59123213861,8.22858554551,9.10888948182,10.35605710673,10.35605710665,10.35605710665,10.35605710673,10.35605710673,10.35605710663,10.35605710671,10.08490149731,10.13894436031,10.35605710651,10.35605710651,10.35605710651,10.35605710651,10.35605710651,10.35605710651,10.3560571065,10.3560571065,10.31467289642,10.35605710642,10.3560571065,10.35605710646,10.35605710646,10.35605710651,9.35903945631,10.35605710651,10.35605710648,10.35605710648,10.35605710654,10.35605710654,10.35605710647,10.35605710647,10.35605710647,10.35605710657,10.35605710657,10.35605710649,10.35605710649,10.060683167731,10.35605710651,8.48191259191,8.14369155821,10.35605710701,10.35605710701,10.35605710691,9.94491170781,9.45743081781,10.35605710691,10.35605710691,9.67740471971,8.853900663016,10.356057107088,10.145255071088,10.356057107216,10.356057106816,10.356057106816,10.356057106516,9.164982566696,10.356057106796,10.356057106796,10.356057106396,10.356057106496,10.356057106496,10.356057106496,10.356057106496,10.356057106796,10.356057106796,10.356057106796,10.356057106796,10.356057106796,9.009527012186,10.356057106586,10.356057106946,7.19604296001
"t62",6.32845994491,6.32845994491,4.55425021701,5.0979337618,2.02764170497,3.16821126372,2.81904607472,1.714209828,1.7102556912,1.0948613772,0,4.3198687804,4.3772543044,4.516829072,4.51682907204,4.51682907204,4.516829072,4.5168290721,4.5168290721,5.18765519931,5.18765519939,5.18765519939,4.53593539781,5.18765519961,3.68348466341,3.39613770164,5.87251776334,5.87251776334,5.87251776324,5.45780091074,4.05462044941,5.87251776381,8.34410905111,9.04105654142,9.04105654142,9.04105654141,9.04105654146,9.04105654146,9.04105654151,6.55513741761,9.041056541902,9.041056541902,9.041056541872,6.670694576472,9.041056541262,9.041056541262,7.005313897592,7.855830525162,7.303385479762,9.041056540962,9.041056541149,9.041056541149,9.041056541162,8.975220851762,9.041056541162,9.041056541072,9.041056541072,9.041056541162,8.925104483862,9.041056541062,9.041056541462,9.041056541462,9.041056541862,7.742958177462,6.305631428062,6.53363034081,7.72707558341,8.36442899031,9.24473292662,10.49190055153,10.49190055145,10.49190055145,10.49190055153,10.49190055153,10.49190055143,10.49190055151,10.22074494211,10.27478780511,10.49190055131,10.49190055131,10.49190055131,10.49190055131,10.49190055131,10.49190055131,10.4919005513,10.4919005513,10.45051634122,10.49190055122,10.4919005513,10.49190055126,10.49190055126,10.49190055131,9.49488290111,10.49190055131,10.49190055128,10.49190055128,10.49190055134,10.49190055134,10.49190055127,10.49190055127,10.49190055127,10.49190055137,10.49190055137,10.49190055129,10.49190055129,10.196526612531,10.49190055131,8.61775603671,8.27953500301,10.49190055181,10.49190055181,10.49190055171,10.08075515261,9.59327426261,10.49190055171,10.49190055171,9.81324816451,8.989744107816,10.491900551888,10.281098515888,10.491900552016,10.491900551616,10.491900551616,10.491900551316,9.300826011496,10.491900551596,10.491900551596,10.491900551196,10.491900551296,10.491900551296,10.491900551296,10.491900551296,10.491900551596,10.491900551596,10.491900551596,10.491900551596,10.491900551596,9.145370456986,10.491900551386,10.491900551746,7.33188640481
"t68",6.13149965311,6.13149965311,4.35728992521,4.90097347,2.31351081637,4.31986878032,3.97070359132,3.1008218396,4.3198687804,4.1840253356,4.3198687804,0,0.7481259152,1.8428271972,1.84282719724,1.84282719724,2.1191378982,2.1191378983,2.1191378983,4.99069490751,4.99069490759,4.99069490759,4.33897510601,4.99069490781,3.48652437161,3.19917740984,5.67555747154,5.67555747154,5.67555747144,5.26084061894,3.85766015761,5.67555747201,8.14714875931,8.84409624962,8.84409624962,8.84409624961,8.84409624966,8.84409624966,8.84409624971,6.35817712581,8.844096250102,8.844096250102,8.844096250072,6.473734284672,8.844096249462,8.844096249462,6.808353605792,7.658870233362,7.106425187962,8.844096249162,8.844096249349,8.844096249349,8.844096249362,8.778260559962,8.844096249362,8.844096249272,8.844096249272,8.844096249362,8.728144192062,8.844096249262,8.844096249662,8.844096249662,8.844096250062,7.545997885662,6.108671136262,6.33667004901,7.53011529161,8.16746869851,9.04777263482,10.29494025973,10.29494025965,10.29494025965,10.29494025973,10.29494025973,10.29494025963,10.29494025971,10.02378465031,10.07782751331,10.29494025951,10.29494025951,10.29494025951,10.29494025951,10.29494025951,10.29494025951,10.2949402595,10.2949402595,10.25355604942,10.29494025942,10.2949402595,10.29494025946,10.29494025946,10.29494025951,9.29792260931,10.29494025951,10.29494025948,10.29494025948,10.29494025954,10.29494025954,10.29494025947,10.29494025947,10.29494025947,10.29494025957,10.29494025957,10.29494025949,10.29494025949,9.999566320731,10.29494025951,8.42079574491,8.08257471121,10.29494026001,10.29494026001,10.29494025991,9.88379486081,9.39631397081,10.29494025991,10.29494025991,9.61628787271,8.792783816016,10.294940260088,10.084138224088,10.294940260216,10.294940259816,10.294940259816,10.294940259516,9.103865719696,10.294940259796,10.294940259796,10.294940259396,10.294940259496,10.294940259496,10.294940259496,10.294940259496,10.294940259796,10.294940259796,10.294940259796,10.294940259796,10.294940259796,8.948410165186,10.294940259586,10.294940259946,7.13492611301
"t69",6.18888517711,6.18888517711,4.41467544921,4.958358994,2.37089634037,4.37725430432,4.02808911532,3.1582073636,4.3772543044,4.2414108596,4.3772543044,0.7481259152,0,1.9002127212,1.90021272124,1.90021272124,2.1765234222,2.1765234223,2.1765234223,5.04808043151,5.04808043159,5.04808043159,4.39636063001,5.04808043181,3.54390989561,3.25656293384,5.73294299554,5.73294299554,5.73294299544,5.31822614294,3.91504568161,5.73294299601,8.20453428331,8.90148177362,8.90148177362,8.90148177361,8.90148177366,8.90148177366,8.90148177371,6.41556264981,8.901481774102,8.901481774102,8.901481774072,6.531119808672,8.901481773462,8.901481773462,6.865739129792,7.716255757362,7.163810711962,8.901481773162,8.901481773349,8.901481773349,8.901481773362,8.835646083962,8.901481773362,8.901481773272,8.901481773272,8.901481773362,8.785529716062,8.901481773262,8.901481773662,8.901481773662,8.901481774062,7.603383409662,6.166056660262,6.39405557301,7.58750081561,8.22485422251,9.10515815882,10.35232578373,10.35232578365,10.35232578365,10.35232578373,10.35232578373,10.35232578363,10.35232578371,10.08117017431,10.13521303731,10.35232578351,10.35232578351,10.35232578351,10.35232578351,10.35232578351,10.35232578351,10.3523257835,10.3523257835,10.31094157342,10.35232578342,10.3523257835,10.35232578346,10.35232578346,10.35232578351,9.35530813331,10.35232578351,10.35232578348,10.35232578348,10.35232578354,10.35232578354,10.35232578347,10.35232578347,10.35232578347,10.35232578357,10.35232578357,10.35232578349,10.35232578349,10.056951844731,10.35232578351,8.47818126891,8.13996023521,10.35232578401,10.35232578401,10.35232578391,9.94118038481,9.45369949481,10.35232578391,10.35232578391,9.67367339671,8.850169340016,10.352325784088,10.141523748088,10.352325784216,10.352325783816,10.352325783816,10.352325783516,9.161251243696,10.352325783796,10.352325783796,10.352325783396,10.352325783496,10.352325783496,10.352325783496,10.352325783496,10.352325783796,10.352325783796,10.352325783796,10.352325783796,10.352325783796,9.005795689186,10.352325783586,10.352325783946,7.19231163701
"t111",6.32845994471,6.32845994471,4.55425021681,5.0979337616,2.51047110797,4.51682907192,4.16766388292,3.2977821312,4.516829072,4.3809856272,4.516829072,1.8428271972,1.9002127212,0,0.29447241264,0.29447241264,2.3160981898,2.3160981899,2.3160981899,5.18765519911,5.18765519919,5.18765519919,4.53593539761,5.18765519941,3.68348466321,3.39613770144,5.87251776314,5.87251776314,5.87251776304,5.45780091054,4.05462044921,5.87251776361,8.34410905091,9.04105654122,9.04105654122,9.04105654121,9.04105654126,9.04105654126,9.04105654131,6.55513741741,9.041056541702,9.041056541702,9.041056541672,6.670694576272,9.041056541062,9.041056541062,7.005313897392,7.855830524962,7.303385479562,9.041056540762,9.041056540949,9.041056540949,9.041056540962,8.975220851562,9.041056540962,9.041056540872,9.041056540872,9.041056540962,8.925104483662,9.041056540862,9.041056541262,9.041056541262,9.041056541662,7.742958177262,6.305631427862,6.53363034061,7.72707558321,8.36442899011,9.24473292642,10.49190055133,10.49190055125,10.49190055125,10.49190055133,10.49190055133,10.49190055123,10.49190055131,10.22074494191,10.27478780491,10.49190055111,10.49190055111,10.49190055111,10.49190055111,10.49190055111,10.49190055111,10.4919005511,10.4919005511,10.45051634102,10.49190055102,10.4919005511,10.49190055106,10.49190055106,10.49190055111,9.49488290091,10.49190055111,10.49190055108,10.49190055108,10.49190055114,10.49190055114,10.49190055107,10.49190055107,10.49190055107,10.49190055117,10.49190055117,10.49190055109,10.49190055109,10.196526612331,10.49190055111,8.61775603651,8.27953500281,10.49190055161,10.49190055161,10.49190055151,10.08075515241,9.59327426241,10.49190055151,10.49190055151,9.81324816431,8.989744107616,10.491900551688,10.281098515688,10.491900551816,10.491900551416,10.491900551416,10.491900551116,9.300826011296,10.491900551396,10.491900551396,10.491900550996,10.491900551096,10.491900551096,10.491900551096,10.491900551096,10.491900551396,10.491900551396,10.491900551396,10.491900551396,10.491900551396,9.145370456786,10.491900551186,10.491900551546,7.33188640461
"t130",6.32845994475,6.32845994475,4.55425021685,5.09793376164,2.51047110801,4.51682907196,4.16766388296,3.29778213124,4.51682907204,4.38098562724,4.51682907204,1.84282719724,1.90021272124,0.29447241264,0,0.11532604808,2.31609818984,2.31609818994,2.31609818994,5.18765519915,5.18765519923,5.18765519923,4.53593539765,5.18765519945,3.68348466325,3.39613770148,5.87251776318,5.87251776318,5.87251776308,5.45780091058,4.05462044925,5.87251776365,8.34410905095,9.04105654126,9.04105654126,9.04105654125,9.0410565413,9.0410565413,9.04105654135,6.55513741745,9.041056541742,9.041056541742,9.041056541712,6.670694576312,9.041056541102,9.041056541102,7.005313897432,7.855830525002,7.303385479602,9.041056540802,9.041056540989,9.041056540989,9.041056541002,8.975220851602,9.041056541002,9.041056540912,9.041056540912,9.041056541002,8.925104483702,9.041056540902,9.041056541302,9.041056541302,9.041056541702,7.742958177302,6.305631427902,6.53363034065,7.72707558325,8.36442899015,9.24473292646,10.49190055137,10.49190055129,10.49190055129,10.49190055137,10.49190055137,10.49190055127,10.49190055135,10.22074494195,10.27478780495,10.49190055115,10.49190055115,10.49190055115,10.49190055115,10.49190055115,10.49190055115,10.49190055114,10.49190055114,10.45051634106,10.49190055106,10.49190055114,10.4919005511,10.4919005511,10.49190055115,9.49488290095,10.49190055115,10.49190055112,10.49190055112,10.49190055118,10.49190055118,10.49190055111,10.49190055111,10.49190055111,10.49190055121,10.49190055121,10.49190055113,10.49190055113,10.196526612371,10.49190055115,8.61775603655,8.27953500285,10.49190055165,10.49190055165,10.49190055155,10.08075515245,9.59327426245,10.49190055155,10.49190055155,9.81324816435,8.989744107656,10.491900551728,10.281098515728,10.491900551856,10.491900551456,10.491900551456,10.491900551156,9.300826011336,10.491900551436,10.491900551436,10.491900551036,10.491900551136,10.491900551136,10.491900551136,10.491900551136,10.491900551436,10.491900551436,10.491900551436,10.491900551436,10.491900551436,9.145370456826,10.491900551226,10.491900551586,7.33188640465
"t131",6.32845994475,6.32845994475,4.55425021685,5.09793376164,2.51047110801,4.51682907196,4.16766388296,3.29778213124,4.51682907204,4.38098562724,4.51682907204,1.84282719724,1.90021272124,0.29447241264,0.11532604808,0,2.31609818984,2.31609818994,2.31609818994,5.18765519915,5.18765519923,5.18765519923,4.53593539765,5.18765519945,3.68348466325,3.39613770148,5.87251776318,5.87251776318,5.87251776308,5.45780091058,4.05462044925,5.87251776365,8.34410905095,9.04105654126,9.04105654126,9.04105654125,9.0410565413,9.0410565413,9.04105654135,6.55513741745,9.041056541742,9.041056541742,9.041056541712,6.670694576312,9.041056541102,9.041056541102,7.005313897432,7.855830525002,7.303385479602,9.041056540802,9.041056540989,9.041056540989,9.041056541002,8.975220851602,9.041056541002,9.041056540912,9.041056540912,9.041056541002,8.925104483702,9.041056540902,9.041056541302,9.041056541302,9.041056541702,7.742958177302,6.305631427902,6.53363034065,7.72707558325,8.36442899015,9.24473292646,10.49190055137,10.49190055129,10.49190055129,10.49190055137,10.49190055137,10.49190055127,10.49190055135,10.22074494195,10.27478780495,10.49190055115,10.49190055115,10.49190055115,10.49190055115,10.49190055115,10.49190055115,10.49190055114,10.49190055114,10.45051634106,10.49190055106,10.49190055114,10.4919005511,10.4919005511,10.49190055115,9.49488290095,10.49190055115,10.49190055112,10.49190055112,10.49190055118,10.49190055118,10.49190055111,10.49190055111,10.49190055111,10.49190055121,10.49190055121,10.49190055113,10.49190055113,10.196526612371,10.49190055115,8.61775603655,8.27953500285,10.49190055165,10.49190055165,10.49190055155,10.08075515245,9.59327426245,10.49190055155,10.49190055155,9.81324816435,8.989744107656,10.491900551728,10.281098515728,10.491900551856,10.491900551456,10.491900551456,10.491900551156,9.300826011336,10.491900551436,10.491900551436,10.491900551036,10.491900551136,10.491900551136,10.491900551136,10.491900551136,10.491900551436,10.491900551436,10.491900551436,10.491900551436,10.491900551436,9.145370456826,10.491900551226,10.491900551586,7.33188640465
"t60",6.32845994471,6.32845994471,4.55425021681,5.0979337616,2.51047110797,4.51682907192,4.16766388292,3.2977821312,4.516829072,4.3809856272,4.516829072,2.1191378982,2.1765234222,2.3160981898,2.31609818984,2.31609818984,0,1.2501695853,1.2501695853,5.18765519911,5.18765519919,5.18765519919,4.53593539761,5.18765519941,3.68348466321,3.39613770144,5.87251776314,5.87251776314,5.87251776304,5.45780091054,4.05462044921,5.87251776361,8.34410905091,9.04105654122,9.04105654122,9.04105654121,9.04105654126,9.04105654126,9.04105654131,6.55513741741,9.041056541702,9.041056541702,9.041056541672,6.670694576272,9.041056541062,9.041056541062,7.005313897392,7.855830524962,7.303385479562,9.041056540762,9.041056540949,9.041056540949,9.041056540962,8.975220851562,9.041056540962,9.041056540872,9.041056540872,9.041056540962,8.925104483662,9.041056540862,9.041056541262,9.041056541262,9.041056541662,7.742958177262,6.305631427862,6.53363034061,7.72707558321,8.36442899011,9.24473292642,10.49190055133,10.49190055125,10.49190055125,10.49190055133,10.49190055133,10.49190055123,10.49190055131,10.22074494191,10.27478780491,10.49190055111,10.49190055111,10.49190055111,10.49190055111,10.49190055111,10.49190055111,10.4919005511,10.4919005511,10.45051634102,10.49190055102,10.4919005511,10.49190055106,10.49190055106,10.49190055111,9.49488290091,10.49190055111,10.49190055108,10.49190055108,10.49190055114,10.49190055114,10.49190055107,10.49190055107,10.49190055107,10.49190055117,10.49190055117,10.49190055109,10.49190055109,10.196526612331,10.49190055111,8.61775603651,8.27953500281,10.49190055161,10.49190055161,10.49190055151,10.08075515241,9.59327426241,10.49190055151,10.49190055151,9.81324816431,8.989744107616,10.491900551688,10.281098515688,10.491900551816,10.491900551416,10.491900551416,10.491900551116,9.300826011296,10.491900551396,10.491900551396,10.491900550996,10.491900551096,10.491900551096,10.491900551096,10.491900551096,10.491900551396,10.491900551396,10.491900551396,10.491900551396,10.491900551396,9.145370456786,10.491900551186,10.491900551546,7.33188640461
"t103",6.32845994481,6.32845994481,4.55425021691,5.0979337617,2.51047110807,4.51682907202,4.16766388302,3.2977821313,4.5168290721,4.3809856273,4.5168290721,2.1191378983,2.1765234223,2.3160981899,2.31609818994,2.31609818994,1.2501695853,0,0.4098976848,5.18765519921,5.18765519929,5.18765519929,4.53593539771,5.18765519951,3.68348466331,3.39613770154,5.87251776324,5.87251776324,5.87251776314,5.45780091064,4.05462044931,5.87251776371,8.34410905101,9.04105654132,9.04105654132,9.04105654131,9.04105654136,9.04105654136,9.04105654141,6.55513741751,9.041056541802,9.041056541802,9.041056541772,6.670694576372,9.041056541162,9.041056541162,7.005313897492,7.855830525062,7.303385479662,9.041056540862,9.041056541049,9.041056541049,9.041056541062,8.975220851662,9.041056541062,9.041056540972,9.041056540972,9.041056541062,8.925104483762,9.041056540962,9.041056541362,9.041056541362,9.041056541762,7.742958177362,6.305631427962,6.53363034071,7.72707558331,8.36442899021,9.24473292652,10.49190055143,10.49190055135,10.49190055135,10.49190055143,10.49190055143,10.49190055133,10.49190055141,10.22074494201,10.27478780501,10.49190055121,10.49190055121,10.49190055121,10.49190055121,10.49190055121,10.49190055121,10.4919005512,10.4919005512,10.45051634112,10.49190055112,10.4919005512,10.49190055116,10.49190055116,10.49190055121,9.49488290101,10.49190055121,10.49190055118,10.49190055118,10.49190055124,10.49190055124,10.49190055117,10.49190055117,10.49190055117,10.49190055127,10.49190055127,10.49190055119,10.49190055119,10.196526612431,10.49190055121,8.61775603661,8.27953500291,10.49190055171,10.49190055171,10.49190055161,10.08075515251,9.59327426251,10.49190055161,10.49190055161,9.81324816441,8.989744107716,10.491900551788,10.281098515788,10.491900551916,10.491900551516,10.491900551516,10.491900551216,9.300826011396,10.491900551496,10.491900551496,10.491900551096,10.491900551196,10.491900551196,10.491900551196,10.491900551196,10.491900551496,10.491900551496,10.491900551496,10.491900551496,10.491900551496,9.145370456886,10.491900551286,10.491900551646,7.33188640471
"t104",6.32845994481,6.32845994481,4.55425021691,5.0979337617,2.51047110807,4.51682907202,4.16766388302,3.2977821313,4.5168290721,4.3809856273,4.5168290721,2.1191378983,2.1765234223,2.3160981899,2.31609818994,2.31609818994,1.2501695853,0.4098976848,0,5.18765519921,5.18765519929,5.18765519929,4.53593539771,5.18765519951,3.68348466331,3.39613770154,5.87251776324,5.87251776324,5.87251776314,5.45780091064,4.05462044931,5.87251776371,8.34410905101,9.04105654132,9.04105654132,9.04105654131,9.04105654136,9.04105654136,9.04105654141,6.55513741751,9.041056541802,9.041056541802,9.041056541772,6.670694576372,9.041056541162,9.041056541162,7.005313897492,7.855830525062,7.303385479662,9.041056540862,9.041056541049,9.041056541049,9.041056541062,8.975220851662,9.041056541062,9.041056540972,9.041056540972,9.041056541062,8.925104483762,9.041056540962,9.041056541362,9.041056541362,9.041056541762,7.742958177362,6.305631427962,6.53363034071,7.72707558331,8.36442899021,9.24473292652,10.49190055143,10.49190055135,10.49190055135,10.49190055143,10.49190055143,10.49190055133,10.49190055141,10.22074494201,10.27478780501,10.49190055121,10.49190055121,10.49190055121,10.49190055121,10.49190055121,10.49190055121,10.4919005512,10.4919005512,10.45051634112,10.49190055112,10.4919005512,10.49190055116,10.49190055116,10.49190055121,9.49488290101,10.49190055121,10.49190055118,10.49190055118,10.49190055124,10.49190055124,10.49190055117,10.49190055117,10.49190055117,10.49190055127,10.49190055127,10.49190055119,10.49190055119,10.196526612431,10.49190055121,8.61775603661,8.27953500291,10.49190055171,10.49190055171,10.49190055161,10.08075515251,9.59327426251,10.49190055161,10.49190055161,9.81324816441,8.989744107716,10.491900551788,10.281098515788,10.491900551916,10.491900551516,10.491900551516,10.491900551216,9.300826011396,10.491900551496,10.491900551496,10.491900551096,10.491900551196,10.491900551196,10.491900551196,10.491900551196,10.491900551496,10.491900551496,10.491900551496,10.491900551496,10.491900551496,9.145370456886,10.491900551286,10.491900551646,7.33188640471
