"","t69","t110","t111","t35","t131","t132","t89","t90","t116","t117","t21","t31","t32","t14","t80","t81","t63","t103","t104","t99","t10","t18","t19","t43","t44","t57","t76","t112","t113","t105","t8","t17","t25","t26","t13","t7","t20","t137","t138","t56","t106","t107","t61","t123","t124","t102","t12","t74","t75","t6","t125","t126","t122","t120","t121","t96","t41","t42","t82","t83","t45","t129","t130","t79","t36","t23","t30","t47","t48","t33","t37","t38","t135","t136","t64","t65","t51","t84","t85","t86","t62","t87","t88","t16","t11","t67","t68","t58","t114","t115","t93","t15","t2","t40","t49","t50","t28","t29","t22","t9","t5","t27","t59","t60","t39","t55","t94","t95","t108","t109","t72","t73","t77","t78","t133","t134","t127","t128","t46","t70","t100","t101","t71","t66","t118","t119","t97","t98","t24","t52","t53","t34","t54","t91","t92","t3","t4","t1"
"t69",0,1.165283453,1.165283453,4.1655325444,4.16553254449,4.16553254449,4.16553254462,4.16553254462,4.16553254452,4.16553254452,4.1655325441,4.775683617784,3.628148278114,3.194714769984,4.7756836179,4.7756836179,4.7756836179,4.51169806518,4.70944958947,4.6971200865,5.1579081129,9.10467182688,9.10467182688,9.10467182722,8.72897412052,9.10467182682,9.10467182692,9.10467182692,9.10467182692,9.10467182692,7.32625779762,7.71665597912,9.10467182682,7.77080108468,7.14774639128,6.46503739389,8.17740987772,9.104671827076,9.104671827076,8.72688617982,9.10467182712,9.10467182712,9.10467182712,10.1879736245,10.1879736245,10.1879736246,10.1879736252,10.1879736249,10.1879736249,9.3425063674,10.1879736249,10.1879736249,10.18797362497,10.18797362497,10.18797362497,9.86477449848,9.62512431757,10.18797362497,10.18797362503,9.98998780503,10.18797362503,10.18797362498,10.18797362498,10.18797362506,9.32676063186,10.18797362543,10.0977783982,9.41669280636,10.187973625,10.1879736252,9.4369529546,10.1879736249,10.18797362513,10.18797362513,10.18797362507,10.18797362507,9.42229351853,10.18797362507,9.87752418525,10.18797362511,10.1879736251,10.187973625,10.187973625,9.1811656609,10.1879736249,10.187973624782,10.187973624782,9.894593349082,10.187973624882,10.187973624882,10.187973624782,8.8481951073,7.4497573798,11.1864158491,11.186415849,11.186415849,10.17978366559,11.18641584859,11.18641584889,9.7689134615,8.4117685224,11.18641584904,10.63039336964,11.18641584944,11.18641584987,11.18641584947,11.18641584939,11.18641584939,11.18641584937,11.18641584937,10.95489297837,11.18641584927,11.18641584927,11.18641584927,11.18641584929,11.18641584929,11.18641584929,11.18641584929,10.57297079009,11.18641584937,11.18641584933,11.18641584933,10.70220678389,11.18641584947,11.18641584937,11.18641584937,11.18641584946,11.18641584946,11.18641584927,11.1864158494,11.1864158494,11.0048880068,11.1864158494,11.1864158494,11.1864158494,9.4701275084,8.9444399074,7.1249546475
"t110",1.165283453,0,0.354421471,4.1655325444,4.16553254449,4.16553254449,4.16553254462,4.16553254462,4.16553254452,4.16553254452,4.1655325441,4.775683617784,3.628148278114,3.194714769984,4.7756836179,4.7756836179,4.7756836179,4.51169806518,4.70944958947,4.6971200865,5.1579081129,9.10467182688,9.10467182688,9.10467182722,8.72897412052,9.10467182682,9.10467182692,9.10467182692,9.10467182692,9.10467182692,7.32625779762,7.71665597912,9.10467182682,7.77080108468,7.14774639128,6.46503739389,8.17740987772,9.104671827076,9.104671827076,8.72688617982,9.10467182712,9.10467182712,9.10467182712,10.1879736245,10.1879736245,10.1879736246,10.1879736252,10.1879736249,10.1879736249,9.3425063674,10.1879736249,10.1879736249,10.18797362497,10.18797362497,10.18797362497,9.86477449848,9.62512431757,10.18797362497,10.18797362503,9.98998780503,10.18797362503,10.18797362498,10.18797362498,10.18797362506,9.32676063186,10.18797362543,10.0977783982,9.41669280636,10.187973625,10.1879736252,9.4369529546,10.1879736249,10.18797362513,10.18797362513,10.18797362507,10.18797362507,9.42229351853,10.18797362507,9.87752418525,10.18797362511,10.1879736251,10.187973625,10.187973625,9.1811656609,10.1879736249,10.187973624782,10.187973624782,9.894593349082,10.187973624882,10.187973624882,10.187973624782,8.8481951073,7.4497573798,11.1864158491,11.186415849,11.186415849,10.17978366559,11.18641584859,11.18641584889,9.7689134615,8.4117685224,11.18641584904,10.63039336964,11.18641584944,11.18641584987,11.18641584947,11.18641584939,11.18641584939,11.18641584937,11.18641584937,10.95489297837,11.18641584927,11.18641584927,11.18641584927,11.18641584929,11.18641584929,11.18641584929,11.18641584929,10.57297079009,11.18641584937,11.18641584933,11.18641584933,10.70220678389,11.18641584947,11.18641584937,11.18641584937,11.18641584946,11.18641584946,11.18641584927,11.1864158494,11.1864158494,11.0048880068,11.1864158494,11.1864158494,11.1864158494,9.4701275084,8.9444399074,7.1249546475
"t111",1.165283453,0.354421471,0,4.1655325444,4.16553254449,4.16553254449,4.16553254462,4.16553254462,4.16553254452,4.16553254452,4.1655325441,4.775683617784,3.628148278114,3.194714769984,4.7756836179,4.7756836179,4.7756836179,4.51169806518,4.70944958947,4.6971200865,5.1579081129,9.10467182688,9.10467182688,9.10467182722,8.72897412052,9.10467182682,9.10467182692,9.10467182692,9.10467182692,9.10467182692,7.32625779762,7.71665597912,9.10467182682,7.77080108468,7.14774639128,6.46503739389,8.17740987772,9.104671827076,9.104671827076,8.72688617982,9.10467182712,9.10467182712,9.10467182712,10.1879736245,10.1879736245,10.1879736246,10.1879736252,10.1879736249,10.1879736249,9.3425063674,10.1879736249,10.1879736249,10.18797362497,10.18797362497,10.18797362497,9.86477449848,9.62512431757,10.18797362497,10.18797362503,9.98998780503,10.18797362503,10.18797362498,10.18797362498,10.18797362506,9.32676063186,10.18797362543,10.0977783982,9.41669280636,10.187973625,10.1879736252,9.4369529546,10.1879736249,10.18797362513,10.18797362513,10.18797362507,10.18797362507,9.42229351853,10.18797362507,9.87752418525,10.18797362511,10.1879736251,10.187973625,10.187973625,9.1811656609,10.1879736249,10.187973624782,10.187973624782,9.894593349082,10.187973624882,10.187973624882,10.187973624782,8.8481951073,7.4497573798,11.1864158491,11.186415849,11.186415849,10.17978366559,11.18641584859,11.18641584889,9.7689134615,8.4117685224,11.18641584904,10.63039336964,11.18641584944,11.18641584987,11.18641584947,11.18641584939,11.18641584939,11.18641584937,11.18641584937,10.95489297837,11.18641584927,11.18641584927,11.18641584927,11.18641584929,11.18641584929,11.18641584929,11.18641584929,10.57297079009,11.18641584937,11.18641584933,11.18641584933,10.70220678389,11.18641584947,11.18641584937,11.18641584937,11.18641584946,11.18641584946,11.18641584927,11.1864158494,11.1864158494,11.0048880068,11.1864158494,11.1864158494,11.1864158494,9.4701275084,8.9444399074,7.1249546475
"t35",4.1655325444,4.1655325444,4.1655325444,0,2.12957184009,2.12957184009,2.12957184022,2.12957184022,2.12957184012,2.12957184012,2.8847870963,4.775683617184,3.628148277514,3.194714769384,4.7756836173,4.7756836173,4.7756836173,4.51169806458,4.70944958887,4.6971200859,5.1579081123,9.10467182628,9.10467182628,9.10467182662,8.72897411992,9.10467182622,9.10467182632,9.10467182632,9.10467182632,9.10467182632,7.32625779702,7.71665597852,9.10467182622,7.77080108408,7.14774639068,6.46503739329,8.17740987712,9.104671826476,9.104671826476,8.72688617922,9.10467182652,9.10467182652,9.10467182652,10.1879736239,10.1879736239,10.187973624,10.1879736246,10.1879736243,10.1879736243,9.3425063668,10.1879736243,10.1879736243,10.18797362437,10.18797362437,10.18797362437,9.86477449788,9.62512431697,10.18797362437,10.18797362443,9.98998780443,10.18797362443,10.18797362438,10.18797362438,10.18797362446,9.32676063126,10.18797362483,10.0977783976,9.41669280576,10.1879736244,10.1879736246,9.436952954,10.1879736243,10.18797362453,10.18797362453,10.18797362447,10.18797362447,9.42229351793,10.18797362447,9.87752418465,10.18797362451,10.1879736245,10.1879736244,10.1879736244,9.1811656603,10.1879736243,10.187973624182,10.187973624182,9.894593348482,10.187973624282,10.187973624282,10.187973624182,8.8481951067,7.4497573792,11.1864158485,11.1864158484,11.1864158484,10.17978366499,11.18641584799,11.18641584829,9.7689134609,8.4117685218,11.18641584844,10.63039336904,11.18641584884,11.18641584927,11.18641584887,11.18641584879,11.18641584879,11.18641584877,11.18641584877,10.95489297777,11.18641584867,11.18641584867,11.18641584867,11.18641584869,11.18641584869,11.18641584869,11.18641584869,10.57297078949,11.18641584877,11.18641584873,11.18641584873,10.70220678329,11.18641584887,11.18641584877,11.18641584877,11.18641584886,11.18641584886,11.18641584867,11.1864158488,11.1864158488,11.0048880062,11.1864158488,11.1864158488,11.1864158488,9.4701275078,8.9444399068,7.1249546469
"t131",4.16553254449,4.16553254449,4.16553254449,2.12957184009,0,0.13220183938,1.23742605871,1.23742605871,1.23742605861,1.23742605861,2.88478709639,4.775683617274,3.628148277604,3.194714769474,4.77568361739,4.77568361739,4.77568361739,4.51169806467,4.70944958896,4.69712008599,5.15790811239,9.10467182637,9.10467182637,9.10467182671,8.72897412001,9.10467182631,9.10467182641,9.10467182641,9.10467182641,9.10467182641,7.32625779711,7.71665597861,9.10467182631,7.77080108417,7.14774639077,6.46503739338,8.17740987721,9.104671826566,9.104671826566,8.72688617931,9.10467182661,9.10467182661,9.10467182661,10.18797362399,10.18797362399,10.18797362409,10.18797362469,10.18797362439,10.18797362439,9.34250636689,10.18797362439,10.18797362439,10.18797362446,10.18797362446,10.18797362446,9.86477449797,9.62512431706,10.18797362446,10.18797362452,9.98998780452,10.18797362452,10.18797362447,10.18797362447,10.18797362455,9.32676063135,10.18797362492,10.09777839769,9.41669280585,10.18797362449,10.18797362469,9.43695295409,10.18797362439,10.18797362462,10.18797362462,10.18797362456,10.18797362456,9.42229351802,10.18797362456,9.87752418474,10.1879736246,10.18797362459,10.18797362449,10.18797362449,9.18116566039,10.18797362439,10.187973624272,10.187973624272,9.894593348572,10.187973624372,10.187973624372,10.187973624272,8.84819510679,7.44975737929,11.18641584859,11.18641584849,11.18641584849,10.17978366508,11.18641584808,11.18641584838,9.76891346099,8.41176852189,11.18641584853,10.63039336913,11.18641584893,11.18641584936,11.18641584896,11.18641584888,11.18641584888,11.18641584886,11.18641584886,10.95489297786,11.18641584876,11.18641584876,11.18641584876,11.18641584878,11.18641584878,11.18641584878,11.18641584878,10.57297078958,11.18641584886,11.18641584882,11.18641584882,10.70220678338,11.18641584896,11.18641584886,11.18641584886,11.18641584895,11.18641584895,11.18641584876,11.18641584889,11.18641584889,11.00488800629,11.18641584889,11.18641584889,11.18641584889,9.47012750789,8.94443990689,7.12495464699
"t132",4.16553254449,4.16553254449,4.16553254449,2.12957184009,0.13220183938,0,1.23742605871,1.23742605871,1.23742605861,1.23742605861,2.88478709639,4.775683617274,3.628148277604,3.194714769474,4.77568361739,4.77568361739,4.77568361739,4.51169806467,4.70944958896,4.69712008599,5.15790811239,9.10467182637,9.10467182637,9.10467182671,8.72897412001,9.10467182631,9.10467182641,9.10467182641,9.10467182641,9.10467182641,7.32625779711,7.71665597861,9.10467182631,7.77080108417,7.14774639077,6.46503739338,8.17740987721,9.104671826566,9.104671826566,8.72688617931,9.10467182661,9.10467182661,9.10467182661,10.18797362399,10.18797362399,10.18797362409,10.18797362469,10.18797362439,10.18797362439,9.34250636689,10.18797362439,10.18797362439,10.18797362446,10.18797362446,10.18797362446,9.86477449797,9.62512431706,10.18797362446,10.18797362452,9.98998780452,10.18797362452,10.18797362447,10.18797362447,10.18797362455,9.32676063135,10.18797362492,10.09777839769,9.41669280585,10.18797362449,10.18797362469,9.43695295409,10.18797362439,10.18797362462,10.18797362462,10.18797362456,10.18797362456,9.42229351802,10.18797362456,9.87752418474,10.1879736246,10.18797362459,10.18797362449,10.18797362449,9.18116566039,10.18797362439,10.187973624272,10.187973624272,9.894593348572,10.187973624372,10.187973624372,10.187973624272,8.84819510679,7.44975737929,11.18641584859,11.18641584849,11.18641584849,10.17978366508,11.18641584808,11.18641584838,9.76891346099,8.41176852189,11.18641584853,10.63039336913,11.18641584893,11.18641584936,11.18641584896,11.18641584888,11.18641584888,11.18641584886,11.18641584886,10.95489297786,11.18641584876,11.18641584876,11.18641584876,11.18641584878,11.18641584878,11.18641584878,11.18641584878,10.57297078958,11.18641584886,11.18641584882,11.18641584882,10.70220678338,11.18641584896,11.18641584886,11.18641584886,11.18641584895,11.18641584895,11.18641584876,11.18641584889,11.18641584889,11.00488800629,11.18641584889,11.18641584889,11.18641584889,9.47012750789,8.94443990689,7.12495464699
"t89",4.16553254462,4.16553254462,4.16553254462,2.12957184022,1.23742605871,1.23742605871,0,0.7586293044,1.1274779319,1.1274779319,2.88478709652,4.775683617404,3.628148277734,3.194714769604,4.77568361752,4.77568361752,4.77568361752,4.5116980648,4.70944958909,4.69712008612,5.15790811252,9.1046718265,9.1046718265,9.10467182684,8.72897412014,9.10467182644,9.10467182654,9.10467182654,9.10467182654,9.10467182654,7.32625779724,7.71665597874,9.10467182644,7.7708010843,7.1477463909,6.46503739351,8.17740987734,9.104671826696,9.104671826696,8.72688617944,9.10467182674,9.10467182674,9.10467182674,10.18797362412,10.18797362412,10.18797362422,10.18797362482,10.18797362452,10.18797362452,9.34250636702,10.18797362452,10.18797362452,10.18797362459,10.18797362459,10.18797362459,9.8647744981,9.62512431719,10.18797362459,10.18797362465,9.98998780465,10.18797362465,10.1879736246,10.1879736246,10.18797362468,9.32676063148,10.18797362505,10.09777839782,9.41669280598,10.18797362462,10.18797362482,9.43695295422,10.18797362452,10.18797362475,10.18797362475,10.18797362469,10.18797362469,9.42229351815,10.18797362469,9.87752418487,10.18797362473,10.18797362472,10.18797362462,10.18797362462,9.18116566052,10.18797362452,10.187973624402,10.187973624402,9.894593348702,10.187973624502,10.187973624502,10.187973624402,8.84819510692,7.44975737942,11.18641584872,11.18641584862,11.18641584862,10.17978366521,11.18641584821,11.18641584851,9.76891346112,8.41176852202,11.18641584866,10.63039336926,11.18641584906,11.18641584949,11.18641584909,11.18641584901,11.18641584901,11.18641584899,11.18641584899,10.95489297799,11.18641584889,11.18641584889,11.18641584889,11.18641584891,11.18641584891,11.18641584891,11.18641584891,10.57297078971,11.18641584899,11.18641584895,11.18641584895,10.70220678351,11.18641584909,11.18641584899,11.18641584899,11.18641584908,11.18641584908,11.18641584889,11.18641584902,11.18641584902,11.00488800642,11.18641584902,11.18641584902,11.18641584902,9.47012750802,8.94443990702,7.12495464712
"t90",4.16553254462,4.16553254462,4.16553254462,2.12957184022,1.23742605871,1.23742605871,0.7586293044,0,1.1274779319,1.1274779319,2.88478709652,4.775683617404,3.628148277734,3.194714769604,4.77568361752,4.77568361752,4.77568361752,4.5116980648,4.70944958909,4.69712008612,5.15790811252,9.1046718265,9.1046718265,9.10467182684,8.72897412014,9.10467182644,9.10467182654,9.10467182654,9.10467182654,9.10467182654,7.32625779724,7.71665597874,9.10467182644,7.7708010843,7.1477463909,6.46503739351,8.17740987734,9.104671826696,9.104671826696,8.72688617944,9.10467182674,9.10467182674,9.10467182674,10.18797362412,10.18797362412,10.18797362422,10.18797362482,10.18797362452,10.18797362452,9.34250636702,10.18797362452,10.18797362452,10.18797362459,10.18797362459,10.18797362459,9.8647744981,9.62512431719,10.18797362459,10.18797362465,9.98998780465,10.18797362465,10.1879736246,10.1879736246,10.18797362468,9.32676063148,10.18797362505,10.09777839782,9.41669280598,10.18797362462,10.18797362482,9.43695295422,10.18797362452,10.18797362475,10.18797362475,10.18797362469,10.18797362469,9.42229351815,10.18797362469,9.87752418487,10.18797362473,10.18797362472,10.18797362462,10.18797362462,9.18116566052,10.18797362452,10.187973624402,10.187973624402,9.894593348702,10.187973624502,10.187973624502,10.187973624402,8.84819510692,7.44975737942,11.18641584872,11.18641584862,11.18641584862,10.17978366521,11.18641584821,11.18641584851,9.76891346112,8.41176852202,11.18641584866,10.63039336926,11.18641584906,11.18641584949,11.18641584909,11.18641584901,11.18641584901,11.18641584899,11.18641584899,10.95489297799,11.18641584889,11.18641584889,11.18641584889,11.18641584891,11.18641584891,11.18641584891,11.18641584891,10.57297078971,11.18641584899,11.18641584895,11.18641584895,10.70220678351,11.18641584909,11.18641584899,11.18641584899,11.18641584908,11.18641584908,11.18641584889,11.18641584902,11.18641584902,11.00488800642,11.18641584902,11.18641584902,11.18641584902,9.47012750802,8.94443990702,7.12495464712
"t116",4.16553254452,4.16553254452,4.16553254452,2.12957184012,1.23742605861,1.23742605861,1.1274779319,1.1274779319,0,0.3366125352,2.88478709642,4.775683617304,3.628148277634,3.194714769504,4.77568361742,4.77568361742,4.77568361742,4.5116980647,4.70944958899,4.69712008602,5.15790811242,9.1046718264,9.1046718264,9.10467182674,8.72897412004,9.10467182634,9.10467182644,9.10467182644,9.10467182644,9.10467182644,7.32625779714,7.71665597864,9.10467182634,7.7708010842,7.1477463908,6.46503739341,8.17740987724,9.104671826596,9.104671826596,8.72688617934,9.10467182664,9.10467182664,9.10467182664,10.18797362402,10.18797362402,10.18797362412,10.18797362472,10.18797362442,10.18797362442,9.34250636692,10.18797362442,10.18797362442,10.18797362449,10.18797362449,10.18797362449,9.864774498,9.62512431709,10.18797362449,10.18797362455,9.98998780455,10.18797362455,10.1879736245,10.1879736245,10.18797362458,9.32676063138,10.18797362495,10.09777839772,9.41669280588,10.18797362452,10.18797362472,9.43695295412,10.18797362442,10.18797362465,10.18797362465,10.18797362459,10.18797362459,9.42229351805,10.18797362459,9.87752418477,10.18797362463,10.18797362462,10.18797362452,10.18797362452,9.18116566042,10.18797362442,10.187973624302,10.187973624302,9.894593348602,10.187973624402,10.187973624402,10.187973624302,8.84819510682,7.44975737932,11.18641584862,11.18641584852,11.18641584852,10.17978366511,11.18641584811,11.18641584841,9.76891346102,8.41176852192,11.18641584856,10.63039336916,11.18641584896,11.18641584939,11.18641584899,11.18641584891,11.18641584891,11.18641584889,11.18641584889,10.95489297789,11.18641584879,11.18641584879,11.18641584879,11.18641584881,11.18641584881,11.18641584881,11.18641584881,10.57297078961,11.18641584889,11.18641584885,11.18641584885,10.70220678341,11.18641584899,11.18641584889,11.18641584889,11.18641584898,11.18641584898,11.18641584879,11.18641584892,11.18641584892,11.00488800632,11.18641584892,11.18641584892,11.18641584892,9.47012750792,8.94443990692,7.12495464702
"t117",4.16553254452,4.16553254452,4.16553254452,2.12957184012,1.23742605861,1.23742605861,1.1274779319,1.1274779319,0.3366125352,0,2.88478709642,4.775683617304,3.628148277634,3.194714769504,4.77568361742,4.77568361742,4.77568361742,4.5116980647,4.70944958899,4.69712008602,5.15790811242,9.1046718264,9.1046718264,9.10467182674,8.72897412004,9.10467182634,9.10467182644,9.10467182644,9.10467182644,9.10467182644,7.32625779714,7.71665597864,9.10467182634,7.7708010842,7.1477463908,6.46503739341,8.17740987724,9.104671826596,9.104671826596,8.72688617934,9.10467182664,9.10467182664,9.10467182664,10.18797362402,10.18797362402,10.18797362412,10.18797362472,10.18797362442,10.18797362442,9.34250636692,10.18797362442,10.18797362442,10.18797362449,10.18797362449,10.18797362449,9.864774498,9.62512431709,10.18797362449,10.18797362455,9.98998780455,10.18797362455,10.1879736245,10.1879736245,10.18797362458,9.32676063138,10.18797362495,10.09777839772,9.41669280588,10.18797362452,10.18797362472,9.43695295412,10.18797362442,10.18797362465,10.18797362465,10.18797362459,10.18797362459,9.42229351805,10.18797362459,9.87752418477,10.18797362463,10.18797362462,10.18797362452,10.18797362452,9.18116566042,10.18797362442,10.187973624302,10.187973624302,9.894593348602,10.187973624402,10.187973624402,10.187973624302,8.84819510682,7.44975737932,11.18641584862,11.18641584852,11.18641584852,10.17978366511,11.18641584811,11.18641584841,9.76891346102,8.41176852192,11.18641584856,10.63039336916,11.18641584896,11.18641584939,11.18641584899,11.18641584891,11.18641584891,11.18641584889,11.18641584889,10.95489297789,11.18641584879,11.18641584879,11.18641584879,11.18641584881,11.18641584881,11.18641584881,11.18641584881,10.57297078961,11.18641584889,11.18641584885,11.18641584885,10.70220678341,11.18641584899,11.18641584889,11.18641584889,11.18641584898,11.18641584898,11.18641584879,11.18641584892,11.18641584892,11.00488800632,11.18641584892,11.18641584892,11.18641584892,9.47012750792,8.94443990692,7.12495464702
"t21",4.1655325441,4.1655325441,4.1655325441,2.8847870963,2.88478709639,2.88478709639,2.88478709652,2.88478709652,2.88478709642,2.88478709642,0,4.775683616884,3.628148277214,3.194714769084,4.775683617,4.775683617,4.775683617,4.51169806428,4.70944958857,4.6971200856,5.157908112,9.10467182598,9.10467182598,9.10467182632,8.72897411962,9.10467182592,9.10467182602,9.10467182602,9.10467182602,9.10467182602,7.32625779672,7.71665597822,9.10467182592,7.77080108378,7.14774639038,6.46503739299,8.17740987682,9.104671826176,9.104671826176,8.72688617892,9.10467182622,9.10467182622,9.10467182622,10.1879736236,10.1879736236,10.1879736237,10.1879736243,10.187973624,10.187973624,9.3425063665,10.187973624,10.187973624,10.18797362407,10.18797362407,10.18797362407,9.86477449758,9.62512431667,10.18797362407,10.18797362413,9.98998780413,10.18797362413,10.18797362408,10.18797362408,10.18797362416,9.32676063096,10.18797362453,10.0977783973,9.41669280546,10.1879736241,10.1879736243,9.4369529537,10.187973624,10.18797362423,10.18797362423,10.18797362417,10.18797362417,9.42229351763,10.18797362417,9.87752418435,10.18797362421,10.1879736242,10.1879736241,10.1879736241,9.18116566,10.187973624,10.187973623882,10.187973623882,9.894593348182,10.187973623982,10.187973623982,10.187973623882,8.8481951064,7.4497573789,11.1864158482,11.1864158481,11.1864158481,10.17978366469,11.18641584769,11.18641584799,9.7689134606,8.4117685215,11.18641584814,10.63039336874,11.18641584854,11.18641584897,11.18641584857,11.18641584849,11.18641584849,11.18641584847,11.18641584847,10.95489297747,11.18641584837,11.18641584837,11.18641584837,11.18641584839,11.18641584839,11.18641584839,11.18641584839,10.57297078919,11.18641584847,11.18641584843,11.18641584843,10.70220678299,11.18641584857,11.18641584847,11.18641584847,11.18641584856,11.18641584856,11.18641584837,11.1864158485,11.1864158485,11.0048880059,11.1864158485,11.1864158485,11.1864158485,9.4701275075,8.9444399065,7.1249546466
"t31",4.775683617784,4.775683617784,4.775683617784,4.775683617184,4.775683617274,4.775683617274,4.775683617404,4.775683617404,4.775683617304,4.775683617304,4.775683616884,0,1.26071214633,2.3458365916,3.929962862884,3.929962862884,3.929962862884,3.665977310164,3.863728834454,3.851399331484,5.157908112284,9.104671826264,9.104671826264,9.104671826604,8.728974119904,9.104671826204,9.104671826304,9.104671826304,9.104671826304,9.104671826304,7.326257797004,7.716655978504,9.104671826204,7.770801084064,7.147746390664,6.465037393274,8.177409877104,9.10467182646,9.10467182646,8.726886179204,9.104671826504,9.104671826504,9.104671826504,10.187973623884,10.187973623884,10.187973623984,10.187973624584,10.187973624284,10.187973624284,9.342506366784,10.187973624284,10.187973624284,10.187973624354,10.187973624354,10.187973624354,9.864774497864,9.625124316954,10.187973624354,10.187973624414,9.989987804414,10.187973624414,10.187973624364,10.187973624364,10.187973624444,9.326760631244,10.187973624814,10.097778397584,9.416692805744,10.187973624384,10.187973624584,9.436952953984,10.187973624284,10.187973624514,10.187973624514,10.187973624454,10.187973624454,9.422293517914,10.187973624454,9.877524184634,10.187973624494,10.187973624484,10.187973624384,10.187973624384,9.181165660284,10.187973624284,10.187973624166,10.187973624166,9.894593348466,10.187973624266,10.187973624266,10.187973624166,8.848195106684,7.449757379184,11.186415848484,11.186415848384,11.186415848384,10.179783664974,11.186415847974,11.186415848274,9.768913460884,8.411768521784,11.186415848424,10.630393369024,11.186415848824,11.186415849254,11.186415848854,11.186415848774,11.186415848774,11.186415848754,11.186415848754,10.954892977754,11.186415848654,11.186415848654,11.186415848654,11.186415848674,11.186415848674,11.186415848674,11.186415848674,10.572970789474,11.186415848754,11.186415848714,11.186415848714,10.702206783274,11.186415848854,11.186415848754,11.186415848754,11.186415848844,11.186415848844,11.186415848654,11.186415848784,11.186415848784,11.004888006184,11.186415848784,11.186415848784,11.186415848784,9.470127507784,8.944439906784,7.124954646884
"t32",3.628148278114,3.628148278114,3.628148278114,3.628148277514,3.628148277604,3.628148277604,3.628148277734,3.628148277734,3.628148277634,3.628148277634,3.628148277214,1.26071214633,0,1.19830125193,2.782427523214,2.782427523214,2.782427523214,2.518441970494,2.716193494784,2.703863991814,4.010372772614,7.957136486594,7.957136486594,7.957136486934,7.581438780234,7.957136486534,7.957136486634,7.957136486634,7.957136486634,7.957136486634,6.178722457334,6.569120638834,7.957136486534,6.623265744394,6.000211050994,5.317502053604,7.029874537434,7.95713648679,7.95713648679,7.579350839534,7.957136486834,7.957136486834,7.957136486834,9.040438284214,9.040438284214,9.040438284314,9.040438284914,9.040438284614,9.040438284614,8.194971027114,9.040438284614,9.040438284614,9.040438284684,9.040438284684,9.040438284684,8.717239158194,8.477588977284,9.040438284684,9.040438284744,8.842452464744,9.040438284744,9.040438284694,9.040438284694,9.040438284774,8.179225291574,9.040438285144,8.950243057914,8.269157466074,9.040438284714,9.040438284914,8.289417614314,9.040438284614,9.040438284844,9.040438284844,9.040438284784,9.040438284784,8.274758178244,9.040438284784,8.729988844964,9.040438284824,9.040438284814,9.040438284714,9.040438284714,8.033630320614,9.040438284614,9.040438284496,9.040438284496,8.747058008796,9.040438284596,9.040438284596,9.040438284496,7.700659767014,6.302222039514,10.038880508814,10.038880508714,10.038880508714,9.032248325304,10.038880508304,10.038880508604,8.621378121214,7.264233182114,10.038880508754,9.482858029354,10.038880509154,10.038880509584,10.038880509184,10.038880509104,10.038880509104,10.038880509084,10.038880509084,9.807357638084,10.038880508984,10.038880508984,10.038880508984,10.038880509004,10.038880509004,10.038880509004,10.038880509004,9.425435449804,10.038880509084,10.038880509044,10.038880509044,9.554671443604,10.038880509184,10.038880509084,10.038880509084,10.038880509174,10.038880509174,10.038880508984,10.038880509114,10.038880509114,9.857352666514,10.038880509114,10.038880509114,10.038880509114,8.322592168114,7.796904567114,5.977419307214
"t14",3.194714769984,3.194714769984,3.194714769984,3.194714769384,3.194714769474,3.194714769474,3.194714769604,3.194714769604,3.194714769504,3.194714769504,3.194714769084,2.3458365916,1.19830125193,0,2.348994015084,2.348994015084,2.348994015084,2.085008462364,2.282759986654,2.270430483684,3.576939264484,7.523702978464,7.523702978464,7.523702978804,7.148005272104,7.523702978404,7.523702978504,7.523702978504,7.523702978504,7.523702978504,5.745288949204,6.135687130704,7.523702978404,6.189832236264,5.566777542864,4.884068545474,6.596441029304,7.52370297866,7.52370297866,7.145917331404,7.523702978704,7.523702978704,7.523702978704,8.607004776084,8.607004776084,8.607004776184,8.607004776784,8.607004776484,8.607004776484,7.761537518984,8.607004776484,8.607004776484,8.607004776554,8.607004776554,8.607004776554,8.283805650064,8.044155469154,8.607004776554,8.607004776614,8.409018956614,8.607004776614,8.607004776564,8.607004776564,8.607004776644,7.745791783444,8.607004777014,8.516809549784,7.835723957944,8.607004776584,8.607004776784,7.855984106184,8.607004776484,8.607004776714,8.607004776714,8.607004776654,8.607004776654,7.841324670114,8.607004776654,8.296555336834,8.607004776694,8.607004776684,8.607004776584,8.607004776584,7.600196812484,8.607004776484,8.607004776366,8.607004776366,8.313624500666,8.607004776466,8.607004776466,8.607004776366,7.267226258884,5.868788531384,9.605447000684,9.605447000584,9.605447000584,8.598814817174,9.605447000174,9.605447000474,8.187944613084,6.830799673984,9.605447000624,9.049424521224,9.605447001024,9.605447001454,9.605447001054,9.605447000974,9.605447000974,9.605447000954,9.605447000954,9.373924129954,9.605447000854,9.605447000854,9.605447000854,9.605447000874,9.605447000874,9.605447000874,9.605447000874,8.992001941674,9.605447000954,9.605447000914,9.605447000914,9.121237935474,9.605447001054,9.605447000954,9.605447000954,9.605447001044,9.605447001044,9.605447000854,9.605447000984,9.605447000984,9.423919158384,9.605447000984,9.605447000984,9.605447000984,7.889158659984,7.363471058984,5.543985799084
"t80",4.7756836179,4.7756836179,4.7756836179,4.7756836173,4.77568361739,4.77568361739,4.77568361752,4.77568361752,4.77568361742,4.77568361742,4.775683617,3.929962862884,2.782427523214,2.348994015084,0,0.822342825,2.2072435256,1.94325797288,2.14100949717,2.1286799942,5.1579081124,9.10467182638,9.10467182638,9.10467182672,8.72897412002,9.10467182632,9.10467182642,9.10467182642,9.10467182642,9.10467182642,7.32625779712,7.71665597862,9.10467182632,7.77080108418,7.14774639078,6.46503739339,8.17740987722,9.104671826576,9.104671826576,8.72688617932,9.10467182662,9.10467182662,9.10467182662,10.187973624,10.187973624,10.1879736241,10.1879736247,10.1879736244,10.1879736244,9.3425063669,10.1879736244,10.1879736244,10.18797362447,10.18797362447,10.18797362447,9.86477449798,9.62512431707,10.18797362447,10.18797362453,9.98998780453,10.18797362453,10.18797362448,10.18797362448,10.18797362456,9.32676063136,10.18797362493,10.0977783977,9.41669280586,10.1879736245,10.1879736247,9.4369529541,10.1879736244,10.18797362463,10.18797362463,10.18797362457,10.18797362457,9.42229351803,10.18797362457,9.87752418475,10.18797362461,10.1879736246,10.1879736245,10.1879736245,9.1811656604,10.1879736244,10.187973624282,10.187973624282,9.894593348582,10.187973624382,10.187973624382,10.187973624282,8.8481951068,7.4497573793,11.1864158486,11.1864158485,11.1864158485,10.17978366509,11.18641584809,11.18641584839,9.768913461,8.4117685219,11.18641584854,10.63039336914,11.18641584894,11.18641584937,11.18641584897,11.18641584889,11.18641584889,11.18641584887,11.18641584887,10.95489297787,11.18641584877,11.18641584877,11.18641584877,11.18641584879,11.18641584879,11.18641584879,11.18641584879,10.57297078959,11.18641584887,11.18641584883,11.18641584883,10.70220678339,11.18641584897,11.18641584887,11.18641584887,11.18641584896,11.18641584896,11.18641584877,11.1864158489,11.1864158489,11.0048880063,11.1864158489,11.1864158489,11.1864158489,9.4701275079,8.9444399069,7.124954647
"t81",4.7756836179,4.7756836179,4.7756836179,4.7756836173,4.77568361739,4.77568361739,4.77568361752,4.77568361752,4.77568361742,4.77568361742,4.775683617,3.929962862884,2.782427523214,2.348994015084,0.822342825,0,2.2072435256,1.94325797288,2.14100949717,2.1286799942,5.1579081124,9.10467182638,9.10467182638,9.10467182672,8.72897412002,9.10467182632,9.10467182642,9.10467182642,9.10467182642,9.10467182642,7.32625779712,7.71665597862,9.10467182632,7.77080108418,7.14774639078,6.46503739339,8.17740987722,9.104671826576,9.104671826576,8.72688617932,9.10467182662,9.10467182662,9.10467182662,10.187973624,10.187973624,10.1879736241,10.1879736247,10.1879736244,10.1879736244,9.3425063669,10.1879736244,10.1879736244,10.18797362447,10.18797362447,10.18797362447,9.86477449798,9.62512431707,10.18797362447,10.18797362453,9.98998780453,10.18797362453,10.18797362448,10.18797362448,10.18797362456,9.32676063136,10.18797362493,10.0977783977,9.41669280586,10.1879736245,10.1879736247,9.4369529541,10.1879736244,10.18797362463,10.18797362463,10.18797362457,10.18797362457,9.42229351803,10.18797362457,9.87752418475,10.18797362461,10.1879736246,10.1879736245,10.1879736245,9.1811656604,10.1879736244,10.187973624282,10.187973624282,9.894593348582,10.187973624382,10.187973624382,10.187973624282,8.8481951068,7.4497573793,11.1864158486,11.1864158485,11.1864158485,10.17978366509,11.18641584809,11.18641584839,9.768913461,8.4117685219,11.18641584854,10.63039336914,11.18641584894,11.18641584937,11.18641584897,11.18641584889,11.18641584889,11.18641584887,11.18641584887,10.95489297787,11.18641584877,11.18641584877,11.18641584877,11.18641584879,11.18641584879,11.18641584879,11.18641584879,10.57297078959,11.18641584887,11.18641584883,11.18641584883,10.70220678339,11.18641584897,11.18641584887,11.18641584887,11.18641584896,11.18641584896,11.18641584877,11.1864158489,11.1864158489,11.0048880063,11.1864158489,11.1864158489,11.1864158489,9.4701275079,8.9444399069,7.124954647
"t63",4.7756836179,4.7756836179,4.7756836179,4.7756836173,4.77568361739,4.77568361739,4.77568361752,4.77568361752,4.77568361742,4.77568361742,4.775683617,3.929962862884,2.782427523214,2.348994015084,2.2072435256,2.2072435256,0,1.00562503708,1.20337656137,1.1910470584,5.1579081124,9.10467182638,9.10467182638,9.10467182672,8.72897412002,9.10467182632,9.10467182642,9.10467182642,9.10467182642,9.10467182642,7.32625779712,7.71665597862,9.10467182632,7.77080108418,7.14774639078,6.46503739339,8.17740987722,9.104671826576,9.104671826576,8.72688617932,9.10467182662,9.10467182662,9.10467182662,10.187973624,10.187973624,10.1879736241,10.1879736247,10.1879736244,10.1879736244,9.3425063669,10.1879736244,10.1879736244,10.18797362447,10.18797362447,10.18797362447,9.86477449798,9.62512431707,10.18797362447,10.18797362453,9.98998780453,10.18797362453,10.18797362448,10.18797362448,10.18797362456,9.32676063136,10.18797362493,10.0977783977,9.41669280586,10.1879736245,10.1879736247,9.4369529541,10.1879736244,10.18797362463,10.18797362463,10.18797362457,10.18797362457,9.42229351803,10.18797362457,9.87752418475,10.18797362461,10.1879736246,10.1879736245,10.1879736245,9.1811656604,10.1879736244,10.187973624282,10.187973624282,9.894593348582,10.187973624382,10.187973624382,10.187973624282,8.8481951068,7.4497573793,11.1864158486,11.1864158485,11.1864158485,10.17978366509,11.18641584809,11.18641584839,9.768913461,8.4117685219,11.18641584854,10.63039336914,11.18641584894,11.18641584937,11.18641584897,11.18641584889,11.18641584889,11.18641584887,11.18641584887,10.95489297787,11.18641584877,11.18641584877,11.18641584877,11.18641584879,11.18641584879,11.18641584879,11.18641584879,10.57297078959,11.18641584887,11.18641584883,11.18641584883,10.70220678339,11.18641584897,11.18641584887,11.18641584887,11.18641584896,11.18641584896,11.18641584877,11.1864158489,11.1864158489,11.0048880063,11.1864158489,11.1864158489,11.1864158489,9.4701275079,8.9444399069,7.124954647
"t103",4.51169806518,4.51169806518,4.51169806518,4.51169806458,4.51169806467,4.51169806467,4.5116980648,4.5116980648,4.5116980647,4.5116980647,4.51169806428,3.665977310164,2.518441970494,2.085008462364,1.94325797288,1.94325797288,1.00562503708,0,0.26912199551,0.32728916728,4.89392255968,8.84068627366,8.84068627366,8.840686274,8.4649885673,8.8406862736,8.8406862737,8.8406862737,8.8406862737,8.8406862737,7.0622722444,7.4526704259,8.8406862736,7.50681553146,6.88376083806,6.20105184067,7.9134243245,8.840686273856,8.840686273856,8.4629006266,8.8406862739,8.8406862739,8.8406862739,9.92398807128,9.92398807128,9.92398807138,9.92398807198,9.92398807168,9.92398807168,9.07852081418,9.92398807168,9.92398807168,9.92398807175,9.92398807175,9.92398807175,9.60078894526,9.36113876435,9.92398807175,9.92398807181,9.72600225181,9.92398807181,9.92398807176,9.92398807176,9.92398807184,9.06277507864,9.92398807221,9.83379284498,9.15270725314,9.92398807178,9.92398807198,9.17296740138,9.92398807168,9.92398807191,9.92398807191,9.92398807185,9.92398807185,9.15830796531,9.92398807185,9.61353863203,9.92398807189,9.92398807188,9.92398807178,9.92398807178,8.91718010768,9.92398807168,9.923988071562,9.923988071562,9.630607795862,9.923988071662,9.923988071662,9.923988071562,8.58420955408,7.18577182658,10.92243029588,10.92243029578,10.92243029578,9.91579811237,10.92243029537,10.92243029567,9.50492790828,8.14778296918,10.92243029582,10.36640781642,10.92243029622,10.92243029665,10.92243029625,10.92243029617,10.92243029617,10.92243029615,10.92243029615,10.69090742515,10.92243029605,10.92243029605,10.92243029605,10.92243029607,10.92243029607,10.92243029607,10.92243029607,10.30898523687,10.92243029615,10.92243029611,10.92243029611,10.43822123067,10.92243029625,10.92243029615,10.92243029615,10.92243029624,10.92243029624,10.92243029605,10.92243029618,10.92243029618,10.74090245358,10.92243029618,10.92243029618,10.92243029618,9.20614195518,8.68045435418,6.86096909428
"t104",4.70944958947,4.70944958947,4.70944958947,4.70944958887,4.70944958896,4.70944958896,4.70944958909,4.70944958909,4.70944958899,4.70944958899,4.70944958857,3.863728834454,2.716193494784,2.282759986654,2.14100949717,2.14100949717,1.20337656137,0.26912199551,0,0.52504069157,5.09167408397,9.03843779795,9.03843779795,9.03843779829,8.66274009159,9.03843779789,9.03843779799,9.03843779799,9.03843779799,9.03843779799,7.26002376869,7.65042195019,9.03843779789,7.70456705575,7.08151236235,6.39880336496,8.11117584879,9.038437798146,9.038437798146,8.66065215089,9.03843779819,9.03843779819,9.03843779819,10.12173959557,10.12173959557,10.12173959567,10.12173959627,10.12173959597,10.12173959597,9.27627233847,10.12173959597,10.12173959597,10.12173959604,10.12173959604,10.12173959604,9.79854046955,9.55889028864,10.12173959604,10.1217395961,9.9237537761,10.1217395961,10.12173959605,10.12173959605,10.12173959613,9.26052660293,10.1217395965,10.03154436927,9.35045877743,10.12173959607,10.12173959627,9.37071892567,10.12173959597,10.1217395962,10.1217395962,10.12173959614,10.12173959614,9.3560594896,10.12173959614,9.81129015632,10.12173959618,10.12173959617,10.12173959607,10.12173959607,9.11493163197,10.12173959597,10.121739595852,10.121739595852,9.828359320152,10.121739595952,10.121739595952,10.121739595852,8.78196107837,7.38352335087,11.12018182017,11.12018182007,11.12018182007,10.11354963666,11.12018181966,11.12018181996,9.70267943257,8.34553449347,11.12018182011,10.56415934071,11.12018182051,11.12018182094,11.12018182054,11.12018182046,11.12018182046,11.12018182044,11.12018182044,10.88865894944,11.12018182034,11.12018182034,11.12018182034,11.12018182036,11.12018182036,11.12018182036,11.12018182036,10.50673676116,11.12018182044,11.1201818204,11.1201818204,10.63597275496,11.12018182054,11.12018182044,11.12018182044,11.12018182053,11.12018182053,11.12018182034,11.12018182047,11.12018182047,10.93865397787,11.12018182047,11.12018182047,11.12018182047,9.40389347947,8.87820587847,7.05872061857
