"","t75","t76","t55","t58","t59","t36","t37","t77","t78","t31","t46","t90","t91","t40","t41","t47","t48","t28","t82","t83","t7","t5","t94","t95","t70","t71","t45","t54","t92","t93","t20","t84","t85","t79","t23","t26","t27","t43","t44","t68","t69","t18","t19","t72","t73","t64","t65","t53","t39","t60","t61","t3","t8","t62","t63","t33","t99","t100","t96","t74","t11","t34","t35","t86","t87","t80","t81","t38","t14","t6","t16","t17","t88","t89","t10","t9","t4","t13","t51","t52","t49","t42","t66","t67","t12","t21","t22","t24","t25","t15","t97","t98","t50","t32","t56","t57","t29","t30","t1","t2"
"t75",0,0.202209807,0.4069221488,3.5825386223,3.5825386223,3.5825386223,3.5825386223,3.58253862231,3.58253862231,4.5428755912,4.5428755913,4.54287559125,4.54287559125,4.5428755912,4.5428755912,4.54287559122,4.54287559122,4.54287559122,4.54287559073,4.54287559073,4.5428755909,4.5428755917,4.56722147459,4.56722147459,4.56722147457,4.56722147457,4.56722147459,4.56722147459,4.5672214746,4.5672214746,4.56722147459,4.56722147456,4.56722147456,4.56722147456,4.56722147459,4.56722147454,4.56722147454,4.56722147458,4.56722147458,4.56722147454,4.56722147454,4.56722147457,4.56722147457,4.56722147457,4.56722147457,4.56722147451,4.56722147451,4.56722147457,4.56722147457,4.56722147457,4.56722147457,4.56722147504,5.2044579888,5.2044579887,5.2044579887,5.2044579887,5.204457988608,5.204457988608,5.2044579886,5.20445798863,5.20445798883,5.20445798873,5.20445798873,5.20445798875,5.20445798875,5.20445798876,5.20445798876,5.20445798874,5.20445798883,5.20445798843,5.20445798873,5.20445798873,5.20445798866,5.20445798866,5.20445798836,5.20445798844,5.20445798844,5.20445798863,5.2044579886,5.2044579886,5.20445798859,5.20445798863,5.20445798863,5.20445798863,5.20445798859,5.20445798879,5.20445798879,5.20445798876,5.20445798876,5.20445798876,5.204457988787,5.204457988787,5.20445798876,5.20445798876,5.20445798901,5.20445798901,5.20445798866,5.20445798866,5.20445798862,5.20445798862
"t76",0.202209807,0,0.4069221488,3.5825386223,3.5825386223,3.5825386223,3.5825386223,3.58253862231,3.58253862231,4.5428755912,4.5428755913,4.54287559125,4.54287559125,4.5428755912,4.5428755912,4.54287559122,4.54287559122,4.54287559122,4.54287559073,4.54287559073,4.5428755909,4.5428755917,4.56722147459,4.56722147459,4.56722147457,4.56722147457,4.56722147459,4.56722147459,4.5672214746,4.5672214746,4.56722147459,4.56722147456,4.56722147456,4.56722147456,4.56722147459,4.56722147454,4.56722147454,4.56722147458,4.56722147458,4.56722147454,4.56722147454,4.56722147457,4.56722147457,4.56722147457,4.56722147457,4.56722147451,4.56722147451,4.56722147457,4.56722147457,4.56722147457,4.56722147457,4.56722147504,5.2044579888,5.2044579887,5.2044579887,5.2044579887,5.204457988608,5.204457988608,5.2044579886,5.20445798863,5.20445798883,5.20445798873,5.20445798873,5.20445798875,5.20445798875,5.20445798876,5.20445798876,5.20445798874,5.20445798883,5.20445798843,5.20445798873,5.20445798873,5.20445798866,5.20445798866,5.20445798836,5.20445798844,5.20445798844,5.20445798863,5.2044579886,5.2044579886,5.20445798859,5.20445798863,5.20445798863,5.20445798863,5.20445798859,5.20445798879,5.20445798879,5.20445798876,5.20445798876,5.20445798876,5.204457988787,5.204457988787,5.20445798876,5.20445798876,5.20445798901,5.20445798901,5.20445798866,5.20445798866,5.20445798862,5.20445798862
"t55",0.4069221488,0.4069221488,0,3.5825386223,3.5825386223,3.5825386223,3.5825386223,3.58253862231,3.58253862231,4.5428755912,4.5428755913,4.54287559125,4.54287559125,4.5428755912,4.5428755912,4.54287559122,4.54287559122,4.54287559122,4.54287559073,4.54287559073,4.5428755909,4.5428755917,4.56722147459,4.56722147459,4.56722147457,4.56722147457,4.56722147459,4.56722147459,4.5672214746,4.5672214746,4.56722147459,4.56722147456,4.56722147456,4.56722147456,4.56722147459,4.56722147454,4.56722147454,4.56722147458,4.56722147458,4.56722147454,4.56722147454,4.56722147457,4.56722147457,4.56722147457,4.56722147457,4.56722147451,4.56722147451,4.56722147457,4.56722147457,4.56722147457,4.56722147457,4.56722147504,5.2044579888,5.2044579887,5.2044579887,5.2044579887,5.204457988608,5.204457988608,5.2044579886,5.20445798863,5.20445798883,5.20445798873,5.20445798873,5.20445798875,5.20445798875,5.20445798876,5.20445798876,5.20445798874,5.20445798883,5.20445798843,5.20445798873,5.20445798873,5.20445798866,5.20445798866,5.20445798836,5.20445798844,5.20445798844,5.20445798863,5.2044579886,5.2044579886,5.20445798859,5.20445798863,5.20445798863,5.20445798863,5.20445798859,5.20445798879,5.20445798879,5.20445798876,5.20445798876,5.20445798876,5.204457988787,5.204457988787,5.20445798876,5.20445798876,5.20445798901,5.20445798901,5.20445798866,5.20445798866,5.20445798862,5.20445798862
"t58",3.5825386223,3.5825386223,3.5825386223,0,0.3923311606,2.2100697852,2.2100697852,2.21006978521,2.21006978521,4.5428755907,4.5428755908,4.54287559075,4.54287559075,4.5428755907,4.5428755907,4.54287559072,4.54287559072,4.54287559072,4.54287559023,4.54287559023,4.5428755904,4.5428755912,4.56722147409,4.56722147409,4.56722147407,4.56722147407,4.56722147409,4.56722147409,4.5672214741,4.5672214741,4.56722147409,4.56722147406,4.56722147406,4.56722147406,4.56722147409,4.56722147404,4.56722147404,4.56722147408,4.56722147408,4.56722147404,4.56722147404,4.56722147407,4.56722147407,4.56722147407,4.56722147407,4.56722147401,4.56722147401,4.56722147407,4.56722147407,4.56722147407,4.56722147407,4.56722147454,5.2044579883,5.2044579882,5.2044579882,5.2044579882,5.204457988108,5.204457988108,5.2044579881,5.20445798813,5.20445798833,5.20445798823,5.20445798823,5.20445798825,5.20445798825,5.20445798826,5.20445798826,5.20445798824,5.20445798833,5.20445798793,5.20445798823,5.20445798823,5.20445798816,5.20445798816,5.20445798786,5.20445798794,5.20445798794,5.20445798813,5.2044579881,5.2044579881,5.20445798809,5.20445798813,5.20445798813,5.20445798813,5.20445798809,5.20445798829,5.20445798829,5.20445798826,5.20445798826,5.20445798826,5.204457988287,5.204457988287,5.20445798826,5.20445798826,5.20445798851,5.20445798851,5.20445798816,5.20445798816,5.20445798812,5.20445798812
"t59",3.5825386223,3.5825386223,3.5825386223,0.3923311606,0,2.2100697852,2.2100697852,2.21006978521,2.21006978521,4.5428755907,4.5428755908,4.54287559075,4.54287559075,4.5428755907,4.5428755907,4.54287559072,4.54287559072,4.54287559072,4.54287559023,4.54287559023,4.5428755904,4.5428755912,4.56722147409,4.56722147409,4.56722147407,4.56722147407,4.56722147409,4.56722147409,4.5672214741,4.5672214741,4.56722147409,4.56722147406,4.56722147406,4.56722147406,4.56722147409,4.56722147404,4.56722147404,4.56722147408,4.56722147408,4.56722147404,4.56722147404,4.56722147407,4.56722147407,4.56722147407,4.56722147407,4.56722147401,4.56722147401,4.56722147407,4.56722147407,4.56722147407,4.56722147407,4.56722147454,5.2044579883,5.2044579882,5.2044579882,5.2044579882,5.204457988108,5.204457988108,5.2044579881,5.20445798813,5.20445798833,5.20445798823,5.20445798823,5.20445798825,5.20445798825,5.20445798826,5.20445798826,5.20445798824,5.20445798833,5.20445798793,5.20445798823,5.20445798823,5.20445798816,5.20445798816,5.20445798786,5.20445798794,5.20445798794,5.20445798813,5.2044579881,5.2044579881,5.20445798809,5.20445798813,5.20445798813,5.20445798813,5.20445798809,5.20445798829,5.20445798829,5.20445798826,5.20445798826,5.20445798826,5.204457988287,5.204457988287,5.20445798826,5.20445798826,5.20445798851,5.20445798851,5.20445798816,5.20445798816,5.20445798812,5.20445798812
"t36",3.5825386223,3.5825386223,3.5825386223,2.2100697852,2.2100697852,0,0.7612857536,1.58553237621,1.58553237621,4.5428755907,4.5428755908,4.54287559075,4.54287559075,4.5428755907,4.5428755907,4.54287559072,4.54287559072,4.54287559072,4.54287559023,4.54287559023,4.5428755904,4.5428755912,4.56722147409,4.56722147409,4.56722147407,4.56722147407,4.56722147409,4.56722147409,4.5672214741,4.5672214741,4.56722147409,4.56722147406,4.56722147406,4.56722147406,4.56722147409,4.56722147404,4.56722147404,4.56722147408,4.56722147408,4.56722147404,4.56722147404,4.56722147407,4.56722147407,4.56722147407,4.56722147407,4.56722147401,4.56722147401,4.56722147407,4.56722147407,4.56722147407,4.56722147407,4.56722147454,5.2044579883,5.2044579882,5.2044579882,5.2044579882,5.204457988108,5.204457988108,5.2044579881,5.20445798813,5.20445798833,5.20445798823,5.20445798823,5.20445798825,5.20445798825,5.20445798826,5.20445798826,5.20445798824,5.20445798833,5.20445798793,5.20445798823,5.20445798823,5.20445798816,5.20445798816,5.20445798786,5.20445798794,5.20445798794,5.20445798813,5.2044579881,5.2044579881,5.20445798809,5.20445798813,5.20445798813,5.20445798813,5.20445798809,5.20445798829,5.20445798829,5.20445798826,5.20445798826,5.20445798826,5.204457988287,5.204457988287,5.20445798826,5.20445798826,5.20445798851,5.20445798851,5.20445798816,5.20445798816,5.20445798812,5.20445798812
"t37",3.5825386223,3.5825386223,3.5825386223,2.2100697852,2.2100697852,0.7612857536,0,1.58553237621,1.58553237621,4.5428755907,4.5428755908,4.54287559075,4.54287559075,4.5428755907,4.5428755907,4.54287559072,4.54287559072,4.54287559072,4.54287559023,4.54287559023,4.5428755904,4.5428755912,4.56722147409,4.56722147409,4.56722147407,4.56722147407,4.56722147409,4.56722147409,4.5672214741,4.5672214741,4.56722147409,4.56722147406,4.56722147406,4.56722147406,4.56722147409,4.56722147404,4.56722147404,4.56722147408,4.56722147408,4.56722147404,4.56722147404,4.56722147407,4.56722147407,4.56722147407,4.56722147407,4.56722147401,4.56722147401,4.56722147407,4.56722147407,4.56722147407,4.56722147407,4.56722147454,5.2044579883,5.2044579882,5.2044579882,5.2044579882,5.204457988108,5.204457988108,5.2044579881,5.20445798813,5.20445798833,5.20445798823,5.20445798823,5.20445798825,5.20445798825,5.20445798826,5.20445798826,5.20445798824,5.20445798833,5.20445798793,5.20445798823,5.20445798823,5.20445798816,5.20445798816,5.20445798786,5.20445798794,5.20445798794,5.20445798813,5.2044579881,5.2044579881,5.20445798809,5.20445798813,5.20445798813,5.20445798813,5.20445798809,5.20445798829,5.20445798829,5.20445798826,5.20445798826,5.20445798826,5.204457988287,5.204457988287,5.20445798826,5.20445798826,5.20445798851,5.20445798851,5.20445798816,5.20445798816,5.20445798812,5.20445798812
"t77",3.58253862231,3.58253862231,3.58253862231,2.21006978521,2.21006978521,1.58553237621,1.58553237621,0,0.18355087482,4.54287559071,4.54287559081,4.54287559076,4.54287559076,4.54287559071,4.54287559071,4.54287559073,4.54287559073,4.54287559073,4.54287559024,4.54287559024,4.54287559041,4.54287559121,4.5672214741,4.5672214741,4.56722147408,4.56722147408,4.5672214741,4.5672214741,4.56722147411,4.56722147411,4.5672214741,4.56722147407,4.56722147407,4.56722147407,4.5672214741,4.56722147405,4.56722147405,4.56722147409,4.56722147409,4.56722147405,4.56722147405,4.56722147408,4.56722147408,4.56722147408,4.56722147408,4.56722147402,4.56722147402,4.56722147408,4.56722147408,4.56722147408,4.56722147408,4.56722147455,5.20445798831,5.20445798821,5.20445798821,5.20445798821,5.204457988118,5.204457988118,5.20445798811,5.20445798814,5.20445798834,5.20445798824,5.20445798824,5.20445798826,5.20445798826,5.20445798827,5.20445798827,5.20445798825,5.20445798834,5.20445798794,5.20445798824,5.20445798824,5.20445798817,5.20445798817,5.20445798787,5.20445798795,5.20445798795,5.20445798814,5.20445798811,5.20445798811,5.2044579881,5.20445798814,5.20445798814,5.20445798814,5.2044579881,5.2044579883,5.2044579883,5.20445798827,5.20445798827,5.20445798827,5.204457988297,5.204457988297,5.20445798827,5.20445798827,5.20445798852,5.20445798852,5.20445798817,5.20445798817,5.20445798813,5.20445798813
"t78",3.58253862231,3.58253862231,3.58253862231,2.21006978521,2.21006978521,1.58553237621,1.58553237621,0.18355087482,0,4.54287559071,4.54287559081,4.54287559076,4.54287559076,4.54287559071,4.54287559071,4.54287559073,4.54287559073,4.54287559073,4.54287559024,4.54287559024,4.54287559041,4.54287559121,4.5672214741,4.5672214741,4.56722147408,4.56722147408,4.5672214741,4.5672214741,4.56722147411,4.56722147411,4.5672214741,4.56722147407,4.56722147407,4.56722147407,4.5672214741,4.56722147405,4.56722147405,4.56722147409,4.56722147409,4.56722147405,4.56722147405,4.56722147408,4.56722147408,4.56722147408,4.56722147408,4.56722147402,4.56722147402,4.56722147408,4.56722147408,4.56722147408,4.56722147408,4.56722147455,5.20445798831,5.20445798821,5.20445798821,5.20445798821,5.204457988118,5.204457988118,5.20445798811,5.20445798814,5.20445798834,5.20445798824,5.20445798824,5.20445798826,5.20445798826,5.20445798827,5.20445798827,5.20445798825,5.20445798834,5.20445798794,5.20445798824,5.20445798824,5.20445798817,5.20445798817,5.20445798787,5.20445798795,5.20445798795,5.20445798814,5.20445798811,5.20445798811,5.2044579881,5.20445798814,5.20445798814,5.20445798814,5.2044579881,5.2044579883,5.2044579883,5.20445798827,5.20445798827,5.20445798827,5.204457988297,5.204457988297,5.20445798827,5.20445798827,5.20445798852,5.20445798852,5.20445798817,5.20445798817,5.20445798813,5.20445798813
"t31",4.5428755912,4.5428755912,4.5428755912,4.5428755907,4.5428755907,4.5428755907,4.5428755907,4.54287559071,4.54287559071,0,0.8724937143,0.87249371425,0.87249371425,1.8989514344,1.8989514344,1.89895143442,1.89895143442,1.89895143442,3.47298947473,3.47298947473,3.4729894749,3.4729894757,4.56722147399,4.56722147399,4.56722147397,4.56722147397,4.56722147399,4.56722147399,4.567221474,4.567221474,4.56722147399,4.56722147396,4.56722147396,4.56722147396,4.56722147399,4.56722147394,4.56722147394,4.56722147398,4.56722147398,4.56722147394,4.56722147394,4.56722147397,4.56722147397,4.56722147397,4.56722147397,4.56722147391,4.56722147391,4.56722147397,4.56722147397,4.56722147397,4.56722147397,4.56722147444,5.2044579882,5.2044579881,5.2044579881,5.2044579881,5.204457988008,5.204457988008,5.204457988,5.20445798803,5.20445798823,5.20445798813,5.20445798813,5.20445798815,5.20445798815,5.20445798816,5.20445798816,5.20445798814,5.20445798823,5.20445798783,5.20445798813,5.20445798813,5.20445798806,5.20445798806,5.20445798776,5.20445798784,5.20445798784,5.20445798803,5.204457988,5.204457988,5.20445798799,5.20445798803,5.20445798803,5.20445798803,5.20445798799,5.20445798819,5.20445798819,5.20445798816,5.20445798816,5.20445798816,5.204457988187,5.204457988187,5.20445798816,5.20445798816,5.20445798841,5.20445798841,5.20445798806,5.20445798806,5.20445798802,5.20445798802
"t46",4.5428755913,4.5428755913,4.5428755913,4.5428755908,4.5428755908,4.5428755908,4.5428755908,4.54287559081,4.54287559081,0.8724937143,0,0.59533176515,0.59533176515,1.8989514345,1.8989514345,1.89895143452,1.89895143452,1.89895143452,3.47298947483,3.47298947483,3.472989475,3.4729894758,4.56722147409,4.56722147409,4.56722147407,4.56722147407,4.56722147409,4.56722147409,4.5672214741,4.5672214741,4.56722147409,4.56722147406,4.56722147406,4.56722147406,4.56722147409,4.56722147404,4.56722147404,4.56722147408,4.56722147408,4.56722147404,4.56722147404,4.56722147407,4.56722147407,4.56722147407,4.56722147407,4.56722147401,4.56722147401,4.56722147407,4.56722147407,4.56722147407,4.56722147407,4.56722147454,5.2044579883,5.2044579882,5.2044579882,5.2044579882,5.204457988108,5.204457988108,5.2044579881,5.20445798813,5.20445798833,5.20445798823,5.20445798823,5.20445798825,5.20445798825,5.20445798826,5.20445798826,5.20445798824,5.20445798833,5.20445798793,5.20445798823,5.20445798823,5.20445798816,5.20445798816,5.20445798786,5.20445798794,5.20445798794,5.20445798813,5.2044579881,5.2044579881,5.20445798809,5.20445798813,5.20445798813,5.20445798813,5.20445798809,5.20445798829,5.20445798829,5.20445798826,5.20445798826,5.20445798826,5.204457988287,5.204457988287,5.20445798826,5.20445798826,5.20445798851,5.20445798851,5.20445798816,5.20445798816,5.20445798812,5.20445798812
"t90",4.54287559125,4.54287559125,4.54287559125,4.54287559075,4.54287559075,4.54287559075,4.54287559075,4.54287559076,4.54287559076,0.87249371425,0.59533176515,0,0.0604826137,1.89895143445,1.89895143445,1.89895143447,1.89895143447,1.89895143447,3.47298947478,3.47298947478,3.47298947495,3.47298947575,4.56722147404,4.56722147404,4.56722147402,4.56722147402,4.56722147404,4.56722147404,4.56722147405,4.56722147405,4.56722147404,4.56722147401,4.56722147401,4.56722147401,4.56722147404,4.56722147399,4.56722147399,4.56722147403,4.56722147403,4.56722147399,4.56722147399,4.56722147402,4.56722147402,4.56722147402,4.56722147402,4.56722147396,4.56722147396,4.56722147402,4.56722147402,4.56722147402,4.56722147402,4.56722147449,5.20445798825,5.20445798815,5.20445798815,5.20445798815,5.204457988058,5.204457988058,5.20445798805,5.20445798808,5.20445798828,5.20445798818,5.20445798818,5.2044579882,5.2044579882,5.20445798821,5.20445798821,5.20445798819,5.20445798828,5.20445798788,5.20445798818,5.20445798818,5.20445798811,5.20445798811,5.20445798781,5.20445798789,5.20445798789,5.20445798808,5.20445798805,5.20445798805,5.20445798804,5.20445798808,5.20445798808,5.20445798808,5.20445798804,5.20445798824,5.20445798824,5.20445798821,5.20445798821,5.20445798821,5.204457988237,5.204457988237,5.20445798821,5.20445798821,5.20445798846,5.20445798846,5.20445798811,5.20445798811,5.20445798807,5.20445798807
"t91",4.54287559125,4.54287559125,4.54287559125,4.54287559075,4.54287559075,4.54287559075,4.54287559075,4.54287559076,4.54287559076,0.87249371425,0.59533176515,0.0604826137,0,1.89895143445,1.89895143445,1.89895143447,1.89895143447,1.89895143447,3.47298947478,3.47298947478,3.47298947495,3.47298947575,4.56722147404,4.56722147404,4.56722147402,4.56722147402,4.56722147404,4.56722147404,4.56722147405,4.56722147405,4.56722147404,4.56722147401,4.56722147401,4.56722147401,4.56722147404,4.56722147399,4.56722147399,4.56722147403,4.56722147403,4.56722147399,4.56722147399,4.56722147402,4.56722147402,4.56722147402,4.56722147402,4.56722147396,4.56722147396,4.56722147402,4.56722147402,4.56722147402,4.56722147402,4.56722147449,5.20445798825,5.20445798815,5.20445798815,5.20445798815,5.204457988058,5.204457988058,5.20445798805,5.20445798808,5.20445798828,5.20445798818,5.20445798818,5.2044579882,5.2044579882,5.20445798821,5.20445798821,5.20445798819,5.20445798828,5.20445798788,5.20445798818,5.20445798818,5.20445798811,5.20445798811,5.20445798781,5.20445798789,5.20445798789,5.20445798808,5.20445798805,5.20445798805,5.20445798804,5.20445798808,5.20445798808,5.20445798808,5.20445798804,5.20445798824,5.20445798824,5.20445798821,5.20445798821,5.20445798821,5.204457988237,5.204457988237,5.20445798821,5.20445798821,5.20445798846,5.20445798846,5.20445798811,5.20445798811,5.20445798807,5.20445798807
"t40",4.5428755912,4.5428755912,4.5428755912,4.5428755907,4.5428755907,4.5428755907,4.5428755907,4.54287559071,4.54287559071,1.8989514344,1.8989514345,1.89895143445,1.89895143445,0,0.6436474398,1.03212067762,1.03212067762,1.03212067762,3.47298947473,3.47298947473,3.4729894749,3.4729894757,4.56722147399,4.56722147399,4.56722147397,4.56722147397,4.56722147399,4.56722147399,4.567221474,4.567221474,4.56722147399,4.56722147396,4.56722147396,4.56722147396,4.56722147399,4.56722147394,4.56722147394,4.56722147398,4.56722147398,4.56722147394,4.56722147394,4.56722147397,4.56722147397,4.56722147397,4.56722147397,4.56722147391,4.56722147391,4.56722147397,4.56722147397,4.56722147397,4.56722147397,4.56722147444,5.2044579882,5.2044579881,5.2044579881,5.2044579881,5.204457988008,5.204457988008,5.204457988,5.20445798803,5.20445798823,5.20445798813,5.20445798813,5.20445798815,5.20445798815,5.20445798816,5.20445798816,5.20445798814,5.20445798823,5.20445798783,5.20445798813,5.20445798813,5.20445798806,5.20445798806,5.20445798776,5.20445798784,5.20445798784,5.20445798803,5.204457988,5.204457988,5.20445798799,5.20445798803,5.20445798803,5.20445798803,5.20445798799,5.20445798819,5.20445798819,5.20445798816,5.20445798816,5.20445798816,5.204457988187,5.204457988187,5.20445798816,5.20445798816,5.20445798841,5.20445798841,5.20445798806,5.20445798806,5.20445798802,5.20445798802
"t41",4.5428755912,4.5428755912,4.5428755912,4.5428755907,4.5428755907,4.5428755907,4.5428755907,4.54287559071,4.54287559071,1.8989514344,1.8989514345,1.89895143445,1.89895143445,0.6436474398,0,1.03212067762,1.03212067762,1.03212067762,3.47298947473,3.47298947473,3.4729894749,3.4729894757,4.56722147399,4.56722147399,4.56722147397,4.56722147397,4.56722147399,4.56722147399,4.567221474,4.567221474,4.56722147399,4.56722147396,4.56722147396,4.56722147396,4.56722147399,4.56722147394,4.56722147394,4.56722147398,4.56722147398,4.56722147394,4.56722147394,4.56722147397,4.56722147397,4.56722147397,4.56722147397,4.56722147391,4.56722147391,4.56722147397,4.56722147397,4.56722147397,4.56722147397,4.56722147444,5.2044579882,5.2044579881,5.2044579881,5.2044579881,5.204457988008,5.204457988008,5.204457988,5.20445798803,5.20445798823,5.20445798813,5.20445798813,5.20445798815,5.20445798815,5.20445798816,5.20445798816,5.20445798814,5.20445798823,5.20445798783,5.20445798813,5.20445798813,5.20445798806,5.20445798806,5.20445798776,5.20445798784,5.20445798784,5.20445798803,5.204457988,5.204457988,5.20445798799,5.20445798803,5.20445798803,5.20445798803,5.20445798799,5.20445798819,5.20445798819,5.20445798816,5.20445798816,5.20445798816,5.204457988187,5.204457988187,5.20445798816,5.20445798816,5.20445798841,5.20445798841,5.20445798806,5.20445798806,5.20445798802,5.20445798802
"t47",4.54287559122,4.54287559122,4.54287559122,4.54287559072,4.54287559072,4.54287559072,4.54287559072,4.54287559073,4.54287559073,1.89895143442,1.89895143452,1.89895143447,1.89895143447,1.03212067762,1.03212067762,0,0.5684279192,0.9010075522,3.47298947475,3.47298947475,3.47298947492,3.47298947572,4.56722147401,4.56722147401,4.56722147399,4.56722147399,4.56722147401,4.56722147401,4.56722147402,4.56722147402,4.56722147401,4.56722147398,4.56722147398,4.56722147398,4.56722147401,4.56722147396,4.56722147396,4.567221474,4.567221474,4.56722147396,4.56722147396,4.56722147399,4.56722147399,4.56722147399,4.56722147399,4.56722147393,4.56722147393,4.56722147399,4.56722147399,4.56722147399,4.56722147399,4.56722147446,5.20445798822,5.20445798812,5.20445798812,5.20445798812,5.204457988028,5.204457988028,5.20445798802,5.20445798805,5.20445798825,5.20445798815,5.20445798815,5.20445798817,5.20445798817,5.20445798818,5.20445798818,5.20445798816,5.20445798825,5.20445798785,5.20445798815,5.20445798815,5.20445798808,5.20445798808,5.20445798778,5.20445798786,5.20445798786,5.20445798805,5.20445798802,5.20445798802,5.20445798801,5.20445798805,5.20445798805,5.20445798805,5.20445798801,5.20445798821,5.20445798821,5.20445798818,5.20445798818,5.20445798818,5.204457988207,5.204457988207,5.20445798818,5.20445798818,5.20445798843,5.20445798843,5.20445798808,5.20445798808,5.20445798804,5.20445798804
"t48",4.54287559122,4.54287559122,4.54287559122,4.54287559072,4.54287559072,4.54287559072,4.54287559072,4.54287559073,4.54287559073,1.89895143442,1.89895143452,1.89895143447,1.89895143447,1.03212067762,1.03212067762,0.5684279192,0,0.9010075522,3.47298947475,3.47298947475,3.47298947492,3.47298947572,4.56722147401,4.56722147401,4.56722147399,4.56722147399,4.56722147401,4.56722147401,4.56722147402,4.56722147402,4.56722147401,4.56722147398,4.56722147398,4.56722147398,4.56722147401,4.56722147396,4.56722147396,4.567221474,4.567221474,4.56722147396,4.56722147396,4.56722147399,4.56722147399,4.56722147399,4.56722147399,4.56722147393,4.56722147393,4.56722147399,4.56722147399,4.56722147399,4.56722147399,4.56722147446,5.20445798822,5.20445798812,5.20445798812,5.20445798812,5.204457988028,5.204457988028,5.20445798802,5.20445798805,5.20445798825,5.20445798815,5.20445798815,5.20445798817,5.20445798817,5.20445798818,5.20445798818,5.20445798816,5.20445798825,5.20445798785,5.20445798815,5.20445798815,5.20445798808,5.20445798808,5.20445798778,5.20445798786,5.20445798786,5.20445798805,5.20445798802,5.20445798802,5.20445798801,5.20445798805,5.20445798805,5.20445798805,5.20445798801,5.20445798821,5.20445798821,5.20445798818,5.20445798818,5.20445798818,5.204457988207,5.204457988207,5.20445798818,5.20445798818,5.20445798843,5.20445798843,5.20445798808,5.20445798808,5.20445798804,5.20445798804
"t28",4.54287559122,4.54287559122,4.54287559122,4.54287559072,4.54287559072,4.54287559072,4.54287559072,4.54287559073,4.54287559073,1.89895143442,1.89895143452,1.89895143447,1.89895143447,1.03212067762,1.03212067762,0.9010075522,0.9010075522,0,3.47298947475,3.47298947475,3.47298947492,3.47298947572,4.56722147401,4.56722147401,4.56722147399,4.56722147399,4.56722147401,4.56722147401,4.56722147402,4.56722147402,4.56722147401,4.56722147398,4.56722147398,4.56722147398,4.56722147401,4.56722147396,4.56722147396,4.567221474,4.567221474,4.56722147396,4.56722147396,4.56722147399,4.56722147399,4.56722147399,4.56722147399,4.56722147393,4.56722147393,4.56722147399,4.56722147399,4.56722147399,4.56722147399,4.56722147446,5.20445798822,5.20445798812,5.20445798812,5.20445798812,5.204457988028,5.204457988028,5.20445798802,5.20445798805,5.20445798825,5.20445798815,5.20445798815,5.20445798817,5.20445798817,5.20445798818,5.20445798818,5.20445798816,5.20445798825,5.20445798785,5.20445798815,5.20445798815,5.20445798808,5.20445798808,5.20445798778,5.20445798786,5.20445798786,5.20445798805,5.20445798802,5.20445798802,5.20445798801,5.20445798805,5.20445798805,5.20445798805,5.20445798801,5.20445798821,5.20445798821,5.20445798818,5.20445798818,5.20445798818,5.204457988207,5.204457988207,5.20445798818,5.20445798818,5.20445798843,5.20445798843,5.20445798808,5.20445798808,5.20445798804,5.20445798804
"t82",4.54287559073,4.54287559073,4.54287559073,4.54287559023,4.54287559023,4.54287559023,4.54287559023,4.54287559024,4.54287559024,3.47298947473,3.47298947483,3.47298947478,3.47298947478,3.47298947473,3.47298947473,3.47298947475,3.47298947475,3.47298947475,0,0.13836199766,2.42777385783,2.89437972703,4.56722147352,4.56722147352,4.5672214735,4.5672214735,4.56722147352,4.56722147352,4.56722147353,4.56722147353,4.56722147352,4.56722147349,4.56722147349,4.56722147349,4.56722147352,4.56722147347,4.56722147347,4.56722147351,4.56722147351,4.56722147347,4.56722147347,4.5672214735,4.5672214735,4.5672214735,4.5672214735,4.56722147344,4.56722147344,4.5672214735,4.5672214735,4.5672214735,4.5672214735,4.56722147397,5.20445798773,5.20445798763,5.20445798763,5.20445798763,5.204457987538,5.204457987538,5.20445798753,5.20445798756,5.20445798776,5.20445798766,5.20445798766,5.20445798768,5.20445798768,5.20445798769,5.20445798769,5.20445798767,5.20445798776,5.20445798736,5.20445798766,5.20445798766,5.20445798759,5.20445798759,5.20445798729,5.20445798737,5.20445798737,5.20445798756,5.20445798753,5.20445798753,5.20445798752,5.20445798756,5.20445798756,5.20445798756,5.20445798752,5.20445798772,5.20445798772,5.20445798769,5.20445798769,5.20445798769,5.204457987717,5.204457987717,5.20445798769,5.20445798769,5.20445798794,5.20445798794,5.20445798759,5.20445798759,5.20445798755,5.20445798755
"t83",4.54287559073,4.54287559073,4.54287559073,4.54287559023,4.54287559023,4.54287559023,4.54287559023,4.54287559024,4.54287559024,3.47298947473,3.47298947483,3.47298947478,3.47298947478,3.47298947473,3.47298947473,3.47298947475,3.47298947475,3.47298947475,0.13836199766,0,2.42777385783,2.89437972703,4.56722147352,4.56722147352,4.5672214735,4.5672214735,4.56722147352,4.56722147352,4.56722147353,4.56722147353,4.56722147352,4.56722147349,4.56722147349,4.56722147349,4.56722147352,4.56722147347,4.56722147347,4.56722147351,4.56722147351,4.56722147347,4.56722147347,4.5672214735,4.5672214735,4.5672214735,4.5672214735,4.56722147344,4.56722147344,4.5672214735,4.5672214735,4.5672214735,4.5672214735,4.56722147397,5.20445798773,5.20445798763,5.20445798763,5.20445798763,5.204457987538,5.204457987538,5.20445798753,5.20445798756,5.20445798776,5.20445798766,5.20445798766,5.20445798768,5.20445798768,5.20445798769,5.20445798769,5.20445798767,5.20445798776,5.20445798736,5.20445798766,5.20445798766,5.20445798759,5.20445798759,5.20445798729,5.20445798737,5.20445798737,5.20445798756,5.20445798753,5.20445798753,5.20445798752,5.20445798756,5.20445798756,5.20445798756,5.20445798752,5.20445798772,5.20445798772,5.20445798769,5.20445798769,5.20445798769,5.204457987717,5.204457987717,5.20445798769,5.20445798769,5.20445798794,5.20445798794,5.20445798759,5.20445798759,5.20445798755,5.20445798755
"t7",4.5428755909,4.5428755909,4.5428755909,4.5428755904,4.5428755904,4.5428755904,4.5428755904,4.54287559041,4.54287559041,3.4729894749,3.472989475,3.47298947495,3.47298947495,3.4729894749,3.4729894749,3.47298947492,3.47298947492,3.47298947492,2.42777385783,2.42777385783,0,2.8943797272,4.56722147369,4.56722147369,4.56722147367,4.56722147367,4.56722147369,4.56722147369,4.5672214737,4.5672214737,4.56722147369,4.56722147366,4.56722147366,4.56722147366,4.56722147369,4.56722147364,4.56722147364,4.56722147368,4.56722147368,4.56722147364,4.56722147364,4.56722147367,4.56722147367,4.56722147367,4.56722147367,4.56722147361,4.56722147361,4.56722147367,4.56722147367,4.56722147367,4.56722147367,4.56722147414,5.2044579879,5.2044579878,5.2044579878,5.2044579878,5.204457987708,5.204457987708,5.2044579877,5.20445798773,5.20445798793,5.20445798783,5.20445798783,5.20445798785,5.20445798785,5.20445798786,5.20445798786,5.20445798784,5.20445798793,5.20445798753,5.20445798783,5.20445798783,5.20445798776,5.20445798776,5.20445798746,5.20445798754,5.20445798754,5.20445798773,5.2044579877,5.2044579877,5.20445798769,5.20445798773,5.20445798773,5.20445798773,5.20445798769,5.20445798789,5.20445798789,5.20445798786,5.20445798786,5.20445798786,5.204457987887,5.204457987887,5.20445798786,5.20445798786,5.20445798811,5.20445798811,5.20445798776,5.20445798776,5.20445798772,5.20445798772
"t5",4.5428755917,4.5428755917,4.5428755917,4.5428755912,4.5428755912,4.5428755912,4.5428755912,4.54287559121,4.54287559121,3.4729894757,3.4729894758,3.47298947575,3.47298947575,3.4729894757,3.4729894757,3.47298947572,3.47298947572,3.47298947572,2.89437972703,2.89437972703,2.8943797272,0,4.56722147449,4.56722147449,4.56722147447,4.56722147447,4.56722147449,4.56722147449,4.5672214745,4.5672214745,4.56722147449,4.56722147446,4.56722147446,4.56722147446,4.56722147449,4.56722147444,4.56722147444,4.56722147448,4.56722147448,4.56722147444,4.56722147444,4.56722147447,4.56722147447,4.56722147447,4.56722147447,4.56722147441,4.56722147441,4.56722147447,4.56722147447,4.56722147447,4.56722147447,4.56722147494,5.2044579887,5.2044579886,5.2044579886,5.2044579886,5.204457988508,5.204457988508,5.2044579885,5.20445798853,5.20445798873,5.20445798863,5.20445798863,5.20445798865,5.20445798865,5.20445798866,5.20445798866,5.20445798864,5.20445798873,5.20445798833,5.20445798863,5.20445798863,5.20445798856,5.20445798856,5.20445798826,5.20445798834,5.20445798834,5.20445798853,5.2044579885,5.2044579885,5.20445798849,5.20445798853,5.20445798853,5.20445798853,5.20445798849,5.20445798869,5.20445798869,5.20445798866,5.20445798866,5.20445798866,5.204457988687,5.204457988687,5.20445798866,5.20445798866,5.20445798891,5.20445798891,5.20445798856,5.20445798856,5.20445798852,5.20445798852
"t94",4.56722147459,4.56722147459,4.56722147459,4.56722147409,4.56722147409,4.56722147409,4.56722147409,4.5672214741,4.5672214741,4.56722147399,4.56722147409,4.56722147404,4.56722147404,4.56722147399,4.56722147399,4.56722147401,4.56722147401,4.56722147401,4.56722147352,4.56722147352,4.56722147369,4.56722147449,0,0.04202483184,0.58146708082,0.58146708082,0.611400081,2.610161644,2.61016164401,2.61016164401,2.610161644,2.61016164397,2.61016164397,2.61016164397,2.610161644,2.65159310065,2.65159310065,2.65159310069,2.65159310069,2.65159310065,2.65159310065,2.65159310068,2.65159310068,2.65159310068,2.65159310068,2.65159310062,2.65159310062,2.65159310068,2.65159310068,2.65159310068,2.65159310068,3.75410869555,5.20445798831,5.20445798821,5.20445798821,5.20445798821,5.204457988118,5.204457988118,5.20445798811,5.20445798814,5.20445798834,5.20445798824,5.20445798824,5.20445798826,5.20445798826,5.20445798827,5.20445798827,5.20445798825,5.20445798834,5.20445798794,5.20445798824,5.20445798824,5.20445798817,5.20445798817,5.20445798787,5.20445798795,5.20445798795,5.20445798814,5.20445798811,5.20445798811,5.2044579881,5.20445798814,5.20445798814,5.20445798814,5.2044579881,5.2044579883,5.2044579883,5.20445798827,5.20445798827,5.20445798827,5.204457988297,5.204457988297,5.20445798827,5.20445798827,5.20445798852,5.20445798852,5.20445798817,5.20445798817,5.20445798813,5.20445798813
"t95",4.56722147459,4.56722147459,4.56722147459,4.56722147409,4.56722147409,4.56722147409,4.56722147409,4.5672214741,4.5672214741,4.56722147399,4.56722147409,4.56722147404,4.56722147404,4.56722147399,4.56722147399,4.56722147401,4.56722147401,4.56722147401,4.56722147352,4.56722147352,4.56722147369,4.56722147449,0.04202483184,0,0.58146708082,0.58146708082,0.611400081,2.610161644,2.61016164401,2.61016164401,2.610161644,2.61016164397,2.61016164397,2.61016164397,2.610161644,2.65159310065,2.65159310065,2.65159310069,2.65159310069,2.65159310065,2.65159310065,2.65159310068,2.65159310068,2.65159310068,2.65159310068,2.65159310062,2.65159310062,2.65159310068,2.65159310068,2.65159310068,2.65159310068,3.75410869555,5.20445798831,5.20445798821,5.20445798821,5.20445798821,5.204457988118,5.204457988118,5.20445798811,5.20445798814,5.20445798834,5.20445798824,5.20445798824,5.20445798826,5.20445798826,5.20445798827,5.20445798827,5.20445798825,5.20445798834,5.20445798794,5.20445798824,5.20445798824,5.20445798817,5.20445798817,5.20445798787,5.20445798795,5.20445798795,5.20445798814,5.20445798811,5.20445798811,5.2044579881,5.20445798814,5.20445798814,5.20445798814,5.2044579881,5.2044579883,5.2044579883,5.20445798827,5.20445798827,5.20445798827,5.204457988297,5.204457988297,5.20445798827,5.20445798827,5.20445798852,5.20445798852,5.20445798817,5.20445798817,5.20445798813,5.20445798813
"t70",4.56722147457,4.56722147457,4.56722147457,4.56722147407,4.56722147407,4.56722147407,4.56722147407,4.56722147408,4.56722147408,4.56722147397,4.56722147407,4.56722147402,4.56722147402,4.56722147397,4.56722147397,4.56722147399,4.56722147399,4.56722147399,4.5672214735,4.5672214735,4.56722147367,4.56722147447,0.58146708082,0.58146708082,0,0.2933051004,0.61140008098,2.61016164398,2.61016164399,2.61016164399,2.61016164398,2.61016164395,2.61016164395,2.61016164395,2.61016164398,2.65159310063,2.65159310063,2.65159310067,2.65159310067,2.65159310063,2.65159310063,2.65159310066,2.65159310066,2.65159310066,2.65159310066,2.6515931006,2.6515931006,2.65159310066,2.65159310066,2.65159310066,2.65159310066,3.75410869553,5.20445798829,5.20445798819,5.20445798819,5.20445798819,5.204457988098,5.204457988098,5.20445798809,5.20445798812,5.20445798832,5.20445798822,5.20445798822,5.20445798824,5.20445798824,5.20445798825,5.20445798825,5.20445798823,5.20445798832,5.20445798792,5.20445798822,5.20445798822,5.20445798815,5.20445798815,5.20445798785,5.20445798793,5.20445798793,5.20445798812,5.20445798809,5.20445798809,5.20445798808,5.20445798812,5.20445798812,5.20445798812,5.20445798808,5.20445798828,5.20445798828,5.20445798825,5.20445798825,5.20445798825,5.204457988277,5.204457988277,5.20445798825,5.20445798825,5.2044579885,5.2044579885,5.20445798815,5.20445798815,5.20445798811,5.20445798811
"t71",4.56722147457,4.56722147457,4.56722147457,4.56722147407,4.56722147407,4.56722147407,4.56722147407,4.56722147408,4.56722147408,4.56722147397,4.56722147407,4.56722147402,4.56722147402,4.56722147397,4.56722147397,4.56722147399,4.56722147399,4.56722147399,4.5672214735,4.5672214735,4.56722147367,4.56722147447,0.58146708082,0.58146708082,0.2933051004,0,0.61140008098,2.61016164398,2.61016164399,2.61016164399,2.61016164398,2.61016164395,2.61016164395,2.61016164395,2.61016164398,2.65159310063,2.65159310063,2.65159310067,2.65159310067,2.65159310063,2.65159310063,2.65159310066,2.65159310066,2.65159310066,2.65159310066,2.6515931006,2.6515931006,2.65159310066,2.65159310066,2.65159310066,2.65159310066,3.75410869553,5.20445798829,5.20445798819,5.20445798819,5.20445798819,5.204457988098,5.204457988098,5.20445798809,5.20445798812,5.20445798832,5.20445798822,5.20445798822,5.20445798824,5.20445798824,5.20445798825,5.20445798825,5.20445798823,5.20445798832,5.20445798792,5.20445798822,5.20445798822,5.20445798815,5.20445798815,5.20445798785,5.20445798793,5.20445798793,5.20445798812,5.20445798809,5.20445798809,5.20445798808,5.20445798812,5.20445798812,5.20445798812,5.20445798808,5.20445798828,5.20445798828,5.20445798825,5.20445798825,5.20445798825,5.204457988277,5.204457988277,5.20445798825,5.20445798825,5.2044579885,5.2044579885,5.20445798815,5.20445798815,5.20445798811,5.20445798811
"t45",4.56722147459,4.56722147459,4.56722147459,4.56722147409,4.56722147409,4.56722147409,4.56722147409,4.5672214741,4.5672214741,4.56722147399,4.56722147409,4.56722147404,4.56722147404,4.56722147399,4.56722147399,4.56722147401,4.56722147401,4.56722147401,4.56722147352,4.56722147352,4.56722147369,4.56722147449,0.611400081,0.611400081,0.61140008098,0.61140008098,0,2.610161644,2.61016164401,2.61016164401,2.610161644,2.61016164397,2.61016164397,2.61016164397,2.610161644,2.65159310065,2.65159310065,2.65159310069,2.65159310069,2.65159310065,2.65159310065,2.65159310068,2.65159310068,2.65159310068,2.65159310068,2.65159310062,2.65159310062,2.65159310068,2.65159310068,2.65159310068,2.65159310068,3.75410869555,5.20445798831,5.20445798821,5.20445798821,5.20445798821,5.204457988118,5.204457988118,5.20445798811,5.20445798814,5.20445798834,5.20445798824,5.20445798824,5.20445798826,5.20445798826,5.20445798827,5.20445798827,5.20445798825,5.20445798834,5.20445798794,5.20445798824,5.20445798824,5.20445798817,5.20445798817,5.20445798787,5.20445798795,5.20445798795,5.20445798814,5.20445798811,5.20445798811,5.2044579881,5.20445798814,5.20445798814,5.20445798814,5.2044579881,5.2044579883,5.2044579883,5.20445798827,5.20445798827,5.20445798827,5.204457988297,5.204457988297,5.20445798827,5.20445798827,5.20445798852,5.20445798852,5.20445798817,5.20445798817,5.20445798813,5.20445798813
"t54",4.56722147459,4.56722147459,4.56722147459,4.56722147409,4.56722147409,4.56722147409,4.56722147409,4.5672214741,4.5672214741,4.56722147399,4.56722147409,4.56722147404,4.56722147404,4.56722147399,4.56722147399,4.56722147401,4.56722147401,4.56722147401,4.56722147352,4.56722147352,4.56722147369,4.56722147449,2.610161644,2.610161644,2.61016164398,2.61016164398,2.610161644,0,0.43305764341,0.43305764341,0.9984348122,1.47314150137,1.47314150137,1.47314150137,1.4731415014,2.65159310065,2.65159310065,2.65159310069,2.65159310069,2.65159310065,2.65159310065,2.65159310068,2.65159310068,2.65159310068,2.65159310068,2.65159310062,2.65159310062,2.65159310068,2.65159310068,2.65159310068,2.65159310068,3.75410869555,5.20445798831,5.20445798821,5.20445798821,5.20445798821,5.204457988118,5.204457988118,5.20445798811,5.20445798814,5.20445798834,5.20445798824,5.20445798824,5.20445798826,5.20445798826,5.20445798827,5.20445798827,5.20445798825,5.20445798834,5.20445798794,5.20445798824,5.20445798824,5.20445798817,5.20445798817,5.20445798787,5.20445798795,5.20445798795,5.20445798814,5.20445798811,5.20445798811,5.2044579881,5.20445798814,5.20445798814,5.20445798814,5.2044579881,5.2044579883,5.2044579883,5.20445798827,5.20445798827,5.20445798827,5.204457988297,5.204457988297,5.20445798827,5.20445798827,5.20445798852,5.20445798852,5.20445798817,5.20445798817,5.20445798813,5.20445798813
