"","t21","t97","t98","t1","t58","t59","t29","t38","t39","t95","t96","t48","t27","t28","t79","t80","t60","t61","t5","t99","t100","t50","t51","t22","t18","t68","t69","t66","t67","t40","t23","t91","t92","t57","t45","t46","t49","t53","t54","t55","t77","t78","t35","t47","t73","t74","t34","t6","t56","t89","t90","t19","t41","t42","t75","t76","t83","t84","t32","t33","t43","t44","t9","t10","t12","t13","t7","t62","t63","t36","t16","t14","t15","t11","t4","t20","t24","t93","t94","t30","t31","t64","t65","t52","t85","t86","t70","t87","t88","t37","t71","t72","t25","t26","t81","t82","t17","t8","t3","t2"
"t21",0,2.07857027068,2.07857027068,6.49777375692,6.49777375682,6.49777375682,6.49777375682,6.49777375682,6.49777375682,6.49777375693,6.49777375693,6.49777375692,6.497773756916,6.497773756916,6.49777375687,6.49777375687,6.49777375662,6.49777375662,6.49777375653,6.49777375697,6.49777375697,6.49777375693,6.49777375693,6.49777375653,6.49777375693,6.497773756976,6.497773756976,6.497773756976,6.497773756976,6.49777375697,6.49777375697,6.49777375689,6.49777375689,6.49777375697,6.49777375695,6.49777375695,6.49777375692,6.49777375688,6.49777375688,6.49777375694,6.49777375693,6.49777375693,6.497773756907,6.497773756857,6.497773756907,6.497773756907,6.49777375694,6.49777375693,6.49777375702,6.49777375704,6.49777375704,6.49777375662,6.49777375692,6.49777375692,6.49777375685,6.49777375685,6.49777375688,6.49777375688,6.49777375672,6.49777375672,6.49777375682,6.49777375682,6.49777375668,6.49777375668,6.49777375722,6.49777375722,6.72747338305,6.72747338285,6.72747338285,6.72747338285,6.72747338305,6.7274733828,6.7274733828,6.727473383,6.72747338285,6.72747338255,6.7274733828,6.72747338287,6.72747338287,6.72747338282,6.72747338282,6.72747338285,6.72747338285,6.72747338284,6.72747338278,6.72747338278,6.72747338284,6.72747338279,6.72747338279,6.72747338285,6.72747338285,6.72747338285,6.72747338283,6.72747338283,6.7274733828,6.7274733828,6.72747338285,6.72747338285,6.72747338265,6.7274733829
"t97",2.07857027068,0,0.04216150136,6.4977737576,6.4977737575,6.4977737575,6.4977737575,6.4977737575,6.4977737575,6.49777375761,6.49777375761,6.4977737576,6.497773757596,6.497773757596,6.49777375755,6.49777375755,6.4977737573,6.4977737573,6.49777375721,6.49777375765,6.49777375765,6.49777375761,6.49777375761,6.49777375721,6.49777375761,6.497773757656,6.497773757656,6.497773757656,6.497773757656,6.49777375765,6.49777375765,6.49777375757,6.49777375757,6.49777375765,6.49777375763,6.49777375763,6.4977737576,6.49777375756,6.49777375756,6.49777375762,6.49777375761,6.49777375761,6.497773757587,6.497773757537,6.497773757587,6.497773757587,6.49777375762,6.49777375761,6.4977737577,6.49777375772,6.49777375772,6.4977737573,6.4977737576,6.4977737576,6.49777375753,6.49777375753,6.49777375756,6.49777375756,6.4977737574,6.4977737574,6.4977737575,6.4977737575,6.49777375736,6.49777375736,6.4977737579,6.4977737579,6.72747338373,6.72747338353,6.72747338353,6.72747338353,6.72747338373,6.72747338348,6.72747338348,6.72747338368,6.72747338353,6.72747338323,6.72747338348,6.72747338355,6.72747338355,6.7274733835,6.7274733835,6.72747338353,6.72747338353,6.72747338352,6.72747338346,6.72747338346,6.72747338352,6.72747338347,6.72747338347,6.72747338353,6.72747338353,6.72747338353,6.72747338351,6.72747338351,6.72747338348,6.72747338348,6.72747338353,6.72747338353,6.72747338333,6.72747338358
"t98",2.07857027068,0.04216150136,0,6.4977737576,6.4977737575,6.4977737575,6.4977737575,6.4977737575,6.4977737575,6.49777375761,6.49777375761,6.4977737576,6.497773757596,6.497773757596,6.49777375755,6.49777375755,6.4977737573,6.4977737573,6.49777375721,6.49777375765,6.49777375765,6.49777375761,6.49777375761,6.49777375721,6.49777375761,6.497773757656,6.497773757656,6.497773757656,6.497773757656,6.49777375765,6.49777375765,6.49777375757,6.49777375757,6.49777375765,6.49777375763,6.49777375763,6.4977737576,6.49777375756,6.49777375756,6.49777375762,6.49777375761,6.49777375761,6.497773757587,6.497773757537,6.497773757587,6.497773757587,6.49777375762,6.49777375761,6.4977737577,6.49777375772,6.49777375772,6.4977737573,6.4977737576,6.4977737576,6.49777375753,6.49777375753,6.49777375756,6.49777375756,6.4977737574,6.4977737574,6.4977737575,6.4977737575,6.49777375736,6.49777375736,6.4977737579,6.4977737579,6.72747338373,6.72747338353,6.72747338353,6.72747338353,6.72747338373,6.72747338348,6.72747338348,6.72747338368,6.72747338353,6.72747338323,6.72747338348,6.72747338355,6.72747338355,6.7274733835,6.7274733835,6.72747338353,6.72747338353,6.72747338352,6.72747338346,6.72747338346,6.72747338352,6.72747338347,6.72747338347,6.72747338353,6.72747338353,6.72747338353,6.72747338351,6.72747338351,6.72747338348,6.72747338348,6.72747338353,6.72747338353,6.72747338333,6.72747338358
"t1",6.49777375692,6.4977737576,6.4977737576,0,6.4360240759,6.4360240759,6.4360240759,6.4360240759,6.4360240759,6.43602407601,6.43602407601,6.436024076,6.436024075996,6.436024075996,6.43602407595,6.43602407595,6.4360240757,6.4360240757,6.43602407561,6.43602407605,6.43602407605,6.43602407601,6.43602407601,6.43602407561,6.43602407601,6.436024076056,6.436024076056,6.436024076056,6.436024076056,6.43602407605,6.43602407605,6.43602407597,6.43602407597,6.43602407605,6.43602407603,6.43602407603,6.436024076,6.43602407596,6.43602407596,6.43602407602,6.43602407601,6.43602407601,6.436024075987,6.436024075937,6.436024075987,6.436024075987,6.43602407602,6.43602407601,6.4360240761,6.43602407612,6.43602407612,6.4360240757,6.436024076,6.436024076,6.43602407593,6.43602407593,6.43602407596,6.43602407596,6.4360240758,6.4360240758,6.4360240759,6.4360240759,6.43602407576,6.43602407576,6.4360240763,6.4360240763,6.72747338397,6.72747338377,6.72747338377,6.72747338377,6.72747338397,6.72747338372,6.72747338372,6.72747338392,6.72747338377,6.72747338347,6.72747338372,6.72747338379,6.72747338379,6.72747338374,6.72747338374,6.72747338377,6.72747338377,6.72747338376,6.7274733837,6.7274733837,6.72747338376,6.72747338371,6.72747338371,6.72747338377,6.72747338377,6.72747338377,6.72747338375,6.72747338375,6.72747338372,6.72747338372,6.72747338377,6.72747338377,6.72747338357,6.72747338382
"t58",6.49777375682,6.4977737575,6.4977737575,6.4360240759,0,0.6039339668,2.0979620174,2.0979620174,2.0979620174,3.19408291351,3.19408291351,3.1940829135,3.194082913496,3.194082913496,3.19408291345,3.19408291345,3.1940829132,3.1940829132,3.51192921351,3.51192921395,3.51192921395,3.51192921391,3.51192921391,3.51192921351,3.51192921391,3.511929213956,3.511929213956,3.511929213956,3.511929213956,3.51192921395,3.51192921395,3.51192921387,3.51192921387,3.51192921395,3.51192921393,3.51192921393,3.5119292139,3.51192921386,3.51192921386,3.51192921392,3.51192921391,3.51192921391,3.511929213887,3.511929213837,3.511929213887,3.511929213887,3.51192921392,3.51192921391,3.785100867,3.78510086702,3.78510086702,3.7851008666,3.7851008669,3.7851008669,3.78510086683,3.78510086683,3.78510086686,3.78510086686,5.8188573787,5.8188573787,5.8188573788,5.8188573788,5.81885737866,5.81885737866,5.8188573792,5.8188573792,6.72747338387,6.72747338367,6.72747338367,6.72747338367,6.72747338387,6.72747338362,6.72747338362,6.72747338382,6.72747338367,6.72747338337,6.72747338362,6.72747338369,6.72747338369,6.72747338364,6.72747338364,6.72747338367,6.72747338367,6.72747338366,6.7274733836,6.7274733836,6.72747338366,6.72747338361,6.72747338361,6.72747338367,6.72747338367,6.72747338367,6.72747338365,6.72747338365,6.72747338362,6.72747338362,6.72747338367,6.72747338367,6.72747338347,6.72747338372
"t59",6.49777375682,6.4977737575,6.4977737575,6.4360240759,0.6039339668,0,2.0979620174,2.0979620174,2.0979620174,3.19408291351,3.19408291351,3.1940829135,3.194082913496,3.194082913496,3.19408291345,3.19408291345,3.1940829132,3.1940829132,3.51192921351,3.51192921395,3.51192921395,3.51192921391,3.51192921391,3.51192921351,3.51192921391,3.511929213956,3.511929213956,3.511929213956,3.511929213956,3.51192921395,3.51192921395,3.51192921387,3.51192921387,3.51192921395,3.51192921393,3.51192921393,3.5119292139,3.51192921386,3.51192921386,3.51192921392,3.51192921391,3.51192921391,3.511929213887,3.511929213837,3.511929213887,3.511929213887,3.51192921392,3.51192921391,3.785100867,3.78510086702,3.78510086702,3.7851008666,3.7851008669,3.7851008669,3.78510086683,3.78510086683,3.78510086686,3.78510086686,5.8188573787,5.8188573787,5.8188573788,5.8188573788,5.81885737866,5.81885737866,5.8188573792,5.8188573792,6.72747338387,6.72747338367,6.72747338367,6.72747338367,6.72747338387,6.72747338362,6.72747338362,6.72747338382,6.72747338367,6.72747338337,6.72747338362,6.72747338369,6.72747338369,6.72747338364,6.72747338364,6.72747338367,6.72747338367,6.72747338366,6.7274733836,6.7274733836,6.72747338366,6.72747338361,6.72747338361,6.72747338367,6.72747338367,6.72747338367,6.72747338365,6.72747338365,6.72747338362,6.72747338362,6.72747338367,6.72747338367,6.72747338347,6.72747338372
"t29",6.49777375682,6.4977737575,6.4977737575,6.4360240759,2.0979620174,2.0979620174,0,1.646838385,1.646838385,3.19408291351,3.19408291351,3.1940829135,3.194082913496,3.194082913496,3.19408291345,3.19408291345,3.1940829132,3.1940829132,3.51192921351,3.51192921395,3.51192921395,3.51192921391,3.51192921391,3.51192921351,3.51192921391,3.511929213956,3.511929213956,3.511929213956,3.511929213956,3.51192921395,3.51192921395,3.51192921387,3.51192921387,3.51192921395,3.51192921393,3.51192921393,3.5119292139,3.51192921386,3.51192921386,3.51192921392,3.51192921391,3.51192921391,3.511929213887,3.511929213837,3.511929213887,3.511929213887,3.51192921392,3.51192921391,3.785100867,3.78510086702,3.78510086702,3.7851008666,3.7851008669,3.7851008669,3.78510086683,3.78510086683,3.78510086686,3.78510086686,5.8188573787,5.8188573787,5.8188573788,5.8188573788,5.81885737866,5.81885737866,5.8188573792,5.8188573792,6.72747338387,6.72747338367,6.72747338367,6.72747338367,6.72747338387,6.72747338362,6.72747338362,6.72747338382,6.72747338367,6.72747338337,6.72747338362,6.72747338369,6.72747338369,6.72747338364,6.72747338364,6.72747338367,6.72747338367,6.72747338366,6.7274733836,6.7274733836,6.72747338366,6.72747338361,6.72747338361,6.72747338367,6.72747338367,6.72747338367,6.72747338365,6.72747338365,6.72747338362,6.72747338362,6.72747338367,6.72747338367,6.72747338347,6.72747338372
"t38",6.49777375682,6.4977737575,6.4977737575,6.4360240759,2.0979620174,2.0979620174,1.646838385,0,1.1902359088,3.19408291351,3.19408291351,3.1940829135,3.194082913496,3.194082913496,3.19408291345,3.19408291345,3.1940829132,3.1940829132,3.51192921351,3.51192921395,3.51192921395,3.51192921391,3.51192921391,3.51192921351,3.51192921391,3.511929213956,3.511929213956,3.511929213956,3.511929213956,3.51192921395,3.51192921395,3.51192921387,3.51192921387,3.51192921395,3.51192921393,3.51192921393,3.5119292139,3.51192921386,3.51192921386,3.51192921392,3.51192921391,3.51192921391,3.511929213887,3.511929213837,3.511929213887,3.511929213887,3.51192921392,3.51192921391,3.785100867,3.78510086702,3.78510086702,3.7851008666,3.7851008669,3.7851008669,3.78510086683,3.78510086683,3.78510086686,3.78510086686,5.8188573787,5.8188573787,5.8188573788,5.8188573788,5.81885737866,5.81885737866,5.8188573792,5.8188573792,6.72747338387,6.72747338367,6.72747338367,6.72747338367,6.72747338387,6.72747338362,6.72747338362,6.72747338382,6.72747338367,6.72747338337,6.72747338362,6.72747338369,6.72747338369,6.72747338364,6.72747338364,6.72747338367,6.72747338367,6.72747338366,6.7274733836,6.7274733836,6.72747338366,6.72747338361,6.72747338361,6.72747338367,6.72747338367,6.72747338367,6.72747338365,6.72747338365,6.72747338362,6.72747338362,6.72747338367,6.72747338367,6.72747338347,6.72747338372
"t39",6.49777375682,6.4977737575,6.4977737575,6.4360240759,2.0979620174,2.0979620174,1.646838385,1.1902359088,0,3.19408291351,3.19408291351,3.1940829135,3.194082913496,3.194082913496,3.19408291345,3.19408291345,3.1940829132,3.1940829132,3.51192921351,3.51192921395,3.51192921395,3.51192921391,3.51192921391,3.51192921351,3.51192921391,3.511929213956,3.511929213956,3.511929213956,3.511929213956,3.51192921395,3.51192921395,3.51192921387,3.51192921387,3.51192921395,3.51192921393,3.51192921393,3.5119292139,3.51192921386,3.51192921386,3.51192921392,3.51192921391,3.51192921391,3.511929213887,3.511929213837,3.511929213887,3.511929213887,3.51192921392,3.51192921391,3.785100867,3.78510086702,3.78510086702,3.7851008666,3.7851008669,3.7851008669,3.78510086683,3.78510086683,3.78510086686,3.78510086686,5.8188573787,5.8188573787,5.8188573788,5.8188573788,5.81885737866,5.81885737866,5.8188573792,5.8188573792,6.72747338387,6.72747338367,6.72747338367,6.72747338367,6.72747338387,6.72747338362,6.72747338362,6.72747338382,6.72747338367,6.72747338337,6.72747338362,6.72747338369,6.72747338369,6.72747338364,6.72747338364,6.72747338367,6.72747338367,6.72747338366,6.7274733836,6.7274733836,6.72747338366,6.72747338361,6.72747338361,6.72747338367,6.72747338367,6.72747338367,6.72747338365,6.72747338365,6.72747338362,6.72747338362,6.72747338367,6.72747338367,6.72747338347,6.72747338372
"t95",6.49777375693,6.49777375761,6.49777375761,6.43602407601,3.19408291351,3.19408291351,3.19408291351,3.19408291351,3.19408291351,0,0.05251392382,0.92556077001,1.766564367006,1.766564367006,2.18481201716,2.18481201716,2.76520072771,2.76520072771,3.51192921362,3.51192921406,3.51192921406,3.51192921402,3.51192921402,3.51192921362,3.51192921402,3.511929214066,3.511929214066,3.511929214066,3.511929214066,3.51192921406,3.51192921406,3.51192921398,3.51192921398,3.51192921406,3.51192921404,3.51192921404,3.51192921401,3.51192921397,3.51192921397,3.51192921403,3.51192921402,3.51192921402,3.511929213997,3.511929213947,3.511929213997,3.511929213997,3.51192921403,3.51192921402,3.78510086711,3.78510086713,3.78510086713,3.78510086671,3.78510086701,3.78510086701,3.78510086694,3.78510086694,3.78510086697,3.78510086697,5.81885737881,5.81885737881,5.81885737891,5.81885737891,5.81885737877,5.81885737877,5.81885737931,5.81885737931,6.72747338398,6.72747338378,6.72747338378,6.72747338378,6.72747338398,6.72747338373,6.72747338373,6.72747338393,6.72747338378,6.72747338348,6.72747338373,6.7274733838,6.7274733838,6.72747338375,6.72747338375,6.72747338378,6.72747338378,6.72747338377,6.72747338371,6.72747338371,6.72747338377,6.72747338372,6.72747338372,6.72747338378,6.72747338378,6.72747338378,6.72747338376,6.72747338376,6.72747338373,6.72747338373,6.72747338378,6.72747338378,6.72747338358,6.72747338383
"t96",6.49777375693,6.49777375761,6.49777375761,6.43602407601,3.19408291351,3.19408291351,3.19408291351,3.19408291351,3.19408291351,0.05251392382,0,0.92556077001,1.766564367006,1.766564367006,2.18481201716,2.18481201716,2.76520072771,2.76520072771,3.51192921362,3.51192921406,3.51192921406,3.51192921402,3.51192921402,3.51192921362,3.51192921402,3.511929214066,3.511929214066,3.511929214066,3.511929214066,3.51192921406,3.51192921406,3.51192921398,3.51192921398,3.51192921406,3.51192921404,3.51192921404,3.51192921401,3.51192921397,3.51192921397,3.51192921403,3.51192921402,3.51192921402,3.511929213997,3.511929213947,3.511929213997,3.511929213997,3.51192921403,3.51192921402,3.78510086711,3.78510086713,3.78510086713,3.78510086671,3.78510086701,3.78510086701,3.78510086694,3.78510086694,3.78510086697,3.78510086697,5.81885737881,5.81885737881,5.81885737891,5.81885737891,5.81885737877,5.81885737877,5.81885737931,5.81885737931,6.72747338398,6.72747338378,6.72747338378,6.72747338378,6.72747338398,6.72747338373,6.72747338373,6.72747338393,6.72747338378,6.72747338348,6.72747338373,6.7274733838,6.7274733838,6.72747338375,6.72747338375,6.72747338378,6.72747338378,6.72747338377,6.72747338371,6.72747338371,6.72747338377,6.72747338372,6.72747338372,6.72747338378,6.72747338378,6.72747338378,6.72747338376,6.72747338376,6.72747338373,6.72747338373,6.72747338378,6.72747338378,6.72747338358,6.72747338383
"t48",6.49777375692,6.4977737576,6.4977737576,6.436024076,3.1940829135,3.1940829135,3.1940829135,3.1940829135,3.1940829135,0.92556077001,0.92556077001,0,1.766564366996,1.766564366996,2.18481201715,2.18481201715,2.7652007277,2.7652007277,3.51192921361,3.51192921405,3.51192921405,3.51192921401,3.51192921401,3.51192921361,3.51192921401,3.511929214056,3.511929214056,3.511929214056,3.511929214056,3.51192921405,3.51192921405,3.51192921397,3.51192921397,3.51192921405,3.51192921403,3.51192921403,3.511929214,3.51192921396,3.51192921396,3.51192921402,3.51192921401,3.51192921401,3.511929213987,3.511929213937,3.511929213987,3.511929213987,3.51192921402,3.51192921401,3.7851008671,3.78510086712,3.78510086712,3.7851008667,3.785100867,3.785100867,3.78510086693,3.78510086693,3.78510086696,3.78510086696,5.8188573788,5.8188573788,5.8188573789,5.8188573789,5.81885737876,5.81885737876,5.8188573793,5.8188573793,6.72747338397,6.72747338377,6.72747338377,6.72747338377,6.72747338397,6.72747338372,6.72747338372,6.72747338392,6.72747338377,6.72747338347,6.72747338372,6.72747338379,6.72747338379,6.72747338374,6.72747338374,6.72747338377,6.72747338377,6.72747338376,6.7274733837,6.7274733837,6.72747338376,6.72747338371,6.72747338371,6.72747338377,6.72747338377,6.72747338377,6.72747338375,6.72747338375,6.72747338372,6.72747338372,6.72747338377,6.72747338377,6.72747338357,6.72747338382
"t27",6.497773756916,6.497773757596,6.497773757596,6.436024075996,3.194082913496,3.194082913496,3.194082913496,3.194082913496,3.194082913496,1.766564367006,1.766564367006,1.766564366996,0,1.7599345816,2.184812017146,2.184812017146,2.765200727696,2.765200727696,3.511929213606,3.511929214046,3.511929214046,3.511929214006,3.511929214006,3.511929213606,3.511929214006,3.511929214052,3.511929214052,3.511929214052,3.511929214052,3.511929214046,3.511929214046,3.511929213966,3.511929213966,3.511929214046,3.511929214026,3.511929214026,3.511929213996,3.511929213956,3.511929213956,3.511929214016,3.511929214006,3.511929214006,3.511929213983,3.511929213933,3.511929213983,3.511929213983,3.511929214016,3.511929214006,3.785100867096,3.785100867116,3.785100867116,3.785100866696,3.785100866996,3.785100866996,3.785100866926,3.785100866926,3.785100866956,3.785100866956,5.818857378796,5.818857378796,5.818857378896,5.818857378896,5.818857378756,5.818857378756,5.818857379296,5.818857379296,6.727473383966,6.727473383766,6.727473383766,6.727473383766,6.727473383966,6.727473383716,6.727473383716,6.727473383916,6.727473383766,6.727473383466,6.727473383716,6.727473383786,6.727473383786,6.727473383736,6.727473383736,6.727473383766,6.727473383766,6.727473383756,6.727473383696,6.727473383696,6.727473383756,6.727473383706,6.727473383706,6.727473383766,6.727473383766,6.727473383766,6.727473383746,6.727473383746,6.727473383716,6.727473383716,6.727473383766,6.727473383766,6.727473383566,6.727473383816
"t28",6.497773756916,6.497773757596,6.497773757596,6.436024075996,3.194082913496,3.194082913496,3.194082913496,3.194082913496,3.194082913496,1.766564367006,1.766564367006,1.766564366996,1.7599345816,0,2.184812017146,2.184812017146,2.765200727696,2.765200727696,3.511929213606,3.511929214046,3.511929214046,3.511929214006,3.511929214006,3.511929213606,3.511929214006,3.511929214052,3.511929214052,3.511929214052,3.511929214052,3.511929214046,3.511929214046,3.511929213966,3.511929213966,3.511929214046,3.511929214026,3.511929214026,3.511929213996,3.511929213956,3.511929213956,3.511929214016,3.511929214006,3.511929214006,3.511929213983,3.511929213933,3.511929213983,3.511929213983,3.511929214016,3.511929214006,3.785100867096,3.785100867116,3.785100867116,3.785100866696,3.785100866996,3.785100866996,3.785100866926,3.785100866926,3.785100866956,3.785100866956,5.818857378796,5.818857378796,5.818857378896,5.818857378896,5.818857378756,5.818857378756,5.818857379296,5.818857379296,6.727473383966,6.727473383766,6.727473383766,6.727473383766,6.727473383966,6.727473383716,6.727473383716,6.727473383916,6.727473383766,6.727473383466,6.727473383716,6.727473383786,6.727473383786,6.727473383736,6.727473383736,6.727473383766,6.727473383766,6.727473383756,6.727473383696,6.727473383696,6.727473383756,6.727473383706,6.727473383706,6.727473383766,6.727473383766,6.727473383766,6.727473383746,6.727473383746,6.727473383716,6.727473383716,6.727473383766,6.727473383766,6.727473383566,6.727473383816
"t79",6.49777375687,6.49777375755,6.49777375755,6.43602407595,3.19408291345,3.19408291345,3.19408291345,3.19408291345,3.19408291345,2.18481201716,2.18481201716,2.18481201715,2.184812017146,2.184812017146,0,0.1339524171,2.76520072765,2.76520072765,3.51192921356,3.511929214,3.511929214,3.51192921396,3.51192921396,3.51192921356,3.51192921396,3.511929214006,3.511929214006,3.511929214006,3.511929214006,3.511929214,3.511929214,3.51192921392,3.51192921392,3.511929214,3.51192921398,3.51192921398,3.51192921395,3.51192921391,3.51192921391,3.51192921397,3.51192921396,3.51192921396,3.511929213937,3.511929213887,3.511929213937,3.511929213937,3.51192921397,3.51192921396,3.78510086705,3.78510086707,3.78510086707,3.78510086665,3.78510086695,3.78510086695,3.78510086688,3.78510086688,3.78510086691,3.78510086691,5.81885737875,5.81885737875,5.81885737885,5.81885737885,5.81885737871,5.81885737871,5.81885737925,5.81885737925,6.72747338392,6.72747338372,6.72747338372,6.72747338372,6.72747338392,6.72747338367,6.72747338367,6.72747338387,6.72747338372,6.72747338342,6.72747338367,6.72747338374,6.72747338374,6.72747338369,6.72747338369,6.72747338372,6.72747338372,6.72747338371,6.72747338365,6.72747338365,6.72747338371,6.72747338366,6.72747338366,6.72747338372,6.72747338372,6.72747338372,6.7274733837,6.7274733837,6.72747338367,6.72747338367,6.72747338372,6.72747338372,6.72747338352,6.72747338377
"t80",6.49777375687,6.49777375755,6.49777375755,6.43602407595,3.19408291345,3.19408291345,3.19408291345,3.19408291345,3.19408291345,2.18481201716,2.18481201716,2.18481201715,2.184812017146,2.184812017146,0.1339524171,0,2.76520072765,2.76520072765,3.51192921356,3.511929214,3.511929214,3.51192921396,3.51192921396,3.51192921356,3.51192921396,3.511929214006,3.511929214006,3.511929214006,3.511929214006,3.511929214,3.511929214,3.51192921392,3.51192921392,3.511929214,3.51192921398,3.51192921398,3.51192921395,3.51192921391,3.51192921391,3.51192921397,3.51192921396,3.51192921396,3.511929213937,3.511929213887,3.511929213937,3.511929213937,3.51192921397,3.51192921396,3.78510086705,3.78510086707,3.78510086707,3.78510086665,3.78510086695,3.78510086695,3.78510086688,3.78510086688,3.78510086691,3.78510086691,5.81885737875,5.81885737875,5.81885737885,5.81885737885,5.81885737871,5.81885737871,5.81885737925,5.81885737925,6.72747338392,6.72747338372,6.72747338372,6.72747338372,6.72747338392,6.72747338367,6.72747338367,6.72747338387,6.72747338372,6.72747338342,6.72747338367,6.72747338374,6.72747338374,6.72747338369,6.72747338369,6.72747338372,6.72747338372,6.72747338371,6.72747338365,6.72747338365,6.72747338371,6.72747338366,6.72747338366,6.72747338372,6.72747338372,6.72747338372,6.7274733837,6.7274733837,6.72747338367,6.72747338367,6.72747338372,6.72747338372,6.72747338352,6.72747338377
"t60",6.49777375662,6.4977737573,6.4977737573,6.4360240757,3.1940829132,3.1940829132,3.1940829132,3.1940829132,3.1940829132,2.76520072771,2.76520072771,2.7652007277,2.765200727696,2.765200727696,2.76520072765,2.76520072765,0,0.5984374774,3.51192921331,3.51192921375,3.51192921375,3.51192921371,3.51192921371,3.51192921331,3.51192921371,3.511929213756,3.511929213756,3.511929213756,3.511929213756,3.51192921375,3.51192921375,3.51192921367,3.51192921367,3.51192921375,3.51192921373,3.51192921373,3.5119292137,3.51192921366,3.51192921366,3.51192921372,3.51192921371,3.51192921371,3.511929213687,3.511929213637,3.511929213687,3.511929213687,3.51192921372,3.51192921371,3.7851008668,3.78510086682,3.78510086682,3.7851008664,3.7851008667,3.7851008667,3.78510086663,3.78510086663,3.78510086666,3.78510086666,5.8188573785,5.8188573785,5.8188573786,5.8188573786,5.81885737846,5.81885737846,5.818857379,5.818857379,6.72747338367,6.72747338347,6.72747338347,6.72747338347,6.72747338367,6.72747338342,6.72747338342,6.72747338362,6.72747338347,6.72747338317,6.72747338342,6.72747338349,6.72747338349,6.72747338344,6.72747338344,6.72747338347,6.72747338347,6.72747338346,6.7274733834,6.7274733834,6.72747338346,6.72747338341,6.72747338341,6.72747338347,6.72747338347,6.72747338347,6.72747338345,6.72747338345,6.72747338342,6.72747338342,6.72747338347,6.72747338347,6.72747338327,6.72747338352
"t61",6.49777375662,6.4977737573,6.4977737573,6.4360240757,3.1940829132,3.1940829132,3.1940829132,3.1940829132,3.1940829132,2.76520072771,2.76520072771,2.7652007277,2.765200727696,2.765200727696,2.76520072765,2.76520072765,0.5984374774,0,3.51192921331,3.51192921375,3.51192921375,3.51192921371,3.51192921371,3.51192921331,3.51192921371,3.511929213756,3.511929213756,3.511929213756,3.511929213756,3.51192921375,3.51192921375,3.51192921367,3.51192921367,3.51192921375,3.51192921373,3.51192921373,3.5119292137,3.51192921366,3.51192921366,3.51192921372,3.51192921371,3.51192921371,3.511929213687,3.511929213637,3.511929213687,3.511929213687,3.51192921372,3.51192921371,3.7851008668,3.78510086682,3.78510086682,3.7851008664,3.7851008667,3.7851008667,3.78510086663,3.78510086663,3.78510086666,3.78510086666,5.8188573785,5.8188573785,5.8188573786,5.8188573786,5.81885737846,5.81885737846,5.818857379,5.818857379,6.72747338367,6.72747338347,6.72747338347,6.72747338347,6.72747338367,6.72747338342,6.72747338342,6.72747338362,6.72747338347,6.72747338317,6.72747338342,6.72747338349,6.72747338349,6.72747338344,6.72747338344,6.72747338347,6.72747338347,6.72747338346,6.7274733834,6.7274733834,6.72747338346,6.72747338341,6.72747338341,6.72747338347,6.72747338347,6.72747338347,6.72747338345,6.72747338345,6.72747338342,6.72747338342,6.72747338347,6.72747338347,6.72747338327,6.72747338352
"t5",6.49777375653,6.49777375721,6.49777375721,6.43602407561,3.51192921351,3.51192921351,3.51192921351,3.51192921351,3.51192921351,3.51192921362,3.51192921362,3.51192921361,3.511929213606,3.511929213606,3.51192921356,3.51192921356,3.51192921331,3.51192921331,0,3.48711704444,3.48711704444,3.4871170444,3.4871170444,3.487117044,3.4871170444,3.487117044446,3.487117044446,3.487117044446,3.487117044446,3.48711704444,3.48711704444,3.48711704436,3.48711704436,3.48711704444,3.48711704442,3.48711704442,3.48711704439,3.48711704435,3.48711704435,3.48711704441,3.4871170444,3.4871170444,3.487117044377,3.487117044327,3.487117044377,3.487117044377,3.48711704441,3.4871170444,3.78510086671,3.78510086673,3.78510086673,3.78510086631,3.78510086661,3.78510086661,3.78510086654,3.78510086654,3.78510086657,3.78510086657,5.81885737841,5.81885737841,5.81885737851,5.81885737851,5.81885737837,5.81885737837,5.81885737891,5.81885737891,6.72747338358,6.72747338338,6.72747338338,6.72747338338,6.72747338358,6.72747338333,6.72747338333,6.72747338353,6.72747338338,6.72747338308,6.72747338333,6.7274733834,6.7274733834,6.72747338335,6.72747338335,6.72747338338,6.72747338338,6.72747338337,6.72747338331,6.72747338331,6.72747338337,6.72747338332,6.72747338332,6.72747338338,6.72747338338,6.72747338338,6.72747338336,6.72747338336,6.72747338333,6.72747338333,6.72747338338,6.72747338338,6.72747338318,6.72747338343
"t99",6.49777375697,6.49777375765,6.49777375765,6.43602407605,3.51192921395,3.51192921395,3.51192921395,3.51192921395,3.51192921395,3.51192921406,3.51192921406,3.51192921405,3.511929214046,3.511929214046,3.511929214,3.511929214,3.51192921375,3.51192921375,3.48711704444,0,0.02043259528,1.51629984164,1.51629984164,2.00033571844,2.27708775004,2.985529209486,2.985529209486,2.985529209486,2.985529209486,2.98552920948,2.98552920948,2.9855292094,2.9855292094,2.98552920948,2.98552920946,2.98552920946,2.98552920943,2.98552920939,2.98552920939,2.98552920945,2.98552920944,2.98552920944,2.985529209417,2.985529209367,2.985529209417,2.985529209417,2.98552920945,3.22368216204,3.78510086715,3.78510086717,3.78510086717,3.78510086675,3.78510086705,3.78510086705,3.78510086698,3.78510086698,3.78510086701,3.78510086701,5.81885737885,5.81885737885,5.81885737895,5.81885737895,5.81885737881,5.81885737881,5.81885737935,5.81885737935,6.72747338402,6.72747338382,6.72747338382,6.72747338382,6.72747338402,6.72747338377,6.72747338377,6.72747338397,6.72747338382,6.72747338352,6.72747338377,6.72747338384,6.72747338384,6.72747338379,6.72747338379,6.72747338382,6.72747338382,6.72747338381,6.72747338375,6.72747338375,6.72747338381,6.72747338376,6.72747338376,6.72747338382,6.72747338382,6.72747338382,6.7274733838,6.7274733838,6.72747338377,6.72747338377,6.72747338382,6.72747338382,6.72747338362,6.72747338387
"t100",6.49777375697,6.49777375765,6.49777375765,6.43602407605,3.51192921395,3.51192921395,3.51192921395,3.51192921395,3.51192921395,3.51192921406,3.51192921406,3.51192921405,3.511929214046,3.511929214046,3.511929214,3.511929214,3.51192921375,3.51192921375,3.48711704444,0.02043259528,0,1.51629984164,1.51629984164,2.00033571844,2.27708775004,2.985529209486,2.985529209486,2.985529209486,2.985529209486,2.98552920948,2.98552920948,2.9855292094,2.9855292094,2.98552920948,2.98552920946,2.98552920946,2.98552920943,2.98552920939,2.98552920939,2.98552920945,2.98552920944,2.98552920944,2.985529209417,2.985529209367,2.985529209417,2.985529209417,2.98552920945,3.22368216204,3.78510086715,3.78510086717,3.78510086717,3.78510086675,3.78510086705,3.78510086705,3.78510086698,3.78510086698,3.78510086701,3.78510086701,5.81885737885,5.81885737885,5.81885737895,5.81885737895,5.81885737881,5.81885737881,5.81885737935,5.81885737935,6.72747338402,6.72747338382,6.72747338382,6.72747338382,6.72747338402,6.72747338377,6.72747338377,6.72747338397,6.72747338382,6.72747338352,6.72747338377,6.72747338384,6.72747338384,6.72747338379,6.72747338379,6.72747338382,6.72747338382,6.72747338381,6.72747338375,6.72747338375,6.72747338381,6.72747338376,6.72747338376,6.72747338382,6.72747338382,6.72747338382,6.7274733838,6.7274733838,6.72747338377,6.72747338377,6.72747338382,6.72747338382,6.72747338362,6.72747338387
"t50",6.49777375693,6.49777375761,6.49777375761,6.43602407601,3.51192921391,3.51192921391,3.51192921391,3.51192921391,3.51192921391,3.51192921402,3.51192921402,3.51192921401,3.511929214006,3.511929214006,3.51192921396,3.51192921396,3.51192921371,3.51192921371,3.4871170444,1.51629984164,1.51629984164,0,0.8553230848,2.0003357184,2.27708775,2.985529209446,2.985529209446,2.985529209446,2.985529209446,2.98552920944,2.98552920944,2.98552920936,2.98552920936,2.98552920944,2.98552920942,2.98552920942,2.98552920939,2.98552920935,2.98552920935,2.98552920941,2.9855292094,2.9855292094,2.985529209377,2.985529209327,2.985529209377,2.985529209377,2.98552920941,3.223682162,3.78510086711,3.78510086713,3.78510086713,3.78510086671,3.78510086701,3.78510086701,3.78510086694,3.78510086694,3.78510086697,3.78510086697,5.81885737881,5.81885737881,5.81885737891,5.81885737891,5.81885737877,5.81885737877,5.81885737931,5.81885737931,6.72747338398,6.72747338378,6.72747338378,6.72747338378,6.72747338398,6.72747338373,6.72747338373,6.72747338393,6.72747338378,6.72747338348,6.72747338373,6.7274733838,6.7274733838,6.72747338375,6.72747338375,6.72747338378,6.72747338378,6.72747338377,6.72747338371,6.72747338371,6.72747338377,6.72747338372,6.72747338372,6.72747338378,6.72747338378,6.72747338378,6.72747338376,6.72747338376,6.72747338373,6.72747338373,6.72747338378,6.72747338378,6.72747338358,6.72747338383
"t51",6.49777375693,6.49777375761,6.49777375761,6.43602407601,3.51192921391,3.51192921391,3.51192921391,3.51192921391,3.51192921391,3.51192921402,3.51192921402,3.51192921401,3.511929214006,3.511929214006,3.51192921396,3.51192921396,3.51192921371,3.51192921371,3.4871170444,1.51629984164,1.51629984164,0.8553230848,0,2.0003357184,2.27708775,2.985529209446,2.985529209446,2.985529209446,2.985529209446,2.98552920944,2.98552920944,2.98552920936,2.98552920936,2.98552920944,2.98552920942,2.98552920942,2.98552920939,2.98552920935,2.98552920935,2.98552920941,2.9855292094,2.9855292094,2.985529209377,2.985529209327,2.985529209377,2.985529209377,2.98552920941,3.223682162,3.78510086711,3.78510086713,3.78510086713,3.78510086671,3.78510086701,3.78510086701,3.78510086694,3.78510086694,3.78510086697,3.78510086697,5.81885737881,5.81885737881,5.81885737891,5.81885737891,5.81885737877,5.81885737877,5.81885737931,5.81885737931,6.72747338398,6.72747338378,6.72747338378,6.72747338378,6.72747338398,6.72747338373,6.72747338373,6.72747338393,6.72747338378,6.72747338348,6.72747338373,6.7274733838,6.7274733838,6.72747338375,6.72747338375,6.72747338378,6.72747338378,6.72747338377,6.72747338371,6.72747338371,6.72747338377,6.72747338372,6.72747338372,6.72747338378,6.72747338378,6.72747338378,6.72747338376,6.72747338376,6.72747338373,6.72747338373,6.72747338378,6.72747338378,6.72747338358,6.72747338383
"t22",6.49777375653,6.49777375721,6.49777375721,6.43602407561,3.51192921351,3.51192921351,3.51192921351,3.51192921351,3.51192921351,3.51192921362,3.51192921362,3.51192921361,3.511929213606,3.511929213606,3.51192921356,3.51192921356,3.51192921331,3.51192921331,3.487117044,2.00033571844,2.00033571844,2.0003357184,2.0003357184,0,2.2770877496,2.985529209046,2.985529209046,2.985529209046,2.985529209046,2.98552920904,2.98552920904,2.98552920896,2.98552920896,2.98552920904,2.98552920902,2.98552920902,2.98552920899,2.98552920895,2.98552920895,2.98552920901,2.985529209,2.985529209,2.985529208977,2.985529208927,2.985529208977,2.985529208977,2.98552920901,3.2236821616,3.78510086671,3.78510086673,3.78510086673,3.78510086631,3.78510086661,3.78510086661,3.78510086654,3.78510086654,3.78510086657,3.78510086657,5.81885737841,5.81885737841,5.81885737851,5.81885737851,5.81885737837,5.81885737837,5.81885737891,5.81885737891,6.72747338358,6.72747338338,6.72747338338,6.72747338338,6.72747338358,6.72747338333,6.72747338333,6.72747338353,6.72747338338,6.72747338308,6.72747338333,6.7274733834,6.7274733834,6.72747338335,6.72747338335,6.72747338338,6.72747338338,6.72747338337,6.72747338331,6.72747338331,6.72747338337,6.72747338332,6.72747338332,6.72747338338,6.72747338338,6.72747338338,6.72747338336,6.72747338336,6.72747338333,6.72747338333,6.72747338338,6.72747338338,6.72747338318,6.72747338343
"t18",6.49777375693,6.49777375761,6.49777375761,6.43602407601,3.51192921391,3.51192921391,3.51192921391,3.51192921391,3.51192921391,3.51192921402,3.51192921402,3.51192921401,3.511929214006,3.511929214006,3.51192921396,3.51192921396,3.51192921371,3.51192921371,3.4871170444,2.27708775004,2.27708775004,2.27708775,2.27708775,2.2770877496,0,2.985529209446,2.985529209446,2.985529209446,2.985529209446,2.98552920944,2.98552920944,2.98552920936,2.98552920936,2.98552920944,2.98552920942,2.98552920942,2.98552920939,2.98552920935,2.98552920935,2.98552920941,2.9855292094,2.9855292094,2.985529209377,2.985529209327,2.985529209377,2.985529209377,2.98552920941,3.223682162,3.78510086711,3.78510086713,3.78510086713,3.78510086671,3.78510086701,3.78510086701,3.78510086694,3.78510086694,3.78510086697,3.78510086697,5.81885737881,5.81885737881,5.81885737891,5.81885737891,5.81885737877,5.81885737877,5.81885737931,5.81885737931,6.72747338398,6.72747338378,6.72747338378,6.72747338378,6.72747338398,6.72747338373,6.72747338373,6.72747338393,6.72747338378,6.72747338348,6.72747338373,6.7274733838,6.7274733838,6.72747338375,6.72747338375,6.72747338378,6.72747338378,6.72747338377,6.72747338371,6.72747338371,6.72747338377,6.72747338372,6.72747338372,6.72747338378,6.72747338378,6.72747338378,6.72747338376,6.72747338376,6.72747338373,6.72747338373,6.72747338378,6.72747338378,6.72747338358,6.72747338383
"t68",6.497773756976,6.497773757656,6.497773757656,6.436024076056,3.511929213956,3.511929213956,3.511929213956,3.511929213956,3.511929213956,3.511929214066,3.511929214066,3.511929214056,3.511929214052,3.511929214052,3.511929214006,3.511929214006,3.511929213756,3.511929213756,3.487117044446,2.985529209486,2.985529209486,2.985529209446,2.985529209446,2.985529209046,2.985529209446,0,0.4205787306,1.1527473546,1.1527473546,1.168729466006,1.908687749006,2.964330546126,2.964330546126,2.964330546206,2.964330546186,2.964330546186,2.964330546156,2.964330546116,2.964330546116,2.964330546176,2.964330546166,2.964330546166,2.964330546143,2.964330546093,2.964330546143,2.964330546143,2.964330546176,3.223682162046,3.785100867156,3.785100867176,3.785100867176,3.785100866756,3.785100867056,3.785100867056,3.785100866986,3.785100866986,3.785100867016,3.785100867016,5.818857378856,5.818857378856,5.818857378956,5.818857378956,5.818857378816,5.818857378816,5.818857379356,5.818857379356,6.727473384026,6.727473383826,6.727473383826,6.727473383826,6.727473384026,6.727473383776,6.727473383776,6.727473383976,6.727473383826,6.727473383526,6.727473383776,6.727473383846,6.727473383846,6.727473383796,6.727473383796,6.727473383826,6.727473383826,6.727473383816,6.727473383756,6.727473383756,6.727473383816,6.727473383766,6.727473383766,6.727473383826,6.727473383826,6.727473383826,6.727473383806,6.727473383806,6.727473383776,6.727473383776,6.727473383826,6.727473383826,6.727473383626,6.727473383876
"t69",6.497773756976,6.497773757656,6.497773757656,6.436024076056,3.511929213956,3.511929213956,3.511929213956,3.511929213956,3.511929213956,3.511929214066,3.511929214066,3.511929214056,3.511929214052,3.511929214052,3.511929214006,3.511929214006,3.511929213756,3.511929213756,3.487117044446,2.985529209486,2.985529209486,2.985529209446,2.985529209446,2.985529209046,2.985529209446,0.4205787306,0,1.1527473546,1.1527473546,1.168729466006,1.908687749006,2.964330546126,2.964330546126,2.964330546206,2.964330546186,2.964330546186,2.964330546156,2.964330546116,2.964330546116,2.964330546176,2.964330546166,2.964330546166,2.964330546143,2.964330546093,2.964330546143,2.964330546143,2.964330546176,3.223682162046,3.785100867156,3.785100867176,3.785100867176,3.785100866756,3.785100867056,3.785100867056,3.785100866986,3.785100866986,3.785100867016,3.785100867016,5.818857378856,5.818857378856,5.818857378956,5.818857378956,5.818857378816,5.818857378816,5.818857379356,5.818857379356,6.727473384026,6.727473383826,6.727473383826,6.727473383826,6.727473384026,6.727473383776,6.727473383776,6.727473383976,6.727473383826,6.727473383526,6.727473383776,6.727473383846,6.727473383846,6.727473383796,6.727473383796,6.727473383826,6.727473383826,6.727473383816,6.727473383756,6.727473383756,6.727473383816,6.727473383766,6.727473383766,6.727473383826,6.727473383826,6.727473383826,6.727473383806,6.727473383806,6.727473383776,6.727473383776,6.727473383826,6.727473383826,6.727473383626,6.727473383876
"t66",6.497773756976,6.497773757656,6.497773757656,6.436024076056,3.511929213956,3.511929213956,3.511929213956,3.511929213956,3.511929213956,3.511929214066,3.511929214066,3.511929214056,3.511929214052,3.511929214052,3.511929214006,3.511929214006,3.511929213756,3.511929213756,3.487117044446,2.985529209486,2.985529209486,2.985529209446,2.985529209446,2.985529209046,2.985529209446,1.1527473546,1.1527473546,0,0.4402791158,1.168729466006,1.908687749006,2.964330546126,2.964330546126,2.964330546206,2.964330546186,2.964330546186,2.964330546156,2.964330546116,2.964330546116,2.964330546176,2.964330546166,2.964330546166,2.964330546143,2.964330546093,2.964330546143,2.964330546143,2.964330546176,3.223682162046,3.785100867156,3.785100867176,3.785100867176,3.785100866756,3.785100867056,3.785100867056,3.785100866986,3.785100866986,3.785100867016,3.785100867016,5.818857378856,5.818857378856,5.818857378956,5.818857378956,5.818857378816,5.818857378816,5.818857379356,5.818857379356,6.727473384026,6.727473383826,6.727473383826,6.727473383826,6.727473384026,6.727473383776,6.727473383776,6.727473383976,6.727473383826,6.727473383526,6.727473383776,6.727473383846,6.727473383846,6.727473383796,6.727473383796,6.727473383826,6.727473383826,6.727473383816,6.727473383756,6.727473383756,6.727473383816,6.727473383766,6.727473383766,6.727473383826,6.727473383826,6.727473383826,6.727473383806,6.727473383806,6.727473383776,6.727473383776,6.727473383826,6.727473383826,6.727473383626,6.727473383876
