"","t37","t96","t97","t105","t106","t44","t115","t116","t127","t128","t71","t52","t33","t34","t25","t91","t98","t137","t138","t99","t66","t67","t38","t72","t135","t136","t64","t61","t119","t120","t73","t68","t42","t23","t111","t112","t49","t27","t65","t117","t118","t84","t85","t80","t78","t79","t113","t114","t125","t126","t40","t16","t7","t4","t5","t1","t48","t101","t102","t26","t10","t92","t93","t41","t14","t6","t9","t50","t51","t8","t19","t20","t129","t130","t45","t86","t87","t39","t32","t12","t22","t62","t63","t55","t57","t58","t123","t124","t21","t17","t76","t77","t56","t88","t89","t47","t103","t104","t90","t13","t15","t28","t29","t18","t107","t108","t100","t43","t70","t74","t75","t36","t30","t31","t69","t131","t132","t35","t59","t60","t121","t122","t109","t110","t81","t133","t134","t82","t83","t46","t53","t54","t24","t11","t94","t95","t3","t2"
"t37",0,2.4195865056,2.4195865056,2.4195865056,2.4195865056,1.61350672136,2.54839072518,2.54839072518,2.54839072518,2.54839072518,2.54839072526,2.54839072526,3.69525552916,2.67616522486,3.96007627426,3.96007627406,3.96007627411,3.960076274131,3.960076274131,3.96007627408,3.96007627406,3.53774531626,7.00852755176,6.68299577523,7.008527551981,7.008527551981,7.00852755203,7.008527552,7.0085275521,7.0085275521,7.0085275521,7.0085275521,7.008527552,7.00852755206,7.00852755207,7.00852755207,7.00852755197,7.00852755227,7.00852755207,7.00852755207,7.00852755207,7.00852755215,7.00852755215,7.00852755217,7.00852755217,7.00852755217,7.00852755217,7.00852755217,7.00852755217,7.00852755217,7.00852755217,6.56386426761,4.00487187136,7.45009242876,6.20149543856,6.34643292056,11.21938710436,11.21938710436,10.94853299777,10.09920989726,9.20948544576,11.219387103875,11.219387103875,10.118612756015,9.656242467375,8.664134728175,9.18307041984,11.21938710384,10.37959472873,8.58430129343,10.058840627125,11.219387103725,11.219387103475,11.219387103475,11.219387103495,11.219387103995,10.907250517945,11.219387103695,10.841391815695,9.22460694067,10.39708465257,11.21938710377,11.21938710377,10.53721424297,10.72854784509,10.87138811839,11.21938710409,11.21938710409,11.21938710359,11.21938710359,11.21938710414,11.21938710414,11.21938710413,10.99905065013,11.21938710413,11.21938710414,11.21938710418,11.21938710418,11.21938710419,9.2019215486,9.64036354538,10.08911027298,11.21938710388,10.10602269724,11.21938710386,11.21938710386,11.19638128986,11.01133106956,11.21938710386,11.21938710394,11.21938710394,10.97367004604,11.21938710446,11.21938710446,11.21938710396,11.21938710393,11.21938710393,11.21938710406,11.21938710406,11.21938710406,11.21938710392,11.21938710392,11.21938710392,11.17972068782,11.21938710392,11.21938710396,11.21938710396,11.21938710383,11.21938710383,11.21938710393,11.21938710383,11.21938710383,11.21938710353,11.21938710363,11.21938710383,11.21938710383,7.00316946526,7.60806706446
"t96",2.4195865056,0,0.6859606482,1.6926373862,1.6926373862,1.61350672096,2.54839072478,2.54839072478,2.54839072478,2.54839072478,2.54839072486,2.54839072486,3.69525552876,2.67616522446,3.96007627386,3.96007627366,3.96007627371,3.960076273731,3.960076273731,3.96007627368,3.96007627366,3.53774531586,7.00852755136,6.68299577483,7.008527551581,7.008527551581,7.00852755163,7.0085275516,7.0085275517,7.0085275517,7.0085275517,7.0085275517,7.0085275516,7.00852755166,7.00852755167,7.00852755167,7.00852755157,7.00852755187,7.00852755167,7.00852755167,7.00852755167,7.00852755175,7.00852755175,7.00852755177,7.00852755177,7.00852755177,7.00852755177,7.00852755177,7.00852755177,7.00852755177,7.00852755177,6.56386426721,4.00487187096,7.45009242836,6.20149543816,6.34643292016,11.21938710396,11.21938710396,10.94853299737,10.09920989686,9.20948544536,11.219387103475,11.219387103475,10.118612755615,9.656242466975,8.664134727775,9.18307041944,11.21938710344,10.37959472833,8.58430129303,10.058840626725,11.219387103325,11.219387103075,11.219387103075,11.219387103095,11.219387103595,10.907250517545,11.219387103295,10.841391815295,9.22460694027,10.39708465217,11.21938710337,11.21938710337,10.53721424257,10.72854784469,10.87138811799,11.21938710369,11.21938710369,11.21938710319,11.21938710319,11.21938710374,11.21938710374,11.21938710373,10.99905064973,11.21938710373,11.21938710374,11.21938710378,11.21938710378,11.21938710379,9.2019215482,9.64036354498,10.08911027258,11.21938710348,10.10602269684,11.21938710346,11.21938710346,11.19638128946,11.01133106916,11.21938710346,11.21938710354,11.21938710354,10.97367004564,11.21938710406,11.21938710406,11.21938710356,11.21938710353,11.21938710353,11.21938710366,11.21938710366,11.21938710366,11.21938710352,11.21938710352,11.21938710352,11.17972068742,11.21938710352,11.21938710356,11.21938710356,11.21938710343,11.21938710343,11.21938710353,11.21938710343,11.21938710343,11.21938710313,11.21938710323,11.21938710343,11.21938710343,7.00316946486,7.60806706406
"t97",2.4195865056,0.6859606482,0,1.6926373862,1.6926373862,1.61350672096,2.54839072478,2.54839072478,2.54839072478,2.54839072478,2.54839072486,2.54839072486,3.69525552876,2.67616522446,3.96007627386,3.96007627366,3.96007627371,3.960076273731,3.960076273731,3.96007627368,3.96007627366,3.53774531586,7.00852755136,6.68299577483,7.008527551581,7.008527551581,7.00852755163,7.0085275516,7.0085275517,7.0085275517,7.0085275517,7.0085275517,7.0085275516,7.00852755166,7.00852755167,7.00852755167,7.00852755157,7.00852755187,7.00852755167,7.00852755167,7.00852755167,7.00852755175,7.00852755175,7.00852755177,7.00852755177,7.00852755177,7.00852755177,7.00852755177,7.00852755177,7.00852755177,7.00852755177,6.56386426721,4.00487187096,7.45009242836,6.20149543816,6.34643292016,11.21938710396,11.21938710396,10.94853299737,10.09920989686,9.20948544536,11.219387103475,11.219387103475,10.118612755615,9.656242466975,8.664134727775,9.18307041944,11.21938710344,10.37959472833,8.58430129303,10.058840626725,11.219387103325,11.219387103075,11.219387103075,11.219387103095,11.219387103595,10.907250517545,11.219387103295,10.841391815295,9.22460694027,10.39708465217,11.21938710337,11.21938710337,10.53721424257,10.72854784469,10.87138811799,11.21938710369,11.21938710369,11.21938710319,11.21938710319,11.21938710374,11.21938710374,11.21938710373,10.99905064973,11.21938710373,11.21938710374,11.21938710378,11.21938710378,11.21938710379,9.2019215482,9.64036354498,10.08911027258,11.21938710348,10.10602269684,11.21938710346,11.21938710346,11.19638128946,11.01133106916,11.21938710346,11.21938710354,11.21938710354,10.97367004564,11.21938710406,11.21938710406,11.21938710356,11.21938710353,11.21938710353,11.21938710366,11.21938710366,11.21938710366,11.21938710352,11.21938710352,11.21938710352,11.17972068742,11.21938710352,11.21938710356,11.21938710356,11.21938710343,11.21938710343,11.21938710353,11.21938710343,11.21938710343,11.21938710313,11.21938710323,11.21938710343,11.21938710343,7.00316946486,7.60806706406
"t105",2.4195865056,1.6926373862,1.6926373862,0,0.4403636928,1.61350672096,2.54839072478,2.54839072478,2.54839072478,2.54839072478,2.54839072486,2.54839072486,3.69525552876,2.67616522446,3.96007627386,3.96007627366,3.96007627371,3.960076273731,3.960076273731,3.96007627368,3.96007627366,3.53774531586,7.00852755136,6.68299577483,7.008527551581,7.008527551581,7.00852755163,7.0085275516,7.0085275517,7.0085275517,7.0085275517,7.0085275517,7.0085275516,7.00852755166,7.00852755167,7.00852755167,7.00852755157,7.00852755187,7.00852755167,7.00852755167,7.00852755167,7.00852755175,7.00852755175,7.00852755177,7.00852755177,7.00852755177,7.00852755177,7.00852755177,7.00852755177,7.00852755177,7.00852755177,6.56386426721,4.00487187096,7.45009242836,6.20149543816,6.34643292016,11.21938710396,11.21938710396,10.94853299737,10.09920989686,9.20948544536,11.219387103475,11.219387103475,10.118612755615,9.656242466975,8.664134727775,9.18307041944,11.21938710344,10.37959472833,8.58430129303,10.058840626725,11.219387103325,11.219387103075,11.219387103075,11.219387103095,11.219387103595,10.907250517545,11.219387103295,10.841391815295,9.22460694027,10.39708465217,11.21938710337,11.21938710337,10.53721424257,10.72854784469,10.87138811799,11.21938710369,11.21938710369,11.21938710319,11.21938710319,11.21938710374,11.21938710374,11.21938710373,10.99905064973,11.21938710373,11.21938710374,11.21938710378,11.21938710378,11.21938710379,9.2019215482,9.64036354498,10.08911027258,11.21938710348,10.10602269684,11.21938710346,11.21938710346,11.19638128946,11.01133106916,11.21938710346,11.21938710354,11.21938710354,10.97367004564,11.21938710406,11.21938710406,11.21938710356,11.21938710353,11.21938710353,11.21938710366,11.21938710366,11.21938710366,11.21938710352,11.21938710352,11.21938710352,11.17972068742,11.21938710352,11.21938710356,11.21938710356,11.21938710343,11.21938710343,11.21938710353,11.21938710343,11.21938710343,11.21938710313,11.21938710323,11.21938710343,11.21938710343,7.00316946486,7.60806706406
"t106",2.4195865056,1.6926373862,1.6926373862,0.4403636928,0,1.61350672096,2.54839072478,2.54839072478,2.54839072478,2.54839072478,2.54839072486,2.54839072486,3.69525552876,2.67616522446,3.96007627386,3.96007627366,3.96007627371,3.960076273731,3.960076273731,3.96007627368,3.96007627366,3.53774531586,7.00852755136,6.68299577483,7.008527551581,7.008527551581,7.00852755163,7.0085275516,7.0085275517,7.0085275517,7.0085275517,7.0085275517,7.0085275516,7.00852755166,7.00852755167,7.00852755167,7.00852755157,7.00852755187,7.00852755167,7.00852755167,7.00852755167,7.00852755175,7.00852755175,7.00852755177,7.00852755177,7.00852755177,7.00852755177,7.00852755177,7.00852755177,7.00852755177,7.00852755177,6.56386426721,4.00487187096,7.45009242836,6.20149543816,6.34643292016,11.21938710396,11.21938710396,10.94853299737,10.09920989686,9.20948544536,11.219387103475,11.219387103475,10.118612755615,9.656242466975,8.664134727775,9.18307041944,11.21938710344,10.37959472833,8.58430129303,10.058840626725,11.219387103325,11.219387103075,11.219387103075,11.219387103095,11.219387103595,10.907250517545,11.219387103295,10.841391815295,9.22460694027,10.39708465217,11.21938710337,11.21938710337,10.53721424257,10.72854784469,10.87138811799,11.21938710369,11.21938710369,11.21938710319,11.21938710319,11.21938710374,11.21938710374,11.21938710373,10.99905064973,11.21938710373,11.21938710374,11.21938710378,11.21938710378,11.21938710379,9.2019215482,9.64036354498,10.08911027258,11.21938710348,10.10602269684,11.21938710346,11.21938710346,11.19638128946,11.01133106916,11.21938710346,11.21938710354,11.21938710354,10.97367004564,11.21938710406,11.21938710406,11.21938710356,11.21938710353,11.21938710353,11.21938710366,11.21938710366,11.21938710366,11.21938710352,11.21938710352,11.21938710352,11.17972068742,11.21938710352,11.21938710356,11.21938710356,11.21938710343,11.21938710343,11.21938710353,11.21938710343,11.21938710343,11.21938710313,11.21938710323,11.21938710343,11.21938710343,7.00316946486,7.60806706406
"t44",1.61350672136,1.61350672096,1.61350672096,1.61350672096,1.61350672096,0,1.15391629562,1.15391629562,1.15391629562,1.15391629562,1.1539162957,1.1539162957,2.7603715248,1.7412812205,3.0251922699,3.0251922697,3.02519226975,3.025192269771,3.025192269771,3.02519226972,3.0251922697,2.6028613119,6.0736435474,5.74811177087,6.073643547621,6.073643547621,6.07364354767,6.07364354764,6.07364354774,6.07364354774,6.07364354774,6.07364354774,6.07364354764,6.0736435477,6.07364354771,6.07364354771,6.07364354761,6.07364354791,6.07364354771,6.07364354771,6.07364354771,6.07364354779,6.07364354779,6.07364354781,6.07364354781,6.07364354781,6.07364354781,6.07364354781,6.07364354781,6.07364354781,6.07364354781,5.62898026325,3.069987867,6.5152084244,5.2666114342,5.4115489162,10.2845031,10.2845031,10.01364899341,9.1643258929,8.2746014414,10.284503099515,10.284503099515,9.183728751655,8.721358463015,7.729250723815,8.24818641548,10.28450309948,9.44471072437,7.64941728907,9.123956622765,10.284503099365,10.284503099115,10.284503099115,10.284503099135,10.284503099635,9.972366513585,10.284503099335,9.906507811335,8.28972293631,9.46220064821,10.28450309941,10.28450309941,9.60233023861,9.79366384073,9.93650411403,10.28450309973,10.28450309973,10.28450309923,10.28450309923,10.28450309978,10.28450309978,10.28450309977,10.06416664577,10.28450309977,10.28450309978,10.28450309982,10.28450309982,10.28450309983,8.26703754424,8.70547954102,9.15422626862,10.28450309952,9.17113869288,10.2845030995,10.2845030995,10.2614972855,10.0764470652,10.2845030995,10.28450309958,10.28450309958,10.03878604168,10.2845031001,10.2845031001,10.2845030996,10.28450309957,10.28450309957,10.2845030997,10.2845030997,10.2845030997,10.28450309956,10.28450309956,10.28450309956,10.24483668346,10.28450309956,10.2845030996,10.2845030996,10.28450309947,10.28450309947,10.28450309957,10.28450309947,10.28450309947,10.28450309917,10.28450309927,10.28450309947,10.28450309947,6.0682854609,6.6731830601
"t115",2.54839072518,2.54839072478,2.54839072478,2.54839072478,2.54839072478,1.15391629562,0,0.2585182984,1.0065215876,1.0065215876,1.08791937592,1.78514016792,3.69525552862,2.67616522432,3.96007627372,3.96007627352,3.96007627357,3.960076273591,3.960076273591,3.96007627354,3.96007627352,3.53774531572,7.00852755122,6.68299577469,7.008527551441,7.008527551441,7.00852755149,7.00852755146,7.00852755156,7.00852755156,7.00852755156,7.00852755156,7.00852755146,7.00852755152,7.00852755153,7.00852755153,7.00852755143,7.00852755173,7.00852755153,7.00852755153,7.00852755153,7.00852755161,7.00852755161,7.00852755163,7.00852755163,7.00852755163,7.00852755163,7.00852755163,7.00852755163,7.00852755163,7.00852755163,6.56386426707,4.00487187082,7.45009242822,6.20149543802,6.34643292002,11.21938710382,11.21938710382,10.94853299723,10.09920989672,9.20948544522,11.219387103335,11.219387103335,10.118612755475,9.656242466835,8.664134727635,9.1830704193,11.2193871033,10.37959472819,8.58430129289,10.058840626585,11.219387103185,11.219387102935,11.219387102935,11.219387102955,11.219387103455,10.907250517405,11.219387103155,10.841391815155,9.22460694013,10.39708465203,11.21938710323,11.21938710323,10.53721424243,10.72854784455,10.87138811785,11.21938710355,11.21938710355,11.21938710305,11.21938710305,11.2193871036,11.2193871036,11.21938710359,10.99905064959,11.21938710359,11.2193871036,11.21938710364,11.21938710364,11.21938710365,9.20192154806,9.64036354484,10.08911027244,11.21938710334,10.1060226967,11.21938710332,11.21938710332,11.19638128932,11.01133106902,11.21938710332,11.2193871034,11.2193871034,10.9736700455,11.21938710392,11.21938710392,11.21938710342,11.21938710339,11.21938710339,11.21938710352,11.21938710352,11.21938710352,11.21938710338,11.21938710338,11.21938710338,11.17972068728,11.21938710338,11.21938710342,11.21938710342,11.21938710329,11.21938710329,11.21938710339,11.21938710329,11.21938710329,11.21938710299,11.21938710309,11.21938710329,11.21938710329,7.00316946472,7.60806706392
"t116",2.54839072518,2.54839072478,2.54839072478,2.54839072478,2.54839072478,1.15391629562,0.2585182984,0,1.0065215876,1.0065215876,1.08791937592,1.78514016792,3.69525552862,2.67616522432,3.96007627372,3.96007627352,3.96007627357,3.960076273591,3.960076273591,3.96007627354,3.96007627352,3.53774531572,7.00852755122,6.68299577469,7.008527551441,7.008527551441,7.00852755149,7.00852755146,7.00852755156,7.00852755156,7.00852755156,7.00852755156,7.00852755146,7.00852755152,7.00852755153,7.00852755153,7.00852755143,7.00852755173,7.00852755153,7.00852755153,7.00852755153,7.00852755161,7.00852755161,7.00852755163,7.00852755163,7.00852755163,7.00852755163,7.00852755163,7.00852755163,7.00852755163,7.00852755163,6.56386426707,4.00487187082,7.45009242822,6.20149543802,6.34643292002,11.21938710382,11.21938710382,10.94853299723,10.09920989672,9.20948544522,11.219387103335,11.219387103335,10.118612755475,9.656242466835,8.664134727635,9.1830704193,11.2193871033,10.37959472819,8.58430129289,10.058840626585,11.219387103185,11.219387102935,11.219387102935,11.219387102955,11.219387103455,10.907250517405,11.219387103155,10.841391815155,9.22460694013,10.39708465203,11.21938710323,11.21938710323,10.53721424243,10.72854784455,10.87138811785,11.21938710355,11.21938710355,11.21938710305,11.21938710305,11.2193871036,11.2193871036,11.21938710359,10.99905064959,11.21938710359,11.2193871036,11.21938710364,11.21938710364,11.21938710365,9.20192154806,9.64036354484,10.08911027244,11.21938710334,10.1060226967,11.21938710332,11.21938710332,11.19638128932,11.01133106902,11.21938710332,11.2193871034,11.2193871034,10.9736700455,11.21938710392,11.21938710392,11.21938710342,11.21938710339,11.21938710339,11.21938710352,11.21938710352,11.21938710352,11.21938710338,11.21938710338,11.21938710338,11.17972068728,11.21938710338,11.21938710342,11.21938710342,11.21938710329,11.21938710329,11.21938710339,11.21938710329,11.21938710329,11.21938710299,11.21938710309,11.21938710329,11.21938710329,7.00316946472,7.60806706392
"t127",2.54839072518,2.54839072478,2.54839072478,2.54839072478,2.54839072478,1.15391629562,1.0065215876,1.0065215876,0,0.2106351066,1.08791937592,1.78514016792,3.69525552862,2.67616522432,3.96007627372,3.96007627352,3.96007627357,3.960076273591,3.960076273591,3.96007627354,3.96007627352,3.53774531572,7.00852755122,6.68299577469,7.008527551441,7.008527551441,7.00852755149,7.00852755146,7.00852755156,7.00852755156,7.00852755156,7.00852755156,7.00852755146,7.00852755152,7.00852755153,7.00852755153,7.00852755143,7.00852755173,7.00852755153,7.00852755153,7.00852755153,7.00852755161,7.00852755161,7.00852755163,7.00852755163,7.00852755163,7.00852755163,7.00852755163,7.00852755163,7.00852755163,7.00852755163,6.56386426707,4.00487187082,7.45009242822,6.20149543802,6.34643292002,11.21938710382,11.21938710382,10.94853299723,10.09920989672,9.20948544522,11.219387103335,11.219387103335,10.118612755475,9.656242466835,8.664134727635,9.1830704193,11.2193871033,10.37959472819,8.58430129289,10.058840626585,11.219387103185,11.219387102935,11.219387102935,11.219387102955,11.219387103455,10.907250517405,11.219387103155,10.841391815155,9.22460694013,10.39708465203,11.21938710323,11.21938710323,10.53721424243,10.72854784455,10.87138811785,11.21938710355,11.21938710355,11.21938710305,11.21938710305,11.2193871036,11.2193871036,11.21938710359,10.99905064959,11.21938710359,11.2193871036,11.21938710364,11.21938710364,11.21938710365,9.20192154806,9.64036354484,10.08911027244,11.21938710334,10.1060226967,11.21938710332,11.21938710332,11.19638128932,11.01133106902,11.21938710332,11.2193871034,11.2193871034,10.9736700455,11.21938710392,11.21938710392,11.21938710342,11.21938710339,11.21938710339,11.21938710352,11.21938710352,11.21938710352,11.21938710338,11.21938710338,11.21938710338,11.17972068728,11.21938710338,11.21938710342,11.21938710342,11.21938710329,11.21938710329,11.21938710339,11.21938710329,11.21938710329,11.21938710299,11.21938710309,11.21938710329,11.21938710329,7.00316946472,7.60806706392
"t128",2.54839072518,2.54839072478,2.54839072478,2.54839072478,2.54839072478,1.15391629562,1.0065215876,1.0065215876,0.2106351066,0,1.08791937592,1.78514016792,3.69525552862,2.67616522432,3.96007627372,3.96007627352,3.96007627357,3.960076273591,3.960076273591,3.96007627354,3.96007627352,3.53774531572,7.00852755122,6.68299577469,7.008527551441,7.008527551441,7.00852755149,7.00852755146,7.00852755156,7.00852755156,7.00852755156,7.00852755156,7.00852755146,7.00852755152,7.00852755153,7.00852755153,7.00852755143,7.00852755173,7.00852755153,7.00852755153,7.00852755153,7.00852755161,7.00852755161,7.00852755163,7.00852755163,7.00852755163,7.00852755163,7.00852755163,7.00852755163,7.00852755163,7.00852755163,6.56386426707,4.00487187082,7.45009242822,6.20149543802,6.34643292002,11.21938710382,11.21938710382,10.94853299723,10.09920989672,9.20948544522,11.219387103335,11.219387103335,10.118612755475,9.656242466835,8.664134727635,9.1830704193,11.2193871033,10.37959472819,8.58430129289,10.058840626585,11.219387103185,11.219387102935,11.219387102935,11.219387102955,11.219387103455,10.907250517405,11.219387103155,10.841391815155,9.22460694013,10.39708465203,11.21938710323,11.21938710323,10.53721424243,10.72854784455,10.87138811785,11.21938710355,11.21938710355,11.21938710305,11.21938710305,11.2193871036,11.2193871036,11.21938710359,10.99905064959,11.21938710359,11.2193871036,11.21938710364,11.21938710364,11.21938710365,9.20192154806,9.64036354484,10.08911027244,11.21938710334,10.1060226967,11.21938710332,11.21938710332,11.19638128932,11.01133106902,11.21938710332,11.2193871034,11.2193871034,10.9736700455,11.21938710392,11.21938710392,11.21938710342,11.21938710339,11.21938710339,11.21938710352,11.21938710352,11.21938710352,11.21938710338,11.21938710338,11.21938710338,11.17972068728,11.21938710338,11.21938710342,11.21938710342,11.21938710329,11.21938710329,11.21938710339,11.21938710329,11.21938710329,11.21938710299,11.21938710309,11.21938710329,11.21938710329,7.00316946472,7.60806706392
"t71",2.54839072526,2.54839072486,2.54839072486,2.54839072486,2.54839072486,1.1539162957,1.08791937592,1.08791937592,1.08791937592,1.08791937592,0,1.785140168,3.6952555287,2.6761652244,3.9600762738,3.9600762736,3.96007627365,3.960076273671,3.960076273671,3.96007627362,3.9600762736,3.5377453158,7.0085275513,6.68299577477,7.008527551521,7.008527551521,7.00852755157,7.00852755154,7.00852755164,7.00852755164,7.00852755164,7.00852755164,7.00852755154,7.0085275516,7.00852755161,7.00852755161,7.00852755151,7.00852755181,7.00852755161,7.00852755161,7.00852755161,7.00852755169,7.00852755169,7.00852755171,7.00852755171,7.00852755171,7.00852755171,7.00852755171,7.00852755171,7.00852755171,7.00852755171,6.56386426715,4.0048718709,7.4500924283,6.2014954381,6.3464329201,11.2193871039,11.2193871039,10.94853299731,10.0992098968,9.2094854453,11.219387103415,11.219387103415,10.118612755555,9.656242466915,8.664134727715,9.18307041938,11.21938710338,10.37959472827,8.58430129297,10.058840626665,11.219387103265,11.219387103015,11.219387103015,11.219387103035,11.219387103535,10.907250517485,11.219387103235,10.841391815235,9.22460694021,10.39708465211,11.21938710331,11.21938710331,10.53721424251,10.72854784463,10.87138811793,11.21938710363,11.21938710363,11.21938710313,11.21938710313,11.21938710368,11.21938710368,11.21938710367,10.99905064967,11.21938710367,11.21938710368,11.21938710372,11.21938710372,11.21938710373,9.20192154814,9.64036354492,10.08911027252,11.21938710342,10.10602269678,11.2193871034,11.2193871034,11.1963812894,11.0113310691,11.2193871034,11.21938710348,11.21938710348,10.97367004558,11.219387104,11.219387104,11.2193871035,11.21938710347,11.21938710347,11.2193871036,11.2193871036,11.2193871036,11.21938710346,11.21938710346,11.21938710346,11.17972068736,11.21938710346,11.2193871035,11.2193871035,11.21938710337,11.21938710337,11.21938710347,11.21938710337,11.21938710337,11.21938710307,11.21938710317,11.21938710337,11.21938710337,7.0031694648,7.608067064
"t52",2.54839072526,2.54839072486,2.54839072486,2.54839072486,2.54839072486,1.1539162957,1.78514016792,1.78514016792,1.78514016792,1.78514016792,1.785140168,0,3.6952555287,2.6761652244,3.9600762738,3.9600762736,3.96007627365,3.960076273671,3.960076273671,3.96007627362,3.9600762736,3.5377453158,7.0085275513,6.68299577477,7.008527551521,7.008527551521,7.00852755157,7.00852755154,7.00852755164,7.00852755164,7.00852755164,7.00852755164,7.00852755154,7.0085275516,7.00852755161,7.00852755161,7.00852755151,7.00852755181,7.00852755161,7.00852755161,7.00852755161,7.00852755169,7.00852755169,7.00852755171,7.00852755171,7.00852755171,7.00852755171,7.00852755171,7.00852755171,7.00852755171,7.00852755171,6.56386426715,4.0048718709,7.4500924283,6.2014954381,6.3464329201,11.2193871039,11.2193871039,10.94853299731,10.0992098968,9.2094854453,11.219387103415,11.219387103415,10.118612755555,9.656242466915,8.664134727715,9.18307041938,11.21938710338,10.37959472827,8.58430129297,10.058840626665,11.219387103265,11.219387103015,11.219387103015,11.219387103035,11.219387103535,10.907250517485,11.219387103235,10.841391815235,9.22460694021,10.39708465211,11.21938710331,11.21938710331,10.53721424251,10.72854784463,10.87138811793,11.21938710363,11.21938710363,11.21938710313,11.21938710313,11.21938710368,11.21938710368,11.21938710367,10.99905064967,11.21938710367,11.21938710368,11.21938710372,11.21938710372,11.21938710373,9.20192154814,9.64036354492,10.08911027252,11.21938710342,10.10602269678,11.2193871034,11.2193871034,11.1963812894,11.0113310691,11.2193871034,11.21938710348,11.21938710348,10.97367004558,11.219387104,11.219387104,11.2193871035,11.21938710347,11.21938710347,11.2193871036,11.2193871036,11.2193871036,11.21938710346,11.21938710346,11.21938710346,11.17972068736,11.21938710346,11.2193871035,11.2193871035,11.21938710337,11.21938710337,11.21938710347,11.21938710337,11.21938710337,11.21938710307,11.21938710317,11.21938710337,11.21938710337,7.0031694648,7.608067064
"t33",3.69525552916,3.69525552876,3.69525552876,3.69525552876,3.69525552876,2.7603715248,3.69525552862,3.69525552862,3.69525552862,3.69525552862,3.6952555287,3.6952555287,0,1.0473365037,2.7449886229,2.9727404457,2.97274044575,2.972740445771,2.972740445771,2.97274044572,2.9727404457,2.5504094879,6.7437068064,6.41817502987,6.743706806621,6.743706806621,6.74370680667,6.74370680664,6.74370680674,6.74370680674,6.74370680674,6.74370680674,6.74370680664,6.7437068067,6.74370680671,6.74370680671,6.74370680661,6.74370680691,6.74370680671,6.74370680671,6.74370680671,6.74370680679,6.74370680679,6.74370680681,6.74370680681,6.74370680681,6.74370680681,6.74370680681,6.74370680681,6.74370680681,6.74370680681,6.29904352225,3.740051126,7.1852716834,5.9366746932,6.0816121752,10.954566359,10.954566359,10.68371225241,9.8343891519,8.9446647004,10.954566358515,10.954566358515,9.853792010655,9.391421722015,8.399313982815,8.91824967448,10.95456635848,10.11477398337,8.31948054807,9.794019881765,10.954566358365,10.954566358115,10.954566358115,10.954566358135,10.954566358635,10.642429772585,10.954566358335,10.576571070335,8.95978619531,10.13226390721,10.95456635841,10.95456635841,10.27239349761,10.46372709973,10.60656737303,10.95456635873,10.95456635873,10.95456635823,10.95456635823,10.95456635878,10.95456635878,10.95456635877,10.73422990477,10.95456635877,10.95456635878,10.95456635882,10.95456635882,10.95456635883,8.93710080324,9.37554280002,9.82428952762,10.95456635852,9.84120195188,10.9545663585,10.9545663585,10.9315605445,10.7465103242,10.9545663585,10.95456635858,10.95456635858,10.70884930068,10.9545663591,10.9545663591,10.9545663586,10.95456635857,10.95456635857,10.9545663587,10.9545663587,10.9545663587,10.95456635856,10.95456635856,10.95456635856,10.91489994246,10.95456635856,10.9545663586,10.9545663586,10.95456635847,10.95456635847,10.95456635857,10.95456635847,10.95456635847,10.95456635817,10.95456635827,10.95456635847,10.95456635847,6.7383487199,7.3432463191
"t34",2.67616522486,2.67616522446,2.67616522446,2.67616522446,2.67616522446,1.7412812205,2.67616522432,2.67616522432,2.67616522432,2.67616522432,2.6761652244,2.6761652244,1.0473365037,0,1.7258983186,1.9536501414,1.95365014145,1.953650141471,1.953650141471,1.95365014142,1.9536501414,1.5313191836,5.7246165021,5.39908472557,5.724616502321,5.724616502321,5.72461650237,5.72461650234,5.72461650244,5.72461650244,5.72461650244,5.72461650244,5.72461650234,5.7246165024,5.72461650241,5.72461650241,5.72461650231,5.72461650261,5.72461650241,5.72461650241,5.72461650241,5.72461650249,5.72461650249,5.72461650251,5.72461650251,5.72461650251,5.72461650251,5.72461650251,5.72461650251,5.72461650251,5.72461650251,5.27995321795,2.7209608217,6.1661813791,4.9175843889,5.0625218709,9.9354760547,9.9354760547,9.66462194811,8.8152988476,7.9255743961,9.935476054215,9.935476054215,8.834701706355,8.372331417715,7.380223678515,7.89915937018,9.93547605418,9.09568367907,7.30039024377,8.774929577465,9.935476054065,9.935476053815,9.935476053815,9.935476053835,9.935476054335,9.623339468285,9.935476054035,9.557480766035,7.94069589101,9.11317360291,9.93547605411,9.93547605411,9.25330319331,9.44463679543,9.58747706873,9.93547605443,9.93547605443,9.93547605393,9.93547605393,9.93547605448,9.93547605448,9.93547605447,9.71513960047,9.93547605447,9.93547605448,9.93547605452,9.93547605452,9.93547605453,7.91801049894,8.35645249572,8.80519922332,9.93547605422,8.82211164758,9.9354760542,9.9354760542,9.9124702402,9.7274200199,9.9354760542,9.93547605428,9.93547605428,9.68975899638,9.9354760548,9.9354760548,9.9354760543,9.93547605427,9.93547605427,9.9354760544,9.9354760544,9.9354760544,9.93547605426,9.93547605426,9.93547605426,9.89580963816,9.93547605426,9.9354760543,9.9354760543,9.93547605417,9.93547605417,9.93547605427,9.93547605417,9.93547605417,9.93547605387,9.93547605397,9.93547605417,9.93547605417,5.7192584156,6.3241560148
"t25",3.96007627426,3.96007627386,3.96007627386,3.96007627386,3.96007627386,3.0251922699,3.96007627372,3.96007627372,3.96007627372,3.96007627372,3.9600762738,3.9600762738,2.7449886229,1.7258983186,0,3.2375611908,3.23756119085,3.237561190871,3.237561190871,3.23756119082,3.2375611908,2.815230233,7.0085275515,6.68299577497,7.008527551721,7.008527551721,7.00852755177,7.00852755174,7.00852755184,7.00852755184,7.00852755184,7.00852755184,7.00852755174,7.0085275518,7.00852755181,7.00852755181,7.00852755171,7.00852755201,7.00852755181,7.00852755181,7.00852755181,7.00852755189,7.00852755189,7.00852755191,7.00852755191,7.00852755191,7.00852755191,7.00852755191,7.00852755191,7.00852755191,7.00852755191,6.56386426735,4.0048718711,7.4500924285,6.2014954383,6.3464329203,11.2193871041,11.2193871041,10.94853299751,10.099209897,9.2094854455,11.219387103615,11.219387103615,10.118612755755,9.656242467115,8.664134727915,9.18307041958,11.21938710358,10.37959472847,8.58430129317,10.058840626865,11.219387103465,11.219387103215,11.219387103215,11.219387103235,11.219387103735,10.907250517685,11.219387103435,10.841391815435,9.22460694041,10.39708465231,11.21938710351,11.21938710351,10.53721424271,10.72854784483,10.87138811813,11.21938710383,11.21938710383,11.21938710333,11.21938710333,11.21938710388,11.21938710388,11.21938710387,10.99905064987,11.21938710387,11.21938710388,11.21938710392,11.21938710392,11.21938710393,9.20192154834,9.64036354512,10.08911027272,11.21938710362,10.10602269698,11.2193871036,11.2193871036,11.1963812896,11.0113310693,11.2193871036,11.21938710368,11.21938710368,10.97367004578,11.2193871042,11.2193871042,11.2193871037,11.21938710367,11.21938710367,11.2193871038,11.2193871038,11.2193871038,11.21938710366,11.21938710366,11.21938710366,11.17972068756,11.21938710366,11.2193871037,11.2193871037,11.21938710357,11.21938710357,11.21938710367,11.21938710357,11.21938710357,11.21938710327,11.21938710337,11.21938710357,11.21938710357,7.003169465,7.6080670642
"t91",3.96007627406,3.96007627366,3.96007627366,3.96007627366,3.96007627366,3.0251922697,3.96007627352,3.96007627352,3.96007627352,3.96007627352,3.9600762736,3.9600762736,2.9727404457,1.9536501414,3.2375611908,0,0.72261023905,0.722610239071,0.722610239071,0.72261023902,1.9411749306,1.5188439728,7.0085275513,6.68299577477,7.008527551521,7.008527551521,7.00852755157,7.00852755154,7.00852755164,7.00852755164,7.00852755164,7.00852755164,7.00852755154,7.0085275516,7.00852755161,7.00852755161,7.00852755151,7.00852755181,7.00852755161,7.00852755161,7.00852755161,7.00852755169,7.00852755169,7.00852755171,7.00852755171,7.00852755171,7.00852755171,7.00852755171,7.00852755171,7.00852755171,7.00852755171,6.56386426715,4.0048718709,7.4500924283,6.2014954381,6.3464329201,11.2193871039,11.2193871039,10.94853299731,10.0992098968,9.2094854453,11.219387103415,11.219387103415,10.118612755555,9.656242466915,8.664134727715,9.18307041938,11.21938710338,10.37959472827,8.58430129297,10.058840626665,11.219387103265,11.219387103015,11.219387103015,11.219387103035,11.219387103535,10.907250517485,11.219387103235,10.841391815235,9.22460694021,10.39708465211,11.21938710331,11.21938710331,10.53721424251,10.72854784463,10.87138811793,11.21938710363,11.21938710363,11.21938710313,11.21938710313,11.21938710368,11.21938710368,11.21938710367,10.99905064967,11.21938710367,11.21938710368,11.21938710372,11.21938710372,11.21938710373,9.20192154814,9.64036354492,10.08911027252,11.21938710342,10.10602269678,11.2193871034,11.2193871034,11.1963812894,11.0113310691,11.2193871034,11.21938710348,11.21938710348,10.97367004558,11.219387104,11.219387104,11.2193871035,11.21938710347,11.21938710347,11.2193871036,11.2193871036,11.2193871036,11.21938710346,11.21938710346,11.21938710346,11.17972068736,11.21938710346,11.2193871035,11.2193871035,11.21938710337,11.21938710337,11.21938710347,11.21938710337,11.21938710337,11.21938710307,11.21938710317,11.21938710337,11.21938710337,7.0031694648,7.608067064
"t98",3.96007627411,3.96007627371,3.96007627371,3.96007627371,3.96007627371,3.02519226975,3.96007627357,3.96007627357,3.96007627357,3.96007627357,3.96007627365,3.96007627365,2.97274044575,1.95365014145,3.23756119085,0.72261023905,0,0.659785668421,0.659785668421,0.65978566837,1.94117493065,1.51884397285,7.00852755135,6.68299577482,7.008527551571,7.008527551571,7.00852755162,7.00852755159,7.00852755169,7.00852755169,7.00852755169,7.00852755169,7.00852755159,7.00852755165,7.00852755166,7.00852755166,7.00852755156,7.00852755186,7.00852755166,7.00852755166,7.00852755166,7.00852755174,7.00852755174,7.00852755176,7.00852755176,7.00852755176,7.00852755176,7.00852755176,7.00852755176,7.00852755176,7.00852755176,6.5638642672,4.00487187095,7.45009242835,6.20149543815,6.34643292015,11.21938710395,11.21938710395,10.94853299736,10.09920989685,9.20948544535,11.219387103465,11.219387103465,10.118612755605,9.656242466965,8.664134727765,9.18307041943,11.21938710343,10.37959472832,8.58430129302,10.058840626715,11.219387103315,11.219387103065,11.219387103065,11.219387103085,11.219387103585,10.907250517535,11.219387103285,10.841391815285,9.22460694026,10.39708465216,11.21938710336,11.21938710336,10.53721424256,10.72854784468,10.87138811798,11.21938710368,11.21938710368,11.21938710318,11.21938710318,11.21938710373,11.21938710373,11.21938710372,10.99905064972,11.21938710372,11.21938710373,11.21938710377,11.21938710377,11.21938710378,9.20192154819,9.64036354497,10.08911027257,11.21938710347,10.10602269683,11.21938710345,11.21938710345,11.19638128945,11.01133106915,11.21938710345,11.21938710353,11.21938710353,10.97367004563,11.21938710405,11.21938710405,11.21938710355,11.21938710352,11.21938710352,11.21938710365,11.21938710365,11.21938710365,11.21938710351,11.21938710351,11.21938710351,11.17972068741,11.21938710351,11.21938710355,11.21938710355,11.21938710342,11.21938710342,11.21938710352,11.21938710342,11.21938710342,11.21938710312,11.21938710322,11.21938710342,11.21938710342,7.00316946485,7.60806706405
"t137",3.960076274131,3.960076273731,3.960076273731,3.960076273731,3.960076273731,3.025192269771,3.960076273591,3.960076273591,3.960076273591,3.960076273591,3.960076273671,3.960076273671,2.972740445771,1.953650141471,3.237561190871,0.722610239071,0.659785668421,0,0.005215674902,0.607301254251,1.941174930671,1.518843972871,7.008527551371,6.682995774841,7.008527551592,7.008527551592,7.008527551641,7.008527551611,7.008527551711,7.008527551711,7.008527551711,7.008527551711,7.008527551611,7.008527551671,7.008527551681,7.008527551681,7.008527551581,7.008527551881,7.008527551681,7.008527551681,7.008527551681,7.008527551761,7.008527551761,7.008527551781,7.008527551781,7.008527551781,7.008527551781,7.008527551781,7.008527551781,7.008527551781,7.008527551781,6.563864267221,4.004871870971,7.450092428371,6.201495438171,6.346432920171,11.219387103971,11.219387103971,10.948532997381,10.099209896871,9.209485445371,11.219387103486,11.219387103486,10.118612755626,9.656242466986,8.664134727786,9.183070419451,11.219387103451,10.379594728341,8.584301293041,10.058840626736,11.219387103336,11.219387103086,11.219387103086,11.219387103106,11.219387103606,10.907250517556,11.219387103306,10.841391815306,9.224606940281,10.397084652181,11.219387103381,11.219387103381,10.537214242581,10.728547844701,10.871388118001,11.219387103701,11.219387103701,11.219387103201,11.219387103201,11.219387103751,11.219387103751,11.219387103741,10.999050649741,11.219387103741,11.219387103751,11.219387103791,11.219387103791,11.219387103801,9.201921548211,9.640363544991,10.089110272591,11.219387103491,10.106022696851,11.219387103471,11.219387103471,11.196381289471,11.011331069171,11.219387103471,11.219387103551,11.219387103551,10.973670045651,11.219387104071,11.219387104071,11.219387103571,11.219387103541,11.219387103541,11.219387103671,11.219387103671,11.219387103671,11.219387103531,11.219387103531,11.219387103531,11.179720687431,11.219387103531,11.219387103571,11.219387103571,11.219387103441,11.219387103441,11.219387103541,11.219387103441,11.219387103441,11.219387103141,11.219387103241,11.219387103441,11.219387103441,7.003169464871,7.608067064071
"t138",3.960076274131,3.960076273731,3.960076273731,3.960076273731,3.960076273731,3.025192269771,3.960076273591,3.960076273591,3.960076273591,3.960076273591,3.960076273671,3.960076273671,2.972740445771,1.953650141471,3.237561190871,0.722610239071,0.659785668421,0.005215674902,0,0.607301254251,1.941174930671,1.518843972871,7.008527551371,6.682995774841,7.008527551592,7.008527551592,7.008527551641,7.008527551611,7.008527551711,7.008527551711,7.008527551711,7.008527551711,7.008527551611,7.008527551671,7.008527551681,7.008527551681,7.008527551581,7.008527551881,7.008527551681,7.008527551681,7.008527551681,7.008527551761,7.008527551761,7.008527551781,7.008527551781,7.008527551781,7.008527551781,7.008527551781,7.008527551781,7.008527551781,7.008527551781,6.563864267221,4.004871870971,7.450092428371,6.201495438171,6.346432920171,11.219387103971,11.219387103971,10.948532997381,10.099209896871,9.209485445371,11.219387103486,11.219387103486,10.118612755626,9.656242466986,8.664134727786,9.183070419451,11.219387103451,10.379594728341,8.584301293041,10.058840626736,11.219387103336,11.219387103086,11.219387103086,11.219387103106,11.219387103606,10.907250517556,11.219387103306,10.841391815306,9.224606940281,10.397084652181,11.219387103381,11.219387103381,10.537214242581,10.728547844701,10.871388118001,11.219387103701,11.219387103701,11.219387103201,11.219387103201,11.219387103751,11.219387103751,11.219387103741,10.999050649741,11.219387103741,11.219387103751,11.219387103791,11.219387103791,11.219387103801,9.201921548211,9.640363544991,10.089110272591,11.219387103491,10.106022696851,11.219387103471,11.219387103471,11.196381289471,11.011331069171,11.219387103471,11.219387103551,11.219387103551,10.973670045651,11.219387104071,11.219387104071,11.219387103571,11.219387103541,11.219387103541,11.219387103671,11.219387103671,11.219387103671,11.219387103531,11.219387103531,11.219387103531,11.179720687431,11.219387103531,11.219387103571,11.219387103571,11.219387103441,11.219387103441,11.219387103541,11.219387103441,11.219387103441,11.219387103141,11.219387103241,11.219387103441,11.219387103441,7.003169464871,7.608067064071
