"","t77","t78","t3","t37","t38","t32","t47","t73","t74","t93","t94","t27","t53","t54","t29","t28","t89","t90","t67","t68","t83","t84","t58","t41","t35","t16","t17","t11","t59","t97","t98","t81","t82","t60","t61","t15","t95","t96","t4","t5","t10","t18","t19","t9","t39","t40","t7","t62","t63","t20","t91","t92","t79","t80","t25","t26","t1","t8","t13","t33","t34","t21","t22","t36","t71","t72","t42","t30","t12","t6","t51","t52","t46","t69","t70","t85","t86","t57","t49","t50","t75","t76","t56","t55","t23","t24","t65","t66","t87","t88","t43","t31","t44","t45","t64","t99","t100","t48","t14","t2"
"t77",0,0.2644025704,4.2849552204,4.2849552207,4.2849552207,4.2849552207,5.2664701156,5.2664701157,5.2664701157,5.26647011608,5.26647011608,5.2664701161,5.26647011618,5.26647011618,5.26647011618,5.26647011618,5.26647011614,5.26647011614,5.26647011613,5.26647011613,5.26647011611,5.26647011611,5.26647011613,5.26647011617,5.26647011618,5.26647011611,5.26647011611,5.26647011618,5.26647011608,5.26647011606,5.26647011606,5.32339374394,5.32339374394,5.32339374384,5.32339374384,5.32339374384,5.32339374395,5.32339374395,5.323393743882,5.323393743882,5.323393743882,5.323393743782,5.323393743782,5.323393744052,5.323393743752,5.323393743752,5.323393743382,5.323393743852,5.323393743852,5.323393743762,5.323393743852,5.323393743852,5.323393743842,5.323393743842,5.3233937436969,5.3233937436969,5.3233937435969,5.323393744252,5.323393743552,5.323393743752,5.323393743752,5.323393743844,5.323393743844,5.323393743784,5.323393743714,5.323393743714,5.323393743814,5.323393743784,5.323393743684,5.323393743884,5.323393743884,5.323393743884,5.323393743944,5.323393743282,5.323393743282,5.323393743342,5.323393743342,5.323393743332,5.323393743582,5.323393743582,5.323393744092,5.323393744092,5.323393744092,5.323393744182,5.323393743782,5.323393743782,5.32339374372,5.32339374372,5.32339374384,5.32339374384,5.32339374392,5.32339374392,5.32339374378,5.32339374378,5.32339374382,5.323393743801,5.323393743801,5.32339374382,5.32339374382,5.32339374421
"t78",0.2644025704,0,4.2849552204,4.2849552207,4.2849552207,4.2849552207,5.2664701156,5.2664701157,5.2664701157,5.26647011608,5.26647011608,5.2664701161,5.26647011618,5.26647011618,5.26647011618,5.26647011618,5.26647011614,5.26647011614,5.26647011613,5.26647011613,5.26647011611,5.26647011611,5.26647011613,5.26647011617,5.26647011618,5.26647011611,5.26647011611,5.26647011618,5.26647011608,5.26647011606,5.26647011606,5.32339374394,5.32339374394,5.32339374384,5.32339374384,5.32339374384,5.32339374395,5.32339374395,5.323393743882,5.323393743882,5.323393743882,5.323393743782,5.323393743782,5.323393744052,5.323393743752,5.323393743752,5.323393743382,5.323393743852,5.323393743852,5.323393743762,5.323393743852,5.323393743852,5.323393743842,5.323393743842,5.3233937436969,5.3233937436969,5.3233937435969,5.323393744252,5.323393743552,5.323393743752,5.323393743752,5.323393743844,5.323393743844,5.323393743784,5.323393743714,5.323393743714,5.323393743814,5.323393743784,5.323393743684,5.323393743884,5.323393743884,5.323393743884,5.323393743944,5.323393743282,5.323393743282,5.323393743342,5.323393743342,5.323393743332,5.323393743582,5.323393743582,5.323393744092,5.323393744092,5.323393744092,5.323393744182,5.323393743782,5.323393743782,5.32339374372,5.32339374372,5.32339374384,5.32339374384,5.32339374392,5.32339374392,5.32339374378,5.32339374378,5.32339374382,5.323393743801,5.323393743801,5.32339374382,5.32339374382,5.32339374421
"t3",4.2849552204,4.2849552204,0,2.8933786063,2.8933786063,2.8933786063,5.2664701156,5.2664701157,5.2664701157,5.26647011608,5.26647011608,5.2664701161,5.26647011618,5.26647011618,5.26647011618,5.26647011618,5.26647011614,5.26647011614,5.26647011613,5.26647011613,5.26647011611,5.26647011611,5.26647011613,5.26647011617,5.26647011618,5.26647011611,5.26647011611,5.26647011618,5.26647011608,5.26647011606,5.26647011606,5.32339374394,5.32339374394,5.32339374384,5.32339374384,5.32339374384,5.32339374395,5.32339374395,5.323393743882,5.323393743882,5.323393743882,5.323393743782,5.323393743782,5.323393744052,5.323393743752,5.323393743752,5.323393743382,5.323393743852,5.323393743852,5.323393743762,5.323393743852,5.323393743852,5.323393743842,5.323393743842,5.3233937436969,5.3233937436969,5.3233937435969,5.323393744252,5.323393743552,5.323393743752,5.323393743752,5.323393743844,5.323393743844,5.323393743784,5.323393743714,5.323393743714,5.323393743814,5.323393743784,5.323393743684,5.323393743884,5.323393743884,5.323393743884,5.323393743944,5.323393743282,5.323393743282,5.323393743342,5.323393743342,5.323393743332,5.323393743582,5.323393743582,5.323393744092,5.323393744092,5.323393744092,5.323393744182,5.323393743782,5.323393743782,5.32339374372,5.32339374372,5.32339374384,5.32339374384,5.32339374392,5.32339374392,5.32339374378,5.32339374378,5.32339374382,5.323393743801,5.323393743801,5.32339374382,5.32339374382,5.32339374421
"t37",4.2849552207,4.2849552207,2.8933786063,0,1.1483603486,1.3599190482,5.2664701159,5.266470116,5.266470116,5.26647011638,5.26647011638,5.2664701164,5.26647011648,5.26647011648,5.26647011648,5.26647011648,5.26647011644,5.26647011644,5.26647011643,5.26647011643,5.26647011641,5.26647011641,5.26647011643,5.26647011647,5.26647011648,5.26647011641,5.26647011641,5.26647011648,5.26647011638,5.26647011636,5.26647011636,5.32339374424,5.32339374424,5.32339374414,5.32339374414,5.32339374414,5.32339374425,5.32339374425,5.323393744182,5.323393744182,5.323393744182,5.323393744082,5.323393744082,5.323393744352,5.323393744052,5.323393744052,5.323393743682,5.323393744152,5.323393744152,5.323393744062,5.323393744152,5.323393744152,5.323393744142,5.323393744142,5.3233937439969,5.3233937439969,5.3233937438969,5.323393744552,5.323393743852,5.323393744052,5.323393744052,5.323393744144,5.323393744144,5.323393744084,5.323393744014,5.323393744014,5.323393744114,5.323393744084,5.323393743984,5.323393744184,5.323393744184,5.323393744184,5.323393744244,5.323393743582,5.323393743582,5.323393743642,5.323393743642,5.323393743632,5.323393743882,5.323393743882,5.323393744392,5.323393744392,5.323393744392,5.323393744482,5.323393744082,5.323393744082,5.32339374402,5.32339374402,5.32339374414,5.32339374414,5.32339374422,5.32339374422,5.32339374408,5.32339374408,5.32339374412,5.323393744101,5.323393744101,5.32339374412,5.32339374412,5.32339374451
"t38",4.2849552207,4.2849552207,2.8933786063,1.1483603486,0,1.3599190482,5.2664701159,5.266470116,5.266470116,5.26647011638,5.26647011638,5.2664701164,5.26647011648,5.26647011648,5.26647011648,5.26647011648,5.26647011644,5.26647011644,5.26647011643,5.26647011643,5.26647011641,5.26647011641,5.26647011643,5.26647011647,5.26647011648,5.26647011641,5.26647011641,5.26647011648,5.26647011638,5.26647011636,5.26647011636,5.32339374424,5.32339374424,5.32339374414,5.32339374414,5.32339374414,5.32339374425,5.32339374425,5.323393744182,5.323393744182,5.323393744182,5.323393744082,5.323393744082,5.323393744352,5.323393744052,5.323393744052,5.323393743682,5.323393744152,5.323393744152,5.323393744062,5.323393744152,5.323393744152,5.323393744142,5.323393744142,5.3233937439969,5.3233937439969,5.3233937438969,5.323393744552,5.323393743852,5.323393744052,5.323393744052,5.323393744144,5.323393744144,5.323393744084,5.323393744014,5.323393744014,5.323393744114,5.323393744084,5.323393743984,5.323393744184,5.323393744184,5.323393744184,5.323393744244,5.323393743582,5.323393743582,5.323393743642,5.323393743642,5.323393743632,5.323393743882,5.323393743882,5.323393744392,5.323393744392,5.323393744392,5.323393744482,5.323393744082,5.323393744082,5.32339374402,5.32339374402,5.32339374414,5.32339374414,5.32339374422,5.32339374422,5.32339374408,5.32339374408,5.32339374412,5.323393744101,5.323393744101,5.32339374412,5.32339374412,5.32339374451
"t32",4.2849552207,4.2849552207,2.8933786063,1.3599190482,1.3599190482,0,5.2664701159,5.266470116,5.266470116,5.26647011638,5.26647011638,5.2664701164,5.26647011648,5.26647011648,5.26647011648,5.26647011648,5.26647011644,5.26647011644,5.26647011643,5.26647011643,5.26647011641,5.26647011641,5.26647011643,5.26647011647,5.26647011648,5.26647011641,5.26647011641,5.26647011648,5.26647011638,5.26647011636,5.26647011636,5.32339374424,5.32339374424,5.32339374414,5.32339374414,5.32339374414,5.32339374425,5.32339374425,5.323393744182,5.323393744182,5.323393744182,5.323393744082,5.323393744082,5.323393744352,5.323393744052,5.323393744052,5.323393743682,5.323393744152,5.323393744152,5.323393744062,5.323393744152,5.323393744152,5.323393744142,5.323393744142,5.3233937439969,5.3233937439969,5.3233937438969,5.323393744552,5.323393743852,5.323393744052,5.323393744052,5.323393744144,5.323393744144,5.323393744084,5.323393744014,5.323393744014,5.323393744114,5.323393744084,5.323393743984,5.323393744184,5.323393744184,5.323393744184,5.323393744244,5.323393743582,5.323393743582,5.323393743642,5.323393743642,5.323393743632,5.323393743882,5.323393743882,5.323393744392,5.323393744392,5.323393744392,5.323393744482,5.323393744082,5.323393744082,5.32339374402,5.32339374402,5.32339374414,5.32339374414,5.32339374422,5.32339374422,5.32339374408,5.32339374408,5.32339374412,5.323393744101,5.323393744101,5.32339374412,5.32339374412,5.32339374451
"t47",5.2664701156,5.2664701156,5.2664701156,5.2664701159,5.2664701159,5.2664701159,0,0.9011225071,0.9011225071,4.25310744148,4.25310744148,4.2531074415,4.25310744158,4.25310744158,4.25310744158,4.25310744158,4.25310744154,4.25310744154,4.25310744153,4.25310744153,4.25310744151,4.25310744151,4.25310744153,4.25310744157,4.25310744158,4.25310744151,4.25310744151,4.25310744158,4.25310744148,4.25310744146,4.25310744146,5.32339374374,5.32339374374,5.32339374364,5.32339374364,5.32339374364,5.32339374375,5.32339374375,5.323393743682,5.323393743682,5.323393743682,5.323393743582,5.323393743582,5.323393743852,5.323393743552,5.323393743552,5.323393743182,5.323393743652,5.323393743652,5.323393743562,5.323393743652,5.323393743652,5.323393743642,5.323393743642,5.3233937434969,5.3233937434969,5.3233937433969,5.323393744052,5.323393743352,5.323393743552,5.323393743552,5.323393743644,5.323393743644,5.323393743584,5.323393743514,5.323393743514,5.323393743614,5.323393743584,5.323393743484,5.323393743684,5.323393743684,5.323393743684,5.323393743744,5.323393743082,5.323393743082,5.323393743142,5.323393743142,5.323393743132,5.323393743382,5.323393743382,5.323393743892,5.323393743892,5.323393743892,5.323393743982,5.323393743582,5.323393743582,5.32339374352,5.32339374352,5.32339374364,5.32339374364,5.32339374372,5.32339374372,5.32339374358,5.32339374358,5.32339374362,5.323393743601,5.323393743601,5.32339374362,5.32339374362,5.32339374401
"t73",5.2664701157,5.2664701157,5.2664701157,5.266470116,5.266470116,5.266470116,0.9011225071,0,0.3153854148,4.25310744158,4.25310744158,4.2531074416,4.25310744168,4.25310744168,4.25310744168,4.25310744168,4.25310744164,4.25310744164,4.25310744163,4.25310744163,4.25310744161,4.25310744161,4.25310744163,4.25310744167,4.25310744168,4.25310744161,4.25310744161,4.25310744168,4.25310744158,4.25310744156,4.25310744156,5.32339374384,5.32339374384,5.32339374374,5.32339374374,5.32339374374,5.32339374385,5.32339374385,5.323393743782,5.323393743782,5.323393743782,5.323393743682,5.323393743682,5.323393743952,5.323393743652,5.323393743652,5.323393743282,5.323393743752,5.323393743752,5.323393743662,5.323393743752,5.323393743752,5.323393743742,5.323393743742,5.3233937435969,5.3233937435969,5.3233937434969,5.323393744152,5.323393743452,5.323393743652,5.323393743652,5.323393743744,5.323393743744,5.323393743684,5.323393743614,5.323393743614,5.323393743714,5.323393743684,5.323393743584,5.323393743784,5.323393743784,5.323393743784,5.323393743844,5.323393743182,5.323393743182,5.323393743242,5.323393743242,5.323393743232,5.323393743482,5.323393743482,5.323393743992,5.323393743992,5.323393743992,5.323393744082,5.323393743682,5.323393743682,5.32339374362,5.32339374362,5.32339374374,5.32339374374,5.32339374382,5.32339374382,5.32339374368,5.32339374368,5.32339374372,5.323393743701,5.323393743701,5.32339374372,5.32339374372,5.32339374411
"t74",5.2664701157,5.2664701157,5.2664701157,5.266470116,5.266470116,5.266470116,0.9011225071,0.3153854148,0,4.25310744158,4.25310744158,4.2531074416,4.25310744168,4.25310744168,4.25310744168,4.25310744168,4.25310744164,4.25310744164,4.25310744163,4.25310744163,4.25310744161,4.25310744161,4.25310744163,4.25310744167,4.25310744168,4.25310744161,4.25310744161,4.25310744168,4.25310744158,4.25310744156,4.25310744156,5.32339374384,5.32339374384,5.32339374374,5.32339374374,5.32339374374,5.32339374385,5.32339374385,5.323393743782,5.323393743782,5.323393743782,5.323393743682,5.323393743682,5.323393743952,5.323393743652,5.323393743652,5.323393743282,5.323393743752,5.323393743752,5.323393743662,5.323393743752,5.323393743752,5.323393743742,5.323393743742,5.3233937435969,5.3233937435969,5.3233937434969,5.323393744152,5.323393743452,5.323393743652,5.323393743652,5.323393743744,5.323393743744,5.323393743684,5.323393743614,5.323393743614,5.323393743714,5.323393743684,5.323393743584,5.323393743784,5.323393743784,5.323393743784,5.323393743844,5.323393743182,5.323393743182,5.323393743242,5.323393743242,5.323393743232,5.323393743482,5.323393743482,5.323393743992,5.323393743992,5.323393743992,5.323393744082,5.323393743682,5.323393743682,5.32339374362,5.32339374362,5.32339374374,5.32339374374,5.32339374382,5.32339374382,5.32339374368,5.32339374368,5.32339374372,5.323393743701,5.323393743701,5.32339374372,5.32339374372,5.32339374411
"t93",5.26647011608,5.26647011608,5.26647011608,5.26647011638,5.26647011638,5.26647011638,4.25310744148,4.25310744158,4.25310744158,0,0.05138081696,1.63360297618,3.45399819986,3.45399819986,3.45399819986,3.45399819986,3.45399819982,3.45399819982,3.45399819981,3.45399819981,3.45399819979,3.45399819979,3.45399819981,3.45399819985,3.45399819986,3.45399819979,3.45399819979,3.45399819986,3.45399819976,3.45399819974,3.45399819974,5.32339374422,5.32339374422,5.32339374412,5.32339374412,5.32339374412,5.32339374423,5.32339374423,5.323393744162,5.323393744162,5.323393744162,5.323393744062,5.323393744062,5.323393744332,5.323393744032,5.323393744032,5.323393743662,5.323393744132,5.323393744132,5.323393744042,5.323393744132,5.323393744132,5.323393744122,5.323393744122,5.3233937439769,5.3233937439769,5.3233937438769,5.323393744532,5.323393743832,5.323393744032,5.323393744032,5.323393744124,5.323393744124,5.323393744064,5.323393743994,5.323393743994,5.323393744094,5.323393744064,5.323393743964,5.323393744164,5.323393744164,5.323393744164,5.323393744224,5.323393743562,5.323393743562,5.323393743622,5.323393743622,5.323393743612,5.323393743862,5.323393743862,5.323393744372,5.323393744372,5.323393744372,5.323393744462,5.323393744062,5.323393744062,5.323393744,5.323393744,5.32339374412,5.32339374412,5.3233937442,5.3233937442,5.32339374406,5.32339374406,5.3233937441,5.323393744081,5.323393744081,5.3233937441,5.3233937441,5.32339374449
"t94",5.26647011608,5.26647011608,5.26647011608,5.26647011638,5.26647011638,5.26647011638,4.25310744148,4.25310744158,4.25310744158,0.05138081696,0,1.63360297618,3.45399819986,3.45399819986,3.45399819986,3.45399819986,3.45399819982,3.45399819982,3.45399819981,3.45399819981,3.45399819979,3.45399819979,3.45399819981,3.45399819985,3.45399819986,3.45399819979,3.45399819979,3.45399819986,3.45399819976,3.45399819974,3.45399819974,5.32339374422,5.32339374422,5.32339374412,5.32339374412,5.32339374412,5.32339374423,5.32339374423,5.323393744162,5.323393744162,5.323393744162,5.323393744062,5.323393744062,5.323393744332,5.323393744032,5.323393744032,5.323393743662,5.323393744132,5.323393744132,5.323393744042,5.323393744132,5.323393744132,5.323393744122,5.323393744122,5.3233937439769,5.3233937439769,5.3233937438769,5.323393744532,5.323393743832,5.323393744032,5.323393744032,5.323393744124,5.323393744124,5.323393744064,5.323393743994,5.323393743994,5.323393744094,5.323393744064,5.323393743964,5.323393744164,5.323393744164,5.323393744164,5.323393744224,5.323393743562,5.323393743562,5.323393743622,5.323393743622,5.323393743612,5.323393743862,5.323393743862,5.323393744372,5.323393744372,5.323393744372,5.323393744462,5.323393744062,5.323393744062,5.323393744,5.323393744,5.32339374412,5.32339374412,5.3233937442,5.3233937442,5.32339374406,5.32339374406,5.3233937441,5.323393744081,5.323393744081,5.3233937441,5.3233937441,5.32339374449
"t27",5.2664701161,5.2664701161,5.2664701161,5.2664701164,5.2664701164,5.2664701164,4.2531074415,4.2531074416,4.2531074416,1.63360297618,1.63360297618,0,3.45399819988,3.45399819988,3.45399819988,3.45399819988,3.45399819984,3.45399819984,3.45399819983,3.45399819983,3.45399819981,3.45399819981,3.45399819983,3.45399819987,3.45399819988,3.45399819981,3.45399819981,3.45399819988,3.45399819978,3.45399819976,3.45399819976,5.32339374424,5.32339374424,5.32339374414,5.32339374414,5.32339374414,5.32339374425,5.32339374425,5.323393744182,5.323393744182,5.323393744182,5.323393744082,5.323393744082,5.323393744352,5.323393744052,5.323393744052,5.323393743682,5.323393744152,5.323393744152,5.323393744062,5.323393744152,5.323393744152,5.323393744142,5.323393744142,5.3233937439969,5.3233937439969,5.3233937438969,5.323393744552,5.323393743852,5.323393744052,5.323393744052,5.323393744144,5.323393744144,5.323393744084,5.323393744014,5.323393744014,5.323393744114,5.323393744084,5.323393743984,5.323393744184,5.323393744184,5.323393744184,5.323393744244,5.323393743582,5.323393743582,5.323393743642,5.323393743642,5.323393743632,5.323393743882,5.323393743882,5.323393744392,5.323393744392,5.323393744392,5.323393744482,5.323393744082,5.323393744082,5.32339374402,5.32339374402,5.32339374414,5.32339374414,5.32339374422,5.32339374422,5.32339374408,5.32339374408,5.32339374412,5.323393744101,5.323393744101,5.32339374412,5.32339374412,5.32339374451
"t53",5.26647011618,5.26647011618,5.26647011618,5.26647011648,5.26647011648,5.26647011648,4.25310744158,4.25310744168,4.25310744168,3.45399819986,3.45399819986,3.45399819988,0,0.7370251592,1.4721922174,2.6083685416,2.60836854156,2.60836854156,2.88114064935,2.88114064935,2.88114064933,2.88114064933,2.88114064935,2.88114064939,2.8811406494,2.88114064933,2.88114064933,3.355257429,3.3552574289,3.35525742888,3.35525742888,5.32339374432,5.32339374432,5.32339374422,5.32339374422,5.32339374422,5.32339374433,5.32339374433,5.323393744262,5.323393744262,5.323393744262,5.323393744162,5.323393744162,5.323393744432,5.323393744132,5.323393744132,5.323393743762,5.323393744232,5.323393744232,5.323393744142,5.323393744232,5.323393744232,5.323393744222,5.323393744222,5.3233937440769,5.3233937440769,5.3233937439769,5.323393744632,5.323393743932,5.323393744132,5.323393744132,5.323393744224,5.323393744224,5.323393744164,5.323393744094,5.323393744094,5.323393744194,5.323393744164,5.323393744064,5.323393744264,5.323393744264,5.323393744264,5.323393744324,5.323393743662,5.323393743662,5.323393743722,5.323393743722,5.323393743712,5.323393743962,5.323393743962,5.323393744472,5.323393744472,5.323393744472,5.323393744562,5.323393744162,5.323393744162,5.3233937441,5.3233937441,5.32339374422,5.32339374422,5.3233937443,5.3233937443,5.32339374416,5.32339374416,5.3233937442,5.323393744181,5.323393744181,5.3233937442,5.3233937442,5.32339374459
"t54",5.26647011618,5.26647011618,5.26647011618,5.26647011648,5.26647011648,5.26647011648,4.25310744158,4.25310744168,4.25310744168,3.45399819986,3.45399819986,3.45399819988,0.7370251592,0,1.4721922174,2.6083685416,2.60836854156,2.60836854156,2.88114064935,2.88114064935,2.88114064933,2.88114064933,2.88114064935,2.88114064939,2.8811406494,2.88114064933,2.88114064933,3.355257429,3.3552574289,3.35525742888,3.35525742888,5.32339374432,5.32339374432,5.32339374422,5.32339374422,5.32339374422,5.32339374433,5.32339374433,5.323393744262,5.323393744262,5.323393744262,5.323393744162,5.323393744162,5.323393744432,5.323393744132,5.323393744132,5.323393743762,5.323393744232,5.323393744232,5.323393744142,5.323393744232,5.323393744232,5.323393744222,5.323393744222,5.3233937440769,5.3233937440769,5.3233937439769,5.323393744632,5.323393743932,5.323393744132,5.323393744132,5.323393744224,5.323393744224,5.323393744164,5.323393744094,5.323393744094,5.323393744194,5.323393744164,5.323393744064,5.323393744264,5.323393744264,5.323393744264,5.323393744324,5.323393743662,5.323393743662,5.323393743722,5.323393743722,5.323393743712,5.323393743962,5.323393743962,5.323393744472,5.323393744472,5.323393744472,5.323393744562,5.323393744162,5.323393744162,5.3233937441,5.3233937441,5.32339374422,5.32339374422,5.3233937443,5.3233937443,5.32339374416,5.32339374416,5.3233937442,5.323393744181,5.323393744181,5.3233937442,5.3233937442,5.32339374459
"t29",5.26647011618,5.26647011618,5.26647011618,5.26647011648,5.26647011648,5.26647011648,4.25310744158,4.25310744168,4.25310744168,3.45399819986,3.45399819986,3.45399819988,1.4721922174,1.4721922174,0,2.6083685416,2.60836854156,2.60836854156,2.88114064935,2.88114064935,2.88114064933,2.88114064933,2.88114064935,2.88114064939,2.8811406494,2.88114064933,2.88114064933,3.355257429,3.3552574289,3.35525742888,3.35525742888,5.32339374432,5.32339374432,5.32339374422,5.32339374422,5.32339374422,5.32339374433,5.32339374433,5.323393744262,5.323393744262,5.323393744262,5.323393744162,5.323393744162,5.323393744432,5.323393744132,5.323393744132,5.323393743762,5.323393744232,5.323393744232,5.323393744142,5.323393744232,5.323393744232,5.323393744222,5.323393744222,5.3233937440769,5.3233937440769,5.3233937439769,5.323393744632,5.323393743932,5.323393744132,5.323393744132,5.323393744224,5.323393744224,5.323393744164,5.323393744094,5.323393744094,5.323393744194,5.323393744164,5.323393744064,5.323393744264,5.323393744264,5.323393744264,5.323393744324,5.323393743662,5.323393743662,5.323393743722,5.323393743722,5.323393743712,5.323393743962,5.323393743962,5.323393744472,5.323393744472,5.323393744472,5.323393744562,5.323393744162,5.323393744162,5.3233937441,5.3233937441,5.32339374422,5.32339374422,5.3233937443,5.3233937443,5.32339374416,5.32339374416,5.3233937442,5.323393744181,5.323393744181,5.3233937442,5.3233937442,5.32339374459
"t28",5.26647011618,5.26647011618,5.26647011618,5.26647011648,5.26647011648,5.26647011648,4.25310744158,4.25310744168,4.25310744168,3.45399819986,3.45399819986,3.45399819988,2.6083685416,2.6083685416,2.6083685416,0,1.57151713616,1.57151713616,2.88114064935,2.88114064935,2.88114064933,2.88114064933,2.88114064935,2.88114064939,2.8811406494,2.88114064933,2.88114064933,3.355257429,3.3552574289,3.35525742888,3.35525742888,5.32339374432,5.32339374432,5.32339374422,5.32339374422,5.32339374422,5.32339374433,5.32339374433,5.323393744262,5.323393744262,5.323393744262,5.323393744162,5.323393744162,5.323393744432,5.323393744132,5.323393744132,5.323393743762,5.323393744232,5.323393744232,5.323393744142,5.323393744232,5.323393744232,5.323393744222,5.323393744222,5.3233937440769,5.3233937440769,5.3233937439769,5.323393744632,5.323393743932,5.323393744132,5.323393744132,5.323393744224,5.323393744224,5.323393744164,5.323393744094,5.323393744094,5.323393744194,5.323393744164,5.323393744064,5.323393744264,5.323393744264,5.323393744264,5.323393744324,5.323393743662,5.323393743662,5.323393743722,5.323393743722,5.323393743712,5.323393743962,5.323393743962,5.323393744472,5.323393744472,5.323393744472,5.323393744562,5.323393744162,5.323393744162,5.3233937441,5.3233937441,5.32339374422,5.32339374422,5.3233937443,5.3233937443,5.32339374416,5.32339374416,5.3233937442,5.323393744181,5.323393744181,5.3233937442,5.3233937442,5.32339374459
"t89",5.26647011614,5.26647011614,5.26647011614,5.26647011644,5.26647011644,5.26647011644,4.25310744154,4.25310744164,4.25310744164,3.45399819982,3.45399819982,3.45399819984,2.60836854156,2.60836854156,2.60836854156,1.57151713616,0,0.12997641212,2.88114064931,2.88114064931,2.88114064929,2.88114064929,2.88114064931,2.88114064935,2.88114064936,2.88114064929,2.88114064929,3.35525742896,3.35525742886,3.35525742884,3.35525742884,5.32339374428,5.32339374428,5.32339374418,5.32339374418,5.32339374418,5.32339374429,5.32339374429,5.323393744222,5.323393744222,5.323393744222,5.323393744122,5.323393744122,5.323393744392,5.323393744092,5.323393744092,5.323393743722,5.323393744192,5.323393744192,5.323393744102,5.323393744192,5.323393744192,5.323393744182,5.323393744182,5.3233937440369,5.3233937440369,5.3233937439369,5.323393744592,5.323393743892,5.323393744092,5.323393744092,5.323393744184,5.323393744184,5.323393744124,5.323393744054,5.323393744054,5.323393744154,5.323393744124,5.323393744024,5.323393744224,5.323393744224,5.323393744224,5.323393744284,5.323393743622,5.323393743622,5.323393743682,5.323393743682,5.323393743672,5.323393743922,5.323393743922,5.323393744432,5.323393744432,5.323393744432,5.323393744522,5.323393744122,5.323393744122,5.32339374406,5.32339374406,5.32339374418,5.32339374418,5.32339374426,5.32339374426,5.32339374412,5.32339374412,5.32339374416,5.323393744141,5.323393744141,5.32339374416,5.32339374416,5.32339374455
"t90",5.26647011614,5.26647011614,5.26647011614,5.26647011644,5.26647011644,5.26647011644,4.25310744154,4.25310744164,4.25310744164,3.45399819982,3.45399819982,3.45399819984,2.60836854156,2.60836854156,2.60836854156,1.57151713616,0.12997641212,0,2.88114064931,2.88114064931,2.88114064929,2.88114064929,2.88114064931,2.88114064935,2.88114064936,2.88114064929,2.88114064929,3.35525742896,3.35525742886,3.35525742884,3.35525742884,5.32339374428,5.32339374428,5.32339374418,5.32339374418,5.32339374418,5.32339374429,5.32339374429,5.323393744222,5.323393744222,5.323393744222,5.323393744122,5.323393744122,5.323393744392,5.323393744092,5.323393744092,5.323393743722,5.323393744192,5.323393744192,5.323393744102,5.323393744192,5.323393744192,5.323393744182,5.323393744182,5.3233937440369,5.3233937440369,5.3233937439369,5.323393744592,5.323393743892,5.323393744092,5.323393744092,5.323393744184,5.323393744184,5.323393744124,5.323393744054,5.323393744054,5.323393744154,5.323393744124,5.323393744024,5.323393744224,5.323393744224,5.323393744224,5.323393744284,5.323393743622,5.323393743622,5.323393743682,5.323393743682,5.323393743672,5.323393743922,5.323393743922,5.323393744432,5.323393744432,5.323393744432,5.323393744522,5.323393744122,5.323393744122,5.32339374406,5.32339374406,5.32339374418,5.32339374418,5.32339374426,5.32339374426,5.32339374412,5.32339374412,5.32339374416,5.323393744141,5.323393744141,5.32339374416,5.32339374416,5.32339374455
"t67",5.26647011613,5.26647011613,5.26647011613,5.26647011643,5.26647011643,5.26647011643,4.25310744153,4.25310744163,4.25310744163,3.45399819981,3.45399819981,3.45399819983,2.88114064935,2.88114064935,2.88114064935,2.88114064935,2.88114064931,2.88114064931,0,0.3579790114,0.98904435798,0.98904435798,0.989044358,1.12672173556,1.17676710555,1.99638715248,1.99638715248,3.35525742895,3.35525742885,3.35525742883,3.35525742883,5.32339374427,5.32339374427,5.32339374417,5.32339374417,5.32339374417,5.32339374428,5.32339374428,5.323393744212,5.323393744212,5.323393744212,5.323393744112,5.323393744112,5.323393744382,5.323393744082,5.323393744082,5.323393743712,5.323393744182,5.323393744182,5.323393744092,5.323393744182,5.323393744182,5.323393744172,5.323393744172,5.3233937440269,5.3233937440269,5.3233937439269,5.323393744582,5.323393743882,5.323393744082,5.323393744082,5.323393744174,5.323393744174,5.323393744114,5.323393744044,5.323393744044,5.323393744144,5.323393744114,5.323393744014,5.323393744214,5.323393744214,5.323393744214,5.323393744274,5.323393743612,5.323393743612,5.323393743672,5.323393743672,5.323393743662,5.323393743912,5.323393743912,5.323393744422,5.323393744422,5.323393744422,5.323393744512,5.323393744112,5.323393744112,5.32339374405,5.32339374405,5.32339374417,5.32339374417,5.32339374425,5.32339374425,5.32339374411,5.32339374411,5.32339374415,5.323393744131,5.323393744131,5.32339374415,5.32339374415,5.32339374454
"t68",5.26647011613,5.26647011613,5.26647011613,5.26647011643,5.26647011643,5.26647011643,4.25310744153,4.25310744163,4.25310744163,3.45399819981,3.45399819981,3.45399819983,2.88114064935,2.88114064935,2.88114064935,2.88114064935,2.88114064931,2.88114064931,0.3579790114,0,0.98904435798,0.98904435798,0.989044358,1.12672173556,1.17676710555,1.99638715248,1.99638715248,3.35525742895,3.35525742885,3.35525742883,3.35525742883,5.32339374427,5.32339374427,5.32339374417,5.32339374417,5.32339374417,5.32339374428,5.32339374428,5.323393744212,5.323393744212,5.323393744212,5.323393744112,5.323393744112,5.323393744382,5.323393744082,5.323393744082,5.323393743712,5.323393744182,5.323393744182,5.323393744092,5.323393744182,5.323393744182,5.323393744172,5.323393744172,5.3233937440269,5.3233937440269,5.3233937439269,5.323393744582,5.323393743882,5.323393744082,5.323393744082,5.323393744174,5.323393744174,5.323393744114,5.323393744044,5.323393744044,5.323393744144,5.323393744114,5.323393744014,5.323393744214,5.323393744214,5.323393744214,5.323393744274,5.323393743612,5.323393743612,5.323393743672,5.323393743672,5.323393743662,5.323393743912,5.323393743912,5.323393744422,5.323393744422,5.323393744422,5.323393744512,5.323393744112,5.323393744112,5.32339374405,5.32339374405,5.32339374417,5.32339374417,5.32339374425,5.32339374425,5.32339374411,5.32339374411,5.32339374415,5.323393744131,5.323393744131,5.32339374415,5.32339374415,5.32339374454
"t83",5.26647011611,5.26647011611,5.26647011611,5.26647011641,5.26647011641,5.26647011641,4.25310744151,4.25310744161,4.25310744161,3.45399819979,3.45399819979,3.45399819981,2.88114064933,2.88114064933,2.88114064933,2.88114064933,2.88114064929,2.88114064929,0.98904435798,0.98904435798,0,0.17766522436,0.59548532518,1.12672173554,1.17676710553,1.99638715246,1.99638715246,3.35525742893,3.35525742883,3.35525742881,3.35525742881,5.32339374425,5.32339374425,5.32339374415,5.32339374415,5.32339374415,5.32339374426,5.32339374426,5.323393744192,5.323393744192,5.323393744192,5.323393744092,5.323393744092,5.323393744362,5.323393744062,5.323393744062,5.323393743692,5.323393744162,5.323393744162,5.323393744072,5.323393744162,5.323393744162,5.323393744152,5.323393744152,5.3233937440069,5.3233937440069,5.3233937439069,5.323393744562,5.323393743862,5.323393744062,5.323393744062,5.323393744154,5.323393744154,5.323393744094,5.323393744024,5.323393744024,5.323393744124,5.323393744094,5.323393743994,5.323393744194,5.323393744194,5.323393744194,5.323393744254,5.323393743592,5.323393743592,5.323393743652,5.323393743652,5.323393743642,5.323393743892,5.323393743892,5.323393744402,5.323393744402,5.323393744402,5.323393744492,5.323393744092,5.323393744092,5.32339374403,5.32339374403,5.32339374415,5.32339374415,5.32339374423,5.32339374423,5.32339374409,5.32339374409,5.32339374413,5.323393744111,5.323393744111,5.32339374413,5.32339374413,5.32339374452
"t84",5.26647011611,5.26647011611,5.26647011611,5.26647011641,5.26647011641,5.26647011641,4.25310744151,4.25310744161,4.25310744161,3.45399819979,3.45399819979,3.45399819981,2.88114064933,2.88114064933,2.88114064933,2.88114064933,2.88114064929,2.88114064929,0.98904435798,0.98904435798,0.17766522436,0,0.59548532518,1.12672173554,1.17676710553,1.99638715246,1.99638715246,3.35525742893,3.35525742883,3.35525742881,3.35525742881,5.32339374425,5.32339374425,5.32339374415,5.32339374415,5.32339374415,5.32339374426,5.32339374426,5.323393744192,5.323393744192,5.323393744192,5.323393744092,5.323393744092,5.323393744362,5.323393744062,5.323393744062,5.323393743692,5.323393744162,5.323393744162,5.323393744072,5.323393744162,5.323393744162,5.323393744152,5.323393744152,5.3233937440069,5.3233937440069,5.3233937439069,5.323393744562,5.323393743862,5.323393744062,5.323393744062,5.323393744154,5.323393744154,5.323393744094,5.323393744024,5.323393744024,5.323393744124,5.323393744094,5.323393743994,5.323393744194,5.323393744194,5.323393744194,5.323393744254,5.323393743592,5.323393743592,5.323393743652,5.323393743652,5.323393743642,5.323393743892,5.323393743892,5.323393744402,5.323393744402,5.323393744402,5.323393744492,5.323393744092,5.323393744092,5.32339374403,5.32339374403,5.32339374415,5.32339374415,5.32339374423,5.32339374423,5.32339374409,5.32339374409,5.32339374413,5.323393744111,5.323393744111,5.32339374413,5.32339374413,5.32339374452
"t58",5.26647011613,5.26647011613,5.26647011613,5.26647011643,5.26647011643,5.26647011643,4.25310744153,4.25310744163,4.25310744163,3.45399819981,3.45399819981,3.45399819983,2.88114064935,2.88114064935,2.88114064935,2.88114064935,2.88114064931,2.88114064931,0.989044358,0.989044358,0.59548532518,0.59548532518,0,1.12672173556,1.17676710555,1.99638715248,1.99638715248,3.35525742895,3.35525742885,3.35525742883,3.35525742883,5.32339374427,5.32339374427,5.32339374417,5.32339374417,5.32339374417,5.32339374428,5.32339374428,5.323393744212,5.323393744212,5.323393744212,5.323393744112,5.323393744112,5.323393744382,5.323393744082,5.323393744082,5.323393743712,5.323393744182,5.323393744182,5.323393744092,5.323393744182,5.323393744182,5.323393744172,5.323393744172,5.3233937440269,5.3233937440269,5.3233937439269,5.323393744582,5.323393743882,5.323393744082,5.323393744082,5.323393744174,5.323393744174,5.323393744114,5.323393744044,5.323393744044,5.323393744144,5.323393744114,5.323393744014,5.323393744214,5.323393744214,5.323393744214,5.323393744274,5.323393743612,5.323393743612,5.323393743672,5.323393743672,5.323393743662,5.323393743912,5.323393743912,5.323393744422,5.323393744422,5.323393744422,5.323393744512,5.323393744112,5.323393744112,5.32339374405,5.32339374405,5.32339374417,5.32339374417,5.32339374425,5.32339374425,5.32339374411,5.32339374411,5.32339374415,5.323393744131,5.323393744131,5.32339374415,5.32339374415,5.32339374454
"t41",5.26647011617,5.26647011617,5.26647011617,5.26647011647,5.26647011647,5.26647011647,4.25310744157,4.25310744167,4.25310744167,3.45399819985,3.45399819985,3.45399819987,2.88114064939,2.88114064939,2.88114064939,2.88114064939,2.88114064935,2.88114064935,1.12672173556,1.12672173556,1.12672173554,1.12672173554,1.12672173556,0,1.17676710559,1.99638715252,1.99638715252,3.35525742899,3.35525742889,3.35525742887,3.35525742887,5.32339374431,5.32339374431,5.32339374421,5.32339374421,5.32339374421,5.32339374432,5.32339374432,5.323393744252,5.323393744252,5.323393744252,5.323393744152,5.323393744152,5.323393744422,5.323393744122,5.323393744122,5.323393743752,5.323393744222,5.323393744222,5.323393744132,5.323393744222,5.323393744222,5.323393744212,5.323393744212,5.3233937440669,5.3233937440669,5.3233937439669,5.323393744622,5.323393743922,5.323393744122,5.323393744122,5.323393744214,5.323393744214,5.323393744154,5.323393744084,5.323393744084,5.323393744184,5.323393744154,5.323393744054,5.323393744254,5.323393744254,5.323393744254,5.323393744314,5.323393743652,5.323393743652,5.323393743712,5.323393743712,5.323393743702,5.323393743952,5.323393743952,5.323393744462,5.323393744462,5.323393744462,5.323393744552,5.323393744152,5.323393744152,5.32339374409,5.32339374409,5.32339374421,5.32339374421,5.32339374429,5.32339374429,5.32339374415,5.32339374415,5.32339374419,5.323393744171,5.323393744171,5.32339374419,5.32339374419,5.32339374458
"t35",5.26647011618,5.26647011618,5.26647011618,5.26647011648,5.26647011648,5.26647011648,4.25310744158,4.25310744168,4.25310744168,3.45399819986,3.45399819986,3.45399819988,2.8811406494,2.8811406494,2.8811406494,2.8811406494,2.88114064936,2.88114064936,1.17676710555,1.17676710555,1.17676710553,1.17676710553,1.17676710555,1.17676710559,0,1.99638715253,1.99638715253,3.355257429,3.3552574289,3.35525742888,3.35525742888,5.32339374432,5.32339374432,5.32339374422,5.32339374422,5.32339374422,5.32339374433,5.32339374433,5.323393744262,5.323393744262,5.323393744262,5.323393744162,5.323393744162,5.323393744432,5.323393744132,5.323393744132,5.323393743762,5.323393744232,5.323393744232,5.323393744142,5.323393744232,5.323393744232,5.323393744222,5.323393744222,5.3233937440769,5.3233937440769,5.3233937439769,5.323393744632,5.323393743932,5.323393744132,5.323393744132,5.323393744224,5.323393744224,5.323393744164,5.323393744094,5.323393744094,5.323393744194,5.323393744164,5.323393744064,5.323393744264,5.323393744264,5.323393744264,5.323393744324,5.323393743662,5.323393743662,5.323393743722,5.323393743722,5.323393743712,5.323393743962,5.323393743962,5.323393744472,5.323393744472,5.323393744472,5.323393744562,5.323393744162,5.323393744162,5.3233937441,5.3233937441,5.32339374422,5.32339374422,5.3233937443,5.3233937443,5.32339374416,5.32339374416,5.3233937442,5.323393744181,5.323393744181,5.3233937442,5.3233937442,5.32339374459
"t16",5.26647011611,5.26647011611,5.26647011611,5.26647011641,5.26647011641,5.26647011641,4.25310744151,4.25310744161,4.25310744161,3.45399819979,3.45399819979,3.45399819981,2.88114064933,2.88114064933,2.88114064933,2.88114064933,2.88114064929,2.88114064929,1.99638715248,1.99638715248,1.99638715246,1.99638715246,1.99638715248,1.99638715252,1.99638715253,0,1.8671669584,3.35525742893,3.35525742883,3.35525742881,3.35525742881,5.32339374425,5.32339374425,5.32339374415,5.32339374415,5.32339374415,5.32339374426,5.32339374426,5.323393744192,5.323393744192,5.323393744192,5.323393744092,5.323393744092,5.323393744362,5.323393744062,5.323393744062,5.323393743692,5.323393744162,5.323393744162,5.323393744072,5.323393744162,5.323393744162,5.323393744152,5.323393744152,5.3233937440069,5.3233937440069,5.3233937439069,5.323393744562,5.323393743862,5.323393744062,5.323393744062,5.323393744154,5.323393744154,5.323393744094,5.323393744024,5.323393744024,5.323393744124,5.323393744094,5.323393743994,5.323393744194,5.323393744194,5.323393744194,5.323393744254,5.323393743592,5.323393743592,5.323393743652,5.323393743652,5.323393743642,5.323393743892,5.323393743892,5.323393744402,5.323393744402,5.323393744402,5.323393744492,5.323393744092,5.323393744092,5.32339374403,5.32339374403,5.32339374415,5.32339374415,5.32339374423,5.32339374423,5.32339374409,5.32339374409,5.32339374413,5.323393744111,5.323393744111,5.32339374413,5.32339374413,5.32339374452
"t17",5.26647011611,5.26647011611,5.26647011611,5.26647011641,5.26647011641,5.26647011641,4.25310744151,4.25310744161,4.25310744161,3.45399819979,3.45399819979,3.45399819981,2.88114064933,2.88114064933,2.88114064933,2.88114064933,2.88114064929,2.88114064929,1.99638715248,1.99638715248,1.99638715246,1.99638715246,1.99638715248,1.99638715252,1.99638715253,1.8671669584,0,3.35525742893,3.35525742883,3.35525742881,3.35525742881,5.32339374425,5.32339374425,5.32339374415,5.32339374415,5.32339374415,5.32339374426,5.32339374426,5.323393744192,5.323393744192,5.323393744192,5.323393744092,5.323393744092,5.323393744362,5.323393744062,5.323393744062,5.323393743692,5.323393744162,5.323393744162,5.323393744072,5.323393744162,5.323393744162,5.323393744152,5.323393744152,5.3233937440069,5.3233937440069,5.3233937439069,5.323393744562,5.323393743862,5.323393744062,5.323393744062,5.323393744154,5.323393744154,5.323393744094,5.323393744024,5.323393744024,5.323393744124,5.323393744094,5.323393743994,5.323393744194,5.323393744194,5.323393744194,5.323393744254,5.323393743592,5.323393743592,5.323393743652,5.323393743652,5.323393743642,5.323393743892,5.323393743892,5.323393744402,5.323393744402,5.323393744402,5.323393744492,5.323393744092,5.323393744092,5.32339374403,5.32339374403,5.32339374415,5.32339374415,5.32339374423,5.32339374423,5.32339374409,5.32339374409,5.32339374413,5.323393744111,5.323393744111,5.32339374413,5.32339374413,5.32339374452
