"","t28","t29","t4","t34","t60","t61","t9","t10","t68","t76","t77","t85","t86","t64","t80","t81","t31","t32","t19","t62","t63","t51","t52","t35","t36","t37","t30","t15","t16","t57","t58","t91","t92","t67","t83","t84","t82","t53","t54","t2","t3","t97","t98","t59","t72","t73","t27","t89","t90","t20","t21","t13","t11","t12","t5","t22","t23","t6","t24","t25","t14","t7","t8","t66","t69","t79","t87","t88","t18","t41","t95","t96","t26","t39","t40","t78","t99","t100","t45","t46","t55","t56","t70","t71","t42","t43","t44","t33","t17","t47","t48","t65","t93","t94","t38","t1","t74","t75","t49","t50"
"t28",0,1.210334439,3.8235970152,3.8235970148,3.8235970148,3.8235970148,5.2422914116,5.2422914116,5.2422914116,5.24229141161,5.24229141161,5.2422914116,5.2422914116,5.806982897,5.80698289704,5.80698289704,5.8069828966,5.8069828966,5.8069828967,5.8069828969,5.8069828969,5.8069828967,5.8069828967,5.8069828966,5.88257894153,5.88257894153,5.88257894163,5.88257894165,5.88257894165,5.88257894193,5.88257894193,5.88257894185,5.88257894185,5.88257894193,5.8825789418554,5.8825789418554,5.88257894186,5.88257894183,5.88257894183,5.88257894198,5.88257894198,5.882578942359,5.882578942359,5.88257894237,5.88257894237,5.88257894237,5.88257894243,5.897693117073,5.897693117073,5.897693117423,5.897693117423,5.897693117423,5.897693117423,5.897693117423,5.897693117663,5.8976931173726,5.8976931173726,5.8976931172726,5.897693117863,5.897693117863,5.897693117763,5.897693117463,5.897693117463,6.579753516863,6.579753516863,6.579753516833,6.579753516823,6.579753516823,6.579753516863,6.579753516463,6.57975351647,6.57975351647,6.579753516863,6.579753516873,6.579753516873,6.579753516903,6.579753516903,6.579753516903,6.579753516963,6.579753516963,6.579753517003,6.579753517003,6.579753517003,6.579753517003,6.579753516903,6.5797535169216,6.5797535169216,6.579753516903,6.579753517003,6.579753516923,6.579753516923,6.579753516923,6.579753516989,6.579753516989,6.579753517023,6.579753516703,6.579753517103,6.579753517103,6.579753517103,6.579753517103
"t29",1.210334439,0,3.8235970152,3.8235970148,3.8235970148,3.8235970148,5.2422914116,5.2422914116,5.2422914116,5.24229141161,5.24229141161,5.2422914116,5.2422914116,5.806982897,5.80698289704,5.80698289704,5.8069828966,5.8069828966,5.8069828967,5.8069828969,5.8069828969,5.8069828967,5.8069828967,5.8069828966,5.88257894153,5.88257894153,5.88257894163,5.88257894165,5.88257894165,5.88257894193,5.88257894193,5.88257894185,5.88257894185,5.88257894193,5.8825789418554,5.8825789418554,5.88257894186,5.88257894183,5.88257894183,5.88257894198,5.88257894198,5.882578942359,5.882578942359,5.88257894237,5.88257894237,5.88257894237,5.88257894243,5.897693117073,5.897693117073,5.897693117423,5.897693117423,5.897693117423,5.897693117423,5.897693117423,5.897693117663,5.8976931173726,5.8976931173726,5.8976931172726,5.897693117863,5.897693117863,5.897693117763,5.897693117463,5.897693117463,6.579753516863,6.579753516863,6.579753516833,6.579753516823,6.579753516823,6.579753516863,6.579753516463,6.57975351647,6.57975351647,6.579753516863,6.579753516873,6.579753516873,6.579753516903,6.579753516903,6.579753516903,6.579753516963,6.579753516963,6.579753517003,6.579753517003,6.579753517003,6.579753517003,6.579753516903,6.5797535169216,6.5797535169216,6.579753516903,6.579753517003,6.579753516923,6.579753516923,6.579753516923,6.579753516989,6.579753516989,6.579753517023,6.579753516703,6.579753517103,6.579753517103,6.579753517103,6.579753517103
"t4",3.8235970152,3.8235970152,0,2.2976964456,2.2976964456,2.2976964456,5.2422914118,5.2422914118,5.2422914118,5.24229141181,5.24229141181,5.2422914118,5.2422914118,5.8069828972,5.80698289724,5.80698289724,5.8069828968,5.8069828968,5.8069828969,5.8069828971,5.8069828971,5.8069828969,5.8069828969,5.8069828968,5.88257894173,5.88257894173,5.88257894183,5.88257894185,5.88257894185,5.88257894213,5.88257894213,5.88257894205,5.88257894205,5.88257894213,5.8825789420554,5.8825789420554,5.88257894206,5.88257894203,5.88257894203,5.88257894218,5.88257894218,5.882578942559,5.882578942559,5.88257894257,5.88257894257,5.88257894257,5.88257894263,5.897693117273,5.897693117273,5.897693117623,5.897693117623,5.897693117623,5.897693117623,5.897693117623,5.897693117863,5.8976931175726,5.8976931175726,5.8976931174726,5.897693118063,5.897693118063,5.897693117963,5.897693117663,5.897693117663,6.579753517063,6.579753517063,6.579753517033,6.579753517023,6.579753517023,6.579753517063,6.579753516663,6.57975351667,6.57975351667,6.579753517063,6.579753517073,6.579753517073,6.579753517103,6.579753517103,6.579753517103,6.579753517163,6.579753517163,6.579753517203,6.579753517203,6.579753517203,6.579753517203,6.579753517103,6.5797535171216,6.5797535171216,6.579753517103,6.579753517203,6.579753517123,6.579753517123,6.579753517123,6.579753517189,6.579753517189,6.579753517223,6.579753516903,6.579753517303,6.579753517303,6.579753517303,6.579753517303
"t34",3.8235970148,3.8235970148,2.2976964456,0,0.9297810868,0.9297810868,5.2422914114,5.2422914114,5.2422914114,5.24229141141,5.24229141141,5.2422914114,5.2422914114,5.8069828968,5.80698289684,5.80698289684,5.8069828964,5.8069828964,5.8069828965,5.8069828967,5.8069828967,5.8069828965,5.8069828965,5.8069828964,5.88257894133,5.88257894133,5.88257894143,5.88257894145,5.88257894145,5.88257894173,5.88257894173,5.88257894165,5.88257894165,5.88257894173,5.8825789416554,5.8825789416554,5.88257894166,5.88257894163,5.88257894163,5.88257894178,5.88257894178,5.882578942159,5.882578942159,5.88257894217,5.88257894217,5.88257894217,5.88257894223,5.897693116873,5.897693116873,5.897693117223,5.897693117223,5.897693117223,5.897693117223,5.897693117223,5.897693117463,5.8976931171726,5.8976931171726,5.8976931170726,5.897693117663,5.897693117663,5.897693117563,5.897693117263,5.897693117263,6.579753516663,6.579753516663,6.579753516633,6.579753516623,6.579753516623,6.579753516663,6.579753516263,6.57975351627,6.57975351627,6.579753516663,6.579753516673,6.579753516673,6.579753516703,6.579753516703,6.579753516703,6.579753516763,6.579753516763,6.579753516803,6.579753516803,6.579753516803,6.579753516803,6.579753516703,6.5797535167216,6.5797535167216,6.579753516703,6.579753516803,6.579753516723,6.579753516723,6.579753516723,6.579753516789,6.579753516789,6.579753516823,6.579753516503,6.579753516903,6.579753516903,6.579753516903,6.579753516903
"t60",3.8235970148,3.8235970148,2.2976964456,0.9297810868,0,0.4036620356,5.2422914114,5.2422914114,5.2422914114,5.24229141141,5.24229141141,5.2422914114,5.2422914114,5.8069828968,5.80698289684,5.80698289684,5.8069828964,5.8069828964,5.8069828965,5.8069828967,5.8069828967,5.8069828965,5.8069828965,5.8069828964,5.88257894133,5.88257894133,5.88257894143,5.88257894145,5.88257894145,5.88257894173,5.88257894173,5.88257894165,5.88257894165,5.88257894173,5.8825789416554,5.8825789416554,5.88257894166,5.88257894163,5.88257894163,5.88257894178,5.88257894178,5.882578942159,5.882578942159,5.88257894217,5.88257894217,5.88257894217,5.88257894223,5.897693116873,5.897693116873,5.897693117223,5.897693117223,5.897693117223,5.897693117223,5.897693117223,5.897693117463,5.8976931171726,5.8976931171726,5.8976931170726,5.897693117663,5.897693117663,5.897693117563,5.897693117263,5.897693117263,6.579753516663,6.579753516663,6.579753516633,6.579753516623,6.579753516623,6.579753516663,6.579753516263,6.57975351627,6.57975351627,6.579753516663,6.579753516673,6.579753516673,6.579753516703,6.579753516703,6.579753516703,6.579753516763,6.579753516763,6.579753516803,6.579753516803,6.579753516803,6.579753516803,6.579753516703,6.5797535167216,6.5797535167216,6.579753516703,6.579753516803,6.579753516723,6.579753516723,6.579753516723,6.579753516789,6.579753516789,6.579753516823,6.579753516503,6.579753516903,6.579753516903,6.579753516903,6.579753516903
"t61",3.8235970148,3.8235970148,2.2976964456,0.9297810868,0.4036620356,0,5.2422914114,5.2422914114,5.2422914114,5.24229141141,5.24229141141,5.2422914114,5.2422914114,5.8069828968,5.80698289684,5.80698289684,5.8069828964,5.8069828964,5.8069828965,5.8069828967,5.8069828967,5.8069828965,5.8069828965,5.8069828964,5.88257894133,5.88257894133,5.88257894143,5.88257894145,5.88257894145,5.88257894173,5.88257894173,5.88257894165,5.88257894165,5.88257894173,5.8825789416554,5.8825789416554,5.88257894166,5.88257894163,5.88257894163,5.88257894178,5.88257894178,5.882578942159,5.882578942159,5.88257894217,5.88257894217,5.88257894217,5.88257894223,5.897693116873,5.897693116873,5.897693117223,5.897693117223,5.897693117223,5.897693117223,5.897693117223,5.897693117463,5.8976931171726,5.8976931171726,5.8976931170726,5.897693117663,5.897693117663,5.897693117563,5.897693117263,5.897693117263,6.579753516663,6.579753516663,6.579753516633,6.579753516623,6.579753516623,6.579753516663,6.579753516263,6.57975351627,6.57975351627,6.579753516663,6.579753516673,6.579753516673,6.579753516703,6.579753516703,6.579753516703,6.579753516763,6.579753516763,6.579753516803,6.579753516803,6.579753516803,6.579753516803,6.579753516703,6.5797535167216,6.5797535167216,6.579753516703,6.579753516803,6.579753516723,6.579753516723,6.579753516723,6.579753516789,6.579753516789,6.579753516823,6.579753516503,6.579753516903,6.579753516903,6.579753516903,6.579753516903
"t9",5.2422914116,5.2422914116,5.2422914118,5.2422914114,5.2422914114,5.2422914114,0,1.8248118808,4.9231311348,4.92313113481,4.92313113481,4.9231311348,4.9231311348,5.8069828968,5.80698289684,5.80698289684,5.8069828964,5.8069828964,5.8069828965,5.8069828967,5.8069828967,5.8069828965,5.8069828965,5.8069828964,5.88257894133,5.88257894133,5.88257894143,5.88257894145,5.88257894145,5.88257894173,5.88257894173,5.88257894165,5.88257894165,5.88257894173,5.8825789416554,5.8825789416554,5.88257894166,5.88257894163,5.88257894163,5.88257894178,5.88257894178,5.882578942159,5.882578942159,5.88257894217,5.88257894217,5.88257894217,5.88257894223,5.897693116873,5.897693116873,5.897693117223,5.897693117223,5.897693117223,5.897693117223,5.897693117223,5.897693117463,5.8976931171726,5.8976931171726,5.8976931170726,5.897693117663,5.897693117663,5.897693117563,5.897693117263,5.897693117263,6.579753516663,6.579753516663,6.579753516633,6.579753516623,6.579753516623,6.579753516663,6.579753516263,6.57975351627,6.57975351627,6.579753516663,6.579753516673,6.579753516673,6.579753516703,6.579753516703,6.579753516703,6.579753516763,6.579753516763,6.579753516803,6.579753516803,6.579753516803,6.579753516803,6.579753516703,6.5797535167216,6.5797535167216,6.579753516703,6.579753516803,6.579753516723,6.579753516723,6.579753516723,6.579753516789,6.579753516789,6.579753516823,6.579753516503,6.579753516903,6.579753516903,6.579753516903,6.579753516903
"t10",5.2422914116,5.2422914116,5.2422914118,5.2422914114,5.2422914114,5.2422914114,1.8248118808,0,4.9231311348,4.92313113481,4.92313113481,4.9231311348,4.9231311348,5.8069828968,5.80698289684,5.80698289684,5.8069828964,5.8069828964,5.8069828965,5.8069828967,5.8069828967,5.8069828965,5.8069828965,5.8069828964,5.88257894133,5.88257894133,5.88257894143,5.88257894145,5.88257894145,5.88257894173,5.88257894173,5.88257894165,5.88257894165,5.88257894173,5.8825789416554,5.8825789416554,5.88257894166,5.88257894163,5.88257894163,5.88257894178,5.88257894178,5.882578942159,5.882578942159,5.88257894217,5.88257894217,5.88257894217,5.88257894223,5.897693116873,5.897693116873,5.897693117223,5.897693117223,5.897693117223,5.897693117223,5.897693117223,5.897693117463,5.8976931171726,5.8976931171726,5.8976931170726,5.897693117663,5.897693117663,5.897693117563,5.897693117263,5.897693117263,6.579753516663,6.579753516663,6.579753516633,6.579753516623,6.579753516623,6.579753516663,6.579753516263,6.57975351627,6.57975351627,6.579753516663,6.579753516673,6.579753516673,6.579753516703,6.579753516703,6.579753516703,6.579753516763,6.579753516763,6.579753516803,6.579753516803,6.579753516803,6.579753516803,6.579753516703,6.5797535167216,6.5797535167216,6.579753516703,6.579753516803,6.579753516723,6.579753516723,6.579753516723,6.579753516789,6.579753516789,6.579753516823,6.579753516503,6.579753516903,6.579753516903,6.579753516903,6.579753516903
"t68",5.2422914116,5.2422914116,5.2422914118,5.2422914114,5.2422914114,5.2422914114,4.9231311348,4.9231311348,0,0.30500888081,0.30500888081,0.6401633888,0.6401633888,5.8069828968,5.80698289684,5.80698289684,5.8069828964,5.8069828964,5.8069828965,5.8069828967,5.8069828967,5.8069828965,5.8069828965,5.8069828964,5.88257894133,5.88257894133,5.88257894143,5.88257894145,5.88257894145,5.88257894173,5.88257894173,5.88257894165,5.88257894165,5.88257894173,5.8825789416554,5.8825789416554,5.88257894166,5.88257894163,5.88257894163,5.88257894178,5.88257894178,5.882578942159,5.882578942159,5.88257894217,5.88257894217,5.88257894217,5.88257894223,5.897693116873,5.897693116873,5.897693117223,5.897693117223,5.897693117223,5.897693117223,5.897693117223,5.897693117463,5.8976931171726,5.8976931171726,5.8976931170726,5.897693117663,5.897693117663,5.897693117563,5.897693117263,5.897693117263,6.579753516663,6.579753516663,6.579753516633,6.579753516623,6.579753516623,6.579753516663,6.579753516263,6.57975351627,6.57975351627,6.579753516663,6.579753516673,6.579753516673,6.579753516703,6.579753516703,6.579753516703,6.579753516763,6.579753516763,6.579753516803,6.579753516803,6.579753516803,6.579753516803,6.579753516703,6.5797535167216,6.5797535167216,6.579753516703,6.579753516803,6.579753516723,6.579753516723,6.579753516723,6.579753516789,6.579753516789,6.579753516823,6.579753516503,6.579753516903,6.579753516903,6.579753516903,6.579753516903
"t76",5.24229141161,5.24229141161,5.24229141181,5.24229141141,5.24229141141,5.24229141141,4.92313113481,4.92313113481,0.30500888081,0,0.19802929776,0.64016338881,0.64016338881,5.80698289681,5.80698289685,5.80698289685,5.80698289641,5.80698289641,5.80698289651,5.80698289671,5.80698289671,5.80698289651,5.80698289651,5.80698289641,5.88257894134,5.88257894134,5.88257894144,5.88257894146,5.88257894146,5.88257894174,5.88257894174,5.88257894166,5.88257894166,5.88257894174,5.8825789416654,5.8825789416654,5.88257894167,5.88257894164,5.88257894164,5.88257894179,5.88257894179,5.882578942169,5.882578942169,5.88257894218,5.88257894218,5.88257894218,5.88257894224,5.897693116883,5.897693116883,5.897693117233,5.897693117233,5.897693117233,5.897693117233,5.897693117233,5.897693117473,5.8976931171826,5.8976931171826,5.8976931170826,5.897693117673,5.897693117673,5.897693117573,5.897693117273,5.897693117273,6.579753516673,6.579753516673,6.579753516643,6.579753516633,6.579753516633,6.579753516673,6.579753516273,6.57975351628,6.57975351628,6.579753516673,6.579753516683,6.579753516683,6.579753516713,6.579753516713,6.579753516713,6.579753516773,6.579753516773,6.579753516813,6.579753516813,6.579753516813,6.579753516813,6.579753516713,6.5797535167316,6.5797535167316,6.579753516713,6.579753516813,6.579753516733,6.579753516733,6.579753516733,6.579753516799,6.579753516799,6.579753516833,6.579753516513,6.579753516913,6.579753516913,6.579753516913,6.579753516913
"t77",5.24229141161,5.24229141161,5.24229141181,5.24229141141,5.24229141141,5.24229141141,4.92313113481,4.92313113481,0.30500888081,0.19802929776,0,0.64016338881,0.64016338881,5.80698289681,5.80698289685,5.80698289685,5.80698289641,5.80698289641,5.80698289651,5.80698289671,5.80698289671,5.80698289651,5.80698289651,5.80698289641,5.88257894134,5.88257894134,5.88257894144,5.88257894146,5.88257894146,5.88257894174,5.88257894174,5.88257894166,5.88257894166,5.88257894174,5.8825789416654,5.8825789416654,5.88257894167,5.88257894164,5.88257894164,5.88257894179,5.88257894179,5.882578942169,5.882578942169,5.88257894218,5.88257894218,5.88257894218,5.88257894224,5.897693116883,5.897693116883,5.897693117233,5.897693117233,5.897693117233,5.897693117233,5.897693117233,5.897693117473,5.8976931171826,5.8976931171826,5.8976931170826,5.897693117673,5.897693117673,5.897693117573,5.897693117273,5.897693117273,6.579753516673,6.579753516673,6.579753516643,6.579753516633,6.579753516633,6.579753516673,6.579753516273,6.57975351628,6.57975351628,6.579753516673,6.579753516683,6.579753516683,6.579753516713,6.579753516713,6.579753516713,6.579753516773,6.579753516773,6.579753516813,6.579753516813,6.579753516813,6.579753516813,6.579753516713,6.5797535167316,6.5797535167316,6.579753516713,6.579753516813,6.579753516733,6.579753516733,6.579753516733,6.579753516799,6.579753516799,6.579753516833,6.579753516513,6.579753516913,6.579753516913,6.579753516913,6.579753516913
"t85",5.2422914116,5.2422914116,5.2422914118,5.2422914114,5.2422914114,5.2422914114,4.9231311348,4.9231311348,0.6401633888,0.64016338881,0.64016338881,0,0.1492312858,5.8069828968,5.80698289684,5.80698289684,5.8069828964,5.8069828964,5.8069828965,5.8069828967,5.8069828967,5.8069828965,5.8069828965,5.8069828964,5.88257894133,5.88257894133,5.88257894143,5.88257894145,5.88257894145,5.88257894173,5.88257894173,5.88257894165,5.88257894165,5.88257894173,5.8825789416554,5.8825789416554,5.88257894166,5.88257894163,5.88257894163,5.88257894178,5.88257894178,5.882578942159,5.882578942159,5.88257894217,5.88257894217,5.88257894217,5.88257894223,5.897693116873,5.897693116873,5.897693117223,5.897693117223,5.897693117223,5.897693117223,5.897693117223,5.897693117463,5.8976931171726,5.8976931171726,5.8976931170726,5.897693117663,5.897693117663,5.897693117563,5.897693117263,5.897693117263,6.579753516663,6.579753516663,6.579753516633,6.579753516623,6.579753516623,6.579753516663,6.579753516263,6.57975351627,6.57975351627,6.579753516663,6.579753516673,6.579753516673,6.579753516703,6.579753516703,6.579753516703,6.579753516763,6.579753516763,6.579753516803,6.579753516803,6.579753516803,6.579753516803,6.579753516703,6.5797535167216,6.5797535167216,6.579753516703,6.579753516803,6.579753516723,6.579753516723,6.579753516723,6.579753516789,6.579753516789,6.579753516823,6.579753516503,6.579753516903,6.579753516903,6.579753516903,6.579753516903
"t86",5.2422914116,5.2422914116,5.2422914118,5.2422914114,5.2422914114,5.2422914114,4.9231311348,4.9231311348,0.6401633888,0.64016338881,0.64016338881,0.1492312858,0,5.8069828968,5.80698289684,5.80698289684,5.8069828964,5.8069828964,5.8069828965,5.8069828967,5.8069828967,5.8069828965,5.8069828965,5.8069828964,5.88257894133,5.88257894133,5.88257894143,5.88257894145,5.88257894145,5.88257894173,5.88257894173,5.88257894165,5.88257894165,5.88257894173,5.8825789416554,5.8825789416554,5.88257894166,5.88257894163,5.88257894163,5.88257894178,5.88257894178,5.882578942159,5.882578942159,5.88257894217,5.88257894217,5.88257894217,5.88257894223,5.897693116873,5.897693116873,5.897693117223,5.897693117223,5.897693117223,5.897693117223,5.897693117223,5.897693117463,5.8976931171726,5.8976931171726,5.8976931170726,5.897693117663,5.897693117663,5.897693117563,5.897693117263,5.897693117263,6.579753516663,6.579753516663,6.579753516633,6.579753516623,6.579753516623,6.579753516663,6.579753516263,6.57975351627,6.57975351627,6.579753516663,6.579753516673,6.579753516673,6.579753516703,6.579753516703,6.579753516703,6.579753516763,6.579753516763,6.579753516803,6.579753516803,6.579753516803,6.579753516803,6.579753516703,6.5797535167216,6.5797535167216,6.579753516703,6.579753516803,6.579753516723,6.579753516723,6.579753516723,6.579753516789,6.579753516789,6.579753516823,6.579753516503,6.579753516903,6.579753516903,6.579753516903,6.579753516903
"t64",5.806982897,5.806982897,5.8069828972,5.8069828968,5.8069828968,5.8069828968,5.8069828968,5.8069828968,5.8069828968,5.80698289681,5.80698289681,5.8069828968,5.8069828968,0,0.35365579344,0.35365579344,3.491811593,3.491811593,3.4918115931,3.4918115933,3.4918115933,3.4918115931,3.4918115931,3.491811593,5.88257894193,5.88257894193,5.88257894203,5.88257894205,5.88257894205,5.88257894233,5.88257894233,5.88257894225,5.88257894225,5.88257894233,5.8825789422554,5.8825789422554,5.88257894226,5.88257894223,5.88257894223,5.88257894238,5.88257894238,5.882578942759,5.882578942759,5.88257894277,5.88257894277,5.88257894277,5.88257894283,5.897693117473,5.897693117473,5.897693117823,5.897693117823,5.897693117823,5.897693117823,5.897693117823,5.897693118063,5.8976931177726,5.8976931177726,5.8976931176726,5.897693118263,5.897693118263,5.897693118163,5.897693117863,5.897693117863,6.579753517263,6.579753517263,6.579753517233,6.579753517223,6.579753517223,6.579753517263,6.579753516863,6.57975351687,6.57975351687,6.579753517263,6.579753517273,6.579753517273,6.579753517303,6.579753517303,6.579753517303,6.579753517363,6.579753517363,6.579753517403,6.579753517403,6.579753517403,6.579753517403,6.579753517303,6.5797535173216,6.5797535173216,6.579753517303,6.579753517403,6.579753517323,6.579753517323,6.579753517323,6.579753517389,6.579753517389,6.579753517423,6.579753517103,6.579753517503,6.579753517503,6.579753517503,6.579753517503
"t80",5.80698289704,5.80698289704,5.80698289724,5.80698289684,5.80698289684,5.80698289684,5.80698289684,5.80698289684,5.80698289684,5.80698289685,5.80698289685,5.80698289684,5.80698289684,0.35365579344,0,0.18733819022,3.49181159304,3.49181159304,3.49181159314,3.49181159334,3.49181159334,3.49181159314,3.49181159314,3.49181159304,5.88257894197,5.88257894197,5.88257894207,5.88257894209,5.88257894209,5.88257894237,5.88257894237,5.88257894229,5.88257894229,5.88257894237,5.8825789422954,5.8825789422954,5.8825789423,5.88257894227,5.88257894227,5.88257894242,5.88257894242,5.882578942799,5.882578942799,5.88257894281,5.88257894281,5.88257894281,5.88257894287,5.897693117513,5.897693117513,5.897693117863,5.897693117863,5.897693117863,5.897693117863,5.897693117863,5.897693118103,5.8976931178126,5.8976931178126,5.8976931177126,5.897693118303,5.897693118303,5.897693118203,5.897693117903,5.897693117903,6.579753517303,6.579753517303,6.579753517273,6.579753517263,6.579753517263,6.579753517303,6.579753516903,6.57975351691,6.57975351691,6.579753517303,6.579753517313,6.579753517313,6.579753517343,6.579753517343,6.579753517343,6.579753517403,6.579753517403,6.579753517443,6.579753517443,6.579753517443,6.579753517443,6.579753517343,6.5797535173616,6.5797535173616,6.579753517343,6.579753517443,6.579753517363,6.579753517363,6.579753517363,6.579753517429,6.579753517429,6.579753517463,6.579753517143,6.579753517543,6.579753517543,6.579753517543,6.579753517543
"t81",5.80698289704,5.80698289704,5.80698289724,5.80698289684,5.80698289684,5.80698289684,5.80698289684,5.80698289684,5.80698289684,5.80698289685,5.80698289685,5.80698289684,5.80698289684,0.35365579344,0.18733819022,0,3.49181159304,3.49181159304,3.49181159314,3.49181159334,3.49181159334,3.49181159314,3.49181159314,3.49181159304,5.88257894197,5.88257894197,5.88257894207,5.88257894209,5.88257894209,5.88257894237,5.88257894237,5.88257894229,5.88257894229,5.88257894237,5.8825789422954,5.8825789422954,5.8825789423,5.88257894227,5.88257894227,5.88257894242,5.88257894242,5.882578942799,5.882578942799,5.88257894281,5.88257894281,5.88257894281,5.88257894287,5.897693117513,5.897693117513,5.897693117863,5.897693117863,5.897693117863,5.897693117863,5.897693117863,5.897693118103,5.8976931178126,5.8976931178126,5.8976931177126,5.897693118303,5.897693118303,5.897693118203,5.897693117903,5.897693117903,6.579753517303,6.579753517303,6.579753517273,6.579753517263,6.579753517263,6.579753517303,6.579753516903,6.57975351691,6.57975351691,6.579753517303,6.579753517313,6.579753517313,6.579753517343,6.579753517343,6.579753517343,6.579753517403,6.579753517403,6.579753517443,6.579753517443,6.579753517443,6.579753517443,6.579753517343,6.5797535173616,6.5797535173616,6.579753517343,6.579753517443,6.579753517363,6.579753517363,6.579753517363,6.579753517429,6.579753517429,6.579753517463,6.579753517143,6.579753517543,6.579753517543,6.579753517543,6.579753517543
"t31",5.8069828966,5.8069828966,5.8069828968,5.8069828964,5.8069828964,5.8069828964,5.8069828964,5.8069828964,5.8069828964,5.80698289641,5.80698289641,5.8069828964,5.8069828964,3.491811593,3.49181159304,3.49181159304,0,0.9985436484,1.4444166413,2.4390953055,2.4390953055,2.6854363863,2.6854363863,2.6854363862,5.88257894153,5.88257894153,5.88257894163,5.88257894165,5.88257894165,5.88257894193,5.88257894193,5.88257894185,5.88257894185,5.88257894193,5.8825789418554,5.8825789418554,5.88257894186,5.88257894183,5.88257894183,5.88257894198,5.88257894198,5.882578942359,5.882578942359,5.88257894237,5.88257894237,5.88257894237,5.88257894243,5.897693117073,5.897693117073,5.897693117423,5.897693117423,5.897693117423,5.897693117423,5.897693117423,5.897693117663,5.8976931173726,5.8976931173726,5.8976931172726,5.897693117863,5.897693117863,5.897693117763,5.897693117463,5.897693117463,6.579753516863,6.579753516863,6.579753516833,6.579753516823,6.579753516823,6.579753516863,6.579753516463,6.57975351647,6.57975351647,6.579753516863,6.579753516873,6.579753516873,6.579753516903,6.579753516903,6.579753516903,6.579753516963,6.579753516963,6.579753517003,6.579753517003,6.579753517003,6.579753517003,6.579753516903,6.5797535169216,6.5797535169216,6.579753516903,6.579753517003,6.579753516923,6.579753516923,6.579753516923,6.579753516989,6.579753516989,6.579753517023,6.579753516703,6.579753517103,6.579753517103,6.579753517103,6.579753517103
"t32",5.8069828966,5.8069828966,5.8069828968,5.8069828964,5.8069828964,5.8069828964,5.8069828964,5.8069828964,5.8069828964,5.80698289641,5.80698289641,5.8069828964,5.8069828964,3.491811593,3.49181159304,3.49181159304,0.9985436484,0,1.4444166413,2.4390953055,2.4390953055,2.6854363863,2.6854363863,2.6854363862,5.88257894153,5.88257894153,5.88257894163,5.88257894165,5.88257894165,5.88257894193,5.88257894193,5.88257894185,5.88257894185,5.88257894193,5.8825789418554,5.8825789418554,5.88257894186,5.88257894183,5.88257894183,5.88257894198,5.88257894198,5.882578942359,5.882578942359,5.88257894237,5.88257894237,5.88257894237,5.88257894243,5.897693117073,5.897693117073,5.897693117423,5.897693117423,5.897693117423,5.897693117423,5.897693117423,5.897693117663,5.8976931173726,5.8976931173726,5.8976931172726,5.897693117863,5.897693117863,5.897693117763,5.897693117463,5.897693117463,6.579753516863,6.579753516863,6.579753516833,6.579753516823,6.579753516823,6.579753516863,6.579753516463,6.57975351647,6.57975351647,6.579753516863,6.579753516873,6.579753516873,6.579753516903,6.579753516903,6.579753516903,6.579753516963,6.579753516963,6.579753517003,6.579753517003,6.579753517003,6.579753517003,6.579753516903,6.5797535169216,6.5797535169216,6.579753516903,6.579753517003,6.579753516923,6.579753516923,6.579753516923,6.579753516989,6.579753516989,6.579753517023,6.579753516703,6.579753517103,6.579753517103,6.579753517103,6.579753517103
"t19",5.8069828967,5.8069828967,5.8069828969,5.8069828965,5.8069828965,5.8069828965,5.8069828965,5.8069828965,5.8069828965,5.80698289651,5.80698289651,5.8069828965,5.8069828965,3.4918115931,3.49181159314,3.49181159314,1.4444166413,1.4444166413,0,2.4390953056,2.4390953056,2.6854363864,2.6854363864,2.6854363863,5.88257894163,5.88257894163,5.88257894173,5.88257894175,5.88257894175,5.88257894203,5.88257894203,5.88257894195,5.88257894195,5.88257894203,5.8825789419554,5.8825789419554,5.88257894196,5.88257894193,5.88257894193,5.88257894208,5.88257894208,5.882578942459,5.882578942459,5.88257894247,5.88257894247,5.88257894247,5.88257894253,5.897693117173,5.897693117173,5.897693117523,5.897693117523,5.897693117523,5.897693117523,5.897693117523,5.897693117763,5.8976931174726,5.8976931174726,5.8976931173726,5.897693117963,5.897693117963,5.897693117863,5.897693117563,5.897693117563,6.579753516963,6.579753516963,6.579753516933,6.579753516923,6.579753516923,6.579753516963,6.579753516563,6.57975351657,6.57975351657,6.579753516963,6.579753516973,6.579753516973,6.579753517003,6.579753517003,6.579753517003,6.579753517063,6.579753517063,6.579753517103,6.579753517103,6.579753517103,6.579753517103,6.579753517003,6.5797535170216,6.5797535170216,6.579753517003,6.579753517103,6.579753517023,6.579753517023,6.579753517023,6.579753517089,6.579753517089,6.579753517123,6.579753516803,6.579753517203,6.579753517203,6.579753517203,6.579753517203
"t62",5.8069828969,5.8069828969,5.8069828971,5.8069828967,5.8069828967,5.8069828967,5.8069828967,5.8069828967,5.8069828967,5.80698289671,5.80698289671,5.8069828967,5.8069828967,3.4918115933,3.49181159334,3.49181159334,2.4390953055,2.4390953055,2.4390953056,0,0.3793049398,2.6854363866,2.6854363866,2.6854363865,5.88257894183,5.88257894183,5.88257894193,5.88257894195,5.88257894195,5.88257894223,5.88257894223,5.88257894215,5.88257894215,5.88257894223,5.8825789421554,5.8825789421554,5.88257894216,5.88257894213,5.88257894213,5.88257894228,5.88257894228,5.882578942659,5.882578942659,5.88257894267,5.88257894267,5.88257894267,5.88257894273,5.897693117373,5.897693117373,5.897693117723,5.897693117723,5.897693117723,5.897693117723,5.897693117723,5.897693117963,5.8976931176726,5.8976931176726,5.8976931175726,5.897693118163,5.897693118163,5.897693118063,5.897693117763,5.897693117763,6.579753517163,6.579753517163,6.579753517133,6.579753517123,6.579753517123,6.579753517163,6.579753516763,6.57975351677,6.57975351677,6.579753517163,6.579753517173,6.579753517173,6.579753517203,6.579753517203,6.579753517203,6.579753517263,6.579753517263,6.579753517303,6.579753517303,6.579753517303,6.579753517303,6.579753517203,6.5797535172216,6.5797535172216,6.579753517203,6.579753517303,6.579753517223,6.579753517223,6.579753517223,6.579753517289,6.579753517289,6.579753517323,6.579753517003,6.579753517403,6.579753517403,6.579753517403,6.579753517403
"t63",5.8069828969,5.8069828969,5.8069828971,5.8069828967,5.8069828967,5.8069828967,5.8069828967,5.8069828967,5.8069828967,5.80698289671,5.80698289671,5.8069828967,5.8069828967,3.4918115933,3.49181159334,3.49181159334,2.4390953055,2.4390953055,2.4390953056,0.3793049398,0,2.6854363866,2.6854363866,2.6854363865,5.88257894183,5.88257894183,5.88257894193,5.88257894195,5.88257894195,5.88257894223,5.88257894223,5.88257894215,5.88257894215,5.88257894223,5.8825789421554,5.8825789421554,5.88257894216,5.88257894213,5.88257894213,5.88257894228,5.88257894228,5.882578942659,5.882578942659,5.88257894267,5.88257894267,5.88257894267,5.88257894273,5.897693117373,5.897693117373,5.897693117723,5.897693117723,5.897693117723,5.897693117723,5.897693117723,5.897693117963,5.8976931176726,5.8976931176726,5.8976931175726,5.897693118163,5.897693118163,5.897693118063,5.897693117763,5.897693117763,6.579753517163,6.579753517163,6.579753517133,6.579753517123,6.579753517123,6.579753517163,6.579753516763,6.57975351677,6.57975351677,6.579753517163,6.579753517173,6.579753517173,6.579753517203,6.579753517203,6.579753517203,6.579753517263,6.579753517263,6.579753517303,6.579753517303,6.579753517303,6.579753517303,6.579753517203,6.5797535172216,6.5797535172216,6.579753517203,6.579753517303,6.579753517223,6.579753517223,6.579753517223,6.579753517289,6.579753517289,6.579753517323,6.579753517003,6.579753517403,6.579753517403,6.579753517403,6.579753517403
"t51",5.8069828967,5.8069828967,5.8069828969,5.8069828965,5.8069828965,5.8069828965,5.8069828965,5.8069828965,5.8069828965,5.80698289651,5.80698289651,5.8069828965,5.8069828965,3.4918115931,3.49181159314,3.49181159314,2.6854363863,2.6854363863,2.6854363864,2.6854363866,2.6854363866,0,0.6465256018,0.8653810247,5.88257894163,5.88257894163,5.88257894173,5.88257894175,5.88257894175,5.88257894203,5.88257894203,5.88257894195,5.88257894195,5.88257894203,5.8825789419554,5.8825789419554,5.88257894196,5.88257894193,5.88257894193,5.88257894208,5.88257894208,5.882578942459,5.882578942459,5.88257894247,5.88257894247,5.88257894247,5.88257894253,5.897693117173,5.897693117173,5.897693117523,5.897693117523,5.897693117523,5.897693117523,5.897693117523,5.897693117763,5.8976931174726,5.8976931174726,5.8976931173726,5.897693117963,5.897693117963,5.897693117863,5.897693117563,5.897693117563,6.579753516963,6.579753516963,6.579753516933,6.579753516923,6.579753516923,6.579753516963,6.579753516563,6.57975351657,6.57975351657,6.579753516963,6.579753516973,6.579753516973,6.579753517003,6.579753517003,6.579753517003,6.579753517063,6.579753517063,6.579753517103,6.579753517103,6.579753517103,6.579753517103,6.579753517003,6.5797535170216,6.5797535170216,6.579753517003,6.579753517103,6.579753517023,6.579753517023,6.579753517023,6.579753517089,6.579753517089,6.579753517123,6.579753516803,6.579753517203,6.579753517203,6.579753517203,6.579753517203
"t52",5.8069828967,5.8069828967,5.8069828969,5.8069828965,5.8069828965,5.8069828965,5.8069828965,5.8069828965,5.8069828965,5.80698289651,5.80698289651,5.8069828965,5.8069828965,3.4918115931,3.49181159314,3.49181159314,2.6854363863,2.6854363863,2.6854363864,2.6854363866,2.6854363866,0.6465256018,0,0.8653810247,5.88257894163,5.88257894163,5.88257894173,5.88257894175,5.88257894175,5.88257894203,5.88257894203,5.88257894195,5.88257894195,5.88257894203,5.8825789419554,5.8825789419554,5.88257894196,5.88257894193,5.88257894193,5.88257894208,5.88257894208,5.882578942459,5.882578942459,5.88257894247,5.88257894247,5.88257894247,5.88257894253,5.897693117173,5.897693117173,5.897693117523,5.897693117523,5.897693117523,5.897693117523,5.897693117523,5.897693117763,5.8976931174726,5.8976931174726,5.8976931173726,5.897693117963,5.897693117963,5.897693117863,5.897693117563,5.897693117563,6.579753516963,6.579753516963,6.579753516933,6.579753516923,6.579753516923,6.579753516963,6.579753516563,6.57975351657,6.57975351657,6.579753516963,6.579753516973,6.579753516973,6.579753517003,6.579753517003,6.579753517003,6.579753517063,6.579753517063,6.579753517103,6.579753517103,6.579753517103,6.579753517103,6.579753517003,6.5797535170216,6.5797535170216,6.579753517003,6.579753517103,6.579753517023,6.579753517023,6.579753517023,6.579753517089,6.579753517089,6.579753517123,6.579753516803,6.579753517203,6.579753517203,6.579753517203,6.579753517203
"t35",5.8069828966,5.8069828966,5.8069828968,5.8069828964,5.8069828964,5.8069828964,5.8069828964,5.8069828964,5.8069828964,5.80698289641,5.80698289641,5.8069828964,5.8069828964,3.491811593,3.49181159304,3.49181159304,2.6854363862,2.6854363862,2.6854363863,2.6854363865,2.6854363865,0.8653810247,0.8653810247,0,5.88257894153,5.88257894153,5.88257894163,5.88257894165,5.88257894165,5.88257894193,5.88257894193,5.88257894185,5.88257894185,5.88257894193,5.8825789418554,5.8825789418554,5.88257894186,5.88257894183,5.88257894183,5.88257894198,5.88257894198,5.882578942359,5.882578942359,5.88257894237,5.88257894237,5.88257894237,5.88257894243,5.897693117073,5.897693117073,5.897693117423,5.897693117423,5.897693117423,5.897693117423,5.897693117423,5.897693117663,5.8976931173726,5.8976931173726,5.8976931172726,5.897693117863,5.897693117863,5.897693117763,5.897693117463,5.897693117463,6.579753516863,6.579753516863,6.579753516833,6.579753516823,6.579753516823,6.579753516863,6.579753516463,6.57975351647,6.57975351647,6.579753516863,6.579753516873,6.579753516873,6.579753516903,6.579753516903,6.579753516903,6.579753516963,6.579753516963,6.579753517003,6.579753517003,6.579753517003,6.579753517003,6.579753516903,6.5797535169216,6.5797535169216,6.579753516903,6.579753517003,6.579753516923,6.579753516923,6.579753516923,6.579753516989,6.579753516989,6.579753517023,6.579753516703,6.579753517103,6.579753517103,6.579753517103,6.579753517103
"t36",5.88257894153,5.88257894153,5.88257894173,5.88257894133,5.88257894133,5.88257894133,5.88257894133,5.88257894133,5.88257894133,5.88257894134,5.88257894134,5.88257894133,5.88257894133,5.88257894193,5.88257894197,5.88257894197,5.88257894153,5.88257894153,5.88257894163,5.88257894183,5.88257894183,5.88257894163,5.88257894163,5.88257894153,0,0.804787953,1.0268933751,1.76507431932,1.76507431932,4.8332120956,4.8332120956,4.83321209552,4.83321209552,4.8332120956,4.8332120955254,4.8332120955254,4.83321209553,4.8332120955,4.8332120955,4.83321209565,4.83321209565,4.833212096029,4.833212096029,4.83321209604,4.83321209604,4.83321209604,4.8332120961,5.897693116543,5.897693116543,5.897693116893,5.897693116893,5.897693116893,5.897693116893,5.897693116893,5.897693117133,5.8976931168426,5.8976931168426,5.8976931167426,5.897693117333,5.897693117333,5.897693117233,5.897693116933,5.897693116933,6.579753516333,6.579753516333,6.579753516303,6.579753516293,6.579753516293,6.579753516333,6.579753515933,6.57975351594,6.57975351594,6.579753516333,6.579753516343,6.579753516343,6.579753516373,6.579753516373,6.579753516373,6.579753516433,6.579753516433,6.579753516473,6.579753516473,6.579753516473,6.579753516473,6.579753516373,6.5797535163916,6.5797535163916,6.579753516373,6.579753516473,6.579753516393,6.579753516393,6.579753516393,6.579753516459,6.579753516459,6.579753516493,6.579753516173,6.579753516573,6.579753516573,6.579753516573,6.579753516573
"t37",5.88257894153,5.88257894153,5.88257894173,5.88257894133,5.88257894133,5.88257894133,5.88257894133,5.88257894133,5.88257894133,5.88257894134,5.88257894134,5.88257894133,5.88257894133,5.88257894193,5.88257894197,5.88257894197,5.88257894153,5.88257894153,5.88257894163,5.88257894183,5.88257894183,5.88257894163,5.88257894163,5.88257894153,0.804787953,0,1.0268933751,1.76507431932,1.76507431932,4.8332120956,4.8332120956,4.83321209552,4.83321209552,4.8332120956,4.8332120955254,4.8332120955254,4.83321209553,4.8332120955,4.8332120955,4.83321209565,4.83321209565,4.833212096029,4.833212096029,4.83321209604,4.83321209604,4.83321209604,4.8332120961,5.897693116543,5.897693116543,5.897693116893,5.897693116893,5.897693116893,5.897693116893,5.897693116893,5.897693117133,5.8976931168426,5.8976931168426,5.8976931167426,5.897693117333,5.897693117333,5.897693117233,5.897693116933,5.897693116933,6.579753516333,6.579753516333,6.579753516303,6.579753516293,6.579753516293,6.579753516333,6.579753515933,6.57975351594,6.57975351594,6.579753516333,6.579753516343,6.579753516343,6.579753516373,6.579753516373,6.579753516373,6.579753516433,6.579753516433,6.579753516473,6.579753516473,6.579753516473,6.579753516473,6.579753516373,6.5797535163916,6.5797535163916,6.579753516373,6.579753516473,6.579753516393,6.579753516393,6.579753516393,6.579753516459,6.579753516459,6.579753516493,6.579753516173,6.579753516573,6.579753516573,6.579753516573,6.579753516573
"t30",5.88257894163,5.88257894163,5.88257894183,5.88257894143,5.88257894143,5.88257894143,5.88257894143,5.88257894143,5.88257894143,5.88257894144,5.88257894144,5.88257894143,5.88257894143,5.88257894203,5.88257894207,5.88257894207,5.88257894163,5.88257894163,5.88257894173,5.88257894193,5.88257894193,5.88257894173,5.88257894173,5.88257894163,1.0268933751,1.0268933751,0,1.76507431942,1.76507431942,4.8332120957,4.8332120957,4.83321209562,4.83321209562,4.8332120957,4.8332120956254,4.8332120956254,4.83321209563,4.8332120956,4.8332120956,4.83321209575,4.83321209575,4.833212096129,4.833212096129,4.83321209614,4.83321209614,4.83321209614,4.8332120962,5.897693116643,5.897693116643,5.897693116993,5.897693116993,5.897693116993,5.897693116993,5.897693116993,5.897693117233,5.8976931169426,5.8976931169426,5.8976931168426,5.897693117433,5.897693117433,5.897693117333,5.897693117033,5.897693117033,6.579753516433,6.579753516433,6.579753516403,6.579753516393,6.579753516393,6.579753516433,6.579753516033,6.57975351604,6.57975351604,6.579753516433,6.579753516443,6.579753516443,6.579753516473,6.579753516473,6.579753516473,6.579753516533,6.579753516533,6.579753516573,6.579753516573,6.579753516573,6.579753516573,6.579753516473,6.5797535164916,6.5797535164916,6.579753516473,6.579753516573,6.579753516493,6.579753516493,6.579753516493,6.579753516559,6.579753516559,6.579753516593,6.579753516273,6.579753516673,6.579753516673,6.579753516673,6.579753516673
