"","t13","t82","t83","t24","t18","t48","t49","t4","t36","t37","t46","t47","t54","t55","t97","t98","t30","t69","t70","t60","t66","t67","t22","t23","t89","t90","t15","t14","t84","t85","t75","t52","t53","t76","t77","t50","t51","t17","t61","t62","t73","t74","t5","t38","t39","t31","t71","t72","t6","t26","t88","t99","t100","t9","t16","t78","t79","t86","t87","t58","t1","t2","t3","t28","t29","t95","t96","t25","t42","t43","t33","t63","t64","t40","t41","t59","t65","t80","t81","t34","t35","t27","t68","t91","t92","t93","t94","t21","t44","t45","t32","t19","t20","t7","t8","t10","t11","t12","t56","t57"
"t13",0,1.87998234303,1.87998234303,1.8799823431,2.9759254152,2.9759254151,2.9759254151,3.07628468387,6.40467056557,6.40467056557,6.40467056557,6.40467056557,6.40467056557,6.40467056557,6.4046705655,6.4046705655,6.40467056558,6.40467056561,6.40467056561,6.40467056558,6.40467056558,6.40467056558,6.40467056558,6.40467056558,6.404670565626,6.404670565626,6.404670565606,6.40467056559,6.40467056577,6.40467056577,6.40467056579,6.40467056569,6.40467056569,6.40467056569,6.40467056569,6.40467056558,6.40467056558,6.40467056558,6.40467056567,6.40467056567,6.40467056557,6.40467056557,6.40467056577,6.40467056513,6.40467056513,6.40467056517,6.40467056597,6.40467056597,6.40467056591,6.40467056571,6.40467056574,6.404670565735,6.404670565735,6.40467056581,6.40467056571,6.40467056571,6.40467056571,6.40467056584,6.40467056584,6.40467056587,6.40467056517,6.40467056547,6.40467056547,6.41663551907,6.41663551907,6.41663551907,6.41663551907,6.41663551907,6.41663551914,6.41663551914,6.41663551917,6.41663551907,6.41663551907,6.41663551907,6.41663551907,6.41663551897,6.41663551898,6.41663551898,6.41663551898,6.41663551901,6.41663551901,6.41663551907,6.41663551897,6.41663551896,6.41663551896,6.4166355193,6.4166355193,6.41663551907,6.41663551908,6.41663551908,6.41663551907,6.41663551907,6.41663551907,6.41663551946,6.41663551946,6.41663551886,6.41663551894,6.41663551894,6.41663551917,6.41663551917
"t82",1.87998234303,0,0.19424348506,1.26389195713,2.97592541523,2.97592541513,2.97592541513,3.0762846839,6.4046705656,6.4046705656,6.4046705656,6.4046705656,6.4046705656,6.4046705656,6.40467056553,6.40467056553,6.40467056561,6.40467056564,6.40467056564,6.40467056561,6.40467056561,6.40467056561,6.40467056561,6.40467056561,6.404670565656,6.404670565656,6.404670565636,6.40467056562,6.4046705658,6.4046705658,6.40467056582,6.40467056572,6.40467056572,6.40467056572,6.40467056572,6.40467056561,6.40467056561,6.40467056561,6.4046705657,6.4046705657,6.4046705656,6.4046705656,6.4046705658,6.40467056516,6.40467056516,6.4046705652,6.404670566,6.404670566,6.40467056594,6.40467056574,6.40467056577,6.404670565765,6.404670565765,6.40467056584,6.40467056574,6.40467056574,6.40467056574,6.40467056587,6.40467056587,6.4046705659,6.4046705652,6.4046705655,6.4046705655,6.4166355191,6.4166355191,6.4166355191,6.4166355191,6.4166355191,6.41663551917,6.41663551917,6.4166355192,6.4166355191,6.4166355191,6.4166355191,6.4166355191,6.416635519,6.41663551901,6.41663551901,6.41663551901,6.41663551904,6.41663551904,6.4166355191,6.416635519,6.41663551899,6.41663551899,6.41663551933,6.41663551933,6.4166355191,6.41663551911,6.41663551911,6.4166355191,6.4166355191,6.4166355191,6.41663551949,6.41663551949,6.41663551889,6.41663551897,6.41663551897,6.4166355192,6.4166355192
"t83",1.87998234303,0.19424348506,0,1.26389195713,2.97592541523,2.97592541513,2.97592541513,3.0762846839,6.4046705656,6.4046705656,6.4046705656,6.4046705656,6.4046705656,6.4046705656,6.40467056553,6.40467056553,6.40467056561,6.40467056564,6.40467056564,6.40467056561,6.40467056561,6.40467056561,6.40467056561,6.40467056561,6.404670565656,6.404670565656,6.404670565636,6.40467056562,6.4046705658,6.4046705658,6.40467056582,6.40467056572,6.40467056572,6.40467056572,6.40467056572,6.40467056561,6.40467056561,6.40467056561,6.4046705657,6.4046705657,6.4046705656,6.4046705656,6.4046705658,6.40467056516,6.40467056516,6.4046705652,6.404670566,6.404670566,6.40467056594,6.40467056574,6.40467056577,6.404670565765,6.404670565765,6.40467056584,6.40467056574,6.40467056574,6.40467056574,6.40467056587,6.40467056587,6.4046705659,6.4046705652,6.4046705655,6.4046705655,6.4166355191,6.4166355191,6.4166355191,6.4166355191,6.4166355191,6.41663551917,6.41663551917,6.4166355192,6.4166355191,6.4166355191,6.4166355191,6.4166355191,6.416635519,6.41663551901,6.41663551901,6.41663551901,6.41663551904,6.41663551904,6.4166355191,6.416635519,6.41663551899,6.41663551899,6.41663551933,6.41663551933,6.4166355191,6.41663551911,6.41663551911,6.4166355191,6.4166355191,6.4166355191,6.41663551949,6.41663551949,6.41663551889,6.41663551897,6.41663551897,6.4166355192,6.4166355192
"t24",1.8799823431,1.26389195713,1.26389195713,0,2.9759254153,2.9759254152,2.9759254152,3.07628468397,6.40467056567,6.40467056567,6.40467056567,6.40467056567,6.40467056567,6.40467056567,6.4046705656,6.4046705656,6.40467056568,6.40467056571,6.40467056571,6.40467056568,6.40467056568,6.40467056568,6.40467056568,6.40467056568,6.404670565726,6.404670565726,6.404670565706,6.40467056569,6.40467056587,6.40467056587,6.40467056589,6.40467056579,6.40467056579,6.40467056579,6.40467056579,6.40467056568,6.40467056568,6.40467056568,6.40467056577,6.40467056577,6.40467056567,6.40467056567,6.40467056587,6.40467056523,6.40467056523,6.40467056527,6.40467056607,6.40467056607,6.40467056601,6.40467056581,6.40467056584,6.404670565835,6.404670565835,6.40467056591,6.40467056581,6.40467056581,6.40467056581,6.40467056594,6.40467056594,6.40467056597,6.40467056527,6.40467056557,6.40467056557,6.41663551917,6.41663551917,6.41663551917,6.41663551917,6.41663551917,6.41663551924,6.41663551924,6.41663551927,6.41663551917,6.41663551917,6.41663551917,6.41663551917,6.41663551907,6.41663551908,6.41663551908,6.41663551908,6.41663551911,6.41663551911,6.41663551917,6.41663551907,6.41663551906,6.41663551906,6.4166355194,6.4166355194,6.41663551917,6.41663551918,6.41663551918,6.41663551917,6.41663551917,6.41663551917,6.41663551956,6.41663551956,6.41663551896,6.41663551904,6.41663551904,6.41663551927,6.41663551927
"t18",2.9759254152,2.97592541523,2.97592541523,2.9759254153,0,1.5067290491,1.5067290491,3.07628468387,6.40467056557,6.40467056557,6.40467056557,6.40467056557,6.40467056557,6.40467056557,6.4046705655,6.4046705655,6.40467056558,6.40467056561,6.40467056561,6.40467056558,6.40467056558,6.40467056558,6.40467056558,6.40467056558,6.404670565626,6.404670565626,6.404670565606,6.40467056559,6.40467056577,6.40467056577,6.40467056579,6.40467056569,6.40467056569,6.40467056569,6.40467056569,6.40467056558,6.40467056558,6.40467056558,6.40467056567,6.40467056567,6.40467056557,6.40467056557,6.40467056577,6.40467056513,6.40467056513,6.40467056517,6.40467056597,6.40467056597,6.40467056591,6.40467056571,6.40467056574,6.404670565735,6.404670565735,6.40467056581,6.40467056571,6.40467056571,6.40467056571,6.40467056584,6.40467056584,6.40467056587,6.40467056517,6.40467056547,6.40467056547,6.41663551907,6.41663551907,6.41663551907,6.41663551907,6.41663551907,6.41663551914,6.41663551914,6.41663551917,6.41663551907,6.41663551907,6.41663551907,6.41663551907,6.41663551897,6.41663551898,6.41663551898,6.41663551898,6.41663551901,6.41663551901,6.41663551907,6.41663551897,6.41663551896,6.41663551896,6.4166355193,6.4166355193,6.41663551907,6.41663551908,6.41663551908,6.41663551907,6.41663551907,6.41663551907,6.41663551946,6.41663551946,6.41663551886,6.41663551894,6.41663551894,6.41663551917,6.41663551917
"t48",2.9759254151,2.97592541513,2.97592541513,2.9759254152,1.5067290491,0,0.7423215864,3.07628468377,6.40467056547,6.40467056547,6.40467056547,6.40467056547,6.40467056547,6.40467056547,6.4046705654,6.4046705654,6.40467056548,6.40467056551,6.40467056551,6.40467056548,6.40467056548,6.40467056548,6.40467056548,6.40467056548,6.404670565526,6.404670565526,6.404670565506,6.40467056549,6.40467056567,6.40467056567,6.40467056569,6.40467056559,6.40467056559,6.40467056559,6.40467056559,6.40467056548,6.40467056548,6.40467056548,6.40467056557,6.40467056557,6.40467056547,6.40467056547,6.40467056567,6.40467056503,6.40467056503,6.40467056507,6.40467056587,6.40467056587,6.40467056581,6.40467056561,6.40467056564,6.404670565635,6.404670565635,6.40467056571,6.40467056561,6.40467056561,6.40467056561,6.40467056574,6.40467056574,6.40467056577,6.40467056507,6.40467056537,6.40467056537,6.41663551897,6.41663551897,6.41663551897,6.41663551897,6.41663551897,6.41663551904,6.41663551904,6.41663551907,6.41663551897,6.41663551897,6.41663551897,6.41663551897,6.41663551887,6.41663551888,6.41663551888,6.41663551888,6.41663551891,6.41663551891,6.41663551897,6.41663551887,6.41663551886,6.41663551886,6.4166355192,6.4166355192,6.41663551897,6.41663551898,6.41663551898,6.41663551897,6.41663551897,6.41663551897,6.41663551936,6.41663551936,6.41663551876,6.41663551884,6.41663551884,6.41663551907,6.41663551907
"t49",2.9759254151,2.97592541513,2.97592541513,2.9759254152,1.5067290491,0.7423215864,0,3.07628468377,6.40467056547,6.40467056547,6.40467056547,6.40467056547,6.40467056547,6.40467056547,6.4046705654,6.4046705654,6.40467056548,6.40467056551,6.40467056551,6.40467056548,6.40467056548,6.40467056548,6.40467056548,6.40467056548,6.404670565526,6.404670565526,6.404670565506,6.40467056549,6.40467056567,6.40467056567,6.40467056569,6.40467056559,6.40467056559,6.40467056559,6.40467056559,6.40467056548,6.40467056548,6.40467056548,6.40467056557,6.40467056557,6.40467056547,6.40467056547,6.40467056567,6.40467056503,6.40467056503,6.40467056507,6.40467056587,6.40467056587,6.40467056581,6.40467056561,6.40467056564,6.404670565635,6.404670565635,6.40467056571,6.40467056561,6.40467056561,6.40467056561,6.40467056574,6.40467056574,6.40467056577,6.40467056507,6.40467056537,6.40467056537,6.41663551897,6.41663551897,6.41663551897,6.41663551897,6.41663551897,6.41663551904,6.41663551904,6.41663551907,6.41663551897,6.41663551897,6.41663551897,6.41663551897,6.41663551887,6.41663551888,6.41663551888,6.41663551888,6.41663551891,6.41663551891,6.41663551897,6.41663551887,6.41663551886,6.41663551886,6.4166355192,6.4166355192,6.41663551897,6.41663551898,6.41663551898,6.41663551897,6.41663551897,6.41663551897,6.41663551936,6.41663551936,6.41663551876,6.41663551884,6.41663551884,6.41663551907,6.41663551907
"t4",3.07628468387,3.0762846839,3.0762846839,3.07628468397,3.07628468387,3.07628468377,3.07628468377,0,6.4046705657,6.4046705657,6.4046705657,6.4046705657,6.4046705657,6.4046705657,6.40467056563,6.40467056563,6.40467056571,6.40467056574,6.40467056574,6.40467056571,6.40467056571,6.40467056571,6.40467056571,6.40467056571,6.404670565756,6.404670565756,6.404670565736,6.40467056572,6.4046705659,6.4046705659,6.40467056592,6.40467056582,6.40467056582,6.40467056582,6.40467056582,6.40467056571,6.40467056571,6.40467056571,6.4046705658,6.4046705658,6.4046705657,6.4046705657,6.4046705659,6.40467056526,6.40467056526,6.4046705653,6.4046705661,6.4046705661,6.40467056604,6.40467056584,6.40467056587,6.404670565865,6.404670565865,6.40467056594,6.40467056584,6.40467056584,6.40467056584,6.40467056597,6.40467056597,6.404670566,6.4046705653,6.4046705656,6.4046705656,6.4166355192,6.4166355192,6.4166355192,6.4166355192,6.4166355192,6.41663551927,6.41663551927,6.4166355193,6.4166355192,6.4166355192,6.4166355192,6.4166355192,6.4166355191,6.41663551911,6.41663551911,6.41663551911,6.41663551914,6.41663551914,6.4166355192,6.4166355191,6.41663551909,6.41663551909,6.41663551943,6.41663551943,6.4166355192,6.41663551921,6.41663551921,6.4166355192,6.4166355192,6.4166355192,6.41663551959,6.41663551959,6.41663551899,6.41663551907,6.41663551907,6.4166355193,6.4166355193
"t36",6.40467056557,6.4046705656,6.4046705656,6.40467056567,6.40467056557,6.40467056547,6.40467056547,6.4046705657,0,0.8944108494,1.6382042034,1.6382042034,1.6382042034,1.6382042034,2.62710052593,2.62710052593,2.62710052601,2.62710052604,2.62710052604,2.62710052601,2.62710052601,2.62710052601,2.62710052601,2.62710052601,2.627100526056,2.627100526056,2.627100526036,2.62710052602,2.6271005262,2.6271005262,2.62710052622,2.62710052612,2.62710052612,2.62710052612,2.62710052612,4.49331690881,4.49331690881,4.49331690881,4.4933169089,4.4933169089,4.4933169088,4.4933169088,4.493316909,5.72698118536,5.72698118536,5.7269811854,5.7269811862,5.7269811862,5.72698118614,5.72698118594,5.72698118597,5.726981185965,5.726981185965,5.72698118604,5.72698118594,5.72698118594,5.72698118594,5.72698118607,5.72698118607,5.7269811861,5.7269811854,5.7269811857,5.7269811857,6.4166355189,6.4166355189,6.4166355189,6.4166355189,6.4166355189,6.41663551897,6.41663551897,6.416635519,6.4166355189,6.4166355189,6.4166355189,6.4166355189,6.4166355188,6.41663551881,6.41663551881,6.41663551881,6.41663551884,6.41663551884,6.4166355189,6.4166355188,6.41663551879,6.41663551879,6.41663551913,6.41663551913,6.4166355189,6.41663551891,6.41663551891,6.4166355189,6.4166355189,6.4166355189,6.41663551929,6.41663551929,6.41663551869,6.41663551877,6.41663551877,6.416635519,6.416635519
"t37",6.40467056557,6.4046705656,6.4046705656,6.40467056567,6.40467056557,6.40467056547,6.40467056547,6.4046705657,0.8944108494,0,1.6382042034,1.6382042034,1.6382042034,1.6382042034,2.62710052593,2.62710052593,2.62710052601,2.62710052604,2.62710052604,2.62710052601,2.62710052601,2.62710052601,2.62710052601,2.62710052601,2.627100526056,2.627100526056,2.627100526036,2.62710052602,2.6271005262,2.6271005262,2.62710052622,2.62710052612,2.62710052612,2.62710052612,2.62710052612,4.49331690881,4.49331690881,4.49331690881,4.4933169089,4.4933169089,4.4933169088,4.4933169088,4.493316909,5.72698118536,5.72698118536,5.7269811854,5.7269811862,5.7269811862,5.72698118614,5.72698118594,5.72698118597,5.726981185965,5.726981185965,5.72698118604,5.72698118594,5.72698118594,5.72698118594,5.72698118607,5.72698118607,5.7269811861,5.7269811854,5.7269811857,5.7269811857,6.4166355189,6.4166355189,6.4166355189,6.4166355189,6.4166355189,6.41663551897,6.41663551897,6.416635519,6.4166355189,6.4166355189,6.4166355189,6.4166355189,6.4166355188,6.41663551881,6.41663551881,6.41663551881,6.41663551884,6.41663551884,6.4166355189,6.4166355188,6.41663551879,6.41663551879,6.41663551913,6.41663551913,6.4166355189,6.41663551891,6.41663551891,6.4166355189,6.4166355189,6.4166355189,6.41663551929,6.41663551929,6.41663551869,6.41663551877,6.41663551877,6.416635519,6.416635519
"t46",6.40467056557,6.4046705656,6.4046705656,6.40467056567,6.40467056557,6.40467056547,6.40467056547,6.4046705657,1.6382042034,1.6382042034,0,0.7998745666,1.5750226034,1.5750226034,2.62710052593,2.62710052593,2.62710052601,2.62710052604,2.62710052604,2.62710052601,2.62710052601,2.62710052601,2.62710052601,2.62710052601,2.627100526056,2.627100526056,2.627100526036,2.62710052602,2.6271005262,2.6271005262,2.62710052622,2.62710052612,2.62710052612,2.62710052612,2.62710052612,4.49331690881,4.49331690881,4.49331690881,4.4933169089,4.4933169089,4.4933169088,4.4933169088,4.493316909,5.72698118536,5.72698118536,5.7269811854,5.7269811862,5.7269811862,5.72698118614,5.72698118594,5.72698118597,5.726981185965,5.726981185965,5.72698118604,5.72698118594,5.72698118594,5.72698118594,5.72698118607,5.72698118607,5.7269811861,5.7269811854,5.7269811857,5.7269811857,6.4166355189,6.4166355189,6.4166355189,6.4166355189,6.4166355189,6.41663551897,6.41663551897,6.416635519,6.4166355189,6.4166355189,6.4166355189,6.4166355189,6.4166355188,6.41663551881,6.41663551881,6.41663551881,6.41663551884,6.41663551884,6.4166355189,6.4166355188,6.41663551879,6.41663551879,6.41663551913,6.41663551913,6.4166355189,6.41663551891,6.41663551891,6.4166355189,6.4166355189,6.4166355189,6.41663551929,6.41663551929,6.41663551869,6.41663551877,6.41663551877,6.416635519,6.416635519
"t47",6.40467056557,6.4046705656,6.4046705656,6.40467056567,6.40467056557,6.40467056547,6.40467056547,6.4046705657,1.6382042034,1.6382042034,0.7998745666,0,1.5750226034,1.5750226034,2.62710052593,2.62710052593,2.62710052601,2.62710052604,2.62710052604,2.62710052601,2.62710052601,2.62710052601,2.62710052601,2.62710052601,2.627100526056,2.627100526056,2.627100526036,2.62710052602,2.6271005262,2.6271005262,2.62710052622,2.62710052612,2.62710052612,2.62710052612,2.62710052612,4.49331690881,4.49331690881,4.49331690881,4.4933169089,4.4933169089,4.4933169088,4.4933169088,4.493316909,5.72698118536,5.72698118536,5.7269811854,5.7269811862,5.7269811862,5.72698118614,5.72698118594,5.72698118597,5.726981185965,5.726981185965,5.72698118604,5.72698118594,5.72698118594,5.72698118594,5.72698118607,5.72698118607,5.7269811861,5.7269811854,5.7269811857,5.7269811857,6.4166355189,6.4166355189,6.4166355189,6.4166355189,6.4166355189,6.41663551897,6.41663551897,6.416635519,6.4166355189,6.4166355189,6.4166355189,6.4166355189,6.4166355188,6.41663551881,6.41663551881,6.41663551881,6.41663551884,6.41663551884,6.4166355189,6.4166355188,6.41663551879,6.41663551879,6.41663551913,6.41663551913,6.4166355189,6.41663551891,6.41663551891,6.4166355189,6.4166355189,6.4166355189,6.41663551929,6.41663551929,6.41663551869,6.41663551877,6.41663551877,6.416635519,6.416635519
"t54",6.40467056557,6.4046705656,6.4046705656,6.40467056567,6.40467056557,6.40467056547,6.40467056547,6.4046705657,1.6382042034,1.6382042034,1.5750226034,1.5750226034,0,0.62080369,2.62710052593,2.62710052593,2.62710052601,2.62710052604,2.62710052604,2.62710052601,2.62710052601,2.62710052601,2.62710052601,2.62710052601,2.627100526056,2.627100526056,2.627100526036,2.62710052602,2.6271005262,2.6271005262,2.62710052622,2.62710052612,2.62710052612,2.62710052612,2.62710052612,4.49331690881,4.49331690881,4.49331690881,4.4933169089,4.4933169089,4.4933169088,4.4933169088,4.493316909,5.72698118536,5.72698118536,5.7269811854,5.7269811862,5.7269811862,5.72698118614,5.72698118594,5.72698118597,5.726981185965,5.726981185965,5.72698118604,5.72698118594,5.72698118594,5.72698118594,5.72698118607,5.72698118607,5.7269811861,5.7269811854,5.7269811857,5.7269811857,6.4166355189,6.4166355189,6.4166355189,6.4166355189,6.4166355189,6.41663551897,6.41663551897,6.416635519,6.4166355189,6.4166355189,6.4166355189,6.4166355189,6.4166355188,6.41663551881,6.41663551881,6.41663551881,6.41663551884,6.41663551884,6.4166355189,6.4166355188,6.41663551879,6.41663551879,6.41663551913,6.41663551913,6.4166355189,6.41663551891,6.41663551891,6.4166355189,6.4166355189,6.4166355189,6.41663551929,6.41663551929,6.41663551869,6.41663551877,6.41663551877,6.416635519,6.416635519
"t55",6.40467056557,6.4046705656,6.4046705656,6.40467056567,6.40467056557,6.40467056547,6.40467056547,6.4046705657,1.6382042034,1.6382042034,1.5750226034,1.5750226034,0.62080369,0,2.62710052593,2.62710052593,2.62710052601,2.62710052604,2.62710052604,2.62710052601,2.62710052601,2.62710052601,2.62710052601,2.62710052601,2.627100526056,2.627100526056,2.627100526036,2.62710052602,2.6271005262,2.6271005262,2.62710052622,2.62710052612,2.62710052612,2.62710052612,2.62710052612,4.49331690881,4.49331690881,4.49331690881,4.4933169089,4.4933169089,4.4933169088,4.4933169088,4.493316909,5.72698118536,5.72698118536,5.7269811854,5.7269811862,5.7269811862,5.72698118614,5.72698118594,5.72698118597,5.726981185965,5.726981185965,5.72698118604,5.72698118594,5.72698118594,5.72698118594,5.72698118607,5.72698118607,5.7269811861,5.7269811854,5.7269811857,5.7269811857,6.4166355189,6.4166355189,6.4166355189,6.4166355189,6.4166355189,6.41663551897,6.41663551897,6.416635519,6.4166355189,6.4166355189,6.4166355189,6.4166355189,6.4166355188,6.41663551881,6.41663551881,6.41663551881,6.41663551884,6.41663551884,6.4166355189,6.4166355188,6.41663551879,6.41663551879,6.41663551913,6.41663551913,6.4166355189,6.41663551891,6.41663551891,6.4166355189,6.4166355189,6.4166355189,6.41663551929,6.41663551929,6.41663551869,6.41663551877,6.41663551877,6.416635519,6.416635519
"t97",6.4046705655,6.40467056553,6.40467056553,6.4046705656,6.4046705655,6.4046705654,6.4046705654,6.40467056563,2.62710052593,2.62710052593,2.62710052593,2.62710052593,2.62710052593,2.62710052593,0,0.05564400184,0.95582194032,1.38099431975,1.38099431975,1.38099431972,2.12191543752,2.12191543752,2.12191543752,2.12191543752,2.263788565946,2.263788565946,2.263788565926,2.26378856591,2.47774171809,2.47774171809,2.47774171811,2.47774171801,2.47774171801,2.47774171801,2.47774171801,4.49331690874,4.49331690874,4.49331690874,4.49331690883,4.49331690883,4.49331690873,4.49331690873,4.49331690893,5.72698118529,5.72698118529,5.72698118533,5.72698118613,5.72698118613,5.72698118607,5.72698118587,5.7269811859,5.726981185895,5.726981185895,5.72698118597,5.72698118587,5.72698118587,5.72698118587,5.726981186,5.726981186,5.72698118603,5.72698118533,5.72698118563,5.72698118563,6.41663551883,6.41663551883,6.41663551883,6.41663551883,6.41663551883,6.4166355189,6.4166355189,6.41663551893,6.41663551883,6.41663551883,6.41663551883,6.41663551883,6.41663551873,6.41663551874,6.41663551874,6.41663551874,6.41663551877,6.41663551877,6.41663551883,6.41663551873,6.41663551872,6.41663551872,6.41663551906,6.41663551906,6.41663551883,6.41663551884,6.41663551884,6.41663551883,6.41663551883,6.41663551883,6.41663551922,6.41663551922,6.41663551862,6.4166355187,6.4166355187,6.41663551893,6.41663551893
"t98",6.4046705655,6.40467056553,6.40467056553,6.4046705656,6.4046705655,6.4046705654,6.4046705654,6.40467056563,2.62710052593,2.62710052593,2.62710052593,2.62710052593,2.62710052593,2.62710052593,0.05564400184,0,0.95582194032,1.38099431975,1.38099431975,1.38099431972,2.12191543752,2.12191543752,2.12191543752,2.12191543752,2.263788565946,2.263788565946,2.263788565926,2.26378856591,2.47774171809,2.47774171809,2.47774171811,2.47774171801,2.47774171801,2.47774171801,2.47774171801,4.49331690874,4.49331690874,4.49331690874,4.49331690883,4.49331690883,4.49331690873,4.49331690873,4.49331690893,5.72698118529,5.72698118529,5.72698118533,5.72698118613,5.72698118613,5.72698118607,5.72698118587,5.7269811859,5.726981185895,5.726981185895,5.72698118597,5.72698118587,5.72698118587,5.72698118587,5.726981186,5.726981186,5.72698118603,5.72698118533,5.72698118563,5.72698118563,6.41663551883,6.41663551883,6.41663551883,6.41663551883,6.41663551883,6.4166355189,6.4166355189,6.41663551893,6.41663551883,6.41663551883,6.41663551883,6.41663551883,6.41663551873,6.41663551874,6.41663551874,6.41663551874,6.41663551877,6.41663551877,6.41663551883,6.41663551873,6.41663551872,6.41663551872,6.41663551906,6.41663551906,6.41663551883,6.41663551884,6.41663551884,6.41663551883,6.41663551883,6.41663551883,6.41663551922,6.41663551922,6.41663551862,6.4166355187,6.4166355187,6.41663551893,6.41663551893
"t30",6.40467056558,6.40467056561,6.40467056561,6.40467056568,6.40467056558,6.40467056548,6.40467056548,6.40467056571,2.62710052601,2.62710052601,2.62710052601,2.62710052601,2.62710052601,2.62710052601,0.95582194032,0.95582194032,0,1.38099431983,1.38099431983,1.3809943198,2.1219154376,2.1219154376,2.1219154376,2.1219154376,2.263788566026,2.263788566026,2.263788566006,2.26378856599,2.47774171817,2.47774171817,2.47774171819,2.47774171809,2.47774171809,2.47774171809,2.47774171809,4.49331690882,4.49331690882,4.49331690882,4.49331690891,4.49331690891,4.49331690881,4.49331690881,4.49331690901,5.72698118537,5.72698118537,5.72698118541,5.72698118621,5.72698118621,5.72698118615,5.72698118595,5.72698118598,5.726981185975,5.726981185975,5.72698118605,5.72698118595,5.72698118595,5.72698118595,5.72698118608,5.72698118608,5.72698118611,5.72698118541,5.72698118571,5.72698118571,6.41663551891,6.41663551891,6.41663551891,6.41663551891,6.41663551891,6.41663551898,6.41663551898,6.41663551901,6.41663551891,6.41663551891,6.41663551891,6.41663551891,6.41663551881,6.41663551882,6.41663551882,6.41663551882,6.41663551885,6.41663551885,6.41663551891,6.41663551881,6.4166355188,6.4166355188,6.41663551914,6.41663551914,6.41663551891,6.41663551892,6.41663551892,6.41663551891,6.41663551891,6.41663551891,6.4166355193,6.4166355193,6.4166355187,6.41663551878,6.41663551878,6.41663551901,6.41663551901
"t69",6.40467056561,6.40467056564,6.40467056564,6.40467056571,6.40467056561,6.40467056551,6.40467056551,6.40467056574,2.62710052604,2.62710052604,2.62710052604,2.62710052604,2.62710052604,2.62710052604,1.38099431975,1.38099431975,1.38099431983,0,0.3884208022,0.54581179883,2.12191543763,2.12191543763,2.12191543763,2.12191543763,2.263788566056,2.263788566056,2.263788566036,2.26378856602,2.4777417182,2.4777417182,2.47774171822,2.47774171812,2.47774171812,2.47774171812,2.47774171812,4.49331690885,4.49331690885,4.49331690885,4.49331690894,4.49331690894,4.49331690884,4.49331690884,4.49331690904,5.7269811854,5.7269811854,5.72698118544,5.72698118624,5.72698118624,5.72698118618,5.72698118598,5.72698118601,5.726981186005,5.726981186005,5.72698118608,5.72698118598,5.72698118598,5.72698118598,5.72698118611,5.72698118611,5.72698118614,5.72698118544,5.72698118574,5.72698118574,6.41663551894,6.41663551894,6.41663551894,6.41663551894,6.41663551894,6.41663551901,6.41663551901,6.41663551904,6.41663551894,6.41663551894,6.41663551894,6.41663551894,6.41663551884,6.41663551885,6.41663551885,6.41663551885,6.41663551888,6.41663551888,6.41663551894,6.41663551884,6.41663551883,6.41663551883,6.41663551917,6.41663551917,6.41663551894,6.41663551895,6.41663551895,6.41663551894,6.41663551894,6.41663551894,6.41663551933,6.41663551933,6.41663551873,6.41663551881,6.41663551881,6.41663551904,6.41663551904
"t70",6.40467056561,6.40467056564,6.40467056564,6.40467056571,6.40467056561,6.40467056551,6.40467056551,6.40467056574,2.62710052604,2.62710052604,2.62710052604,2.62710052604,2.62710052604,2.62710052604,1.38099431975,1.38099431975,1.38099431983,0.3884208022,0,0.54581179883,2.12191543763,2.12191543763,2.12191543763,2.12191543763,2.263788566056,2.263788566056,2.263788566036,2.26378856602,2.4777417182,2.4777417182,2.47774171822,2.47774171812,2.47774171812,2.47774171812,2.47774171812,4.49331690885,4.49331690885,4.49331690885,4.49331690894,4.49331690894,4.49331690884,4.49331690884,4.49331690904,5.7269811854,5.7269811854,5.72698118544,5.72698118624,5.72698118624,5.72698118618,5.72698118598,5.72698118601,5.726981186005,5.726981186005,5.72698118608,5.72698118598,5.72698118598,5.72698118598,5.72698118611,5.72698118611,5.72698118614,5.72698118544,5.72698118574,5.72698118574,6.41663551894,6.41663551894,6.41663551894,6.41663551894,6.41663551894,6.41663551901,6.41663551901,6.41663551904,6.41663551894,6.41663551894,6.41663551894,6.41663551894,6.41663551884,6.41663551885,6.41663551885,6.41663551885,6.41663551888,6.41663551888,6.41663551894,6.41663551884,6.41663551883,6.41663551883,6.41663551917,6.41663551917,6.41663551894,6.41663551895,6.41663551895,6.41663551894,6.41663551894,6.41663551894,6.41663551933,6.41663551933,6.41663551873,6.41663551881,6.41663551881,6.41663551904,6.41663551904
"t60",6.40467056558,6.40467056561,6.40467056561,6.40467056568,6.40467056558,6.40467056548,6.40467056548,6.40467056571,2.62710052601,2.62710052601,2.62710052601,2.62710052601,2.62710052601,2.62710052601,1.38099431972,1.38099431972,1.3809943198,0.54581179883,0.54581179883,0,2.1219154376,2.1219154376,2.1219154376,2.1219154376,2.263788566026,2.263788566026,2.263788566006,2.26378856599,2.47774171817,2.47774171817,2.47774171819,2.47774171809,2.47774171809,2.47774171809,2.47774171809,4.49331690882,4.49331690882,4.49331690882,4.49331690891,4.49331690891,4.49331690881,4.49331690881,4.49331690901,5.72698118537,5.72698118537,5.72698118541,5.72698118621,5.72698118621,5.72698118615,5.72698118595,5.72698118598,5.726981185975,5.726981185975,5.72698118605,5.72698118595,5.72698118595,5.72698118595,5.72698118608,5.72698118608,5.72698118611,5.72698118541,5.72698118571,5.72698118571,6.41663551891,6.41663551891,6.41663551891,6.41663551891,6.41663551891,6.41663551898,6.41663551898,6.41663551901,6.41663551891,6.41663551891,6.41663551891,6.41663551891,6.41663551881,6.41663551882,6.41663551882,6.41663551882,6.41663551885,6.41663551885,6.41663551891,6.41663551881,6.4166355188,6.4166355188,6.41663551914,6.41663551914,6.41663551891,6.41663551892,6.41663551892,6.41663551891,6.41663551891,6.41663551891,6.4166355193,6.4166355193,6.4166355187,6.41663551878,6.41663551878,6.41663551901,6.41663551901
"t66",6.40467056558,6.40467056561,6.40467056561,6.40467056568,6.40467056558,6.40467056548,6.40467056548,6.40467056571,2.62710052601,2.62710052601,2.62710052601,2.62710052601,2.62710052601,2.62710052601,2.12191543752,2.12191543752,2.1219154376,2.12191543763,2.12191543763,2.1219154376,0,0.42014988,1.9046197364,1.9046197364,2.263788566026,2.263788566026,2.263788566006,2.26378856599,2.47774171817,2.47774171817,2.47774171819,2.47774171809,2.47774171809,2.47774171809,2.47774171809,4.49331690882,4.49331690882,4.49331690882,4.49331690891,4.49331690891,4.49331690881,4.49331690881,4.49331690901,5.72698118537,5.72698118537,5.72698118541,5.72698118621,5.72698118621,5.72698118615,5.72698118595,5.72698118598,5.726981185975,5.726981185975,5.72698118605,5.72698118595,5.72698118595,5.72698118595,5.72698118608,5.72698118608,5.72698118611,5.72698118541,5.72698118571,5.72698118571,6.41663551891,6.41663551891,6.41663551891,6.41663551891,6.41663551891,6.41663551898,6.41663551898,6.41663551901,6.41663551891,6.41663551891,6.41663551891,6.41663551891,6.41663551881,6.41663551882,6.41663551882,6.41663551882,6.41663551885,6.41663551885,6.41663551891,6.41663551881,6.4166355188,6.4166355188,6.41663551914,6.41663551914,6.41663551891,6.41663551892,6.41663551892,6.41663551891,6.41663551891,6.41663551891,6.4166355193,6.4166355193,6.4166355187,6.41663551878,6.41663551878,6.41663551901,6.41663551901
"t67",6.40467056558,6.40467056561,6.40467056561,6.40467056568,6.40467056558,6.40467056548,6.40467056548,6.40467056571,2.62710052601,2.62710052601,2.62710052601,2.62710052601,2.62710052601,2.62710052601,2.12191543752,2.12191543752,2.1219154376,2.12191543763,2.12191543763,2.1219154376,0.42014988,0,1.9046197364,1.9046197364,2.263788566026,2.263788566026,2.263788566006,2.26378856599,2.47774171817,2.47774171817,2.47774171819,2.47774171809,2.47774171809,2.47774171809,2.47774171809,4.49331690882,4.49331690882,4.49331690882,4.49331690891,4.49331690891,4.49331690881,4.49331690881,4.49331690901,5.72698118537,5.72698118537,5.72698118541,5.72698118621,5.72698118621,5.72698118615,5.72698118595,5.72698118598,5.726981185975,5.726981185975,5.72698118605,5.72698118595,5.72698118595,5.72698118595,5.72698118608,5.72698118608,5.72698118611,5.72698118541,5.72698118571,5.72698118571,6.41663551891,6.41663551891,6.41663551891,6.41663551891,6.41663551891,6.41663551898,6.41663551898,6.41663551901,6.41663551891,6.41663551891,6.41663551891,6.41663551891,6.41663551881,6.41663551882,6.41663551882,6.41663551882,6.41663551885,6.41663551885,6.41663551891,6.41663551881,6.4166355188,6.4166355188,6.41663551914,6.41663551914,6.41663551891,6.41663551892,6.41663551892,6.41663551891,6.41663551891,6.41663551891,6.4166355193,6.4166355193,6.4166355187,6.41663551878,6.41663551878,6.41663551901,6.41663551901
"t22",6.40467056558,6.40467056561,6.40467056561,6.40467056568,6.40467056558,6.40467056548,6.40467056548,6.40467056571,2.62710052601,2.62710052601,2.62710052601,2.62710052601,2.62710052601,2.62710052601,2.12191543752,2.12191543752,2.1219154376,2.12191543763,2.12191543763,2.1219154376,1.9046197364,1.9046197364,0,1.3182109576,2.263788566026,2.263788566026,2.263788566006,2.26378856599,2.47774171817,2.47774171817,2.47774171819,2.47774171809,2.47774171809,2.47774171809,2.47774171809,4.49331690882,4.49331690882,4.49331690882,4.49331690891,4.49331690891,4.49331690881,4.49331690881,4.49331690901,5.72698118537,5.72698118537,5.72698118541,5.72698118621,5.72698118621,5.72698118615,5.72698118595,5.72698118598,5.726981185975,5.726981185975,5.72698118605,5.72698118595,5.72698118595,5.72698118595,5.72698118608,5.72698118608,5.72698118611,5.72698118541,5.72698118571,5.72698118571,6.41663551891,6.41663551891,6.41663551891,6.41663551891,6.41663551891,6.41663551898,6.41663551898,6.41663551901,6.41663551891,6.41663551891,6.41663551891,6.41663551891,6.41663551881,6.41663551882,6.41663551882,6.41663551882,6.41663551885,6.41663551885,6.41663551891,6.41663551881,6.4166355188,6.4166355188,6.41663551914,6.41663551914,6.41663551891,6.41663551892,6.41663551892,6.41663551891,6.41663551891,6.41663551891,6.4166355193,6.4166355193,6.4166355187,6.41663551878,6.41663551878,6.41663551901,6.41663551901
"t23",6.40467056558,6.40467056561,6.40467056561,6.40467056568,6.40467056558,6.40467056548,6.40467056548,6.40467056571,2.62710052601,2.62710052601,2.62710052601,2.62710052601,2.62710052601,2.62710052601,2.12191543752,2.12191543752,2.1219154376,2.12191543763,2.12191543763,2.1219154376,1.9046197364,1.9046197364,1.3182109576,0,2.263788566026,2.263788566026,2.263788566006,2.26378856599,2.47774171817,2.47774171817,2.47774171819,2.47774171809,2.47774171809,2.47774171809,2.47774171809,4.49331690882,4.49331690882,4.49331690882,4.49331690891,4.49331690891,4.49331690881,4.49331690881,4.49331690901,5.72698118537,5.72698118537,5.72698118541,5.72698118621,5.72698118621,5.72698118615,5.72698118595,5.72698118598,5.726981185975,5.726981185975,5.72698118605,5.72698118595,5.72698118595,5.72698118595,5.72698118608,5.72698118608,5.72698118611,5.72698118541,5.72698118571,5.72698118571,6.41663551891,6.41663551891,6.41663551891,6.41663551891,6.41663551891,6.41663551898,6.41663551898,6.41663551901,6.41663551891,6.41663551891,6.41663551891,6.41663551891,6.41663551881,6.41663551882,6.41663551882,6.41663551882,6.41663551885,6.41663551885,6.41663551891,6.41663551881,6.4166355188,6.4166355188,6.41663551914,6.41663551914,6.41663551891,6.41663551892,6.41663551892,6.41663551891,6.41663551891,6.41663551891,6.4166355193,6.4166355193,6.4166355187,6.41663551878,6.41663551878,6.41663551901,6.41663551901
"t89",6.404670565626,6.404670565656,6.404670565656,6.404670565726,6.404670565626,6.404670565526,6.404670565526,6.404670565756,2.627100526056,2.627100526056,2.627100526056,2.627100526056,2.627100526056,2.627100526056,2.263788565946,2.263788565946,2.263788566026,2.263788566056,2.263788566056,2.263788566026,2.263788566026,2.263788566026,2.263788566026,2.263788566026,0,0.13268783604,1.74196072282,1.760455845236,2.477741718216,2.477741718216,2.477741718236,2.477741718136,2.477741718136,2.477741718136,2.477741718136,4.493316908866,4.493316908866,4.493316908866,4.493316908956,4.493316908956,4.493316908856,4.493316908856,4.493316909056,5.726981185416,5.726981185416,5.726981185456,5.726981186256,5.726981186256,5.726981186196,5.726981185996,5.726981186026,5.726981186021,5.726981186021,5.726981186096,5.726981185996,5.726981185996,5.726981185996,5.726981186126,5.726981186126,5.726981186156,5.726981185456,5.726981185756,5.726981185756,6.416635518956,6.416635518956,6.416635518956,6.416635518956,6.416635518956,6.416635519026,6.416635519026,6.416635519056,6.416635518956,6.416635518956,6.416635518956,6.416635518956,6.416635518856,6.416635518866,6.416635518866,6.416635518866,6.416635518896,6.416635518896,6.416635518956,6.416635518856,6.416635518846,6.416635518846,6.416635519186,6.416635519186,6.416635518956,6.416635518966,6.416635518966,6.416635518956,6.416635518956,6.416635518956,6.416635519346,6.416635519346,6.416635518746,6.416635518826,6.416635518826,6.416635519056,6.416635519056
"t90",6.404670565626,6.404670565656,6.404670565656,6.404670565726,6.404670565626,6.404670565526,6.404670565526,6.404670565756,2.627100526056,2.627100526056,2.627100526056,2.627100526056,2.627100526056,2.627100526056,2.263788565946,2.263788565946,2.263788566026,2.263788566056,2.263788566056,2.263788566026,2.263788566026,2.263788566026,2.263788566026,2.263788566026,0.13268783604,0,1.74196072282,1.760455845236,2.477741718216,2.477741718216,2.477741718236,2.477741718136,2.477741718136,2.477741718136,2.477741718136,4.493316908866,4.493316908866,4.493316908866,4.493316908956,4.493316908956,4.493316908856,4.493316908856,4.493316909056,5.726981185416,5.726981185416,5.726981185456,5.726981186256,5.726981186256,5.726981186196,5.726981185996,5.726981186026,5.726981186021,5.726981186021,5.726981186096,5.726981185996,5.726981185996,5.726981185996,5.726981186126,5.726981186126,5.726981186156,5.726981185456,5.726981185756,5.726981185756,6.416635518956,6.416635518956,6.416635518956,6.416635518956,6.416635518956,6.416635519026,6.416635519026,6.416635519056,6.416635518956,6.416635518956,6.416635518956,6.416635518956,6.416635518856,6.416635518866,6.416635518866,6.416635518866,6.416635518896,6.416635518896,6.416635518956,6.416635518856,6.416635518846,6.416635518846,6.416635519186,6.416635519186,6.416635518956,6.416635518966,6.416635518966,6.416635518956,6.416635518956,6.416635518956,6.416635519346,6.416635519346,6.416635518746,6.416635518826,6.416635518826,6.416635519056,6.416635519056
"t15",6.404670565606,6.404670565636,6.404670565636,6.404670565706,6.404670565606,6.404670565506,6.404670565506,6.404670565736,2.627100526036,2.627100526036,2.627100526036,2.627100526036,2.627100526036,2.627100526036,2.263788565926,2.263788565926,2.263788566006,2.263788566036,2.263788566036,2.263788566006,2.263788566006,2.263788566006,2.263788566006,2.263788566006,1.74196072282,1.74196072282,0,1.760455845216,2.477741718196,2.477741718196,2.477741718216,2.477741718116,2.477741718116,2.477741718116,2.477741718116,4.493316908846,4.493316908846,4.493316908846,4.493316908936,4.493316908936,4.493316908836,4.493316908836,4.493316909036,5.726981185396,5.726981185396,5.726981185436,5.726981186236,5.726981186236,5.726981186176,5.726981185976,5.726981186006,5.726981186001,5.726981186001,5.726981186076,5.726981185976,5.726981185976,5.726981185976,5.726981186106,5.726981186106,5.726981186136,5.726981185436,5.726981185736,5.726981185736,6.416635518936,6.416635518936,6.416635518936,6.416635518936,6.416635518936,6.416635519006,6.416635519006,6.416635519036,6.416635518936,6.416635518936,6.416635518936,6.416635518936,6.416635518836,6.416635518846,6.416635518846,6.416635518846,6.416635518876,6.416635518876,6.416635518936,6.416635518836,6.416635518826,6.416635518826,6.416635519166,6.416635519166,6.416635518936,6.416635518946,6.416635518946,6.416635518936,6.416635518936,6.416635518936,6.416635519326,6.416635519326,6.416635518726,6.416635518806,6.416635518806,6.416635519036,6.416635519036
"t14",6.40467056559,6.40467056562,6.40467056562,6.40467056569,6.40467056559,6.40467056549,6.40467056549,6.40467056572,2.62710052602,2.62710052602,2.62710052602,2.62710052602,2.62710052602,2.62710052602,2.26378856591,2.26378856591,2.26378856599,2.26378856602,2.26378856602,2.26378856599,2.26378856599,2.26378856599,2.26378856599,2.26378856599,1.760455845236,1.760455845236,1.760455845216,0,2.47774171818,2.47774171818,2.4777417182,2.4777417181,2.4777417181,2.4777417181,2.4777417181,4.49331690883,4.49331690883,4.49331690883,4.49331690892,4.49331690892,4.49331690882,4.49331690882,4.49331690902,5.72698118538,5.72698118538,5.72698118542,5.72698118622,5.72698118622,5.72698118616,5.72698118596,5.72698118599,5.726981185985,5.726981185985,5.72698118606,5.72698118596,5.72698118596,5.72698118596,5.72698118609,5.72698118609,5.72698118612,5.72698118542,5.72698118572,5.72698118572,6.41663551892,6.41663551892,6.41663551892,6.41663551892,6.41663551892,6.41663551899,6.41663551899,6.41663551902,6.41663551892,6.41663551892,6.41663551892,6.41663551892,6.41663551882,6.41663551883,6.41663551883,6.41663551883,6.41663551886,6.41663551886,6.41663551892,6.41663551882,6.41663551881,6.41663551881,6.41663551915,6.41663551915,6.41663551892,6.41663551893,6.41663551893,6.41663551892,6.41663551892,6.41663551892,6.41663551931,6.41663551931,6.41663551871,6.41663551879,6.41663551879,6.41663551902,6.41663551902
