"","t5","t86","t91","t92","t119","t120","t32","t162","t163","t55","t50","t51","t46","t143","t144","t97","t44","t40","t6","t14","t15","t7","t12","t13","t99","t100","t67","t37","t26","t27","t28","t21","t68","t69","t16","t39","t70","t71","t42","t61","t72","t73","t58","t48","t49","t43","t89","t90","t8","t9","t11","t25","t116","t117","t62","t82","t139","t140","t155","t156","t157","t137","t138","t160","t161","t131","t132","t38","t65","t74","t75","t22","t31","t52","t53","t4","t29","t141","t142","t95","t81","t59","t54","t45","t56","t57","t10","t23","t24","t124","t125","t93","t94","t130","t147","t148","t145","t146","t153","t154","t66","t110","t111","t98","t47","t104","t105","t41","t76","t77","t78","t83","t88","t112","t122","t123","t113","t158","t159","t126","t33","t128","t129","t30","t101","t102","t135","t136","t114","t115","t151","t152","t87","t17","t34","t35","t127","t133","t134","t36","t64","t79","t80","t19","t20","t164","t165","t121","t96","t103","t118","t149","t150","t60","t84","t85","t63","t18","t106","t107","t108","t109","t2","t3","t1"
"t5",0,3.9122783513,3.91227835128,3.91227835128,3.9122783513,3.9122783513,3.1046557897,3.912278351538,3.912278351538,3.5456473518,3.0058399218,3.5935159771,3.9122783519,3.91227835174,3.91227835174,3.9122783517,2.87443318,2.8007436094,1.739817617944,2.514251168544,4.939303367744,2.517790072644,2.41784890463,3.5569855757,4.9393033675,4.9393033675,4.567198404,3.43457124741,3.8886866873,4.939303367,3.0800793514,4.3571328312,4.3797201321,4.9393033671,2.8329945572,3.7240949467,4.3658502457,4.5111426031,3.9159013187,4.93930336744,4.93930336744,4.93930336744,4.9393033674,3.9658237724,4.9393033673,3.9437599046,4.9393033673,4.9393033673,2.55531379101,1.788943329083,2.50462307751,4.87092801961,4.93930336731,4.93930336731,4.93930336741,4.78255533011,4.93930336739,4.93930336739,4.93276512481,4.939303367419,4.939303367419,4.939303367449,4.870178074409,4.939303367414,4.939303367414,4.939303367249,4.825923565889,4.225142988569,4.939303367469,4.939303367569,4.939303367569,3.269652369869,4.30066898051,4.93930336711,4.93930336711,2.7514521108,4.41595494268,5.08376503893,5.08376503893,5.08376503898,4.463153164904,4.48621451688,4.52323003488,3.84483713169,4.89505287898,5.08376503898,5.08376503908,3.10677501708,2.89276913316,5.08376503928,5.08376503928,5.08376503923,5.08376503923,5.0837650391,5.08376503911,5.08376503911,5.08376503916,5.08376503916,5.08376503925,5.08376503925,4.4863192989,5.03780793812,5.08376503842,4.68211730732,3.93129586128,5.08376503858,5.07903004988,4.82284982359,5.08376503889,4.60032381732,5.08376503892,5.08376503889,5.08376503892,5.08376503885,5.08376503885,5.08376503885,5.08376503895,5.08376503896,5.08376503896,5.08376503895,5.08376503885,5.08376503935,5.08376503935,3.48385600538,5.08376503876,5.08376503876,5.08376503878,5.08376503878,4.80202088862,5.08376503868,5.08376503873,5.08376503873,5.08376503878,5.14452290928,5.24060502048,5.54351079558,6.43431061898,6.43431061892,6.43431061892,6.43431062008,5.74167785848,6.43431061968,6.43431061968,4.59320509238,5.78920126028,6.434310619183,6.434310619183,6.43431061921,6.43431061921,6.43431061918,6.43431061918,6.43431061926,6.43431061926,6.430551832992,6.434310619222,6.434310619222,6.434310619222,5.87878145951,6.43431061881,6.43431061881,6.43431061881,6.43431061881,6.83146593018,6.48469285378,6.79151731308
"t86",3.9122783513,0,1.08543741158,1.08543741158,1.8771051306,1.8771051306,4.819559519,5.627182080838,5.627182080838,5.2605510811,4.7207436511,5.3084197064,5.6271820812,5.62718208104,5.62718208104,5.627182081,4.5893369093,4.5156473387,5.121535879244,5.895969429844,8.321021629044,5.899508333944,5.79956716593,6.938703837,8.3210216288,8.3210216288,7.9489166653,6.81628950871,7.2704049486,8.3210216283,6.4617976127,7.7388510925,7.7614383934,8.3210216284,6.2147128185,7.105813208,7.747568507,7.8928608644,7.29761958,8.32102162874,8.32102162874,8.32102162874,8.3210216287,7.3475420337,8.3210216286,7.3254781659,8.3210216286,8.3210216286,5.93703205231,5.170661590383,5.88634133881,8.25264628091,8.32102162861,8.32102162861,8.32102162871,8.16427359141,8.32102162869,8.32102162869,8.31448338611,8.321021628719,8.321021628719,8.321021628749,8.251896335709,8.321021628714,8.321021628714,8.321021628549,8.207641827189,7.606861249869,8.321021628769,8.321021628869,8.321021628869,6.651370631169,7.68238724181,8.32102162841,8.32102162841,6.1331703721,7.79767320398,8.46548330023,8.46548330023,8.46548330028,7.844871426204,7.86793277818,7.90494829618,7.22655539299,8.27677114028,8.46548330028,8.46548330038,6.48849327838,6.27448739446,8.46548330058,8.46548330058,8.46548330053,8.46548330053,8.4654833004,8.46548330041,8.46548330041,8.46548330046,8.46548330046,8.46548330055,8.46548330055,7.8680375602,8.41952619942,8.46548329972,8.06383556862,7.31301412258,8.46548329988,8.46074831118,8.20456808489,8.46548330019,7.98204207862,8.46548330022,8.46548330019,8.46548330022,8.46548330015,8.46548330015,8.46548330015,8.46548330025,8.46548330026,8.46548330026,8.46548330025,8.46548330015,8.46548330065,8.46548330065,6.86557426668,8.46548330006,8.46548330006,8.46548330008,8.46548330008,8.18373914992,8.46548329998,8.46548330003,8.46548330003,8.46548330008,8.52624117058,8.62232328178,8.92522905688,9.81602888028,9.81602888022,9.81602888022,9.81602888138,9.12339611978,9.81602888098,9.81602888098,7.97492335368,9.17091952158,9.816028880483,9.816028880483,9.81602888051,9.81602888051,9.81602888048,9.81602888048,9.81602888056,9.81602888056,9.812270094292,9.816028880522,9.816028880522,9.816028880522,9.26049972081,9.81602888011,9.81602888011,9.81602888011,9.81602888011,10.21318419148,9.86641111508,10.17323557438
"t91",3.91227835128,1.08543741158,0,0.9993703696,1.87710513058,1.87710513058,4.81955951898,5.627182080818,5.627182080818,5.26055108108,4.72074365108,5.30841970638,5.62718208118,5.62718208102,5.62718208102,5.62718208098,4.58933690928,4.51564733868,5.121535879224,5.895969429824,8.321021629024,5.899508333924,5.79956716591,6.93870383698,8.32102162878,8.32102162878,7.94891666528,6.81628950869,7.27040494858,8.32102162828,6.46179761268,7.73885109248,7.76143839338,8.32102162838,6.21471281848,7.10581320798,7.74756850698,7.89286086438,7.29761957998,8.32102162872,8.32102162872,8.32102162872,8.32102162868,7.34754203368,8.32102162858,7.32547816588,8.32102162858,8.32102162858,5.93703205229,5.170661590363,5.88634133879,8.25264628089,8.32102162859,8.32102162859,8.32102162869,8.16427359139,8.32102162867,8.32102162867,8.31448338609,8.321021628699,8.321021628699,8.321021628729,8.251896335689,8.321021628694,8.321021628694,8.321021628529,8.207641827169,7.606861249849,8.321021628749,8.321021628849,8.321021628849,6.651370631149,7.68238724179,8.32102162839,8.32102162839,6.13317037208,7.79767320396,8.46548330021,8.46548330021,8.46548330026,7.844871426184,7.86793277816,7.90494829616,7.22655539297,8.27677114026,8.46548330026,8.46548330036,6.48849327836,6.27448739444,8.46548330056,8.46548330056,8.46548330051,8.46548330051,8.46548330038,8.46548330039,8.46548330039,8.46548330044,8.46548330044,8.46548330053,8.46548330053,7.86803756018,8.4195261994,8.4654832997,8.0638355686,7.31301412256,8.46548329986,8.46074831116,8.20456808487,8.46548330017,7.9820420786,8.4654833002,8.46548330017,8.4654833002,8.46548330013,8.46548330013,8.46548330013,8.46548330023,8.46548330024,8.46548330024,8.46548330023,8.46548330013,8.46548330063,8.46548330063,6.86557426666,8.46548330004,8.46548330004,8.46548330006,8.46548330006,8.1837391499,8.46548329996,8.46548330001,8.46548330001,8.46548330006,8.52624117056,8.62232328176,8.92522905686,9.81602888026,9.8160288802,9.8160288802,9.81602888136,9.12339611976,9.81602888096,9.81602888096,7.97492335366,9.17091952156,9.816028880463,9.816028880463,9.81602888049,9.81602888049,9.81602888046,9.81602888046,9.81602888054,9.81602888054,9.812270094272,9.816028880502,9.816028880502,9.816028880502,9.26049972079,9.81602888009,9.81602888009,9.81602888009,9.81602888009,10.21318419146,9.86641111506,10.17323557436
"t92",3.91227835128,1.08543741158,0.9993703696,0,1.87710513058,1.87710513058,4.81955951898,5.627182080818,5.627182080818,5.26055108108,4.72074365108,5.30841970638,5.62718208118,5.62718208102,5.62718208102,5.62718208098,4.58933690928,4.51564733868,5.121535879224,5.895969429824,8.321021629024,5.899508333924,5.79956716591,6.93870383698,8.32102162878,8.32102162878,7.94891666528,6.81628950869,7.27040494858,8.32102162828,6.46179761268,7.73885109248,7.76143839338,8.32102162838,6.21471281848,7.10581320798,7.74756850698,7.89286086438,7.29761957998,8.32102162872,8.32102162872,8.32102162872,8.32102162868,7.34754203368,8.32102162858,7.32547816588,8.32102162858,8.32102162858,5.93703205229,5.170661590363,5.88634133879,8.25264628089,8.32102162859,8.32102162859,8.32102162869,8.16427359139,8.32102162867,8.32102162867,8.31448338609,8.321021628699,8.321021628699,8.321021628729,8.251896335689,8.321021628694,8.321021628694,8.321021628529,8.207641827169,7.606861249849,8.321021628749,8.321021628849,8.321021628849,6.651370631149,7.68238724179,8.32102162839,8.32102162839,6.13317037208,7.79767320396,8.46548330021,8.46548330021,8.46548330026,7.844871426184,7.86793277816,7.90494829616,7.22655539297,8.27677114026,8.46548330026,8.46548330036,6.48849327836,6.27448739444,8.46548330056,8.46548330056,8.46548330051,8.46548330051,8.46548330038,8.46548330039,8.46548330039,8.46548330044,8.46548330044,8.46548330053,8.46548330053,7.86803756018,8.4195261994,8.4654832997,8.0638355686,7.31301412256,8.46548329986,8.46074831116,8.20456808487,8.46548330017,7.9820420786,8.4654833002,8.46548330017,8.4654833002,8.46548330013,8.46548330013,8.46548330013,8.46548330023,8.46548330024,8.46548330024,8.46548330023,8.46548330013,8.46548330063,8.46548330063,6.86557426666,8.46548330004,8.46548330004,8.46548330006,8.46548330006,8.1837391499,8.46548329996,8.46548330001,8.46548330001,8.46548330006,8.52624117056,8.62232328176,8.92522905686,9.81602888026,9.8160288802,9.8160288802,9.81602888136,9.12339611976,9.81602888096,9.81602888096,7.97492335366,9.17091952156,9.816028880463,9.816028880463,9.81602888049,9.81602888049,9.81602888046,9.81602888046,9.81602888054,9.81602888054,9.812270094272,9.816028880502,9.816028880502,9.816028880502,9.26049972079,9.81602888009,9.81602888009,9.81602888009,9.81602888009,10.21318419146,9.86641111506,10.17323557436
"t119",3.9122783513,1.8771051306,1.87710513058,1.87710513058,0,0.4345698172,4.819559519,5.627182080838,5.627182080838,5.2605510811,4.7207436511,5.3084197064,5.6271820812,5.62718208104,5.62718208104,5.627182081,4.5893369093,4.5156473387,5.121535879244,5.895969429844,8.321021629044,5.899508333944,5.79956716593,6.938703837,8.3210216288,8.3210216288,7.9489166653,6.81628950871,7.2704049486,8.3210216283,6.4617976127,7.7388510925,7.7614383934,8.3210216284,6.2147128185,7.105813208,7.747568507,7.8928608644,7.29761958,8.32102162874,8.32102162874,8.32102162874,8.3210216287,7.3475420337,8.3210216286,7.3254781659,8.3210216286,8.3210216286,5.93703205231,5.170661590383,5.88634133881,8.25264628091,8.32102162861,8.32102162861,8.32102162871,8.16427359141,8.32102162869,8.32102162869,8.31448338611,8.321021628719,8.321021628719,8.321021628749,8.251896335709,8.321021628714,8.321021628714,8.321021628549,8.207641827189,7.606861249869,8.321021628769,8.321021628869,8.321021628869,6.651370631169,7.68238724181,8.32102162841,8.32102162841,6.1331703721,7.79767320398,8.46548330023,8.46548330023,8.46548330028,7.844871426204,7.86793277818,7.90494829618,7.22655539299,8.27677114028,8.46548330028,8.46548330038,6.48849327838,6.27448739446,8.46548330058,8.46548330058,8.46548330053,8.46548330053,8.4654833004,8.46548330041,8.46548330041,8.46548330046,8.46548330046,8.46548330055,8.46548330055,7.8680375602,8.41952619942,8.46548329972,8.06383556862,7.31301412258,8.46548329988,8.46074831118,8.20456808489,8.46548330019,7.98204207862,8.46548330022,8.46548330019,8.46548330022,8.46548330015,8.46548330015,8.46548330015,8.46548330025,8.46548330026,8.46548330026,8.46548330025,8.46548330015,8.46548330065,8.46548330065,6.86557426668,8.46548330006,8.46548330006,8.46548330008,8.46548330008,8.18373914992,8.46548329998,8.46548330003,8.46548330003,8.46548330008,8.52624117058,8.62232328178,8.92522905688,9.81602888028,9.81602888022,9.81602888022,9.81602888138,9.12339611978,9.81602888098,9.81602888098,7.97492335368,9.17091952158,9.816028880483,9.816028880483,9.81602888051,9.81602888051,9.81602888048,9.81602888048,9.81602888056,9.81602888056,9.812270094292,9.816028880522,9.816028880522,9.816028880522,9.26049972081,9.81602888011,9.81602888011,9.81602888011,9.81602888011,10.21318419148,9.86641111508,10.17323557438
"t120",3.9122783513,1.8771051306,1.87710513058,1.87710513058,0.4345698172,0,4.819559519,5.627182080838,5.627182080838,5.2605510811,4.7207436511,5.3084197064,5.6271820812,5.62718208104,5.62718208104,5.627182081,4.5893369093,4.5156473387,5.121535879244,5.895969429844,8.321021629044,5.899508333944,5.79956716593,6.938703837,8.3210216288,8.3210216288,7.9489166653,6.81628950871,7.2704049486,8.3210216283,6.4617976127,7.7388510925,7.7614383934,8.3210216284,6.2147128185,7.105813208,7.747568507,7.8928608644,7.29761958,8.32102162874,8.32102162874,8.32102162874,8.3210216287,7.3475420337,8.3210216286,7.3254781659,8.3210216286,8.3210216286,5.93703205231,5.170661590383,5.88634133881,8.25264628091,8.32102162861,8.32102162861,8.32102162871,8.16427359141,8.32102162869,8.32102162869,8.31448338611,8.321021628719,8.321021628719,8.321021628749,8.251896335709,8.321021628714,8.321021628714,8.321021628549,8.207641827189,7.606861249869,8.321021628769,8.321021628869,8.321021628869,6.651370631169,7.68238724181,8.32102162841,8.32102162841,6.1331703721,7.79767320398,8.46548330023,8.46548330023,8.46548330028,7.844871426204,7.86793277818,7.90494829618,7.22655539299,8.27677114028,8.46548330028,8.46548330038,6.48849327838,6.27448739446,8.46548330058,8.46548330058,8.46548330053,8.46548330053,8.4654833004,8.46548330041,8.46548330041,8.46548330046,8.46548330046,8.46548330055,8.46548330055,7.8680375602,8.41952619942,8.46548329972,8.06383556862,7.31301412258,8.46548329988,8.46074831118,8.20456808489,8.46548330019,7.98204207862,8.46548330022,8.46548330019,8.46548330022,8.46548330015,8.46548330015,8.46548330015,8.46548330025,8.46548330026,8.46548330026,8.46548330025,8.46548330015,8.46548330065,8.46548330065,6.86557426668,8.46548330006,8.46548330006,8.46548330008,8.46548330008,8.18373914992,8.46548329998,8.46548330003,8.46548330003,8.46548330008,8.52624117058,8.62232328178,8.92522905688,9.81602888028,9.81602888022,9.81602888022,9.81602888138,9.12339611978,9.81602888098,9.81602888098,7.97492335368,9.17091952158,9.816028880483,9.816028880483,9.81602888051,9.81602888051,9.81602888048,9.81602888048,9.81602888056,9.81602888056,9.812270094292,9.816028880522,9.816028880522,9.816028880522,9.26049972081,9.81602888011,9.81602888011,9.81602888011,9.81602888011,10.21318419148,9.86641111508,10.17323557438
"t32",3.1046557897,4.819559519,4.81955951898,4.81955951898,4.819559519,4.819559519,0,2.663683033238,2.663683033238,2.2970520335,3.1193202385,3.7069962938,4.0257586686,4.02575866844,4.02575866844,4.0257586684,2.9879134967,2.9142239261,4.313913317644,5.088346868244,7.513399067444,5.091885772344,4.99194460433,6.1310812754,7.5133990672,7.5133990672,7.1412941037,6.00866694711,6.462782387,7.5133990667,5.6541750511,6.9312285309,6.9538158318,7.5133990668,5.4070902569,6.2981906464,6.9399459454,7.0852383028,6.4899970184,7.51339906714,7.51339906714,7.51339906714,7.5133990671,6.5399194721,7.513399067,6.5178556043,7.513399067,7.513399067,5.12940949071,4.363039028783,5.07871877721,7.44502371931,7.51339906701,7.51339906701,7.51339906711,7.35665102981,7.51339906709,7.51339906709,7.50686082451,7.513399067119,7.513399067119,7.513399067149,7.444273774109,7.513399067114,7.513399067114,7.513399066949,7.400019265589,6.799238688269,7.513399067169,7.513399067269,7.513399067269,5.843748069569,6.87476468021,7.51339906681,7.51339906681,5.3255478105,6.99005064238,7.65786073863,7.65786073863,7.65786073868,7.037248864604,7.06031021658,7.09732573458,6.41893283139,7.46914857868,7.65786073868,7.65786073878,5.68087071678,5.46686483286,7.65786073898,7.65786073898,7.65786073893,7.65786073893,7.6578607388,7.65786073881,7.65786073881,7.65786073886,7.65786073886,7.65786073895,7.65786073895,7.0604149986,7.61190363782,7.65786073812,7.25621300702,6.50539156098,7.65786073828,7.65312574958,7.39694552329,7.65786073859,7.17441951702,7.65786073862,7.65786073859,7.65786073862,7.65786073855,7.65786073855,7.65786073855,7.65786073865,7.65786073866,7.65786073866,7.65786073865,7.65786073855,7.65786073905,7.65786073905,6.05795170508,7.65786073846,7.65786073846,7.65786073848,7.65786073848,7.37611658832,7.65786073838,7.65786073843,7.65786073843,7.65786073848,7.71861860898,7.81470072018,8.11760649528,9.00840631868,9.00840631862,9.00840631862,9.00840631978,8.31577355818,9.00840631938,9.00840631938,7.16730079208,8.36329695998,9.008406318883,9.008406318883,9.00840631891,9.00840631891,9.00840631888,9.00840631888,9.00840631896,9.00840631896,9.004647532692,9.008406318922,9.008406318922,9.008406318922,8.45287715921,9.00840631851,9.00840631851,9.00840631851,9.00840631851,9.40556162988,9.05878855348,9.36561301278
"t162",3.912278351538,5.627182080838,5.627182080818,5.627182080818,5.627182080838,5.627182080838,2.663683033238,0,0.010499509476,1.742446023738,3.926942800338,4.514618855638,4.833381230438,4.833381230278,4.833381230278,4.833381230238,3.795536058538,3.721846487938,5.121535879482,5.895969430082,8.321021629282,5.899508334182,5.799567166168,6.938703837238,8.321021629038,8.321021629038,7.948916665538,6.816289508948,7.270404948838,8.321021628538,6.461797612938,7.738851092738,7.761438393638,8.321021628638,6.214712818738,7.105813208238,7.747568507238,7.892860864638,7.297619580238,8.321021628978,8.321021628978,8.321021628978,8.321021628938,7.347542033938,8.321021628838,7.325478166138,8.321021628838,8.321021628838,5.937032052548,5.170661590621,5.886341339048,8.252646281148,8.321021628848,8.321021628848,8.321021628948,8.164273591648,8.321021628928,8.321021628928,8.314483386348,8.321021628957,8.321021628957,8.321021628987,8.251896335947,8.321021628952,8.321021628952,8.321021628787,8.207641827427,7.606861250107,8.321021629007,8.321021629107,8.321021629107,6.651370631407,7.682387242048,8.321021628648,8.321021628648,6.133170372338,7.797673204218,8.465483300468,8.465483300468,8.465483300518,7.844871426442,7.867932778418,7.904948296418,7.226555393228,8.276771140518,8.465483300518,8.465483300618,6.488493278618,6.274487394698,8.465483300818,8.465483300818,8.465483300768,8.465483300768,8.465483300638,8.465483300648,8.465483300648,8.465483300698,8.465483300698,8.465483300788,8.465483300788,7.868037560438,8.419526199658,8.465483299958,8.063835568858,7.313014122818,8.465483300118,8.460748311418,8.204568085128,8.465483300428,7.982042078858,8.465483300458,8.465483300428,8.465483300458,8.465483300388,8.465483300388,8.465483300388,8.465483300488,8.465483300498,8.465483300498,8.465483300488,8.465483300388,8.465483300888,8.465483300888,6.865574266918,8.465483300298,8.465483300298,8.465483300318,8.465483300318,8.183739150158,8.465483300218,8.465483300268,8.465483300268,8.465483300318,8.526241170818,8.622323282018,8.925229057118,9.816028880518,9.816028880458,9.816028880458,9.816028881618,9.123396120018,9.816028881218,9.816028881218,7.974923353918,9.170919521818,9.816028880721,9.816028880721,9.816028880748,9.816028880748,9.816028880718,9.816028880718,9.816028880798,9.816028880798,9.81227009453,9.81602888076,9.81602888076,9.81602888076,9.260499721048,9.816028880348,9.816028880348,9.816028880348,9.816028880348,10.213184191718,9.866411115318,10.173235574618
"t163",3.912278351538,5.627182080838,5.627182080818,5.627182080818,5.627182080838,5.627182080838,2.663683033238,0.010499509476,0,1.742446023738,3.926942800338,4.514618855638,4.833381230438,4.833381230278,4.833381230278,4.833381230238,3.795536058538,3.721846487938,5.121535879482,5.895969430082,8.321021629282,5.899508334182,5.799567166168,6.938703837238,8.321021629038,8.321021629038,7.948916665538,6.816289508948,7.270404948838,8.321021628538,6.461797612938,7.738851092738,7.761438393638,8.321021628638,6.214712818738,7.105813208238,7.747568507238,7.892860864638,7.297619580238,8.321021628978,8.321021628978,8.321021628978,8.321021628938,7.347542033938,8.321021628838,7.325478166138,8.321021628838,8.321021628838,5.937032052548,5.170661590621,5.886341339048,8.252646281148,8.321021628848,8.321021628848,8.321021628948,8.164273591648,8.321021628928,8.321021628928,8.314483386348,8.321021628957,8.321021628957,8.321021628987,8.251896335947,8.321021628952,8.321021628952,8.321021628787,8.207641827427,7.606861250107,8.321021629007,8.321021629107,8.321021629107,6.651370631407,7.682387242048,8.321021628648,8.321021628648,6.133170372338,7.797673204218,8.465483300468,8.465483300468,8.465483300518,7.844871426442,7.867932778418,7.904948296418,7.226555393228,8.276771140518,8.465483300518,8.465483300618,6.488493278618,6.274487394698,8.465483300818,8.465483300818,8.465483300768,8.465483300768,8.465483300638,8.465483300648,8.465483300648,8.465483300698,8.465483300698,8.465483300788,8.465483300788,7.868037560438,8.419526199658,8.465483299958,8.063835568858,7.313014122818,8.465483300118,8.460748311418,8.204568085128,8.465483300428,7.982042078858,8.465483300458,8.465483300428,8.465483300458,8.465483300388,8.465483300388,8.465483300388,8.465483300488,8.465483300498,8.465483300498,8.465483300488,8.465483300388,8.465483300888,8.465483300888,6.865574266918,8.465483300298,8.465483300298,8.465483300318,8.465483300318,8.183739150158,8.465483300218,8.465483300268,8.465483300268,8.465483300318,8.526241170818,8.622323282018,8.925229057118,9.816028880518,9.816028880458,9.816028880458,9.816028881618,9.123396120018,9.816028881218,9.816028881218,7.974923353918,9.170919521818,9.816028880721,9.816028880721,9.816028880748,9.816028880748,9.816028880718,9.816028880718,9.816028880798,9.816028880798,9.81227009453,9.81602888076,9.81602888076,9.81602888076,9.260499721048,9.816028880348,9.816028880348,9.816028880348,9.816028880348,10.213184191718,9.866411115318,10.173235574618
"t55",3.5456473518,5.2605510811,5.26055108108,5.26055108108,5.2605510811,5.2605510811,2.2970520335,1.742446023738,1.742446023738,0,3.5603118006,4.1479878559,4.4667502307,4.46675023054,4.46675023054,4.4667502305,3.4289050588,3.3552154882,4.754904879744,5.529338430344,7.954390629544,5.532877334444,5.43293616643,6.5720728375,7.9543906293,7.9543906293,7.5822856658,6.44965850921,6.9037739491,7.9543906288,6.0951666132,7.372220093,7.3948073939,7.9543906289,5.848081819,6.7391822085,7.3809375075,7.5262298649,6.9309885805,7.95439062924,7.95439062924,7.95439062924,7.9543906292,6.9809110342,7.9543906291,6.9588471664,7.9543906291,7.9543906291,5.57040105281,4.804030590883,5.51971033931,7.88601528141,7.95439062911,7.95439062911,7.95439062921,7.79764259191,7.95439062919,7.95439062919,7.94785238661,7.954390629219,7.954390629219,7.954390629249,7.885265336209,7.954390629214,7.954390629214,7.954390629049,7.841010827689,7.240230250369,7.954390629269,7.954390629369,7.954390629369,6.284739631669,7.31575624231,7.95439062891,7.95439062891,5.7665393726,7.43104220448,8.09885230073,8.09885230073,8.09885230078,7.478240426704,7.50130177868,7.53831729668,6.85992439349,7.91014014078,8.09885230078,8.09885230088,6.12186227888,5.90785639496,8.09885230108,8.09885230108,8.09885230103,8.09885230103,8.0988523009,8.09885230091,8.09885230091,8.09885230096,8.09885230096,8.09885230105,8.09885230105,7.5014065607,8.05289519992,8.09885230022,7.69720456912,6.94638312308,8.09885230038,8.09411731168,7.83793708539,8.09885230069,7.61541107912,8.09885230072,8.09885230069,8.09885230072,8.09885230065,8.09885230065,8.09885230065,8.09885230075,8.09885230076,8.09885230076,8.09885230075,8.09885230065,8.09885230115,8.09885230115,6.49894326718,8.09885230056,8.09885230056,8.09885230058,8.09885230058,7.81710815042,8.09885230048,8.09885230053,8.09885230053,8.09885230058,8.15961017108,8.25569228228,8.55859805738,9.44939788078,9.44939788072,9.44939788072,9.44939788188,8.75676512028,9.44939788148,9.44939788148,7.60829235418,8.80428852208,9.449397880983,9.449397880983,9.44939788101,9.44939788101,9.44939788098,9.44939788098,9.44939788106,9.44939788106,9.445639094792,9.449397881022,9.449397881022,9.449397881022,8.89386872131,9.44939788061,9.44939788061,9.44939788061,9.44939788061,9.84655319198,9.49978011558,9.80660457488
"t50",3.0058399218,4.7207436511,4.72074365108,4.72074365108,4.7207436511,4.7207436511,3.1193202385,3.926942800338,3.926942800338,3.5603118006,0,0.9846041569,1.6176585419,3.27759221294,3.27759221294,3.2775922129,2.2397470412,2.1660574706,4.215097449744,4.989531000344,7.414583199544,4.993069904444,4.89312873643,6.0322654075,7.4145831993,7.4145831993,7.0424782358,5.90985107921,6.3639665191,7.4145831988,5.5553591832,6.832412663,6.8549999639,7.4145831989,5.308274389,6.1993747785,6.8411300775,6.9864224349,6.3911811505,7.41458319924,7.41458319924,7.41458319924,7.4145831992,6.4411036042,7.4145831991,6.4190397364,7.4145831991,7.4145831991,5.03059362281,4.264223160883,4.97990290931,7.34620785141,7.41458319911,7.41458319911,7.41458319921,7.25783516191,7.41458319919,7.41458319919,7.40804495661,7.414583199219,7.414583199219,7.414583199249,7.345457906209,7.414583199214,7.414583199214,7.414583199049,7.301203397689,6.700422820369,7.414583199269,7.414583199369,7.414583199369,5.744932201669,6.77594881231,7.41458319891,7.41458319891,5.2267319426,6.89123477448,7.55904487073,7.55904487073,7.55904487078,6.938432996704,6.96149434868,6.99850986668,6.32011696349,7.37033271078,7.55904487078,7.55904487088,5.58205484888,5.36804896496,7.55904487108,7.55904487108,7.55904487103,7.55904487103,7.5590448709,7.55904487091,7.55904487091,7.55904487096,7.55904487096,7.55904487105,7.55904487105,6.9615991307,7.51308776992,7.55904487022,7.15739713912,6.40657569308,7.55904487038,7.55430988168,7.29812965539,7.55904487069,7.07560364912,7.55904487072,7.55904487069,7.55904487072,7.55904487065,7.55904487065,7.55904487065,7.55904487075,7.55904487076,7.55904487076,7.55904487075,7.55904487065,7.55904487115,7.55904487115,5.95913583718,7.55904487056,7.55904487056,7.55904487058,7.55904487058,7.27730072042,7.55904487048,7.55904487053,7.55904487053,7.55904487058,7.61980274108,7.71588485228,8.01879062738,8.90959045078,8.90959045072,8.90959045072,8.90959045188,8.21695769028,8.90959045148,8.90959045148,7.06848492418,8.26448109208,8.909590450983,8.909590450983,8.90959045101,8.90959045101,8.90959045098,8.90959045098,8.90959045106,8.90959045106,8.905831664792,8.909590451022,8.909590451022,8.909590451022,8.35406129131,8.90959045061,8.90959045061,8.90959045061,8.90959045061,9.30674576198,8.95997268558,9.26679714488
"t51",3.5935159771,5.3084197064,5.30841970638,5.30841970638,5.3084197064,5.3084197064,3.7069962938,4.514618855638,4.514618855638,4.1479878559,0.9846041569,0,2.2053345972,3.86526826824,3.86526826824,3.8652682682,2.8274230965,2.7537335259,4.802773505044,5.577207055644,8.002259254844,5.580745959744,5.48080479173,6.6199414628,8.0022592546,8.0022592546,7.6301542911,6.49752713451,6.9516425744,8.0022592541,6.1430352385,7.4200887183,7.4426760192,8.0022592542,5.8959504443,6.7870508338,7.4288061328,7.5740984902,6.9788572058,8.00225925454,8.00225925454,8.00225925454,8.0022592545,7.0287796595,8.0022592544,7.0067157917,8.0022592544,8.0022592544,5.61826967811,4.851899216183,5.56757896461,7.93388390671,8.00225925441,8.00225925441,8.00225925451,7.84551121721,8.00225925449,8.00225925449,7.99572101191,8.002259254519,8.002259254519,8.002259254549,7.933133961509,8.002259254514,8.002259254514,8.002259254349,7.888879452989,7.288098875669,8.002259254569,8.002259254669,8.002259254669,6.332608256969,7.36362486761,8.00225925421,8.00225925421,5.8144079979,7.47891082978,8.14672092603,8.14672092603,8.14672092608,7.526109052004,7.54917040398,7.58618592198,6.90779301879,7.95800876608,8.14672092608,8.14672092618,6.16973090418,5.95572502026,8.14672092638,8.14672092638,8.14672092633,8.14672092633,8.1467209262,8.14672092621,8.14672092621,8.14672092626,8.14672092626,8.14672092635,8.14672092635,7.549275186,8.10076382522,8.14672092552,7.74507319442,6.99425174838,8.14672092568,8.14198593698,7.88580571069,8.14672092599,7.66327970442,8.14672092602,8.14672092599,8.14672092602,8.14672092595,8.14672092595,8.14672092595,8.14672092605,8.14672092606,8.14672092606,8.14672092605,8.14672092595,8.14672092645,8.14672092645,6.54681189248,8.14672092586,8.14672092586,8.14672092588,8.14672092588,7.86497677572,8.14672092578,8.14672092583,8.14672092583,8.14672092588,8.20747879638,8.30356090758,8.60646668268,9.49726650608,9.49726650602,9.49726650602,9.49726650718,8.80463374558,9.49726650678,9.49726650678,7.65616097948,8.85215714738,9.497266506283,9.497266506283,9.49726650631,9.49726650631,9.49726650628,9.49726650628,9.49726650636,9.49726650636,9.493507720092,9.497266506322,9.497266506322,9.497266506322,8.94173734661,9.49726650591,9.49726650591,9.49726650591,9.49726650591,9.89442181728,9.54764874088,9.85447320018
"t46",3.9122783519,5.6271820812,5.62718208118,5.62718208118,5.6271820812,5.6271820812,4.0257586686,4.833381230438,4.833381230438,4.4667502307,1.6176585419,2.2053345972,0,4.18403064304,4.18403064304,4.184030643,3.1461854713,3.0724959007,5.121535879844,5.895969430444,8.321021629644,5.899508334544,5.79956716653,6.9387038376,8.3210216294,8.3210216294,7.9489166659,6.81628950931,7.2704049492,8.3210216289,6.4617976133,7.7388510931,7.761438394,8.321021629,6.2147128191,7.1058132086,7.7475685076,7.892860865,7.2976195806,8.32102162934,8.32102162934,8.32102162934,8.3210216293,7.3475420343,8.3210216292,7.3254781665,8.3210216292,8.3210216292,5.93703205291,5.170661590983,5.88634133941,8.25264628151,8.32102162921,8.32102162921,8.32102162931,8.16427359201,8.32102162929,8.32102162929,8.31448338671,8.321021629319,8.321021629319,8.321021629349,8.251896336309,8.321021629314,8.321021629314,8.321021629149,8.207641827789,7.606861250469,8.321021629369,8.321021629469,8.321021629469,6.651370631769,7.68238724241,8.32102162901,8.32102162901,6.1331703727,7.79767320458,8.46548330083,8.46548330083,8.46548330088,7.844871426804,7.86793277878,7.90494829678,7.22655539359,8.27677114088,8.46548330088,8.46548330098,6.48849327898,6.27448739506,8.46548330118,8.46548330118,8.46548330113,8.46548330113,8.465483301,8.46548330101,8.46548330101,8.46548330106,8.46548330106,8.46548330115,8.46548330115,7.8680375608,8.41952620002,8.46548330032,8.06383556922,7.31301412318,8.46548330048,8.46074831178,8.20456808549,8.46548330079,7.98204207922,8.46548330082,8.46548330079,8.46548330082,8.46548330075,8.46548330075,8.46548330075,8.46548330085,8.46548330086,8.46548330086,8.46548330085,8.46548330075,8.46548330125,8.46548330125,6.86557426728,8.46548330066,8.46548330066,8.46548330068,8.46548330068,8.18373915052,8.46548330058,8.46548330063,8.46548330063,8.46548330068,8.52624117118,8.62232328238,8.92522905748,9.81602888088,9.81602888082,9.81602888082,9.81602888198,9.12339612038,9.81602888158,9.81602888158,7.97492335428,9.17091952218,9.816028881083,9.816028881083,9.81602888111,9.81602888111,9.81602888108,9.81602888108,9.81602888116,9.81602888116,9.812270094892,9.816028881122,9.816028881122,9.816028881122,9.26049972141,9.81602888071,9.81602888071,9.81602888071,9.81602888071,10.21318419208,9.86641111568,10.17323557498
"t143",3.91227835174,5.62718208104,5.62718208102,5.62718208102,5.62718208104,5.62718208104,4.02575866844,4.833381230278,4.833381230278,4.46675023054,3.27759221294,3.86526826824,4.18403064304,0,0.12200075948,0.90068896444,1.68384886774,1.90305022554,5.121535879684,5.895969430284,8.321021629484,5.899508334384,5.79956716637,6.93870383744,8.32102162924,8.32102162924,7.94891666574,6.81628950915,7.27040494904,8.32102162874,6.46179761314,7.73885109294,7.76143839384,8.32102162884,6.21471281894,7.10581320844,7.74756850744,7.89286086484,7.29761958044,8.32102162918,8.32102162918,8.32102162918,8.32102162914,7.34754203414,8.32102162904,7.32547816634,8.32102162904,8.32102162904,5.93703205275,5.170661590823,5.88634133925,8.25264628135,8.32102162905,8.32102162905,8.32102162915,8.16427359185,8.32102162913,8.32102162913,8.31448338655,8.321021629159,8.321021629159,8.321021629189,8.251896336149,8.321021629154,8.321021629154,8.321021628989,8.207641827629,7.606861250309,8.321021629209,8.321021629309,8.321021629309,6.651370631609,7.68238724225,8.32102162885,8.32102162885,6.13317037254,7.79767320442,8.46548330067,8.46548330067,8.46548330072,7.844871426644,7.86793277862,7.90494829662,7.22655539343,8.27677114072,8.46548330072,8.46548330082,6.48849327882,6.2744873949,8.46548330102,8.46548330102,8.46548330097,8.46548330097,8.46548330084,8.46548330085,8.46548330085,8.4654833009,8.4654833009,8.46548330099,8.46548330099,7.86803756064,8.41952619986,8.46548330016,8.06383556906,7.31301412302,8.46548330032,8.46074831162,8.20456808533,8.46548330063,7.98204207906,8.46548330066,8.46548330063,8.46548330066,8.46548330059,8.46548330059,8.46548330059,8.46548330069,8.4654833007,8.4654833007,8.46548330069,8.46548330059,8.46548330109,8.46548330109,6.86557426712,8.4654833005,8.4654833005,8.46548330052,8.46548330052,8.18373915036,8.46548330042,8.46548330047,8.46548330047,8.46548330052,8.52624117102,8.62232328222,8.92522905732,9.81602888072,9.81602888066,9.81602888066,9.81602888182,9.12339612022,9.81602888142,9.81602888142,7.97492335412,9.17091952202,9.816028880923,9.816028880923,9.81602888095,9.81602888095,9.81602888092,9.81602888092,9.816028881,9.816028881,9.812270094732,9.816028880962,9.816028880962,9.816028880962,9.26049972125,9.81602888055,9.81602888055,9.81602888055,9.81602888055,10.21318419192,9.86641111552,10.17323557482
"t144",3.91227835174,5.62718208104,5.62718208102,5.62718208102,5.62718208104,5.62718208104,4.02575866844,4.833381230278,4.833381230278,4.46675023054,3.27759221294,3.86526826824,4.18403064304,0.12200075948,0,0.90068896444,1.68384886774,1.90305022554,5.121535879684,5.895969430284,8.321021629484,5.899508334384,5.79956716637,6.93870383744,8.32102162924,8.32102162924,7.94891666574,6.81628950915,7.27040494904,8.32102162874,6.46179761314,7.73885109294,7.76143839384,8.32102162884,6.21471281894,7.10581320844,7.74756850744,7.89286086484,7.29761958044,8.32102162918,8.32102162918,8.32102162918,8.32102162914,7.34754203414,8.32102162904,7.32547816634,8.32102162904,8.32102162904,5.93703205275,5.170661590823,5.88634133925,8.25264628135,8.32102162905,8.32102162905,8.32102162915,8.16427359185,8.32102162913,8.32102162913,8.31448338655,8.321021629159,8.321021629159,8.321021629189,8.251896336149,8.321021629154,8.321021629154,8.321021628989,8.207641827629,7.606861250309,8.321021629209,8.321021629309,8.321021629309,6.651370631609,7.68238724225,8.32102162885,8.32102162885,6.13317037254,7.79767320442,8.46548330067,8.46548330067,8.46548330072,7.844871426644,7.86793277862,7.90494829662,7.22655539343,8.27677114072,8.46548330072,8.46548330082,6.48849327882,6.2744873949,8.46548330102,8.46548330102,8.46548330097,8.46548330097,8.46548330084,8.46548330085,8.46548330085,8.4654833009,8.4654833009,8.46548330099,8.46548330099,7.86803756064,8.41952619986,8.46548330016,8.06383556906,7.31301412302,8.46548330032,8.46074831162,8.20456808533,8.46548330063,7.98204207906,8.46548330066,8.46548330063,8.46548330066,8.46548330059,8.46548330059,8.46548330059,8.46548330069,8.4654833007,8.4654833007,8.46548330069,8.46548330059,8.46548330109,8.46548330109,6.86557426712,8.4654833005,8.4654833005,8.46548330052,8.46548330052,8.18373915036,8.46548330042,8.46548330047,8.46548330047,8.46548330052,8.52624117102,8.62232328222,8.92522905732,9.81602888072,9.81602888066,9.81602888066,9.81602888182,9.12339612022,9.81602888142,9.81602888142,7.97492335412,9.17091952202,9.816028880923,9.816028880923,9.81602888095,9.81602888095,9.81602888092,9.81602888092,9.816028881,9.816028881,9.812270094732,9.816028880962,9.816028880962,9.816028880962,9.26049972125,9.81602888055,9.81602888055,9.81602888055,9.81602888055,10.21318419192,9.86641111552,10.17323557482
"t97",3.9122783517,5.627182081,5.62718208098,5.62718208098,5.627182081,5.627182081,4.0257586684,4.833381230238,4.833381230238,4.4667502305,3.2775922129,3.8652682682,4.184030643,0.90068896444,0.90068896444,0,1.6838488677,1.9030502255,5.121535879644,5.895969430244,8.321021629444,5.899508334344,5.79956716633,6.9387038374,8.3210216292,8.3210216292,7.9489166657,6.81628950911,7.270404949,8.3210216287,6.4617976131,7.7388510929,7.7614383938,8.3210216288,6.2147128189,7.1058132084,7.7475685074,7.8928608648,7.2976195804,8.32102162914,8.32102162914,8.32102162914,8.3210216291,7.3475420341,8.321021629,7.3254781663,8.321021629,8.321021629,5.93703205271,5.170661590783,5.88634133921,8.25264628131,8.32102162901,8.32102162901,8.32102162911,8.16427359181,8.32102162909,8.32102162909,8.31448338651,8.321021629119,8.321021629119,8.321021629149,8.251896336109,8.321021629114,8.321021629114,8.321021628949,8.207641827589,7.606861250269,8.321021629169,8.321021629269,8.321021629269,6.651370631569,7.68238724221,8.32102162881,8.32102162881,6.1331703725,7.79767320438,8.46548330063,8.46548330063,8.46548330068,7.844871426604,7.86793277858,7.90494829658,7.22655539339,8.27677114068,8.46548330068,8.46548330078,6.48849327878,6.27448739486,8.46548330098,8.46548330098,8.46548330093,8.46548330093,8.4654833008,8.46548330081,8.46548330081,8.46548330086,8.46548330086,8.46548330095,8.46548330095,7.8680375606,8.41952619982,8.46548330012,8.06383556902,7.31301412298,8.46548330028,8.46074831158,8.20456808529,8.46548330059,7.98204207902,8.46548330062,8.46548330059,8.46548330062,8.46548330055,8.46548330055,8.46548330055,8.46548330065,8.46548330066,8.46548330066,8.46548330065,8.46548330055,8.46548330105,8.46548330105,6.86557426708,8.46548330046,8.46548330046,8.46548330048,8.46548330048,8.18373915032,8.46548330038,8.46548330043,8.46548330043,8.46548330048,8.52624117098,8.62232328218,8.92522905728,9.81602888068,9.81602888062,9.81602888062,9.81602888178,9.12339612018,9.81602888138,9.81602888138,7.97492335408,9.17091952198,9.816028880883,9.816028880883,9.81602888091,9.81602888091,9.81602888088,9.81602888088,9.81602888096,9.81602888096,9.812270094692,9.816028880922,9.816028880922,9.816028880922,9.26049972121,9.81602888051,9.81602888051,9.81602888051,9.81602888051,10.21318419188,9.86641111548,10.17323557478
