"","t3","t14","t15","t75","t76","t9","t10","t16","t115","t116","t35","t4","t42","t56","t101","t102","t27","t85","t86","t37","t20","t21","t12","t79","t83","t84","t92","t93","t113","t114","t78","t127","t128","t104","t105","t6","t7","t17","t81","t82","t131","t132","t94","t117","t118","t103","t123","t124","t39","t13","t11","t64","t65","t87","t97","t98","t88","t19","t5","t121","t122","t62","t63","t18","t8","t30","t31","t57","t58","t24","t25","t41","t90","t91","t89","t106","t107","t95","t96","t61","t70","t71","t135","t136","t74","t51","t52","t23","t99","t100","t72","t73","t66","t67","t112","t129","t130","t50","t43","t44","t45","t46","t33","t38","t53","t59","t60","t32","t29","t133","t134","t125","t126","t22","t68","t69","t36","t28","t40","t47","t48","t49","t110","t111","t77","t108","t109","t119","t120","t80","t26","t54","t55","t34","t2","t1"
"t3",0,3.3308912515,3.1696700356,5.324878857,5.324878857,2.68459906352,2.9165153367,3.8778712626,5.32487885715,5.32487885715,5.3248788571,3.73213490128,6.51144280628,6.95616197548,6.99076190418,6.99076190418,6.99076190428,6.99076190398,6.99076190398,6.61259054918,5.814235437342,6.098942107542,5.11559153331,6.99076190471,6.99076190465,6.99076190465,6.99076190461,6.99076190461,6.99076190459,6.99076190459,6.99076190459,6.99076190462,6.99076190462,6.99076190461,6.99076190461,3.62974194448,5.57131631508,5.78969439348,6.99076190368,6.99076190368,6.9907619041,6.9907619041,6.99076190411,6.9907619041,6.9907619041,6.99076190415,6.9907619042,6.9907619042,6.72579462389,4.61867720999,4.48357028999,6.99076190388,6.99076190388,6.99076190398,6.99076190406,6.99076190406,6.96805333831,5.48776527976,3.16301149335,6.99076190429,6.99076190429,6.93631901868,6.99076190398,5.57582737458,4.93182329228,6.99076190418,6.99076190418,6.99076190408,6.99076190408,6.990761904275,6.055978906475,6.990761903975,6.990761904002,6.990761904002,6.990761903975,6.99076190398,6.99076190398,6.99076190408,6.99076190408,6.56202294158,6.99076190409,6.90054997879,6.9907619038,6.9907619038,6.99076190378,6.99076190388,6.99076190388,6.99076190358,6.99076190378,6.99076190378,6.99076190418,6.99076190418,6.99076190418,6.99076190418,6.99076190418,6.99076190412,6.99076190412,6.3502862315,6.99076190358,6.28698420806,6.990761903634,6.990761903634,6.243626284564,6.990761903564,6.990761903564,6.990761903644,6.990761903644,6.990761903534,6.99076190405,6.99076190398,6.99076190398,6.99076190349,6.99076190349,6.99076190355,6.99076190355,6.99076190355,6.99076190355,6.99076190338,6.99076190358,6.90198355971,6.99076190356,6.99076190356,6.99076190368,6.99076190368,6.99076190358,6.99076190358,6.99076190358,6.99076190369,6.99076190369,6.89742812808,6.99076190318,6.99076190348,6.48745246598,6.99076190358,3.74477854588,2.1220394784
"t14",3.3308912515,0,0.3874363859,3.4254986735,3.4254986735,1.38432106622,1.6162373394,3.0263449273,4.47335252185,4.47335252185,4.4733525218,5.89889506998,8.67820297498,9.12292214418,9.15752207288,9.15752207288,9.15752207298,9.15752207268,9.15752207268,8.77935071788,7.980995606042,8.265702276242,7.28235170201,9.15752207341,9.15752207335,9.15752207335,9.15752207331,9.15752207331,9.15752207329,9.15752207329,9.15752207329,9.15752207332,9.15752207332,9.15752207331,9.15752207331,5.79650211318,7.73807648378,7.95645456218,9.15752207238,9.15752207238,9.1575220728,9.1575220728,9.15752207281,9.1575220728,9.1575220728,9.15752207285,9.1575220729,9.1575220729,8.89255479259,6.78543737869,6.65033045869,9.15752207258,9.15752207258,9.15752207268,9.15752207276,9.15752207276,9.13481350701,7.65452544846,5.32977166205,9.15752207299,9.15752207299,9.10307918738,9.15752207268,7.74258754328,7.09858346098,9.15752207288,9.15752207288,9.15752207278,9.15752207278,9.157522072975,8.222739075175,9.157522072675,9.157522072702,9.157522072702,9.157522072675,9.15752207268,9.15752207268,9.15752207278,9.15752207278,8.72878311028,9.15752207279,9.06731014749,9.1575220725,9.1575220725,9.15752207248,9.15752207258,9.15752207258,9.15752207228,9.15752207248,9.15752207248,9.15752207288,9.15752207288,9.15752207288,9.15752207288,9.15752207288,9.15752207282,9.15752207282,8.5170464002,9.15752207228,8.45374437676,9.157522072334,9.157522072334,8.410386453264,9.157522072264,9.157522072264,9.157522072344,9.157522072344,9.157522072234,9.15752207275,9.15752207268,9.15752207268,9.15752207219,9.15752207219,9.15752207225,9.15752207225,9.15752207225,9.15752207225,9.15752207208,9.15752207228,9.06874372841,9.15752207226,9.15752207226,9.15752207238,9.15752207238,9.15752207228,9.15752207228,9.15752207228,9.15752207239,9.15752207239,9.06418829678,9.15752207188,9.15752207218,8.65421263468,9.15752207228,5.91153871458,4.2887996471
"t15",3.1696700356,0.3874363859,0,3.2642774576,3.2642774576,1.22309985032,1.4550161235,2.8651237114,4.31213130595,4.31213130595,4.3121313059,5.73767385408,8.51698175908,8.96170092828,8.99630085698,8.99630085698,8.99630085708,8.99630085678,8.99630085678,8.61812950198,7.819774390142,8.104481060342,7.12113048611,8.99630085751,8.99630085745,8.99630085745,8.99630085741,8.99630085741,8.99630085739,8.99630085739,8.99630085739,8.99630085742,8.99630085742,8.99630085741,8.99630085741,5.63528089728,7.57685526788,7.79523334628,8.99630085648,8.99630085648,8.9963008569,8.9963008569,8.99630085691,8.9963008569,8.9963008569,8.99630085695,8.996300857,8.996300857,8.73133357669,6.62421616279,6.48910924279,8.99630085668,8.99630085668,8.99630085678,8.99630085686,8.99630085686,8.97359229111,7.49330423256,5.16855044615,8.99630085709,8.99630085709,8.94185797148,8.99630085678,7.58136632738,6.93736224508,8.99630085698,8.99630085698,8.99630085688,8.99630085688,8.996300857075,8.061517859275,8.996300856775,8.996300856802,8.996300856802,8.996300856775,8.99630085678,8.99630085678,8.99630085688,8.99630085688,8.56756189438,8.99630085689,8.90608893159,8.9963008566,8.9963008566,8.99630085658,8.99630085668,8.99630085668,8.99630085638,8.99630085658,8.99630085658,8.99630085698,8.99630085698,8.99630085698,8.99630085698,8.99630085698,8.99630085692,8.99630085692,8.3558251843,8.99630085638,8.29252316086,8.996300856434,8.996300856434,8.249165237364,8.996300856364,8.996300856364,8.996300856444,8.996300856444,8.996300856334,8.99630085685,8.99630085678,8.99630085678,8.99630085629,8.99630085629,8.99630085635,8.99630085635,8.99630085635,8.99630085635,8.99630085618,8.99630085638,8.90752251251,8.99630085636,8.99630085636,8.99630085648,8.99630085648,8.99630085638,8.99630085638,8.99630085638,8.99630085649,8.99630085649,8.90296708088,8.99630085598,8.99630085628,8.49299141878,8.99630085638,5.75031749868,4.1275784312
"t75",5.324878857,3.4254986735,3.2642774576,0,0.905272813,3.37830867172,3.6102249449,5.0203325328,6.46734012735,6.46734012735,6.4673401273,7.89288267548,10.67219058048,11.11690974968,11.15150967838,11.15150967838,11.15150967848,11.15150967818,11.15150967818,10.77333832338,9.974983211542,10.259689881742,9.27633930751,11.15150967891,11.15150967885,11.15150967885,11.15150967881,11.15150967881,11.15150967879,11.15150967879,11.15150967879,11.15150967882,11.15150967882,11.15150967881,11.15150967881,7.79048971868,9.73206408928,9.95044216768,11.15150967788,11.15150967788,11.1515096783,11.1515096783,11.15150967831,11.1515096783,11.1515096783,11.15150967835,11.1515096784,11.1515096784,10.88654239809,8.77942498419,8.64431806419,11.15150967808,11.15150967808,11.15150967818,11.15150967826,11.15150967826,11.12880111251,9.64851305396,7.32375926755,11.15150967849,11.15150967849,11.09706679288,11.15150967818,9.73657514878,9.09257106648,11.15150967838,11.15150967838,11.15150967828,11.15150967828,11.151509678475,10.216726680675,11.151509678175,11.151509678202,11.151509678202,11.151509678175,11.15150967818,11.15150967818,11.15150967828,11.15150967828,10.72277071578,11.15150967829,11.06129775299,11.151509678,11.151509678,11.15150967798,11.15150967808,11.15150967808,11.15150967778,11.15150967798,11.15150967798,11.15150967838,11.15150967838,11.15150967838,11.15150967838,11.15150967838,11.15150967832,11.15150967832,10.5110340057,11.15150967778,10.44773198226,11.151509677834,11.151509677834,10.404374058764,11.151509677764,11.151509677764,11.151509677844,11.151509677844,11.151509677734,11.15150967825,11.15150967818,11.15150967818,11.15150967769,11.15150967769,11.15150967775,11.15150967775,11.15150967775,11.15150967775,11.15150967758,11.15150967778,11.06273133391,11.15150967776,11.15150967776,11.15150967788,11.15150967788,11.15150967778,11.15150967778,11.15150967778,11.15150967789,11.15150967789,11.05817590228,11.15150967738,11.15150967768,10.64820024018,11.15150967778,7.90552632008,6.2827872526
"t76",5.324878857,3.4254986735,3.2642774576,0.905272813,0,3.37830867172,3.6102249449,5.0203325328,6.46734012735,6.46734012735,6.4673401273,7.89288267548,10.67219058048,11.11690974968,11.15150967838,11.15150967838,11.15150967848,11.15150967818,11.15150967818,10.77333832338,9.974983211542,10.259689881742,9.27633930751,11.15150967891,11.15150967885,11.15150967885,11.15150967881,11.15150967881,11.15150967879,11.15150967879,11.15150967879,11.15150967882,11.15150967882,11.15150967881,11.15150967881,7.79048971868,9.73206408928,9.95044216768,11.15150967788,11.15150967788,11.1515096783,11.1515096783,11.15150967831,11.1515096783,11.1515096783,11.15150967835,11.1515096784,11.1515096784,10.88654239809,8.77942498419,8.64431806419,11.15150967808,11.15150967808,11.15150967818,11.15150967826,11.15150967826,11.12880111251,9.64851305396,7.32375926755,11.15150967849,11.15150967849,11.09706679288,11.15150967818,9.73657514878,9.09257106648,11.15150967838,11.15150967838,11.15150967828,11.15150967828,11.151509678475,10.216726680675,11.151509678175,11.151509678202,11.151509678202,11.151509678175,11.15150967818,11.15150967818,11.15150967828,11.15150967828,10.72277071578,11.15150967829,11.06129775299,11.151509678,11.151509678,11.15150967798,11.15150967808,11.15150967808,11.15150967778,11.15150967798,11.15150967798,11.15150967838,11.15150967838,11.15150967838,11.15150967838,11.15150967838,11.15150967832,11.15150967832,10.5110340057,11.15150967778,10.44773198226,11.151509677834,11.151509677834,10.404374058764,11.151509677764,11.151509677764,11.151509677844,11.151509677844,11.151509677734,11.15150967825,11.15150967818,11.15150967818,11.15150967769,11.15150967769,11.15150967775,11.15150967775,11.15150967775,11.15150967775,11.15150967758,11.15150967778,11.06273133391,11.15150967776,11.15150967776,11.15150967788,11.15150967788,11.15150967778,11.15150967778,11.15150967778,11.15150967789,11.15150967789,11.05817590228,11.15150967738,11.15150967768,10.64820024018,11.15150967778,7.90552632008,6.2827872526
"t9",2.68459906352,1.38432106622,1.22309985032,3.37830867172,3.37830867172,0,0.41832758322,2.38005273932,3.82706033387,3.82706033387,3.82706033382,5.252602882,8.031910787,8.4766299562,8.5112298849,8.5112298849,8.511229885,8.5112298847,8.5112298847,8.1330585299,7.334703418062,7.619410088262,6.63605951403,8.51122988543,8.51122988537,8.51122988537,8.51122988533,8.51122988533,8.51122988531,8.51122988531,8.51122988531,8.51122988534,8.51122988534,8.51122988533,8.51122988533,5.1502099252,7.0917842958,7.3101623742,8.5112298844,8.5112298844,8.51122988482,8.51122988482,8.51122988483,8.51122988482,8.51122988482,8.51122988487,8.51122988492,8.51122988492,8.24626260461,6.13914519071,6.00403827071,8.5112298846,8.5112298846,8.5112298847,8.51122988478,8.51122988478,8.48852131903,7.00823326048,4.68347947407,8.51122988501,8.51122988501,8.4567869994,8.5112298847,7.0962953553,6.452291273,8.5112298849,8.5112298849,8.5112298848,8.5112298848,8.511229884995,7.576446887195,8.511229884695,8.511229884722,8.511229884722,8.511229884695,8.5112298847,8.5112298847,8.5112298848,8.5112298848,8.0824909223,8.51122988481,8.42101795951,8.51122988452,8.51122988452,8.5112298845,8.5112298846,8.5112298846,8.5112298843,8.5112298845,8.5112298845,8.5112298849,8.5112298849,8.5112298849,8.5112298849,8.5112298849,8.51122988484,8.51122988484,7.87075421222,8.5112298843,7.80745218878,8.511229884354,8.511229884354,7.764094265284,8.511229884284,8.511229884284,8.511229884364,8.511229884364,8.511229884254,8.51122988477,8.5112298847,8.5112298847,8.51122988421,8.51122988421,8.51122988427,8.51122988427,8.51122988427,8.51122988427,8.5112298841,8.5112298843,8.42245154043,8.51122988428,8.51122988428,8.5112298844,8.5112298844,8.5112298843,8.5112298843,8.5112298843,8.51122988441,8.51122988441,8.4178961088,8.5112298839,8.5112298842,8.0079204467,8.5112298843,5.2652465266,3.64250745912
"t10",2.9165153367,1.6162373394,1.4550161235,3.6102249449,3.6102249449,0.41832758322,0,2.6119690125,4.05897660705,4.05897660705,4.058976607,5.48451915518,8.26382706018,8.70854622938,8.74314615808,8.74314615808,8.74314615818,8.74314615788,8.74314615788,8.36497480308,7.566619691242,7.851326361442,6.86797578721,8.74314615861,8.74314615855,8.74314615855,8.74314615851,8.74314615851,8.74314615849,8.74314615849,8.74314615849,8.74314615852,8.74314615852,8.74314615851,8.74314615851,5.38212619838,7.32370056898,7.54207864738,8.74314615758,8.74314615758,8.743146158,8.743146158,8.74314615801,8.743146158,8.743146158,8.74314615805,8.7431461581,8.7431461581,8.47817887779,6.37106146389,6.23595454389,8.74314615778,8.74314615778,8.74314615788,8.74314615796,8.74314615796,8.72043759221,7.24014953366,4.91539574725,8.74314615819,8.74314615819,8.68870327258,8.74314615788,7.32821162848,6.68420754618,8.74314615808,8.74314615808,8.74314615798,8.74314615798,8.743146158175,7.808363160375,8.743146157875,8.743146157902,8.743146157902,8.743146157875,8.74314615788,8.74314615788,8.74314615798,8.74314615798,8.31440719548,8.74314615799,8.65293423269,8.7431461577,8.7431461577,8.74314615768,8.74314615778,8.74314615778,8.74314615748,8.74314615768,8.74314615768,8.74314615808,8.74314615808,8.74314615808,8.74314615808,8.74314615808,8.74314615802,8.74314615802,8.1026704854,8.74314615748,8.03936846196,8.743146157534,8.743146157534,7.996010538464,8.743146157464,8.743146157464,8.743146157544,8.743146157544,8.743146157434,8.74314615795,8.74314615788,8.74314615788,8.74314615739,8.74314615739,8.74314615745,8.74314615745,8.74314615745,8.74314615745,8.74314615728,8.74314615748,8.65436781361,8.74314615746,8.74314615746,8.74314615758,8.74314615758,8.74314615748,8.74314615748,8.74314615748,8.74314615759,8.74314615759,8.64981238198,8.74314615708,8.74314615738,8.23983671988,8.74314615748,5.49716279978,3.8744237323
"t16",3.8778712626,3.0263449273,2.8651237114,5.0203325328,5.0203325328,2.38005273932,2.6119690125,0,3.03408474075,3.03408474075,3.0340847407,6.44587508108,9.22518298608,9.66990215528,9.70450208398,9.70450208398,9.70450208408,9.70450208378,9.70450208378,9.32633072898,8.527975617142,8.812682287342,7.82933171311,9.70450208451,9.70450208445,9.70450208445,9.70450208441,9.70450208441,9.70450208439,9.70450208439,9.70450208439,9.70450208442,9.70450208442,9.70450208441,9.70450208441,6.34348212428,8.28505649488,8.50343457328,9.70450208348,9.70450208348,9.7045020839,9.7045020839,9.70450208391,9.7045020839,9.7045020839,9.70450208395,9.704502084,9.704502084,9.43953480369,7.33241738979,7.19731046979,9.70450208368,9.70450208368,9.70450208378,9.70450208386,9.70450208386,9.68179351811,8.20150545956,5.87675167315,9.70450208409,9.70450208409,9.65005919848,9.70450208378,8.28956755438,7.64556347208,9.70450208398,9.70450208398,9.70450208388,9.70450208388,9.704502084075,8.769719086275,9.704502083775,9.704502083802,9.704502083802,9.704502083775,9.70450208378,9.70450208378,9.70450208388,9.70450208388,9.27576312138,9.70450208389,9.61429015859,9.7045020836,9.7045020836,9.70450208358,9.70450208368,9.70450208368,9.70450208338,9.70450208358,9.70450208358,9.70450208398,9.70450208398,9.70450208398,9.70450208398,9.70450208398,9.70450208392,9.70450208392,9.0640264113,9.70450208338,9.00072438786,9.704502083434,9.704502083434,8.957366464364,9.704502083364,9.704502083364,9.704502083444,9.704502083444,9.704502083334,9.70450208385,9.70450208378,9.70450208378,9.70450208329,9.70450208329,9.70450208335,9.70450208335,9.70450208335,9.70450208335,9.70450208318,9.70450208338,9.61572373951,9.70450208336,9.70450208336,9.70450208348,9.70450208348,9.70450208338,9.70450208338,9.70450208338,9.70450208349,9.70450208349,9.61116830788,9.70450208298,9.70450208328,9.20119264578,9.70450208338,6.45851872568,4.8357796582
"t115",5.32487885715,4.47335252185,4.31213130595,6.46734012735,6.46734012735,3.82706033387,4.05897660705,3.03408474075,0,0.1946144311,1.77095745325,7.89288267563,10.67219058063,11.11690974983,11.15150967853,11.15150967853,11.15150967863,11.15150967833,11.15150967833,10.77333832353,9.974983211692,10.259689881892,9.27633930766,11.15150967906,11.151509679,11.151509679,11.15150967896,11.15150967896,11.15150967894,11.15150967894,11.15150967894,11.15150967897,11.15150967897,11.15150967896,11.15150967896,7.79048971883,9.73206408943,9.95044216783,11.15150967803,11.15150967803,11.15150967845,11.15150967845,11.15150967846,11.15150967845,11.15150967845,11.1515096785,11.15150967855,11.15150967855,10.88654239824,8.77942498434,8.64431806434,11.15150967823,11.15150967823,11.15150967833,11.15150967841,11.15150967841,11.12880111266,9.64851305411,7.3237592677,11.15150967864,11.15150967864,11.09706679303,11.15150967833,9.73657514893,9.09257106663,11.15150967853,11.15150967853,11.15150967843,11.15150967843,11.151509678625,10.216726680825,11.151509678325,11.151509678352,11.151509678352,11.151509678325,11.15150967833,11.15150967833,11.15150967843,11.15150967843,10.72277071593,11.15150967844,11.06129775314,11.15150967815,11.15150967815,11.15150967813,11.15150967823,11.15150967823,11.15150967793,11.15150967813,11.15150967813,11.15150967853,11.15150967853,11.15150967853,11.15150967853,11.15150967853,11.15150967847,11.15150967847,10.51103400585,11.15150967793,10.44773198241,11.151509677984,11.151509677984,10.404374058914,11.151509677914,11.151509677914,11.151509677994,11.151509677994,11.151509677884,11.1515096784,11.15150967833,11.15150967833,11.15150967784,11.15150967784,11.1515096779,11.1515096779,11.1515096779,11.1515096779,11.15150967773,11.15150967793,11.06273133406,11.15150967791,11.15150967791,11.15150967803,11.15150967803,11.15150967793,11.15150967793,11.15150967793,11.15150967804,11.15150967804,11.05817590243,11.15150967753,11.15150967783,10.64820024033,11.15150967793,7.90552632023,6.28278725275
"t116",5.32487885715,4.47335252185,4.31213130595,6.46734012735,6.46734012735,3.82706033387,4.05897660705,3.03408474075,0.1946144311,0,1.77095745325,7.89288267563,10.67219058063,11.11690974983,11.15150967853,11.15150967853,11.15150967863,11.15150967833,11.15150967833,10.77333832353,9.974983211692,10.259689881892,9.27633930766,11.15150967906,11.151509679,11.151509679,11.15150967896,11.15150967896,11.15150967894,11.15150967894,11.15150967894,11.15150967897,11.15150967897,11.15150967896,11.15150967896,7.79048971883,9.73206408943,9.95044216783,11.15150967803,11.15150967803,11.15150967845,11.15150967845,11.15150967846,11.15150967845,11.15150967845,11.1515096785,11.15150967855,11.15150967855,10.88654239824,8.77942498434,8.64431806434,11.15150967823,11.15150967823,11.15150967833,11.15150967841,11.15150967841,11.12880111266,9.64851305411,7.3237592677,11.15150967864,11.15150967864,11.09706679303,11.15150967833,9.73657514893,9.09257106663,11.15150967853,11.15150967853,11.15150967843,11.15150967843,11.151509678625,10.216726680825,11.151509678325,11.151509678352,11.151509678352,11.151509678325,11.15150967833,11.15150967833,11.15150967843,11.15150967843,10.72277071593,11.15150967844,11.06129775314,11.15150967815,11.15150967815,11.15150967813,11.15150967823,11.15150967823,11.15150967793,11.15150967813,11.15150967813,11.15150967853,11.15150967853,11.15150967853,11.15150967853,11.15150967853,11.15150967847,11.15150967847,10.51103400585,11.15150967793,10.44773198241,11.151509677984,11.151509677984,10.404374058914,11.151509677914,11.151509677914,11.151509677994,11.151509677994,11.151509677884,11.1515096784,11.15150967833,11.15150967833,11.15150967784,11.15150967784,11.1515096779,11.1515096779,11.1515096779,11.1515096779,11.15150967773,11.15150967793,11.06273133406,11.15150967791,11.15150967791,11.15150967803,11.15150967803,11.15150967793,11.15150967793,11.15150967793,11.15150967804,11.15150967804,11.05817590243,11.15150967753,11.15150967783,10.64820024033,11.15150967793,7.90552632023,6.28278725275
"t35",5.3248788571,4.4733525218,4.3121313059,6.4673401273,6.4673401273,3.82706033382,4.058976607,3.0340847407,1.77095745325,1.77095745325,0,7.89288267558,10.67219058058,11.11690974978,11.15150967848,11.15150967848,11.15150967858,11.15150967828,11.15150967828,10.77333832348,9.974983211642,10.259689881842,9.27633930761,11.15150967901,11.15150967895,11.15150967895,11.15150967891,11.15150967891,11.15150967889,11.15150967889,11.15150967889,11.15150967892,11.15150967892,11.15150967891,11.15150967891,7.79048971878,9.73206408938,9.95044216778,11.15150967798,11.15150967798,11.1515096784,11.1515096784,11.15150967841,11.1515096784,11.1515096784,11.15150967845,11.1515096785,11.1515096785,10.88654239819,8.77942498429,8.64431806429,11.15150967818,11.15150967818,11.15150967828,11.15150967836,11.15150967836,11.12880111261,9.64851305406,7.32375926765,11.15150967859,11.15150967859,11.09706679298,11.15150967828,9.73657514888,9.09257106658,11.15150967848,11.15150967848,11.15150967838,11.15150967838,11.151509678575,10.216726680775,11.151509678275,11.151509678302,11.151509678302,11.151509678275,11.15150967828,11.15150967828,11.15150967838,11.15150967838,10.72277071588,11.15150967839,11.06129775309,11.1515096781,11.1515096781,11.15150967808,11.15150967818,11.15150967818,11.15150967788,11.15150967808,11.15150967808,11.15150967848,11.15150967848,11.15150967848,11.15150967848,11.15150967848,11.15150967842,11.15150967842,10.5110340058,11.15150967788,10.44773198236,11.151509677934,11.151509677934,10.404374058864,11.151509677864,11.151509677864,11.151509677944,11.151509677944,11.151509677834,11.15150967835,11.15150967828,11.15150967828,11.15150967779,11.15150967779,11.15150967785,11.15150967785,11.15150967785,11.15150967785,11.15150967768,11.15150967788,11.06273133401,11.15150967786,11.15150967786,11.15150967798,11.15150967798,11.15150967788,11.15150967788,11.15150967788,11.15150967799,11.15150967799,11.05817590238,11.15150967748,11.15150967778,10.64820024028,11.15150967788,7.90552632018,6.2827872527
"t4",3.73213490128,5.89889506998,5.73767385408,7.89288267548,7.89288267548,5.252602882,5.48451915518,6.44587508108,7.89288267563,7.89288267563,7.89288267558,0,4.2037990622,4.6485182314,4.6831181601,4.6831181601,4.6831181602,4.6831181599,4.6831181599,4.3049468051,3.506591693262,3.791298363462,2.80794778923,4.68311816063,4.68311816057,4.68311816057,4.68311816053,4.68311816053,4.68311816051,4.68311816051,4.68311816051,4.68311816054,4.68311816054,4.68311816053,4.68311816053,1.9653276996,3.9069020702,4.1252801486,5.3263476588,5.3263476588,5.32634765922,5.32634765922,5.32634765923,5.32634765922,5.32634765922,5.32634765927,5.32634765932,5.32634765932,5.06138037901,2.95426296511,2.81915604511,5.326347659,5.326347659,5.3263476591,5.32634765918,5.32634765918,5.30363909343,3.82335103488,1.49859724847,7.66019374541,7.66019374541,7.6057508598,7.6601937451,6.2452592157,5.6012551334,7.6601937453,7.6601937453,7.6601937452,7.6601937452,7.660193745395,6.725410747595,7.660193745095,7.660193745122,7.660193745122,7.660193745095,7.6601937451,7.6601937451,7.6601937452,7.6601937452,7.2314547827,7.66019374521,7.56998181991,7.66019374492,7.66019374492,7.6601937449,7.660193745,7.660193745,7.6601937447,7.6601937449,7.6601937449,7.6601937453,7.6601937453,7.6601937453,7.6601937453,7.6601937453,7.66019374524,7.66019374524,7.01971807262,7.6601937447,6.95641604918,7.660193744754,7.660193744754,6.913058125684,7.660193744684,7.660193744684,7.660193744764,7.660193744764,7.660193744654,7.66019374517,7.6601937451,7.6601937451,7.66019374461,7.66019374461,7.66019374467,7.66019374467,7.66019374467,7.66019374467,7.6601937445,7.6601937447,7.57141540083,7.66019374468,7.66019374468,7.6601937448,7.6601937448,7.6601937447,7.6601937447,7.6601937447,7.66019374481,7.66019374481,7.5668599692,7.6601937443,7.6601937446,7.1568843071,7.6601937447,4.414210387,2.94772656388
"t42",6.51144280628,8.67820297498,8.51698175908,10.67219058048,10.67219058048,8.031910787,8.26382706018,9.22518298608,10.67219058063,10.67219058063,10.67219058058,4.2037990622,0,0.993413426,1.0280133547,1.0280133547,6.4971960088,6.4971960085,6.4971960085,6.1190246537,5.320669541862,5.605376212062,4.62202563783,6.49719600923,6.49719600917,6.49719600917,6.49719600913,6.49719600913,6.49719600911,6.49719600911,6.49719600911,6.49719600914,6.49719600914,6.49719600913,6.49719600913,4.7446356046,6.6862099752,6.9045880536,8.1056555638,8.1056555638,8.10565556422,8.10565556422,8.10565556423,8.10565556422,8.10565556422,8.10565556427,8.10565556432,8.10565556432,7.84068828401,5.73357087011,5.59846395011,8.105655564,8.105655564,8.1056555641,8.10565556418,8.10565556418,8.08294699843,6.60265893988,4.27790515347,10.43950165041,10.43950165041,10.3850587648,10.4395016501,9.0245671207,8.3805630384,10.4395016503,10.4395016503,10.4395016502,10.4395016502,10.439501650395,9.504718652595,10.439501650095,10.439501650122,10.439501650122,10.439501650095,10.4395016501,10.4395016501,10.4395016502,10.4395016502,10.0107626877,10.43950165021,10.34928972491,10.43950164992,10.43950164992,10.4395016499,10.43950165,10.43950165,10.4395016497,10.4395016499,10.4395016499,10.4395016503,10.4395016503,10.4395016503,10.4395016503,10.4395016503,10.43950165024,10.43950165024,9.79902597762,10.4395016497,9.73572395418,10.439501649754,10.439501649754,9.692366030684,10.439501649684,10.439501649684,10.439501649764,10.439501649764,10.439501649654,10.43950165017,10.4395016501,10.4395016501,10.43950164961,10.43950164961,10.43950164967,10.43950164967,10.43950164967,10.43950164967,10.4395016495,10.4395016497,10.35072330583,10.43950164968,10.43950164968,10.4395016498,10.4395016498,10.4395016497,10.4395016497,10.4395016497,10.43950164981,10.43950164981,10.3461678742,10.4395016493,10.4395016496,9.9361922121,10.4395016497,7.193518292,5.72703446888
"t56",6.95616197548,9.12292214418,8.96170092828,11.11690974968,11.11690974968,8.4766299562,8.70854622938,9.66990215528,11.11690974983,11.11690974983,11.11690974978,4.6485182314,0.993413426,0,1.2257180045,1.2257180045,6.941915178,6.9419151777,6.9419151777,6.5637438229,5.765388711062,6.050095381262,5.06674480703,6.94191517843,6.94191517837,6.94191517837,6.94191517833,6.94191517833,6.94191517831,6.94191517831,6.94191517831,6.94191517834,6.94191517834,6.94191517833,6.94191517833,5.1893547738,7.1309291444,7.3493072228,8.550374733,8.550374733,8.55037473342,8.55037473342,8.55037473343,8.55037473342,8.55037473342,8.55037473347,8.55037473352,8.55037473352,8.28540745321,6.17829003931,6.04318311931,8.5503747332,8.5503747332,8.5503747333,8.55037473338,8.55037473338,8.52766616763,7.04737810908,4.72262432267,10.88422081961,10.88422081961,10.829777934,10.8842208193,9.4692862899,8.8252822076,10.8842208195,10.8842208195,10.8842208194,10.8842208194,10.884220819595,9.949437821795,10.884220819295,10.884220819322,10.884220819322,10.884220819295,10.8842208193,10.8842208193,10.8842208194,10.8842208194,10.4554818569,10.88422081941,10.79400889411,10.88422081912,10.88422081912,10.8842208191,10.8842208192,10.8842208192,10.8842208189,10.8842208191,10.8842208191,10.8842208195,10.8842208195,10.8842208195,10.8842208195,10.8842208195,10.88422081944,10.88422081944,10.24374514682,10.8842208189,10.18044312338,10.884220818954,10.884220818954,10.137085199884,10.884220818884,10.884220818884,10.884220818964,10.884220818964,10.884220818854,10.88422081937,10.8842208193,10.8842208193,10.88422081881,10.88422081881,10.88422081887,10.88422081887,10.88422081887,10.88422081887,10.8842208187,10.8842208189,10.79544247503,10.88422081888,10.88422081888,10.884220819,10.884220819,10.8842208189,10.8842208189,10.8842208189,10.88422081901,10.88422081901,10.7908870434,10.8842208185,10.8842208188,10.3809113813,10.8842208189,7.6382374612,6.17175363808
"t101",6.99076190418,9.15752207288,8.99630085698,11.15150967838,11.15150967838,8.5112298849,8.74314615808,9.70450208398,11.15150967853,11.15150967853,11.15150967848,4.6831181601,1.0280133547,1.2257180045,0,0.4258842888,6.9765151067,6.9765151064,6.9765151064,6.5983437516,5.799988639762,6.084695309962,5.10134473573,6.97651510713,6.97651510707,6.97651510707,6.97651510703,6.97651510703,6.97651510701,6.97651510701,6.97651510701,6.97651510704,6.97651510704,6.97651510703,6.97651510703,5.2239547025,7.1655290731,7.3839071515,8.5849746617,8.5849746617,8.58497466212,8.58497466212,8.58497466213,8.58497466212,8.58497466212,8.58497466217,8.58497466222,8.58497466222,8.32000738191,6.21288996801,6.07778304801,8.5849746619,8.5849746619,8.584974662,8.58497466208,8.58497466208,8.56226609633,7.08197803778,4.75722425137,10.91882074831,10.91882074831,10.8643778627,10.918820748,9.5038862186,8.8598821363,10.9188207482,10.9188207482,10.9188207481,10.9188207481,10.918820748295,9.984037750495,10.918820747995,10.918820748022,10.918820748022,10.918820747995,10.918820748,10.918820748,10.9188207481,10.9188207481,10.4900817856,10.91882074811,10.82860882281,10.91882074782,10.91882074782,10.9188207478,10.9188207479,10.9188207479,10.9188207476,10.9188207478,10.9188207478,10.9188207482,10.9188207482,10.9188207482,10.9188207482,10.9188207482,10.91882074814,10.91882074814,10.27834507552,10.9188207476,10.21504305208,10.918820747654,10.918820747654,10.171685128584,10.918820747584,10.918820747584,10.918820747664,10.918820747664,10.918820747554,10.91882074807,10.918820748,10.918820748,10.91882074751,10.91882074751,10.91882074757,10.91882074757,10.91882074757,10.91882074757,10.9188207474,10.9188207476,10.83004240373,10.91882074758,10.91882074758,10.9188207477,10.9188207477,10.9188207476,10.9188207476,10.9188207476,10.91882074771,10.91882074771,10.8254869721,10.9188207472,10.9188207475,10.41551131,10.9188207476,7.6728373899,6.20635356678
"t102",6.99076190418,9.15752207288,8.99630085698,11.15150967838,11.15150967838,8.5112298849,8.74314615808,9.70450208398,11.15150967853,11.15150967853,11.15150967848,4.6831181601,1.0280133547,1.2257180045,0.4258842888,0,6.9765151067,6.9765151064,6.9765151064,6.5983437516,5.799988639762,6.084695309962,5.10134473573,6.97651510713,6.97651510707,6.97651510707,6.97651510703,6.97651510703,6.97651510701,6.97651510701,6.97651510701,6.97651510704,6.97651510704,6.97651510703,6.97651510703,5.2239547025,7.1655290731,7.3839071515,8.5849746617,8.5849746617,8.58497466212,8.58497466212,8.58497466213,8.58497466212,8.58497466212,8.58497466217,8.58497466222,8.58497466222,8.32000738191,6.21288996801,6.07778304801,8.5849746619,8.5849746619,8.584974662,8.58497466208,8.58497466208,8.56226609633,7.08197803778,4.75722425137,10.91882074831,10.91882074831,10.8643778627,10.918820748,9.5038862186,8.8598821363,10.9188207482,10.9188207482,10.9188207481,10.9188207481,10.918820748295,9.984037750495,10.918820747995,10.918820748022,10.918820748022,10.918820747995,10.918820748,10.918820748,10.9188207481,10.9188207481,10.4900817856,10.91882074811,10.82860882281,10.91882074782,10.91882074782,10.9188207478,10.9188207479,10.9188207479,10.9188207476,10.9188207478,10.9188207478,10.9188207482,10.9188207482,10.9188207482,10.9188207482,10.9188207482,10.91882074814,10.91882074814,10.27834507552,10.9188207476,10.21504305208,10.918820747654,10.918820747654,10.171685128584,10.918820747584,10.918820747584,10.918820747664,10.918820747664,10.918820747554,10.91882074807,10.918820748,10.918820748,10.91882074751,10.91882074751,10.91882074757,10.91882074757,10.91882074757,10.91882074757,10.9188207474,10.9188207476,10.83004240373,10.91882074758,10.91882074758,10.9188207477,10.9188207477,10.9188207476,10.9188207476,10.9188207476,10.91882074771,10.91882074771,10.8254869721,10.9188207472,10.9188207475,10.41551131,10.9188207476,7.6728373899,6.20635356678
"t27",6.99076190428,9.15752207298,8.99630085708,11.15150967848,11.15150967848,8.511229885,8.74314615818,9.70450208408,11.15150967863,11.15150967863,11.15150967858,4.6831181602,6.4971960088,6.941915178,6.9765151067,6.9765151067,0,2.3702558137,2.3702558137,1.9920844589,1.971288425862,2.255995096062,3.20637958103,5.08154995243,5.08154995237,5.08154995237,5.08154995233,5.08154995233,5.08154995231,5.08154995231,5.08154995231,5.08154995234,5.08154995234,5.08154995233,5.08154995233,5.2239547026,7.1655290732,7.3839071516,8.5849746618,8.5849746618,8.58497466222,8.58497466222,8.58497466223,8.58497466222,8.58497466222,8.58497466227,8.58497466232,8.58497466232,8.32000738201,6.21288996811,6.07778304811,8.584974662,8.584974662,8.5849746621,8.58497466218,8.58497466218,8.56226609643,7.08197803788,4.75722425147,10.91882074841,10.91882074841,10.8643778628,10.9188207481,9.5038862187,8.8598821364,10.9188207483,10.9188207483,10.9188207482,10.9188207482,10.918820748395,9.984037750595,10.918820748095,10.918820748122,10.918820748122,10.918820748095,10.9188207481,10.9188207481,10.9188207482,10.9188207482,10.4900817857,10.91882074821,10.82860882291,10.91882074792,10.91882074792,10.9188207479,10.918820748,10.918820748,10.9188207477,10.9188207479,10.9188207479,10.9188207483,10.9188207483,10.9188207483,10.9188207483,10.9188207483,10.91882074824,10.91882074824,10.27834507562,10.9188207477,10.21504305218,10.918820747754,10.918820747754,10.171685128684,10.918820747684,10.918820747684,10.918820747764,10.918820747764,10.918820747654,10.91882074817,10.9188207481,10.9188207481,10.91882074761,10.91882074761,10.91882074767,10.91882074767,10.91882074767,10.91882074767,10.9188207475,10.9188207477,10.83004240383,10.91882074768,10.91882074768,10.9188207478,10.9188207478,10.9188207477,10.9188207477,10.9188207477,10.91882074781,10.91882074781,10.8254869722,10.9188207473,10.9188207476,10.4155113101,10.9188207477,7.67283739,6.20635356688
"t85",6.99076190398,9.15752207268,8.99630085678,11.15150967818,11.15150967818,8.5112298847,8.74314615788,9.70450208378,11.15150967833,11.15150967833,11.15150967828,4.6831181599,6.4971960085,6.9419151777,6.9765151064,6.9765151064,2.3702558137,0,0.7099361866,1.3367450336,1.971288425562,2.255995095762,3.20637958073,5.08154995213,5.08154995207,5.08154995207,5.08154995203,5.08154995203,5.08154995201,5.08154995201,5.08154995201,5.08154995204,5.08154995204,5.08154995203,5.08154995203,5.2239547023,7.1655290729,7.3839071513,8.5849746615,8.5849746615,8.58497466192,8.58497466192,8.58497466193,8.58497466192,8.58497466192,8.58497466197,8.58497466202,8.58497466202,8.32000738171,6.21288996781,6.07778304781,8.5849746617,8.5849746617,8.5849746618,8.58497466188,8.58497466188,8.56226609613,7.08197803758,4.75722425117,10.91882074811,10.91882074811,10.8643778625,10.9188207478,9.5038862184,8.8598821361,10.918820748,10.918820748,10.9188207479,10.9188207479,10.918820748095,9.984037750295,10.918820747795,10.918820747822,10.918820747822,10.918820747795,10.9188207478,10.9188207478,10.9188207479,10.9188207479,10.4900817854,10.91882074791,10.82860882261,10.91882074762,10.91882074762,10.9188207476,10.9188207477,10.9188207477,10.9188207474,10.9188207476,10.9188207476,10.918820748,10.918820748,10.918820748,10.918820748,10.918820748,10.91882074794,10.91882074794,10.27834507532,10.9188207474,10.21504305188,10.918820747454,10.918820747454,10.171685128384,10.918820747384,10.918820747384,10.918820747464,10.918820747464,10.918820747354,10.91882074787,10.9188207478,10.9188207478,10.91882074731,10.91882074731,10.91882074737,10.91882074737,10.91882074737,10.91882074737,10.9188207472,10.9188207474,10.83004240353,10.91882074738,10.91882074738,10.9188207475,10.9188207475,10.9188207474,10.9188207474,10.9188207474,10.91882074751,10.91882074751,10.8254869719,10.918820747,10.9188207473,10.4155113098,10.9188207474,7.6728373897,6.20635356658
"t86",6.99076190398,9.15752207268,8.99630085678,11.15150967818,11.15150967818,8.5112298847,8.74314615788,9.70450208378,11.15150967833,11.15150967833,11.15150967828,4.6831181599,6.4971960085,6.9419151777,6.9765151064,6.9765151064,2.3702558137,0.7099361866,0,1.3367450336,1.971288425562,2.255995095762,3.20637958073,5.08154995213,5.08154995207,5.08154995207,5.08154995203,5.08154995203,5.08154995201,5.08154995201,5.08154995201,5.08154995204,5.08154995204,5.08154995203,5.08154995203,5.2239547023,7.1655290729,7.3839071513,8.5849746615,8.5849746615,8.58497466192,8.58497466192,8.58497466193,8.58497466192,8.58497466192,8.58497466197,8.58497466202,8.58497466202,8.32000738171,6.21288996781,6.07778304781,8.5849746617,8.5849746617,8.5849746618,8.58497466188,8.58497466188,8.56226609613,7.08197803758,4.75722425117,10.91882074811,10.91882074811,10.8643778625,10.9188207478,9.5038862184,8.8598821361,10.918820748,10.918820748,10.9188207479,10.9188207479,10.918820748095,9.984037750295,10.918820747795,10.918820747822,10.918820747822,10.918820747795,10.9188207478,10.9188207478,10.9188207479,10.9188207479,10.4900817854,10.91882074791,10.82860882261,10.91882074762,10.91882074762,10.9188207476,10.9188207477,10.9188207477,10.9188207474,10.9188207476,10.9188207476,10.918820748,10.918820748,10.918820748,10.918820748,10.918820748,10.91882074794,10.91882074794,10.27834507532,10.9188207474,10.21504305188,10.918820747454,10.918820747454,10.171685128384,10.918820747384,10.918820747384,10.918820747464,10.918820747464,10.918820747354,10.91882074787,10.9188207478,10.9188207478,10.91882074731,10.91882074731,10.91882074737,10.91882074737,10.91882074737,10.91882074737,10.9188207472,10.9188207474,10.83004240353,10.91882074738,10.91882074738,10.9188207475,10.9188207475,10.9188207474,10.9188207474,10.9188207474,10.91882074751,10.91882074751,10.8254869719,10.918820747,10.9188207473,10.4155113098,10.9188207474,7.6728373897,6.20635356658
"t37",6.61259054918,8.77935071788,8.61812950198,10.77333832338,10.77333832338,8.1330585299,8.36497480308,9.32633072898,10.77333832353,10.77333832353,10.77333832348,4.3049468051,6.1190246537,6.5637438229,6.5983437516,6.5983437516,1.9920844589,1.3367450336,1.3367450336,0,1.593117070762,1.877823740962,2.82820822593,4.70337859733,4.70337859727,4.70337859727,4.70337859723,4.70337859723,4.70337859721,4.70337859721,4.70337859721,4.70337859724,4.70337859724,4.70337859723,4.70337859723,4.8457833475,6.7873577181,7.0057357965,8.2068033067,8.2068033067,8.20680330712,8.20680330712,8.20680330713,8.20680330712,8.20680330712,8.20680330717,8.20680330722,8.20680330722,7.94183602691,5.83471861301,5.69961169301,8.2068033069,8.2068033069,8.206803307,8.20680330708,8.20680330708,8.18409474133,6.70380668278,4.37905289637,10.54064939331,10.54064939331,10.4862065077,10.540649393,9.1257148636,8.4817107813,10.5406493932,10.5406493932,10.5406493931,10.5406493931,10.540649393295,9.605866395495,10.540649392995,10.540649393022,10.540649393022,10.540649392995,10.540649393,10.540649393,10.5406493931,10.5406493931,10.1119104306,10.54064939311,10.45043746781,10.54064939282,10.54064939282,10.5406493928,10.5406493929,10.5406493929,10.5406493926,10.5406493928,10.5406493928,10.5406493932,10.5406493932,10.5406493932,10.5406493932,10.5406493932,10.54064939314,10.54064939314,9.90017372052,10.5406493926,9.83687169708,10.540649392654,10.540649392654,9.793513773584,10.540649392584,10.540649392584,10.540649392664,10.540649392664,10.540649392554,10.54064939307,10.540649393,10.540649393,10.54064939251,10.54064939251,10.54064939257,10.54064939257,10.54064939257,10.54064939257,10.5406493924,10.5406493926,10.45187104873,10.54064939258,10.54064939258,10.5406493927,10.5406493927,10.5406493926,10.5406493926,10.5406493926,10.54064939271,10.54064939271,10.4473156171,10.5406493922,10.5406493925,10.037339955,10.5406493926,7.2946660349,5.82818221178
