"","t31","t32","t41","t73","t74","t38","t39","t5","t1","t29","t30","t51","t52","t90","t91","t99","t100","t92","t93","t19","t79","t80","t33","t71","t72","t12","t24","t56","t61","t62","t88","t89","t48","t20","t21","t35","t40","t59","t60","t86","t87","t11","t84","t85","t81","t15","t34","t57","t68","t69","t45","t46","t47","t54","t55","t53","t94","t95","t96","t14","t7","t97","t98","t36","t37","t8","t49","t50","t6","t9","t63","t64","t58","t43","t44","t82","t83","t70","t77","t78","t75","t76","t42","t27","t28","t4","t65","t66","t67","t16","t25","t26","t2","t3","t22","t23","t13","t17","t18","t10"
"t31",0,1.0398339274,4.03559152558,4.03559152558,4.03559152558,4.035591525553,4.035591525553,4.0355915253,4.0355915259,4.0355915259,4.0355915259,4.0355915256,4.0355915256,4.03559152564,4.03559152564,4.035591525223,4.035591525223,4.0355915259,4.0355915259,4.5983577062,4.5983577062,4.5983577062,4.5983577062,4.5983577063,4.5983577063,4.5983577063,4.59835770613,4.59835770613,4.59835770621,4.59835770621,4.5983577062,4.5983577062,4.59835770621,4.59835770621,4.59835770621,4.59835770611,4.59835770611,4.59835770611,4.59835770611,4.59835770628,4.59835770628,4.59835770621,4.59835770581,4.59835770581,4.59835770581,4.59835770621,4.59835770621,4.59835770621,4.59835770617,4.59835770617,4.59835770621,4.59835770616,4.59835770616,4.59835770623198,4.59835770623198,4.59835770628,4.59835770628,4.59835770627,4.59835770627,4.59835770628,4.59835770618,4.59835770623,4.59835770623,4.598357706094,4.598357706094,4.598357705694,4.59835770608,4.59835770608,4.5983577066,4.5983577061,4.5983577060782,4.5983577060782,4.5983577060882,4.5983577061382,4.5983577061382,4.5983577062382,4.5983577062382,4.5983577061882,4.5983577062382,4.5983577062382,4.5983577062882,4.5983577062882,4.5983577061882,4.59835770619,4.59835770619,5.7031036189,5.7031036192,5.703103619263,5.703103619263,5.7031036193,5.70310361929,5.70310361929,5.7031036192,5.70310361964,5.70310361924,5.70310361924,5.70310361924,5.7031036192,5.7031036192,5.7031036193
"t32",1.0398339274,0,4.03559152558,4.03559152558,4.03559152558,4.035591525553,4.035591525553,4.0355915253,4.0355915259,4.0355915259,4.0355915259,4.0355915256,4.0355915256,4.03559152564,4.03559152564,4.035591525223,4.035591525223,4.0355915259,4.0355915259,4.5983577062,4.5983577062,4.5983577062,4.5983577062,4.5983577063,4.5983577063,4.5983577063,4.59835770613,4.59835770613,4.59835770621,4.59835770621,4.5983577062,4.5983577062,4.59835770621,4.59835770621,4.59835770621,4.59835770611,4.59835770611,4.59835770611,4.59835770611,4.59835770628,4.59835770628,4.59835770621,4.59835770581,4.59835770581,4.59835770581,4.59835770621,4.59835770621,4.59835770621,4.59835770617,4.59835770617,4.59835770621,4.59835770616,4.59835770616,4.59835770623198,4.59835770623198,4.59835770628,4.59835770628,4.59835770627,4.59835770627,4.59835770628,4.59835770618,4.59835770623,4.59835770623,4.598357706094,4.598357706094,4.598357705694,4.59835770608,4.59835770608,4.5983577066,4.5983577061,4.5983577060782,4.5983577060782,4.5983577060882,4.5983577061382,4.5983577061382,4.5983577062382,4.5983577062382,4.5983577061882,4.5983577062382,4.5983577062382,4.5983577062882,4.5983577062882,4.5983577061882,4.59835770619,4.59835770619,5.7031036189,5.7031036192,5.703103619263,5.703103619263,5.7031036193,5.70310361929,5.70310361929,5.7031036192,5.70310361964,5.70310361924,5.70310361924,5.70310361924,5.7031036192,5.7031036192,5.7031036193
"t41",4.03559152558,4.03559152558,0,0.7866035566,0.7866035566,0.868690633133,0.868690633133,2.54741471828,3.10262206968,3.49381504828,3.49381504828,3.76832328178,3.76832328178,3.76832328182,3.76832328182,3.768323281403,3.768323281403,3.76832328208,3.76832328208,4.59835770638,4.59835770638,4.59835770638,4.59835770638,4.59835770648,4.59835770648,4.59835770648,4.59835770631,4.59835770631,4.59835770639,4.59835770639,4.59835770638,4.59835770638,4.59835770639,4.59835770639,4.59835770639,4.59835770629,4.59835770629,4.59835770629,4.59835770629,4.59835770646,4.59835770646,4.59835770639,4.59835770599,4.59835770599,4.59835770599,4.59835770639,4.59835770639,4.59835770639,4.59835770635,4.59835770635,4.59835770639,4.59835770634,4.59835770634,4.59835770641198,4.59835770641198,4.59835770646,4.59835770646,4.59835770645,4.59835770645,4.59835770646,4.59835770636,4.59835770641,4.59835770641,4.598357706274,4.598357706274,4.598357705874,4.59835770626,4.59835770626,4.59835770678,4.59835770628,4.5983577062582,4.5983577062582,4.5983577062682,4.5983577063182,4.5983577063182,4.5983577064182,4.5983577064182,4.5983577063682,4.5983577064182,4.5983577064182,4.5983577064682,4.5983577064682,4.5983577063682,4.59835770637,4.59835770637,5.70310361908,5.70310361938,5.703103619443,5.703103619443,5.70310361948,5.70310361947,5.70310361947,5.70310361938,5.70310361982,5.70310361942,5.70310361942,5.70310361942,5.70310361938,5.70310361938,5.70310361948
"t73",4.03559152558,4.03559152558,0.7866035566,0,0.2830756654,0.868690633133,0.868690633133,2.54741471828,3.10262206968,3.49381504828,3.49381504828,3.76832328178,3.76832328178,3.76832328182,3.76832328182,3.768323281403,3.768323281403,3.76832328208,3.76832328208,4.59835770638,4.59835770638,4.59835770638,4.59835770638,4.59835770648,4.59835770648,4.59835770648,4.59835770631,4.59835770631,4.59835770639,4.59835770639,4.59835770638,4.59835770638,4.59835770639,4.59835770639,4.59835770639,4.59835770629,4.59835770629,4.59835770629,4.59835770629,4.59835770646,4.59835770646,4.59835770639,4.59835770599,4.59835770599,4.59835770599,4.59835770639,4.59835770639,4.59835770639,4.59835770635,4.59835770635,4.59835770639,4.59835770634,4.59835770634,4.59835770641198,4.59835770641198,4.59835770646,4.59835770646,4.59835770645,4.59835770645,4.59835770646,4.59835770636,4.59835770641,4.59835770641,4.598357706274,4.598357706274,4.598357705874,4.59835770626,4.59835770626,4.59835770678,4.59835770628,4.5983577062582,4.5983577062582,4.5983577062682,4.5983577063182,4.5983577063182,4.5983577064182,4.5983577064182,4.5983577063682,4.5983577064182,4.5983577064182,4.5983577064682,4.5983577064682,4.5983577063682,4.59835770637,4.59835770637,5.70310361908,5.70310361938,5.703103619443,5.703103619443,5.70310361948,5.70310361947,5.70310361947,5.70310361938,5.70310361982,5.70310361942,5.70310361942,5.70310361942,5.70310361938,5.70310361938,5.70310361948
"t74",4.03559152558,4.03559152558,0.7866035566,0.2830756654,0,0.868690633133,0.868690633133,2.54741471828,3.10262206968,3.49381504828,3.49381504828,3.76832328178,3.76832328178,3.76832328182,3.76832328182,3.768323281403,3.768323281403,3.76832328208,3.76832328208,4.59835770638,4.59835770638,4.59835770638,4.59835770638,4.59835770648,4.59835770648,4.59835770648,4.59835770631,4.59835770631,4.59835770639,4.59835770639,4.59835770638,4.59835770638,4.59835770639,4.59835770639,4.59835770639,4.59835770629,4.59835770629,4.59835770629,4.59835770629,4.59835770646,4.59835770646,4.59835770639,4.59835770599,4.59835770599,4.59835770599,4.59835770639,4.59835770639,4.59835770639,4.59835770635,4.59835770635,4.59835770639,4.59835770634,4.59835770634,4.59835770641198,4.59835770641198,4.59835770646,4.59835770646,4.59835770645,4.59835770645,4.59835770646,4.59835770636,4.59835770641,4.59835770641,4.598357706274,4.598357706274,4.598357705874,4.59835770626,4.59835770626,4.59835770678,4.59835770628,4.5983577062582,4.5983577062582,4.5983577062682,4.5983577063182,4.5983577063182,4.5983577064182,4.5983577064182,4.5983577063682,4.5983577064182,4.5983577064182,4.5983577064682,4.5983577064682,4.5983577063682,4.59835770637,4.59835770637,5.70310361908,5.70310361938,5.703103619443,5.703103619443,5.70310361948,5.70310361947,5.70310361947,5.70310361938,5.70310361982,5.70310361942,5.70310361942,5.70310361942,5.70310361938,5.70310361938,5.70310361948
"t38",4.035591525553,4.035591525553,0.868690633133,0.868690633133,0.868690633133,0,0.856219675,2.547414718253,3.102622069653,3.493815048253,3.493815048253,3.768323281753,3.768323281753,3.768323281793,3.768323281793,3.768323281376,3.768323281376,3.768323282053,3.768323282053,4.598357706353,4.598357706353,4.598357706353,4.598357706353,4.598357706453,4.598357706453,4.598357706453,4.598357706283,4.598357706283,4.598357706363,4.598357706363,4.598357706353,4.598357706353,4.598357706363,4.598357706363,4.598357706363,4.598357706263,4.598357706263,4.598357706263,4.598357706263,4.598357706433,4.598357706433,4.598357706363,4.598357705963,4.598357705963,4.598357705963,4.598357706363,4.598357706363,4.598357706363,4.598357706323,4.598357706323,4.598357706363,4.598357706313,4.598357706313,4.59835770638498,4.59835770638498,4.598357706433,4.598357706433,4.598357706423,4.598357706423,4.598357706433,4.598357706333,4.598357706383,4.598357706383,4.598357706247,4.598357706247,4.598357705847,4.598357706233,4.598357706233,4.598357706753,4.598357706253,4.5983577062312,4.5983577062312,4.5983577062412,4.5983577062912,4.5983577062912,4.5983577063912,4.5983577063912,4.5983577063412,4.5983577063912,4.5983577063912,4.5983577064412,4.5983577064412,4.5983577063412,4.598357706343,4.598357706343,5.703103619053,5.703103619353,5.703103619416,5.703103619416,5.703103619453,5.703103619443,5.703103619443,5.703103619353,5.703103619793,5.703103619393,5.703103619393,5.703103619393,5.703103619353,5.703103619353,5.703103619453
"t39",4.035591525553,4.035591525553,0.868690633133,0.868690633133,0.868690633133,0.856219675,0,2.547414718253,3.102622069653,3.493815048253,3.493815048253,3.768323281753,3.768323281753,3.768323281793,3.768323281793,3.768323281376,3.768323281376,3.768323282053,3.768323282053,4.598357706353,4.598357706353,4.598357706353,4.598357706353,4.598357706453,4.598357706453,4.598357706453,4.598357706283,4.598357706283,4.598357706363,4.598357706363,4.598357706353,4.598357706353,4.598357706363,4.598357706363,4.598357706363,4.598357706263,4.598357706263,4.598357706263,4.598357706263,4.598357706433,4.598357706433,4.598357706363,4.598357705963,4.598357705963,4.598357705963,4.598357706363,4.598357706363,4.598357706363,4.598357706323,4.598357706323,4.598357706363,4.598357706313,4.598357706313,4.59835770638498,4.59835770638498,4.598357706433,4.598357706433,4.598357706423,4.598357706423,4.598357706433,4.598357706333,4.598357706383,4.598357706383,4.598357706247,4.598357706247,4.598357705847,4.598357706233,4.598357706233,4.598357706753,4.598357706253,4.5983577062312,4.5983577062312,4.5983577062412,4.5983577062912,4.5983577062912,4.5983577063912,4.5983577063912,4.5983577063412,4.5983577063912,4.5983577063912,4.5983577064412,4.5983577064412,4.5983577063412,4.598357706343,4.598357706343,5.703103619053,5.703103619353,5.703103619416,5.703103619416,5.703103619453,5.703103619443,5.703103619443,5.703103619353,5.703103619793,5.703103619393,5.703103619393,5.703103619393,5.703103619353,5.703103619353,5.703103619453
"t5",4.0355915253,4.0355915253,2.54741471828,2.54741471828,2.54741471828,2.547414718253,2.547414718253,0,3.1026220694,3.493815048,3.493815048,3.7683232815,3.7683232815,3.76832328154,3.76832328154,3.768323281123,3.768323281123,3.7683232818,3.7683232818,4.5983577061,4.5983577061,4.5983577061,4.5983577061,4.5983577062,4.5983577062,4.5983577062,4.59835770603,4.59835770603,4.59835770611,4.59835770611,4.5983577061,4.5983577061,4.59835770611,4.59835770611,4.59835770611,4.59835770601,4.59835770601,4.59835770601,4.59835770601,4.59835770618,4.59835770618,4.59835770611,4.59835770571,4.59835770571,4.59835770571,4.59835770611,4.59835770611,4.59835770611,4.59835770607,4.59835770607,4.59835770611,4.59835770606,4.59835770606,4.59835770613198,4.59835770613198,4.59835770618,4.59835770618,4.59835770617,4.59835770617,4.59835770618,4.59835770608,4.59835770613,4.59835770613,4.598357705994,4.598357705994,4.598357705594,4.59835770598,4.59835770598,4.5983577065,4.598357706,4.5983577059782,4.5983577059782,4.5983577059882,4.5983577060382,4.5983577060382,4.5983577061382,4.5983577061382,4.5983577060882,4.5983577061382,4.5983577061382,4.5983577061882,4.5983577061882,4.5983577060882,4.59835770609,4.59835770609,5.7031036188,5.7031036191,5.703103619163,5.703103619163,5.7031036192,5.70310361919,5.70310361919,5.7031036191,5.70310361954,5.70310361914,5.70310361914,5.70310361914,5.7031036191,5.7031036191,5.7031036192
"t1",4.0355915259,4.0355915259,3.10262206968,3.10262206968,3.10262206968,3.102622069653,3.102622069653,3.1026220694,0,3.4938150486,3.4938150486,3.7683232821,3.7683232821,3.76832328214,3.76832328214,3.768323281723,3.768323281723,3.7683232824,3.7683232824,4.5983577067,4.5983577067,4.5983577067,4.5983577067,4.5983577068,4.5983577068,4.5983577068,4.59835770663,4.59835770663,4.59835770671,4.59835770671,4.5983577067,4.5983577067,4.59835770671,4.59835770671,4.59835770671,4.59835770661,4.59835770661,4.59835770661,4.59835770661,4.59835770678,4.59835770678,4.59835770671,4.59835770631,4.59835770631,4.59835770631,4.59835770671,4.59835770671,4.59835770671,4.59835770667,4.59835770667,4.59835770671,4.59835770666,4.59835770666,4.59835770673198,4.59835770673198,4.59835770678,4.59835770678,4.59835770677,4.59835770677,4.59835770678,4.59835770668,4.59835770673,4.59835770673,4.598357706594,4.598357706594,4.598357706194,4.59835770658,4.59835770658,4.5983577071,4.5983577066,4.5983577065782,4.5983577065782,4.5983577065882,4.5983577066382,4.5983577066382,4.5983577067382,4.5983577067382,4.5983577066882,4.5983577067382,4.5983577067382,4.5983577067882,4.5983577067882,4.5983577066882,4.59835770669,4.59835770669,5.7031036194,5.7031036197,5.703103619763,5.703103619763,5.7031036198,5.70310361979,5.70310361979,5.7031036197,5.70310362014,5.70310361974,5.70310361974,5.70310361974,5.7031036197,5.7031036197,5.7031036198
"t29",4.0355915259,4.0355915259,3.49381504828,3.49381504828,3.49381504828,3.493815048253,3.493815048253,3.493815048,3.4938150486,0,1.0976133846,3.7683232821,3.7683232821,3.76832328214,3.76832328214,3.768323281723,3.768323281723,3.7683232824,3.7683232824,4.5983577067,4.5983577067,4.5983577067,4.5983577067,4.5983577068,4.5983577068,4.5983577068,4.59835770663,4.59835770663,4.59835770671,4.59835770671,4.5983577067,4.5983577067,4.59835770671,4.59835770671,4.59835770671,4.59835770661,4.59835770661,4.59835770661,4.59835770661,4.59835770678,4.59835770678,4.59835770671,4.59835770631,4.59835770631,4.59835770631,4.59835770671,4.59835770671,4.59835770671,4.59835770667,4.59835770667,4.59835770671,4.59835770666,4.59835770666,4.59835770673198,4.59835770673198,4.59835770678,4.59835770678,4.59835770677,4.59835770677,4.59835770678,4.59835770668,4.59835770673,4.59835770673,4.598357706594,4.598357706594,4.598357706194,4.59835770658,4.59835770658,4.5983577071,4.5983577066,4.5983577065782,4.5983577065782,4.5983577065882,4.5983577066382,4.5983577066382,4.5983577067382,4.5983577067382,4.5983577066882,4.5983577067382,4.5983577067382,4.5983577067882,4.5983577067882,4.5983577066882,4.59835770669,4.59835770669,5.7031036194,5.7031036197,5.703103619763,5.703103619763,5.7031036198,5.70310361979,5.70310361979,5.7031036197,5.70310362014,5.70310361974,5.70310361974,5.70310361974,5.7031036197,5.7031036197,5.7031036198
"t30",4.0355915259,4.0355915259,3.49381504828,3.49381504828,3.49381504828,3.493815048253,3.493815048253,3.493815048,3.4938150486,1.0976133846,0,3.7683232821,3.7683232821,3.76832328214,3.76832328214,3.768323281723,3.768323281723,3.7683232824,3.7683232824,4.5983577067,4.5983577067,4.5983577067,4.5983577067,4.5983577068,4.5983577068,4.5983577068,4.59835770663,4.59835770663,4.59835770671,4.59835770671,4.5983577067,4.5983577067,4.59835770671,4.59835770671,4.59835770671,4.59835770661,4.59835770661,4.59835770661,4.59835770661,4.59835770678,4.59835770678,4.59835770671,4.59835770631,4.59835770631,4.59835770631,4.59835770671,4.59835770671,4.59835770671,4.59835770667,4.59835770667,4.59835770671,4.59835770666,4.59835770666,4.59835770673198,4.59835770673198,4.59835770678,4.59835770678,4.59835770677,4.59835770677,4.59835770678,4.59835770668,4.59835770673,4.59835770673,4.598357706594,4.598357706594,4.598357706194,4.59835770658,4.59835770658,4.5983577071,4.5983577066,4.5983577065782,4.5983577065782,4.5983577065882,4.5983577066382,4.5983577066382,4.5983577067382,4.5983577067382,4.5983577066882,4.5983577067382,4.5983577067382,4.5983577067882,4.5983577067882,4.5983577066882,4.59835770669,4.59835770669,5.7031036194,5.7031036197,5.703103619763,5.703103619763,5.7031036198,5.70310361979,5.70310361979,5.7031036197,5.70310362014,5.70310361974,5.70310361974,5.70310361974,5.7031036197,5.7031036197,5.7031036198
"t51",4.0355915256,4.0355915256,3.76832328178,3.76832328178,3.76832328178,3.768323281753,3.768323281753,3.7683232815,3.7683232821,3.7683232821,3.7683232821,0,0.574801142,1.51025538504,1.51025538504,3.303317186823,3.303317186823,3.3033171875,3.3033171875,4.5983577064,4.5983577064,4.5983577064,4.5983577064,4.5983577065,4.5983577065,4.5983577065,4.59835770633,4.59835770633,4.59835770641,4.59835770641,4.5983577064,4.5983577064,4.59835770641,4.59835770641,4.59835770641,4.59835770631,4.59835770631,4.59835770631,4.59835770631,4.59835770648,4.59835770648,4.59835770641,4.59835770601,4.59835770601,4.59835770601,4.59835770641,4.59835770641,4.59835770641,4.59835770637,4.59835770637,4.59835770641,4.59835770636,4.59835770636,4.59835770643198,4.59835770643198,4.59835770648,4.59835770648,4.59835770647,4.59835770647,4.59835770648,4.59835770638,4.59835770643,4.59835770643,4.598357706294,4.598357706294,4.598357705894,4.59835770628,4.59835770628,4.5983577068,4.5983577063,4.5983577062782,4.5983577062782,4.5983577062882,4.5983577063382,4.5983577063382,4.5983577064382,4.5983577064382,4.5983577063882,4.5983577064382,4.5983577064382,4.5983577064882,4.5983577064882,4.5983577063882,4.59835770639,4.59835770639,5.7031036191,5.7031036194,5.703103619463,5.703103619463,5.7031036195,5.70310361949,5.70310361949,5.7031036194,5.70310361984,5.70310361944,5.70310361944,5.70310361944,5.7031036194,5.7031036194,5.7031036195
"t52",4.0355915256,4.0355915256,3.76832328178,3.76832328178,3.76832328178,3.768323281753,3.768323281753,3.7683232815,3.7683232821,3.7683232821,3.7683232821,0.574801142,0,1.51025538504,1.51025538504,3.303317186823,3.303317186823,3.3033171875,3.3033171875,4.5983577064,4.5983577064,4.5983577064,4.5983577064,4.5983577065,4.5983577065,4.5983577065,4.59835770633,4.59835770633,4.59835770641,4.59835770641,4.5983577064,4.5983577064,4.59835770641,4.59835770641,4.59835770641,4.59835770631,4.59835770631,4.59835770631,4.59835770631,4.59835770648,4.59835770648,4.59835770641,4.59835770601,4.59835770601,4.59835770601,4.59835770641,4.59835770641,4.59835770641,4.59835770637,4.59835770637,4.59835770641,4.59835770636,4.59835770636,4.59835770643198,4.59835770643198,4.59835770648,4.59835770648,4.59835770647,4.59835770647,4.59835770648,4.59835770638,4.59835770643,4.59835770643,4.598357706294,4.598357706294,4.598357705894,4.59835770628,4.59835770628,4.5983577068,4.5983577063,4.5983577062782,4.5983577062782,4.5983577062882,4.5983577063382,4.5983577063382,4.5983577064382,4.5983577064382,4.5983577063882,4.5983577064382,4.5983577064382,4.5983577064882,4.5983577064882,4.5983577063882,4.59835770639,4.59835770639,5.7031036191,5.7031036194,5.703103619463,5.703103619463,5.7031036195,5.70310361949,5.70310361949,5.7031036194,5.70310361984,5.70310361944,5.70310361944,5.70310361944,5.7031036194,5.7031036194,5.7031036195
"t90",4.03559152564,4.03559152564,3.76832328182,3.76832328182,3.76832328182,3.768323281793,3.768323281793,3.76832328154,3.76832328214,3.76832328214,3.76832328214,1.51025538504,1.51025538504,0,0.10170599428,3.303317186863,3.303317186863,3.30331718754,3.30331718754,4.59835770644,4.59835770644,4.59835770644,4.59835770644,4.59835770654,4.59835770654,4.59835770654,4.59835770637,4.59835770637,4.59835770645,4.59835770645,4.59835770644,4.59835770644,4.59835770645,4.59835770645,4.59835770645,4.59835770635,4.59835770635,4.59835770635,4.59835770635,4.59835770652,4.59835770652,4.59835770645,4.59835770605,4.59835770605,4.59835770605,4.59835770645,4.59835770645,4.59835770645,4.59835770641,4.59835770641,4.59835770645,4.5983577064,4.5983577064,4.59835770647198,4.59835770647198,4.59835770652,4.59835770652,4.59835770651,4.59835770651,4.59835770652,4.59835770642,4.59835770647,4.59835770647,4.598357706334,4.598357706334,4.598357705934,4.59835770632,4.59835770632,4.59835770684,4.59835770634,4.5983577063182,4.5983577063182,4.5983577063282,4.5983577063782,4.5983577063782,4.5983577064782,4.5983577064782,4.5983577064282,4.5983577064782,4.5983577064782,4.5983577065282,4.5983577065282,4.5983577064282,4.59835770643,4.59835770643,5.70310361914,5.70310361944,5.703103619503,5.703103619503,5.70310361954,5.70310361953,5.70310361953,5.70310361944,5.70310361988,5.70310361948,5.70310361948,5.70310361948,5.70310361944,5.70310361944,5.70310361954
"t91",4.03559152564,4.03559152564,3.76832328182,3.76832328182,3.76832328182,3.768323281793,3.768323281793,3.76832328154,3.76832328214,3.76832328214,3.76832328214,1.51025538504,1.51025538504,0.10170599428,0,3.303317186863,3.303317186863,3.30331718754,3.30331718754,4.59835770644,4.59835770644,4.59835770644,4.59835770644,4.59835770654,4.59835770654,4.59835770654,4.59835770637,4.59835770637,4.59835770645,4.59835770645,4.59835770644,4.59835770644,4.59835770645,4.59835770645,4.59835770645,4.59835770635,4.59835770635,4.59835770635,4.59835770635,4.59835770652,4.59835770652,4.59835770645,4.59835770605,4.59835770605,4.59835770605,4.59835770645,4.59835770645,4.59835770645,4.59835770641,4.59835770641,4.59835770645,4.5983577064,4.5983577064,4.59835770647198,4.59835770647198,4.59835770652,4.59835770652,4.59835770651,4.59835770651,4.59835770652,4.59835770642,4.59835770647,4.59835770647,4.598357706334,4.598357706334,4.598357705934,4.59835770632,4.59835770632,4.59835770684,4.59835770634,4.5983577063182,4.5983577063182,4.5983577063282,4.5983577063782,4.5983577063782,4.5983577064782,4.5983577064782,4.5983577064282,4.5983577064782,4.5983577064782,4.5983577065282,4.5983577065282,4.5983577064282,4.59835770643,4.59835770643,5.70310361914,5.70310361944,5.703103619503,5.703103619503,5.70310361954,5.70310361953,5.70310361953,5.70310361944,5.70310361988,5.70310361948,5.70310361948,5.70310361948,5.70310361944,5.70310361944,5.70310361954
"t99",4.035591525223,4.035591525223,3.768323281403,3.768323281403,3.768323281403,3.768323281376,3.768323281376,3.768323281123,3.768323281723,3.768323281723,3.768323281723,3.303317186823,3.303317186823,3.303317186863,3.303317186863,0,0.007760673566,3.226654088243,3.226654088243,4.598357706023,4.598357706023,4.598357706023,4.598357706023,4.598357706123,4.598357706123,4.598357706123,4.598357705953,4.598357705953,4.598357706033,4.598357706033,4.598357706023,4.598357706023,4.598357706033,4.598357706033,4.598357706033,4.598357705933,4.598357705933,4.598357705933,4.598357705933,4.598357706103,4.598357706103,4.598357706033,4.598357705633,4.598357705633,4.598357705633,4.598357706033,4.598357706033,4.598357706033,4.598357705993,4.598357705993,4.598357706033,4.598357705983,4.598357705983,4.59835770605498,4.59835770605498,4.598357706103,4.598357706103,4.598357706093,4.598357706093,4.598357706103,4.598357706003,4.598357706053,4.598357706053,4.598357705917,4.598357705917,4.598357705517,4.598357705903,4.598357705903,4.598357706423,4.598357705923,4.5983577059012,4.5983577059012,4.5983577059112,4.5983577059612,4.5983577059612,4.5983577060612,4.5983577060612,4.5983577060112,4.5983577060612,4.5983577060612,4.5983577061112,4.5983577061112,4.5983577060112,4.598357706013,4.598357706013,5.703103618723,5.703103619023,5.703103619086,5.703103619086,5.703103619123,5.703103619113,5.703103619113,5.703103619023,5.703103619463,5.703103619063,5.703103619063,5.703103619063,5.703103619023,5.703103619023,5.703103619123
"t100",4.035591525223,4.035591525223,3.768323281403,3.768323281403,3.768323281403,3.768323281376,3.768323281376,3.768323281123,3.768323281723,3.768323281723,3.768323281723,3.303317186823,3.303317186823,3.303317186863,3.303317186863,0.007760673566,0,3.226654088243,3.226654088243,4.598357706023,4.598357706023,4.598357706023,4.598357706023,4.598357706123,4.598357706123,4.598357706123,4.598357705953,4.598357705953,4.598357706033,4.598357706033,4.598357706023,4.598357706023,4.598357706033,4.598357706033,4.598357706033,4.598357705933,4.598357705933,4.598357705933,4.598357705933,4.598357706103,4.598357706103,4.598357706033,4.598357705633,4.598357705633,4.598357705633,4.598357706033,4.598357706033,4.598357706033,4.598357705993,4.598357705993,4.598357706033,4.598357705983,4.598357705983,4.59835770605498,4.59835770605498,4.598357706103,4.598357706103,4.598357706093,4.598357706093,4.598357706103,4.598357706003,4.598357706053,4.598357706053,4.598357705917,4.598357705917,4.598357705517,4.598357705903,4.598357705903,4.598357706423,4.598357705923,4.5983577059012,4.5983577059012,4.5983577059112,4.5983577059612,4.5983577059612,4.5983577060612,4.5983577060612,4.5983577060112,4.5983577060612,4.5983577060612,4.5983577061112,4.5983577061112,4.5983577060112,4.598357706013,4.598357706013,5.703103618723,5.703103619023,5.703103619086,5.703103619086,5.703103619123,5.703103619113,5.703103619113,5.703103619023,5.703103619463,5.703103619063,5.703103619063,5.703103619063,5.703103619023,5.703103619023,5.703103619123
"t92",4.0355915259,4.0355915259,3.76832328208,3.76832328208,3.76832328208,3.768323282053,3.768323282053,3.7683232818,3.7683232824,3.7683232824,3.7683232824,3.3033171875,3.3033171875,3.30331718754,3.30331718754,3.226654088243,3.226654088243,0,0.09476109092,4.5983577067,4.5983577067,4.5983577067,4.5983577067,4.5983577068,4.5983577068,4.5983577068,4.59835770663,4.59835770663,4.59835770671,4.59835770671,4.5983577067,4.5983577067,4.59835770671,4.59835770671,4.59835770671,4.59835770661,4.59835770661,4.59835770661,4.59835770661,4.59835770678,4.59835770678,4.59835770671,4.59835770631,4.59835770631,4.59835770631,4.59835770671,4.59835770671,4.59835770671,4.59835770667,4.59835770667,4.59835770671,4.59835770666,4.59835770666,4.59835770673198,4.59835770673198,4.59835770678,4.59835770678,4.59835770677,4.59835770677,4.59835770678,4.59835770668,4.59835770673,4.59835770673,4.598357706594,4.598357706594,4.598357706194,4.59835770658,4.59835770658,4.5983577071,4.5983577066,4.5983577065782,4.5983577065782,4.5983577065882,4.5983577066382,4.5983577066382,4.5983577067382,4.5983577067382,4.5983577066882,4.5983577067382,4.5983577067382,4.5983577067882,4.5983577067882,4.5983577066882,4.59835770669,4.59835770669,5.7031036194,5.7031036197,5.703103619763,5.703103619763,5.7031036198,5.70310361979,5.70310361979,5.7031036197,5.70310362014,5.70310361974,5.70310361974,5.70310361974,5.7031036197,5.7031036197,5.7031036198
"t93",4.0355915259,4.0355915259,3.76832328208,3.76832328208,3.76832328208,3.768323282053,3.768323282053,3.7683232818,3.7683232824,3.7683232824,3.7683232824,3.3033171875,3.3033171875,3.30331718754,3.30331718754,3.226654088243,3.226654088243,0.09476109092,0,4.5983577067,4.5983577067,4.5983577067,4.5983577067,4.5983577068,4.5983577068,4.5983577068,4.59835770663,4.59835770663,4.59835770671,4.59835770671,4.5983577067,4.5983577067,4.59835770671,4.59835770671,4.59835770671,4.59835770661,4.59835770661,4.59835770661,4.59835770661,4.59835770678,4.59835770678,4.59835770671,4.59835770631,4.59835770631,4.59835770631,4.59835770671,4.59835770671,4.59835770671,4.59835770667,4.59835770667,4.59835770671,4.59835770666,4.59835770666,4.59835770673198,4.59835770673198,4.59835770678,4.59835770678,4.59835770677,4.59835770677,4.59835770678,4.59835770668,4.59835770673,4.59835770673,4.598357706594,4.598357706594,4.598357706194,4.59835770658,4.59835770658,4.5983577071,4.5983577066,4.5983577065782,4.5983577065782,4.5983577065882,4.5983577066382,4.5983577066382,4.5983577067382,4.5983577067382,4.5983577066882,4.5983577067382,4.5983577067382,4.5983577067882,4.5983577067882,4.5983577066882,4.59835770669,4.59835770669,5.7031036194,5.7031036197,5.703103619763,5.703103619763,5.7031036198,5.70310361979,5.70310361979,5.7031036197,5.70310362014,5.70310361974,5.70310361974,5.70310361974,5.7031036197,5.7031036197,5.7031036198
"t19",4.5983577062,4.5983577062,4.59835770638,4.59835770638,4.59835770638,4.598357706353,4.598357706353,4.5983577061,4.5983577067,4.5983577067,4.5983577067,4.5983577064,4.5983577064,4.59835770644,4.59835770644,4.598357706023,4.598357706023,4.5983577067,4.5983577067,0,1.2209138536,1.2209138536,1.2209138536,3.1575796903,3.1575796903,3.1575796903,4.34863857433,4.34863857433,4.34863857441,4.34863857441,4.3486385744,4.3486385744,4.34863857441,4.34863857441,4.34863857441,4.34863857431,4.34863857431,4.34863857431,4.34863857431,4.34863857448,4.34863857448,4.34863857441,4.34863857401,4.34863857401,4.34863857401,4.34863857441,4.34863857441,4.34863857441,4.34863857437,4.34863857437,4.34863857441,4.34863857436,4.34863857436,4.34863857443198,4.34863857443198,4.34863857448,4.34863857448,4.34863857447,4.34863857447,4.34863857448,4.34863857438,4.34863857443,4.34863857443,4.348638574294,4.348638574294,4.348638573894,4.34863857428,4.34863857428,4.3486385748,4.3486385743,4.3486385742782,4.3486385742782,4.3486385742882,4.3486385743382,4.3486385743382,4.3486385744382,4.3486385744382,4.3486385743882,4.3486385744382,4.3486385744382,4.3486385744882,4.3486385744882,4.3486385743882,4.34863857439,4.34863857439,5.7031036191,5.7031036194,5.703103619463,5.703103619463,5.7031036195,5.70310361949,5.70310361949,5.7031036194,5.70310361984,5.70310361944,5.70310361944,5.70310361944,5.7031036194,5.7031036194,5.7031036195
"t79",4.5983577062,4.5983577062,4.59835770638,4.59835770638,4.59835770638,4.598357706353,4.598357706353,4.5983577061,4.5983577067,4.5983577067,4.5983577067,4.5983577064,4.5983577064,4.59835770644,4.59835770644,4.598357706023,4.598357706023,4.5983577067,4.5983577067,1.2209138536,0,0.2622363534,0.9708220058,3.1575796903,3.1575796903,3.1575796903,4.34863857433,4.34863857433,4.34863857441,4.34863857441,4.3486385744,4.3486385744,4.34863857441,4.34863857441,4.34863857441,4.34863857431,4.34863857431,4.34863857431,4.34863857431,4.34863857448,4.34863857448,4.34863857441,4.34863857401,4.34863857401,4.34863857401,4.34863857441,4.34863857441,4.34863857441,4.34863857437,4.34863857437,4.34863857441,4.34863857436,4.34863857436,4.34863857443198,4.34863857443198,4.34863857448,4.34863857448,4.34863857447,4.34863857447,4.34863857448,4.34863857438,4.34863857443,4.34863857443,4.348638574294,4.348638574294,4.348638573894,4.34863857428,4.34863857428,4.3486385748,4.3486385743,4.3486385742782,4.3486385742782,4.3486385742882,4.3486385743382,4.3486385743382,4.3486385744382,4.3486385744382,4.3486385743882,4.3486385744382,4.3486385744382,4.3486385744882,4.3486385744882,4.3486385743882,4.34863857439,4.34863857439,5.7031036191,5.7031036194,5.703103619463,5.703103619463,5.7031036195,5.70310361949,5.70310361949,5.7031036194,5.70310361984,5.70310361944,5.70310361944,5.70310361944,5.7031036194,5.7031036194,5.7031036195
"t80",4.5983577062,4.5983577062,4.59835770638,4.59835770638,4.59835770638,4.598357706353,4.598357706353,4.5983577061,4.5983577067,4.5983577067,4.5983577067,4.5983577064,4.5983577064,4.59835770644,4.59835770644,4.598357706023,4.598357706023,4.5983577067,4.5983577067,1.2209138536,0.2622363534,0,0.9708220058,3.1575796903,3.1575796903,3.1575796903,4.34863857433,4.34863857433,4.34863857441,4.34863857441,4.3486385744,4.3486385744,4.34863857441,4.34863857441,4.34863857441,4.34863857431,4.34863857431,4.34863857431,4.34863857431,4.34863857448,4.34863857448,4.34863857441,4.34863857401,4.34863857401,4.34863857401,4.34863857441,4.34863857441,4.34863857441,4.34863857437,4.34863857437,4.34863857441,4.34863857436,4.34863857436,4.34863857443198,4.34863857443198,4.34863857448,4.34863857448,4.34863857447,4.34863857447,4.34863857448,4.34863857438,4.34863857443,4.34863857443,4.348638574294,4.348638574294,4.348638573894,4.34863857428,4.34863857428,4.3486385748,4.3486385743,4.3486385742782,4.3486385742782,4.3486385742882,4.3486385743382,4.3486385743382,4.3486385744382,4.3486385744382,4.3486385743882,4.3486385744382,4.3486385744382,4.3486385744882,4.3486385744882,4.3486385743882,4.34863857439,4.34863857439,5.7031036191,5.7031036194,5.703103619463,5.703103619463,5.7031036195,5.70310361949,5.70310361949,5.7031036194,5.70310361984,5.70310361944,5.70310361944,5.70310361944,5.7031036194,5.7031036194,5.7031036195
"t33",4.5983577062,4.5983577062,4.59835770638,4.59835770638,4.59835770638,4.598357706353,4.598357706353,4.5983577061,4.5983577067,4.5983577067,4.5983577067,4.5983577064,4.5983577064,4.59835770644,4.59835770644,4.598357706023,4.598357706023,4.5983577067,4.5983577067,1.2209138536,0.9708220058,0.9708220058,0,3.1575796903,3.1575796903,3.1575796903,4.34863857433,4.34863857433,4.34863857441,4.34863857441,4.3486385744,4.3486385744,4.34863857441,4.34863857441,4.34863857441,4.34863857431,4.34863857431,4.34863857431,4.34863857431,4.34863857448,4.34863857448,4.34863857441,4.34863857401,4.34863857401,4.34863857401,4.34863857441,4.34863857441,4.34863857441,4.34863857437,4.34863857437,4.34863857441,4.34863857436,4.34863857436,4.34863857443198,4.34863857443198,4.34863857448,4.34863857448,4.34863857447,4.34863857447,4.34863857448,4.34863857438,4.34863857443,4.34863857443,4.348638574294,4.348638574294,4.348638573894,4.34863857428,4.34863857428,4.3486385748,4.3486385743,4.3486385742782,4.3486385742782,4.3486385742882,4.3486385743382,4.3486385743382,4.3486385744382,4.3486385744382,4.3486385743882,4.3486385744382,4.3486385744382,4.3486385744882,4.3486385744882,4.3486385743882,4.34863857439,4.34863857439,5.7031036191,5.7031036194,5.703103619463,5.703103619463,5.7031036195,5.70310361949,5.70310361949,5.7031036194,5.70310361984,5.70310361944,5.70310361944,5.70310361944,5.7031036194,5.7031036194,5.7031036195
"t71",4.5983577063,4.5983577063,4.59835770648,4.59835770648,4.59835770648,4.598357706453,4.598357706453,4.5983577062,4.5983577068,4.5983577068,4.5983577068,4.5983577065,4.5983577065,4.59835770654,4.59835770654,4.598357706123,4.598357706123,4.5983577068,4.5983577068,3.1575796903,3.1575796903,3.1575796903,3.1575796903,0,0.3354694608,1.6018635988,4.34863857443,4.34863857443,4.34863857451,4.34863857451,4.3486385745,4.3486385745,4.34863857451,4.34863857451,4.34863857451,4.34863857441,4.34863857441,4.34863857441,4.34863857441,4.34863857458,4.34863857458,4.34863857451,4.34863857411,4.34863857411,4.34863857411,4.34863857451,4.34863857451,4.34863857451,4.34863857447,4.34863857447,4.34863857451,4.34863857446,4.34863857446,4.34863857453198,4.34863857453198,4.34863857458,4.34863857458,4.34863857457,4.34863857457,4.34863857458,4.34863857448,4.34863857453,4.34863857453,4.348638574394,4.348638574394,4.348638573994,4.34863857438,4.34863857438,4.3486385749,4.3486385744,4.3486385743782,4.3486385743782,4.3486385743882,4.3486385744382,4.3486385744382,4.3486385745382,4.3486385745382,4.3486385744882,4.3486385745382,4.3486385745382,4.3486385745882,4.3486385745882,4.3486385744882,4.34863857449,4.34863857449,5.7031036192,5.7031036195,5.703103619563,5.703103619563,5.7031036196,5.70310361959,5.70310361959,5.7031036195,5.70310361994,5.70310361954,5.70310361954,5.70310361954,5.7031036195,5.7031036195,5.7031036196
"t72",4.5983577063,4.5983577063,4.59835770648,4.59835770648,4.59835770648,4.598357706453,4.598357706453,4.5983577062,4.5983577068,4.5983577068,4.5983577068,4.5983577065,4.5983577065,4.59835770654,4.59835770654,4.598357706123,4.598357706123,4.5983577068,4.5983577068,3.1575796903,3.1575796903,3.1575796903,3.1575796903,0.3354694608,0,1.6018635988,4.34863857443,4.34863857443,4.34863857451,4.34863857451,4.3486385745,4.3486385745,4.34863857451,4.34863857451,4.34863857451,4.34863857441,4.34863857441,4.34863857441,4.34863857441,4.34863857458,4.34863857458,4.34863857451,4.34863857411,4.34863857411,4.34863857411,4.34863857451,4.34863857451,4.34863857451,4.34863857447,4.34863857447,4.34863857451,4.34863857446,4.34863857446,4.34863857453198,4.34863857453198,4.34863857458,4.34863857458,4.34863857457,4.34863857457,4.34863857458,4.34863857448,4.34863857453,4.34863857453,4.348638574394,4.348638574394,4.348638573994,4.34863857438,4.34863857438,4.3486385749,4.3486385744,4.3486385743782,4.3486385743782,4.3486385743882,4.3486385744382,4.3486385744382,4.3486385745382,4.3486385745382,4.3486385744882,4.3486385745382,4.3486385745382,4.3486385745882,4.3486385745882,4.3486385744882,4.34863857449,4.34863857449,5.7031036192,5.7031036195,5.703103619563,5.703103619563,5.7031036196,5.70310361959,5.70310361959,5.7031036195,5.70310361994,5.70310361954,5.70310361954,5.70310361954,5.7031036195,5.7031036195,5.7031036196
"t12",4.5983577063,4.5983577063,4.59835770648,4.59835770648,4.59835770648,4.598357706453,4.598357706453,4.5983577062,4.5983577068,4.5983577068,4.5983577068,4.5983577065,4.5983577065,4.59835770654,4.59835770654,4.598357706123,4.598357706123,4.5983577068,4.5983577068,3.1575796903,3.1575796903,3.1575796903,3.1575796903,1.6018635988,1.6018635988,0,4.34863857443,4.34863857443,4.34863857451,4.34863857451,4.3486385745,4.3486385745,4.34863857451,4.34863857451,4.34863857451,4.34863857441,4.34863857441,4.34863857441,4.34863857441,4.34863857458,4.34863857458,4.34863857451,4.34863857411,4.34863857411,4.34863857411,4.34863857451,4.34863857451,4.34863857451,4.34863857447,4.34863857447,4.34863857451,4.34863857446,4.34863857446,4.34863857453198,4.34863857453198,4.34863857458,4.34863857458,4.34863857457,4.34863857457,4.34863857458,4.34863857448,4.34863857453,4.34863857453,4.348638574394,4.348638574394,4.348638573994,4.34863857438,4.34863857438,4.3486385749,4.3486385744,4.3486385743782,4.3486385743782,4.3486385743882,4.3486385744382,4.3486385744382,4.3486385745382,4.3486385745382,4.3486385744882,4.3486385745382,4.3486385745382,4.3486385745882,4.3486385745882,4.3486385744882,4.34863857449,4.34863857449,5.7031036192,5.7031036195,5.703103619563,5.703103619563,5.7031036196,5.70310361959,5.70310361959,5.7031036195,5.70310361994,5.70310361954,5.70310361954,5.70310361954,5.7031036195,5.7031036195,5.7031036196
"t24",4.59835770613,4.59835770613,4.59835770631,4.59835770631,4.59835770631,4.598357706283,4.598357706283,4.59835770603,4.59835770663,4.59835770663,4.59835770663,4.59835770633,4.59835770633,4.59835770637,4.59835770637,4.598357705953,4.598357705953,4.59835770663,4.59835770663,4.34863857433,4.34863857433,4.34863857433,4.34863857433,4.34863857443,4.34863857443,4.34863857443,0,1.1401033554,1.14010335548,1.14010335548,1.16446253031,1.16446253031,1.16446253032,2.09452907892,2.09452907892,2.09452907882,2.09452907882,2.09452907882,2.09452907882,3.49803142179,3.49803142179,3.49803142172,4.03622499192,4.03622499192,4.03622499192,4.03622499232,4.03622499232,4.03622499232,4.03622499228,4.03622499228,4.03622499232,4.03622499227,4.03622499227,4.16277123220198,4.16277123220198,4.16277123225,4.16277123225,4.16277123224,4.16277123224,4.16277123225,4.16277123215,4.1627712322,4.1627712322,4.162771232064,4.162771232064,4.162771231664,4.16277123205,4.16277123205,4.16277123257,4.16277123207,4.1627712320482,4.1627712320482,4.1627712320582,4.1627712321082,4.1627712321082,4.1627712322082,4.1627712322082,4.1627712321582,4.1627712322082,4.1627712322082,4.1627712322582,4.1627712322582,4.1627712321582,4.16277123216,4.16277123216,5.70310361903,5.70310361933,5.703103619393,5.703103619393,5.70310361943,5.70310361942,5.70310361942,5.70310361933,5.70310361977,5.70310361937,5.70310361937,5.70310361937,5.70310361933,5.70310361933,5.70310361943
