"","t32","t37","t42","t43","t92","t93","t54","t18","t21","t22","t114","t115","t99","t19","t3","t4","t100","t150","t151","t27","t28","t87","t128","t131","t132","t50","t20","t23","t40","t49","t112","t113","t52","t111","t152","t153","t133","t158","t159","t123","t66","t90","t91","t17","t12","t6","t7","t8","t5","t10","t11","t58","t60","t61","t44","t55","t108","t109","t148","t149","t101","t45","t156","t157","t96","t110","t134","t135","t117","t118","t75","t76","t34","t73","t74","t72","t59","t107","t144","t145","t51","t9","t13","t142","t143","t78","t88","t89","t77","t119","t120","t83","t84","t53","t56","t57","t41","t24","t30","t102","t103","t69","t154","t155","t106","t129","t130","t116","t121","t122","t97","t98","t140","t141","t82","t85","t86","t67","t136","t137","t64","t65","t46","t146","t147","t138","t139","t126","t127","t81","t104","t105","t31","t26","t70","t71","t14","t15","t16","t79","t80","t25","t62","t63","t33","t124","t125","t94","t95","t68","t36","t29","t47","t48","t35","t38","t39","t2","t1"
"t32",0,3.11568325434,1.93904100484,2.62700194174,3.1156832544,2.73803460952,2.2921544326,4.7673326346,5.1648713137,6.3052268005,7.2531220985,7.2531220985,6.9751477361,4.376345292,6.6558012095,6.24350701264,11.42727671666,11.42727671658,11.42727671658,9.65765434949,9.71016903499,11.42727671626,11.30349002325,11.42727671633,11.42727671633,10.90484914926,9.27341350616,9.55088923274,10.44113749154,11.42727671614,11.42727671611,11.42727671611,11.42727671581,11.42727671604,11.42727671608,11.42727671608,11.42727671614,11.427276716064,11.427276716064,11.42727671604,11.42727671584,11.42727671584,11.42727671584,8.18177659344,7.98005734932,7.12608730114,6.91475201187,7.72679480634,7.1708385537,9.0737459307,8.1529386043,11.4272767155,11.42727671554,10.80968283314,10.6089644402,11.427276715617,11.427276715517,11.427276715517,11.427276715587,11.427276715587,11.427276715617,11.427276715247,11.42727671556,11.42727671556,11.42727671555,11.42727671561,11.42727671561,11.42727671561,11.42727671561,11.42727671561,11.4272767155,10.9956370801,10.2151784258,10.86615498671,10.80087090794,11.427276715,11.2813763546,11.42727671511,11.42727671508,11.42727671508,10.37855589104,7.6923231851,10.9347866579,12.9398209143,12.9398209143,12.9398209141,12.6307589966,12.9398209141,12.8188447667,12.9398209142,12.9398209142,12.9398209142,12.9398209142,12.8362516778,12.9398209141,12.9398209141,12.0974917069,10.75539533603,12.9398209152,12.9398209148,12.9398209148,12.93982091529,12.93982091531,12.93982091531,12.93982091526,12.93982091526,12.93982091526,12.93982091519,12.93982091518,12.93982091518,12.93982091529,12.71868967759,12.93982091539,12.93982091539,12.93982091537,12.93982091532,12.93982091532,12.93982091528,12.93982091528,12.93982091528,12.16191728784,12.93982091529,12.93982091525,12.9398209152,12.9398209152,12.93982091512,12.93982091512,12.93982091514,12.88639223194,12.93982091515,12.93982091555,12.93982091555,11.4488829807,10.97842692479,12.28928404514,12.6559528348,9.47545258631,10.91990588342,9.76623332912,12.939820914,12.939820914,12.0946053432,12.939820914,12.2236230281,12.7195148363,12.9398209143,12.9398209143,12.93982091419,12.93982091419,12.93982091429,11.8401359645,12.9398209151,12.9398209144,12.6926874128,11.8543228928,12.9398209139,12.9398209139,8.7545669549,8.1484893941
"t37",3.11568325434,0,1.6734906385,2.3614515754,2.87088478114,2.49323613626,2.04735595934,4.76733263494,5.16487131404,6.30522680084,7.25312209884,7.25312209884,6.97514773644,4.37634529234,6.65580120984,6.24350701298,11.427276717,11.42727671692,11.42727671692,9.65765434983,9.71016903533,11.4272767166,11.30349002359,11.42727671667,11.42727671667,10.9048491496,9.2734135065,9.55088923308,10.44113749188,11.42727671648,11.42727671645,11.42727671645,11.42727671615,11.42727671638,11.42727671642,11.42727671642,11.42727671648,11.427276716404,11.427276716404,11.42727671638,11.42727671618,11.42727671618,11.42727671618,8.18177659378,7.98005734966,7.12608730148,6.91475201221,7.72679480668,7.17083855404,9.07374593104,8.15293860464,11.42727671584,11.42727671588,10.80968283348,10.60896444054,11.427276715957,11.427276715857,11.427276715857,11.427276715927,11.427276715927,11.427276715957,11.427276715587,11.4272767159,11.4272767159,11.42727671589,11.42727671595,11.42727671595,11.42727671595,11.42727671595,11.42727671595,11.42727671584,10.99563708044,10.21517842614,10.86615498705,10.80087090828,11.42727671534,11.28137635494,11.42727671545,11.42727671542,11.42727671542,10.37855589138,7.69232318544,10.93478665824,12.93982091464,12.93982091464,12.93982091444,12.63075899694,12.93982091444,12.81884476704,12.93982091454,12.93982091454,12.93982091454,12.93982091454,12.83625167814,12.93982091444,12.93982091444,12.09749170724,10.75539533637,12.93982091554,12.93982091514,12.93982091514,12.93982091563,12.93982091565,12.93982091565,12.9398209156,12.9398209156,12.9398209156,12.93982091553,12.93982091552,12.93982091552,12.93982091563,12.71868967793,12.93982091573,12.93982091573,12.93982091571,12.93982091566,12.93982091566,12.93982091562,12.93982091562,12.93982091562,12.16191728818,12.93982091563,12.93982091559,12.93982091554,12.93982091554,12.93982091546,12.93982091546,12.93982091548,12.88639223228,12.93982091549,12.93982091589,12.93982091589,11.44888298104,10.97842692513,12.28928404548,12.65595283514,9.47545258665,10.91990588376,9.76623332946,12.93982091434,12.93982091434,12.09460534354,12.93982091434,12.22362302844,12.71951483664,12.93982091464,12.93982091464,12.93982091453,12.93982091453,12.93982091463,11.84013596484,12.93982091544,12.93982091474,12.69268741314,11.85432289314,12.93982091424,12.93982091424,8.75456695524,8.14848939444
"t42",1.93904100484,1.6734906385,0,0.8726016931,1.69424253164,1.31659388676,0.87071370984,3.59069038544,3.98822906454,5.12858455134,6.07647984934,6.07647984934,5.79850548694,3.19970304284,5.47915896034,5.06686476348,10.2506344675,10.25063446742,10.25063446742,8.48101210033,8.53352678583,10.2506344671,10.12684777409,10.25063446717,10.25063446717,9.7282069001,8.096771257,8.37424698358,9.26449524238,10.25063446698,10.25063446695,10.25063446695,10.25063446665,10.25063446688,10.25063446692,10.25063446692,10.25063446698,10.250634466904,10.250634466904,10.25063446688,10.25063446668,10.25063446668,10.25063446668,7.00513434428,6.80341510016,5.94944505198,5.73810976271,6.55015255718,5.99419630454,7.89710368154,6.97629635514,10.25063446634,10.25063446638,9.63304058398,9.43232219104,10.250634466457,10.250634466357,10.250634466357,10.250634466427,10.250634466427,10.250634466457,10.250634466087,10.2506344664,10.2506344664,10.25063446639,10.25063446645,10.25063446645,10.25063446645,10.25063446645,10.25063446645,10.25063446634,9.81899483094,9.03853617664,9.68951273755,9.62422865878,10.25063446584,10.10473410544,10.25063446595,10.25063446592,10.25063446592,9.20191364188,6.51568093594,9.75814440874,11.76317866514,11.76317866514,11.76317866494,11.45411674744,11.76317866494,11.64220251754,11.76317866504,11.76317866504,11.76317866504,11.76317866504,11.65960942864,11.76317866494,11.76317866494,10.92084945774,9.57875308687,11.76317866604,11.76317866564,11.76317866564,11.76317866613,11.76317866615,11.76317866615,11.7631786661,11.7631786661,11.7631786661,11.76317866603,11.76317866602,11.76317866602,11.76317866613,11.54204742843,11.76317866623,11.76317866623,11.76317866621,11.76317866616,11.76317866616,11.76317866612,11.76317866612,11.76317866612,10.98527503868,11.76317866613,11.76317866609,11.76317866604,11.76317866604,11.76317866596,11.76317866596,11.76317866598,11.70974998278,11.76317866599,11.76317866639,11.76317866639,10.27224073154,9.80178467563,11.11264179598,11.47931058564,8.29881033715,9.74326363426,8.58959107996,11.76317866484,11.76317866484,10.91796309404,11.76317866484,11.04698077894,11.54287258714,11.76317866514,11.76317866514,11.76317866503,11.76317866503,11.76317866513,10.66349371534,11.76317866594,11.76317866524,11.51604516364,10.67768064364,11.76317866474,11.76317866474,7.57792470574,6.97184714494
"t43",2.62700194174,2.3614515754,0.8726016931,0,2.38220346854,2.00455482366,1.55867464674,4.27865132234,4.67619000144,5.81654548824,6.76444078624,6.76444078624,6.48646642384,3.88766397974,6.16711989724,5.75482570038,10.9385954044,10.93859540432,10.93859540432,9.16897303723,9.22148772273,10.938595404,10.81480871099,10.93859540407,10.93859540407,10.416167837,8.7847321939,9.06220792048,9.95245617928,10.93859540388,10.93859540385,10.93859540385,10.93859540355,10.93859540378,10.93859540382,10.93859540382,10.93859540388,10.938595403804,10.938595403804,10.93859540378,10.93859540358,10.93859540358,10.93859540358,7.69309528118,7.49137603706,6.63740598888,6.42607069961,7.23811349408,6.68215724144,8.58506461844,7.66425729204,10.93859540324,10.93859540328,10.32100152088,10.12028312794,10.938595403357,10.938595403257,10.938595403257,10.938595403327,10.938595403327,10.938595403357,10.938595402987,10.9385954033,10.9385954033,10.93859540329,10.93859540335,10.93859540335,10.93859540335,10.93859540335,10.93859540335,10.93859540324,10.50695576784,9.72649711354,10.37747367445,10.31218959568,10.93859540274,10.79269504234,10.93859540285,10.93859540282,10.93859540282,9.88987457878,7.20364187284,10.44610534564,12.45113960204,12.45113960204,12.45113960184,12.14207768434,12.45113960184,12.33016345444,12.45113960194,12.45113960194,12.45113960194,12.45113960194,12.34757036554,12.45113960184,12.45113960184,11.60881039464,10.26671402377,12.45113960294,12.45113960254,12.45113960254,12.45113960303,12.45113960305,12.45113960305,12.451139603,12.451139603,12.451139603,12.45113960293,12.45113960292,12.45113960292,12.45113960303,12.23000836533,12.45113960313,12.45113960313,12.45113960311,12.45113960306,12.45113960306,12.45113960302,12.45113960302,12.45113960302,11.67323597558,12.45113960303,12.45113960299,12.45113960294,12.45113960294,12.45113960286,12.45113960286,12.45113960288,12.39771091968,12.45113960289,12.45113960329,12.45113960329,10.96020166844,10.48974561253,11.80060273288,12.16727152254,8.98677127405,10.43122457116,9.27755201686,12.45113960174,12.45113960174,11.60592403094,12.45113960174,11.73494171584,12.23083352404,12.45113960204,12.45113960204,12.45113960193,12.45113960193,12.45113960203,11.35145465224,12.45113960284,12.45113960214,12.20400610054,11.36564158054,12.45113960164,12.45113960164,8.26588564264,7.65980808184
"t92",3.1156832544,2.87088478114,1.69424253164,2.38220346854,0,0.57675174372,1.315875004,4.767332635,5.1648713141,6.3052268009,7.2531220989,7.2531220989,6.9751477365,4.3763452924,6.6558012099,6.24350701304,11.42727671706,11.42727671698,11.42727671698,9.65765434989,9.71016903539,11.42727671666,11.30349002365,11.42727671673,11.42727671673,10.90484914966,9.27341350656,9.55088923314,10.44113749194,11.42727671654,11.42727671651,11.42727671651,11.42727671621,11.42727671644,11.42727671648,11.42727671648,11.42727671654,11.427276716464,11.427276716464,11.42727671644,11.42727671624,11.42727671624,11.42727671624,8.18177659384,7.98005734972,7.12608730154,6.91475201227,7.72679480674,7.1708385541,9.0737459311,8.1529386047,11.4272767159,11.42727671594,10.80968283354,10.6089644406,11.427276716017,11.427276715917,11.427276715917,11.427276715987,11.427276715987,11.427276716017,11.427276715647,11.42727671596,11.42727671596,11.42727671595,11.42727671601,11.42727671601,11.42727671601,11.42727671601,11.42727671601,11.4272767159,10.9956370805,10.2151784262,10.86615498711,10.80087090834,11.4272767154,11.281376355,11.42727671551,11.42727671548,11.42727671548,10.37855589144,7.6923231855,10.9347866583,12.9398209147,12.9398209147,12.9398209145,12.630758997,12.9398209145,12.8188447671,12.9398209146,12.9398209146,12.9398209146,12.9398209146,12.8362516782,12.9398209145,12.9398209145,12.0974917073,10.75539533643,12.9398209156,12.9398209152,12.9398209152,12.93982091569,12.93982091571,12.93982091571,12.93982091566,12.93982091566,12.93982091566,12.93982091559,12.93982091558,12.93982091558,12.93982091569,12.71868967799,12.93982091579,12.93982091579,12.93982091577,12.93982091572,12.93982091572,12.93982091568,12.93982091568,12.93982091568,12.16191728824,12.93982091569,12.93982091565,12.9398209156,12.9398209156,12.93982091552,12.93982091552,12.93982091554,12.88639223234,12.93982091555,12.93982091595,12.93982091595,11.4488829811,10.97842692519,12.28928404554,12.6559528352,9.47545258671,10.91990588382,9.76623332952,12.9398209144,12.9398209144,12.0946053436,12.9398209144,12.2236230285,12.7195148367,12.9398209147,12.9398209147,12.93982091459,12.93982091459,12.93982091469,11.8401359649,12.9398209155,12.9398209148,12.6926874132,11.8543228932,12.9398209143,12.9398209143,8.7545669553,8.1484893945
"t93",2.73803460952,2.49323613626,1.31659388676,2.00455482366,0.57675174372,0,0.93822635912,4.38968399012,4.78722266922,5.92757815602,6.87547345402,6.87547345402,6.59749909162,3.99869664752,6.27815256502,5.86585836816,11.04962807218,11.0496280721,11.0496280721,9.28000570501,9.33252039051,11.04962807178,10.92584137877,11.04962807185,11.04962807185,10.52720050478,8.89576486168,9.17324058826,10.06348884706,11.04962807166,11.04962807163,11.04962807163,11.04962807133,11.04962807156,11.0496280716,11.0496280716,11.04962807166,11.049628071584,11.049628071584,11.04962807156,11.04962807136,11.04962807136,11.04962807136,7.80412794896,7.60240870484,6.74843865666,6.53710336739,7.34914616186,6.79318990922,8.69609728622,7.77528995982,11.04962807102,11.04962807106,10.43203418866,10.23131579572,11.049628071137,11.049628071037,11.049628071037,11.049628071107,11.049628071107,11.049628071137,11.049628070767,11.04962807108,11.04962807108,11.04962807107,11.04962807113,11.04962807113,11.04962807113,11.04962807113,11.04962807113,11.04962807102,10.61798843562,9.83752978132,10.48850634223,10.42322226346,11.04962807052,10.90372771012,11.04962807063,11.0496280706,11.0496280706,10.00090724656,7.31467454062,10.55713801342,12.56217226982,12.56217226982,12.56217226962,12.25311035212,12.56217226962,12.44119612222,12.56217226972,12.56217226972,12.56217226972,12.56217226972,12.45860303332,12.56217226962,12.56217226962,11.71984306242,10.37774669155,12.56217227072,12.56217227032,12.56217227032,12.56217227081,12.56217227083,12.56217227083,12.56217227078,12.56217227078,12.56217227078,12.56217227071,12.5621722707,12.5621722707,12.56217227081,12.34104103311,12.56217227091,12.56217227091,12.56217227089,12.56217227084,12.56217227084,12.5621722708,12.5621722708,12.5621722708,11.78426864336,12.56217227081,12.56217227077,12.56217227072,12.56217227072,12.56217227064,12.56217227064,12.56217227066,12.50874358746,12.56217227067,12.56217227107,12.56217227107,11.07123433622,10.60077828031,11.91163540066,12.27830419032,9.09780394183,10.54225723894,9.38858468464,12.56217226952,12.56217226952,11.71695669872,12.56217226952,11.84597438362,12.34186619182,12.56217226982,12.56217226982,12.56217226971,12.56217226971,12.56217226981,11.46248732002,12.56217227062,12.56217226992,12.31503876832,11.47667424832,12.56217226942,12.56217226942,8.37691831042,7.77084074962
"t54",2.2921544326,2.04735595934,0.87071370984,1.55867464674,1.315875004,0.93822635912,0,3.9438038132,4.3413424923,5.4816979791,6.4295932771,6.4295932771,6.1516189147,3.5528164706,5.8322723881,5.41997819124,10.60374789526,10.60374789518,10.60374789518,8.83412552809,8.88664021359,10.60374789486,10.47996120185,10.60374789493,10.60374789493,10.08132032786,8.44988468476,8.72736041134,9.61760867014,10.60374789474,10.60374789471,10.60374789471,10.60374789441,10.60374789464,10.60374789468,10.60374789468,10.60374789474,10.603747894664,10.603747894664,10.60374789464,10.60374789444,10.60374789444,10.60374789444,7.35824777204,7.15652852792,6.30255847974,6.09122319047,6.90326598494,6.3473097323,8.2502171093,7.3294097829,10.6037478941,10.60374789414,9.98615401174,9.7854356188,10.603747894217,10.603747894117,10.603747894117,10.603747894187,10.603747894187,10.603747894217,10.603747893847,10.60374789416,10.60374789416,10.60374789415,10.60374789421,10.60374789421,10.60374789421,10.60374789421,10.60374789421,10.6037478941,10.1721082587,9.3916496044,10.04262616531,9.97734208654,10.6037478936,10.4578475332,10.60374789371,10.60374789368,10.60374789368,9.55502706964,6.8687943637,10.1112578365,12.1162920929,12.1162920929,12.1162920927,11.8072301752,12.1162920927,11.9953159453,12.1162920928,12.1162920928,12.1162920928,12.1162920928,12.0127228564,12.1162920927,12.1162920927,11.2739628855,9.93186651463,12.1162920938,12.1162920934,12.1162920934,12.11629209389,12.11629209391,12.11629209391,12.11629209386,12.11629209386,12.11629209386,12.11629209379,12.11629209378,12.11629209378,12.11629209389,11.89516085619,12.11629209399,12.11629209399,12.11629209397,12.11629209392,12.11629209392,12.11629209388,12.11629209388,12.11629209388,11.33838846644,12.11629209389,12.11629209385,12.1162920938,12.1162920938,12.11629209372,12.11629209372,12.11629209374,12.06286341054,12.11629209375,12.11629209415,12.11629209415,10.6253541593,10.15489810339,11.46575522374,11.8324240134,8.65192376491,10.09637706202,8.94270450772,12.1162920926,12.1162920926,11.2710765218,12.1162920926,11.4000942067,11.8959860149,12.1162920929,12.1162920929,12.11629209279,12.11629209279,12.11629209289,11.0166071431,12.1162920937,12.116292093,11.8691585914,11.0307940714,12.1162920925,12.1162920925,7.9310381335,7.3249605727
"t18",4.7673326346,4.76733263494,3.59069038544,4.27865132234,4.767332635,4.38968399012,3.9438038132,0,1.9950444587,3.1353999455,4.0832952435,4.0832952435,3.8053208811,1.206518437,4.1700117461,3.75771754924,8.94148725326,8.94148725318,8.94148725318,7.17186488609,7.22437957159,8.94148725286,8.81770055985,8.94148725293,8.94148725293,8.41905968586,6.78762404276,7.06509976934,7.95534802814,8.94148725274,8.94148725271,8.94148725271,8.94148725241,8.94148725264,8.94148725268,8.94148725268,8.94148725274,8.941487252664,8.941487252664,8.94148725264,8.94148725244,8.94148725244,8.94148725244,5.69598713004,5.49426788592,4.64029783774,4.42896254847,5.24100534294,4.6850490903,6.5879564673,5.6671491409,8.9414872521,8.94148725214,8.32389336974,8.1231749768,8.941487252217,8.941487252117,8.941487252117,8.941487252187,8.941487252187,8.941487252217,8.941487251847,8.94148725216,8.94148725216,8.94148725215,8.94148725221,8.94148725221,8.94148725221,8.94148725221,8.94148725221,8.9414872521,8.5098476167,7.7293889624,8.38036552331,8.31508144454,8.9414872516,8.7955868912,8.94148725171,8.94148725168,8.94148725168,7.89276642764,5.2065337217,8.4489971945,10.4540314509,10.4540314509,10.4540314507,10.1449695332,10.4540314507,10.3330553033,10.4540314508,10.4540314508,10.4540314508,10.4540314508,10.3504622144,10.4540314507,10.4540314507,9.6117022435,8.26960587263,10.4540314518,10.4540314514,10.4540314514,10.45403145189,10.45403145191,10.45403145191,10.45403145186,10.45403145186,10.45403145186,10.45403145179,10.45403145178,10.45403145178,10.45403145189,10.23290021419,10.45403145199,10.45403145199,10.45403145197,10.45403145192,10.45403145192,10.45403145188,10.45403145188,10.45403145188,9.67612782444,10.45403145189,10.45403145185,10.4540314518,10.4540314518,10.45403145172,10.45403145172,10.45403145174,10.40060276854,10.45403145175,10.45403145215,10.45403145215,8.9630935173,8.49263746139,9.80349458174,10.1701633714,6.98966312291,8.43411642002,7.28044386572,10.4540314506,10.4540314506,9.6088158798,10.4540314506,9.7378335647,10.2337253729,10.4540314509,10.4540314509,10.45403145079,10.45403145079,10.45403145089,9.3543465011,10.4540314517,10.454031451,10.2068979494,9.3685334294,10.4540314505,10.4540314505,6.2687774915,5.6626999307
"t21",5.1648713137,5.16487131404,3.98822906454,4.67619000144,5.1648713141,4.78722266922,4.3413424923,1.9950444587,0,2.5131998452,4.2470404832,4.2470404832,3.9690661208,1.3702636767,4.5675504252,4.15525622834,9.33902593236,9.33902593228,9.33902593228,7.56940356519,7.62191825069,9.33902593196,9.21523923895,9.33902593203,9.33902593203,8.81659836496,7.18516272186,7.46263844844,8.35288670724,9.33902593184,9.33902593181,9.33902593181,9.33902593151,9.33902593174,9.33902593178,9.33902593178,9.33902593184,9.339025931764,9.339025931764,9.33902593174,9.33902593154,9.33902593154,9.33902593154,6.09352580914,5.89180656502,5.03783651684,4.82650122757,5.63854402204,5.0825877694,6.9854951464,6.06468782,9.3390259312,9.33902593124,8.72143204884,8.5207136559,9.339025931317,9.339025931217,9.339025931217,9.339025931287,9.339025931287,9.339025931317,9.339025930947,9.33902593126,9.33902593126,9.33902593125,9.33902593131,9.33902593131,9.33902593131,9.33902593131,9.33902593131,9.3390259312,8.9073862958,8.1269276415,8.77790420241,8.71262012364,9.3390259307,9.1931255703,9.33902593081,9.33902593078,9.33902593078,8.29030510674,5.6040724008,8.8465358736,10.85157013,10.85157013,10.8515701298,10.5425082123,10.8515701298,10.7305939824,10.8515701299,10.8515701299,10.8515701299,10.8515701299,10.7480008935,10.8515701298,10.8515701298,10.0092409226,8.66714455173,10.8515701309,10.8515701305,10.8515701305,10.85157013099,10.85157013101,10.85157013101,10.85157013096,10.85157013096,10.85157013096,10.85157013089,10.85157013088,10.85157013088,10.85157013099,10.63043889329,10.85157013109,10.85157013109,10.85157013107,10.85157013102,10.85157013102,10.85157013098,10.85157013098,10.85157013098,10.07366650354,10.85157013099,10.85157013095,10.8515701309,10.8515701309,10.85157013082,10.85157013082,10.85157013084,10.79814144764,10.85157013085,10.85157013125,10.85157013125,9.3606321964,8.89017614049,10.20103326084,10.5677020505,7.38720180201,8.83165509912,7.67798254482,10.8515701297,10.8515701297,10.0063545589,10.8515701297,10.1353722438,10.631264052,10.85157013,10.85157013,10.85157012989,10.85157012989,10.85157012999,9.7518851802,10.8515701308,10.8515701301,10.6044366285,9.7660721085,10.8515701296,10.8515701296,6.6663161706,6.0602386098
"t22",6.3052268005,6.30522680084,5.12858455134,5.81654548824,6.3052268009,5.92757815602,5.4816979791,3.1353999455,2.5131998452,0,5.38739597,5.38739597,5.1094216076,2.5106191635,5.707905912,5.29561171514,10.47938141916,10.47938141908,10.47938141908,8.70975905199,8.76227373749,10.47938141876,10.35559472575,10.47938141883,10.47938141883,9.95695385176,8.32551820866,8.60299393524,9.49324219404,10.47938141864,10.47938141861,10.47938141861,10.47938141831,10.47938141854,10.47938141858,10.47938141858,10.47938141864,10.479381418564,10.479381418564,10.47938141854,10.47938141834,10.47938141834,10.47938141834,7.23388129594,7.03216205182,6.17819200364,5.96685671437,6.77889950884,6.2229432562,8.1258506332,7.2050433068,10.479381418,10.47938141804,9.86178753564,9.6610691427,10.479381418117,10.479381418017,10.479381418017,10.479381418087,10.479381418087,10.479381418117,10.479381417747,10.47938141806,10.47938141806,10.47938141805,10.47938141811,10.47938141811,10.47938141811,10.47938141811,10.47938141811,10.479381418,10.0477417826,9.2672831283,9.91825968921,9.85297561044,10.4793814175,10.3334810571,10.47938141761,10.47938141758,10.47938141758,9.43066059354,6.7444278876,9.9868913604,11.9919256168,11.9919256168,11.9919256166,11.6828636991,11.9919256166,11.8709494692,11.9919256167,11.9919256167,11.9919256167,11.9919256167,11.8883563803,11.9919256166,11.9919256166,11.1495964094,9.80750003853,11.9919256177,11.9919256173,11.9919256173,11.99192561779,11.99192561781,11.99192561781,11.99192561776,11.99192561776,11.99192561776,11.99192561769,11.99192561768,11.99192561768,11.99192561779,11.77079438009,11.99192561789,11.99192561789,11.99192561787,11.99192561782,11.99192561782,11.99192561778,11.99192561778,11.99192561778,11.21402199034,11.99192561779,11.99192561775,11.9919256177,11.9919256177,11.99192561762,11.99192561762,11.99192561764,11.93849693444,11.99192561765,11.99192561805,11.99192561805,10.5009876832,10.03053162729,11.34138874764,11.7080575373,8.52755728881,9.97201058592,8.81833803162,11.9919256165,11.9919256165,11.1467100457,11.9919256165,11.2757277306,11.7716195388,11.9919256168,11.9919256168,11.99192561669,11.99192561669,11.99192561679,10.892240667,11.9919256176,11.9919256169,11.7447921153,10.9064275953,11.9919256164,11.9919256164,7.8066716574,7.2005940966
"t114",7.2531220985,7.25312209884,6.07647984934,6.76444078624,7.2531220989,6.87547345402,6.4295932771,4.0832952435,4.2470404832,5.38739597,0,0.5814890174,0.587321194,3.3174578419,6.65580121,6.24350701314,11.42727671716,11.42727671708,11.42727671708,9.65765434999,9.71016903549,11.42727671676,11.30349002375,11.42727671683,11.42727671683,10.90484914976,9.27341350666,9.55088923324,10.44113749204,11.42727671664,11.42727671661,11.42727671661,11.42727671631,11.42727671654,11.42727671658,11.42727671658,11.42727671664,11.427276716564,11.427276716564,11.42727671654,11.42727671634,11.42727671634,11.42727671634,8.18177659394,7.98005734982,7.12608730164,6.91475201237,7.72679480684,7.1708385542,9.0737459312,8.1529386048,11.427276716,11.42727671604,10.80968283364,10.6089644407,11.427276716117,11.427276716017,11.427276716017,11.427276716087,11.427276716087,11.427276716117,11.427276715747,11.42727671606,11.42727671606,11.42727671605,11.42727671611,11.42727671611,11.42727671611,11.42727671611,11.42727671611,11.427276716,10.9956370806,10.2151784263,10.86615498721,10.80087090844,11.4272767155,11.2813763551,11.42727671561,11.42727671558,11.42727671558,10.37855589154,7.6923231856,10.9347866584,12.9398209148,12.9398209148,12.9398209146,12.6307589971,12.9398209146,12.8188447672,12.9398209147,12.9398209147,12.9398209147,12.9398209147,12.8362516783,12.9398209146,12.9398209146,12.0974917074,10.75539533653,12.9398209157,12.9398209153,12.9398209153,12.93982091579,12.93982091581,12.93982091581,12.93982091576,12.93982091576,12.93982091576,12.93982091569,12.93982091568,12.93982091568,12.93982091579,12.71868967809,12.93982091589,12.93982091589,12.93982091587,12.93982091582,12.93982091582,12.93982091578,12.93982091578,12.93982091578,12.16191728834,12.93982091579,12.93982091575,12.9398209157,12.9398209157,12.93982091562,12.93982091562,12.93982091564,12.88639223244,12.93982091565,12.93982091605,12.93982091605,11.4488829812,10.97842692529,12.28928404564,12.6559528353,9.47545258681,10.91990588392,9.76623332962,12.9398209145,12.9398209145,12.0946053437,12.9398209145,12.2236230286,12.7195148368,12.9398209148,12.9398209148,12.93982091469,12.93982091469,12.93982091479,11.840135965,12.9398209156,12.9398209149,12.6926874133,11.8543228933,12.9398209144,12.9398209144,8.7545669554,8.1484893946
"t115",7.2531220985,7.25312209884,6.07647984934,6.76444078624,7.2531220989,6.87547345402,6.4295932771,4.0832952435,4.2470404832,5.38739597,0.5814890174,0,0.587321194,3.3174578419,6.65580121,6.24350701314,11.42727671716,11.42727671708,11.42727671708,9.65765434999,9.71016903549,11.42727671676,11.30349002375,11.42727671683,11.42727671683,10.90484914976,9.27341350666,9.55088923324,10.44113749204,11.42727671664,11.42727671661,11.42727671661,11.42727671631,11.42727671654,11.42727671658,11.42727671658,11.42727671664,11.427276716564,11.427276716564,11.42727671654,11.42727671634,11.42727671634,11.42727671634,8.18177659394,7.98005734982,7.12608730164,6.91475201237,7.72679480684,7.1708385542,9.0737459312,8.1529386048,11.427276716,11.42727671604,10.80968283364,10.6089644407,11.427276716117,11.427276716017,11.427276716017,11.427276716087,11.427276716087,11.427276716117,11.427276715747,11.42727671606,11.42727671606,11.42727671605,11.42727671611,11.42727671611,11.42727671611,11.42727671611,11.42727671611,11.427276716,10.9956370806,10.2151784263,10.86615498721,10.80087090844,11.4272767155,11.2813763551,11.42727671561,11.42727671558,11.42727671558,10.37855589154,7.6923231856,10.9347866584,12.9398209148,12.9398209148,12.9398209146,12.6307589971,12.9398209146,12.8188447672,12.9398209147,12.9398209147,12.9398209147,12.9398209147,12.8362516783,12.9398209146,12.9398209146,12.0974917074,10.75539533653,12.9398209157,12.9398209153,12.9398209153,12.93982091579,12.93982091581,12.93982091581,12.93982091576,12.93982091576,12.93982091576,12.93982091569,12.93982091568,12.93982091568,12.93982091579,12.71868967809,12.93982091589,12.93982091589,12.93982091587,12.93982091582,12.93982091582,12.93982091578,12.93982091578,12.93982091578,12.16191728834,12.93982091579,12.93982091575,12.9398209157,12.9398209157,12.93982091562,12.93982091562,12.93982091564,12.88639223244,12.93982091565,12.93982091605,12.93982091605,11.4488829812,10.97842692529,12.28928404564,12.6559528353,9.47545258681,10.91990588392,9.76623332962,12.9398209145,12.9398209145,12.0946053437,12.9398209145,12.2236230286,12.7195148368,12.9398209148,12.9398209148,12.93982091469,12.93982091469,12.93982091479,11.840135965,12.9398209156,12.9398209149,12.6926874133,11.8543228933,12.9398209144,12.9398209144,8.7545669554,8.1484893946
"t99",6.9751477361,6.97514773644,5.79850548694,6.48646642384,6.9751477365,6.59749909162,6.1516189147,3.8053208811,3.9690661208,5.1094216076,0.587321194,0.587321194,0,3.0394834795,6.3778268476,5.96553265074,11.14930235476,11.14930235468,11.14930235468,9.37967998759,9.43219467309,11.14930235436,11.02551566135,11.14930235443,11.14930235443,10.62687478736,8.99543914426,9.27291487084,10.16316312964,11.14930235424,11.14930235421,11.14930235421,11.14930235391,11.14930235414,11.14930235418,11.14930235418,11.14930235424,11.149302354164,11.149302354164,11.14930235414,11.14930235394,11.14930235394,11.14930235394,7.90380223154,7.70208298742,6.84811293924,6.63677764997,7.44882044444,6.8928641918,8.7957715688,7.8749642424,11.1493023536,11.14930235364,10.53170847124,10.3309900783,11.149302353717,11.149302353617,11.149302353617,11.149302353687,11.149302353687,11.149302353717,11.149302353347,11.14930235366,11.14930235366,11.14930235365,11.14930235371,11.14930235371,11.14930235371,11.14930235371,11.14930235371,11.1493023536,10.7176627182,9.9372040639,10.58818062481,10.52289654604,11.1493023531,11.0034019927,11.14930235321,11.14930235318,11.14930235318,10.10058152914,7.4143488232,10.656812296,12.6618465524,12.6618465524,12.6618465522,12.3527846347,12.6618465522,12.5408704048,12.6618465523,12.6618465523,12.6618465523,12.6618465523,12.5582773159,12.6618465522,12.6618465522,11.819517345,10.47742097413,12.6618465533,12.6618465529,12.6618465529,12.66184655339,12.66184655341,12.66184655341,12.66184655336,12.66184655336,12.66184655336,12.66184655329,12.66184655328,12.66184655328,12.66184655339,12.44071531569,12.66184655349,12.66184655349,12.66184655347,12.66184655342,12.66184655342,12.66184655338,12.66184655338,12.66184655338,11.88394292594,12.66184655339,12.66184655335,12.6618465533,12.6618465533,12.66184655322,12.66184655322,12.66184655324,12.60841787004,12.66184655325,12.66184655365,12.66184655365,11.1709086188,10.70045256289,12.01130968324,12.3779784729,9.19747822441,10.64193152152,9.48825896722,12.6618465521,12.6618465521,11.8166309813,12.6618465521,11.9456486662,12.4415404744,12.6618465524,12.6618465524,12.66184655229,12.66184655229,12.66184655239,11.5621616026,12.6618465532,12.6618465525,12.4147130509,11.5763485309,12.661846552,12.661846552,8.476592593,7.8705150322
"t19",4.376345292,4.37634529234,3.19970304284,3.88766397974,4.3763452924,3.99869664752,3.5528164706,1.206518437,1.3702636767,2.5106191635,3.3174578419,3.3174578419,3.0394834795,0,3.7790244035,3.36673020664,8.55049991066,8.55049991058,8.55049991058,6.78087754349,6.83339222899,8.55049991026,8.42671321725,8.55049991033,8.55049991033,8.02807234326,6.39663670016,6.67411242674,7.56436068554,8.55049991014,8.55049991011,8.55049991011,8.55049990981,8.55049991004,8.55049991008,8.55049991008,8.55049991014,8.550499910064,8.550499910064,8.55049991004,8.55049990984,8.55049990984,8.55049990984,5.30499978744,5.10328054332,4.24931049514,4.03797520587,4.85001800034,4.2940617477,6.1969691247,5.2761617983,8.5504999095,8.55049990954,7.93290602714,7.7321876342,8.550499909617,8.550499909517,8.550499909517,8.550499909587,8.550499909587,8.550499909617,8.550499909247,8.55049990956,8.55049990956,8.55049990955,8.55049990961,8.55049990961,8.55049990961,8.55049990961,8.55049990961,8.5504999095,8.1188602741,7.3384016198,7.98937818071,7.92409410194,8.550499909,8.4045995486,8.55049990911,8.55049990908,8.55049990908,7.50177908504,4.8155463791,8.0580098519,10.0630441083,10.0630441083,10.0630441081,9.7539821906,10.0630441081,9.9420679607,10.0630441082,10.0630441082,10.0630441082,10.0630441082,9.9594748718,10.0630441081,10.0630441081,9.2207149009,7.87861853003,10.0630441092,10.0630441088,10.0630441088,10.06304410929,10.06304410931,10.06304410931,10.06304410926,10.06304410926,10.06304410926,10.06304410919,10.06304410918,10.06304410918,10.06304410929,9.84191287159,10.06304410939,10.06304410939,10.06304410937,10.06304410932,10.06304410932,10.06304410928,10.06304410928,10.06304410928,9.28514048184,10.06304410929,10.06304410925,10.0630441092,10.0630441092,10.06304410912,10.06304410912,10.06304410914,10.00961542594,10.06304410915,10.06304410955,10.06304410955,8.5721061747,8.10165011879,9.41250723914,9.7791760288,6.59867578031,8.04312907742,6.88945652312,10.063044108,10.063044108,9.2178285372,10.063044108,9.3468462221,9.8427380303,10.0630441083,10.0630441083,10.06304410819,10.06304410819,10.06304410829,8.9633591585,10.0630441091,10.0630441084,9.8159106068,8.9775460868,10.0630441079,10.0630441079,5.8777901489,5.2717125881
"t3",6.6558012095,6.65580120984,5.47915896034,6.16711989724,6.6558012099,6.27815256502,5.8322723881,4.1700117461,4.5675504252,5.707905912,6.65580121,6.65580121,6.3778268476,3.7790244035,0,0.74382383934,5.92759354336,5.92759354328,5.92759354328,4.15797117619,4.21048586169,5.92759354296,5.80380684995,5.92759354303,5.92759354303,5.40516597596,3.77373033286,4.05120605944,4.94145431824,5.92759354284,5.92759354281,5.92759354281,5.92759354251,5.92759354274,5.92759354278,5.92759354278,5.92759354284,5.927593542764,5.927593542764,5.92759354274,5.92759354254,5.92759354254,5.92759354254,2.68209342014,2.48037417602,1.62640412784,1.41506883857,2.22711163304,1.6711553804,3.5740627574,2.653255431,5.9275935422,5.92759354224,5.30999965984,5.1092812669,5.927593542317,5.927593542217,5.927593542217,5.927593542287,5.927593542287,5.927593542317,5.927593541947,5.92759354226,5.92759354226,5.92759354225,5.92759354231,5.92759354231,5.92759354231,5.92759354231,5.92759354231,5.9275935422,5.4959539068,4.7154952525,5.36647181341,5.30118773464,5.9275935417,5.7816931813,5.92759354181,5.92759354178,5.92759354178,4.87887271774,2.1926400118,6.1633111514,8.1683454078,8.1683454078,8.1683454076,7.8592834901,8.1683454076,8.0473692602,8.1683454077,8.1683454077,8.1683454077,8.1683454077,8.0647761713,8.1683454076,8.1683454076,7.3260162004,5.98391982953,8.1683454087,8.1683454083,8.1683454083,8.16834540879,8.16834540881,8.16834540881,8.16834540876,8.16834540876,8.16834540876,8.16834540869,8.16834540868,8.16834540868,8.16834540879,7.94721417109,8.16834540889,8.16834540889,8.16834540887,8.16834540882,8.16834540882,8.16834540878,8.16834540878,8.16834540878,7.39044178134,8.16834540879,8.16834540875,8.1683454087,8.1683454087,8.16834540862,8.16834540862,8.16834540864,8.11491672544,8.16834540865,8.16834540905,8.16834540905,6.6774074742,6.20695141829,7.51780853864,7.8844773283,4.70397707981,6.14843037692,4.99475782262,8.1683454075,8.1683454075,7.3231298367,8.1683454075,7.4521475216,7.9480393298,8.1683454078,8.1683454078,8.16834540769,8.16834540769,8.16834540779,7.068660458,8.1683454086,8.1683454079,7.9212119063,7.0828473863,8.1683454074,8.1683454074,3.9830914484,3.3770138876
"t4",6.24350701264,6.24350701298,5.06686476348,5.75482570038,6.24350701304,5.86585836816,5.41997819124,3.75771754924,4.15525622834,5.29561171514,6.24350701314,6.24350701314,5.96553265074,3.36673020664,0.74382383934,0,5.40354773082,5.40354773074,5.40354773074,3.63392536365,3.68644004915,5.40354773042,5.27976103741,5.40354773049,5.40354773049,4.88112016342,3.24968452032,3.5271602469,4.4174085057,5.4035477303,5.40354773027,5.40354773027,5.40354772997,5.4035477302,5.40354773024,5.40354773024,5.4035477303,5.403547730224,5.403547730224,5.4035477302,5.40354773,5.40354773,5.40354773,2.1580476076,1.95632836348,1.1023583153,0.89102302603,1.7030658205,1.16981367294,3.07272104994,2.15191372354,5.42625183474,5.42625183478,4.80865795238,4.60793955944,5.426251834857,5.426251834757,5.426251834757,5.426251834827,5.426251834827,5.426251834857,5.426251834487,5.4262518348,5.4262518348,5.42625183479,5.42625183485,5.42625183485,5.42625183485,5.42625183485,5.42625183485,5.42625183474,4.99461219934,4.21415354504,4.86513010595,4.79984602718,5.42625183424,5.28035147384,5.42625183435,5.42625183432,5.42625183432,4.37753101028,1.69129830434,5.75101695454,7.75605121094,7.75605121094,7.75605121074,7.44698929324,7.75605121074,7.63507506334,7.75605121084,7.75605121084,7.75605121084,7.75605121084,7.65248197444,7.75605121074,7.75605121074,6.91372200354,5.57162563267,7.75605121184,7.75605121144,7.75605121144,7.75605121193,7.75605121195,7.75605121195,7.7560512119,7.7560512119,7.7560512119,7.75605121183,7.75605121182,7.75605121182,7.75605121193,7.53491997423,7.75605121203,7.75605121203,7.75605121201,7.75605121196,7.75605121196,7.75605121192,7.75605121192,7.75605121192,6.97814758448,7.75605121193,7.75605121189,7.75605121184,7.75605121184,7.75605121176,7.75605121176,7.75605121178,7.70262252858,7.75605121179,7.75605121219,7.75605121219,6.26511327734,5.79465722143,7.10551434178,7.47218313144,4.29168288295,5.73613618006,4.58246362576,7.75605121064,7.75605121064,6.91083563984,7.75605121064,7.03985332474,7.53574513294,7.75605121094,7.75605121094,7.75605121083,7.75605121083,7.75605121093,6.65636626114,7.75605121174,7.75605121104,7.50891770944,6.67055318944,7.75605121054,7.75605121054,3.57079725154,2.96471969074
"t100",11.42727671666,11.427276717,10.2506344675,10.9385954044,11.42727671706,11.04962807218,10.60374789526,8.94148725326,9.33902593236,10.47938141916,11.42727671716,11.42727671716,11.14930235476,8.55049991066,5.92759354336,5.40354773082,0,0.81753250792,0.81753250792,2.85531508483,2.90782977033,4.6249374516,4.50115075859,4.62493745167,4.62493745167,4.1025098846,3.6174892047,4.04186079152,4.93210905032,5.91824827492,5.91824827489,5.91824827489,5.91824827459,5.91824827482,5.91824827486,5.91824827486,5.91824827492,5.918248274844,5.918248274844,5.91824827482,7.94015006062,7.94015006062,7.94015006062,4.69464993822,4.4929306941,5.72260911992,5.51127383065,6.32331662512,6.35358337696,8.25649075396,7.33568342756,10.61002153876,10.6100215388,9.9924276564,9.79170926346,10.610021538877,10.610021538777,10.610021538777,10.610021538847,10.610021538847,10.610021538877,10.610021538507,10.61002153882,10.61002153882,10.61002153881,10.61002153887,10.61002153887,10.61002153887,10.61002153887,10.61002153887,10.61002153876,10.17838190336,9.39792324906,10.04889980997,9.9836157312,10.61002153826,10.46412117786,10.61002153837,10.61002153834,10.61002153834,9.5613007143,6.87506800836,10.93478665856,12.93982091496,12.93982091496,12.93982091476,12.63075899726,12.93982091476,12.81884476736,12.93982091486,12.93982091486,12.93982091486,12.93982091486,12.83625167846,12.93982091476,12.93982091476,12.09749170756,10.75539533669,12.93982091586,12.93982091546,12.93982091546,12.93982091595,12.93982091597,12.93982091597,12.93982091592,12.93982091592,12.93982091592,12.93982091585,12.93982091584,12.93982091584,12.93982091595,12.71868967825,12.93982091605,12.93982091605,12.93982091603,12.93982091598,12.93982091598,12.93982091594,12.93982091594,12.93982091594,12.1619172885,12.93982091595,12.93982091591,12.93982091586,12.93982091586,12.93982091578,12.93982091578,12.9398209158,12.8863922326,12.93982091581,12.93982091621,12.93982091621,11.44888298136,10.97842692545,12.2892840458,12.65595283546,9.47545258697,10.91990588408,9.76623332978,12.93982091466,12.93982091466,12.09460534386,12.93982091466,12.22362302876,12.71951483696,12.93982091496,12.93982091496,12.93982091485,12.93982091485,12.93982091495,11.84013596516,12.93982091576,12.93982091506,12.69268741346,11.85432289346,12.93982091456,12.93982091456,8.75456695556,8.14848939476
