"","t20","t61","t62","t60","t56","t57","t53","t54","t29","t85","t86","t87","t88","t7","t91","t92","t99","t100","t9","t89","t90","t28","t13","t14","t65","t66","t19","t41","t83","t84","t39","t40","t72","t73","t32","t47","t48","t23","t24","t74","t75","t18","t11","t10","t97","t98","t63","t64","t76","t77","t71","t31","t33","t34","t69","t70","t58","t78","t79","t80","t15","t12","t22","t45","t46","t21","t67","t68","t55","t4","t1","t2","t3","t49","t50","t17","t51","t52","t35","t36","t30","t27","t8","t5","t6","t25","t26","t81","t82","t16","t37","t38","t95","t96","t44","t93","t94","t59","t42","t43"
"t20",0,1.75064920803,1.75064920803,1.7506492081,1.750649208,1.750649208,3.9201570081,3.9201570081,3.9201570081,3.92015700815,3.92015700815,6.67592110644,6.67592110644,6.6759211064,6.67592110653,6.67592110653,6.6759211064917,6.6759211064917,6.6759211069,6.6759211066,6.6759211066,6.67592110658,6.67592110685,6.67592110685,6.9999360478,6.9999360478,6.99993604787,6.99993604787,6.9999360479,6.9999360479,6.99993604774,6.99993604774,6.99993604771,6.99993604771,6.99993604771,6.99993604781,6.99993604781,6.99993604779,6.99993604779,6.99993604771,6.99993604771,6.99993604771,6.99993604791,6.99993604816,6.999936047352,6.999936047352,6.99993604766,6.99993604766,6.999936047821,6.999936047821,6.99993604776,6.99993604776,6.9999360478,6.9999360478,7.71911086953,7.71911086953,7.71911086953,7.71911086949,7.7191108694961,7.7191108694961,7.71911086943,7.7191108698,7.7191108697,7.7191108697,7.7191108697,7.7191108698,7.7191108698,7.7191108698,7.7191108698,7.7191108697,9.6428419305,9.64284193128,9.64284193138,9.6428419309,9.6428419309,9.64284193091,9.64284193091,9.64284193091,9.64284193091,9.64284193091,9.64284193094,9.64284193094,9.6428419306,9.6428419312,9.6428419312,9.6428419313,9.6428419313,9.64284193135,9.64284193135,9.6428419315,9.64284193155,9.64284193155,9.64284193154,9.64284193154,9.64284193155,9.64284193158,9.64284193158,9.64284193165,9.64284193155,9.64284193155
"t61",1.75064920803,0,0.2810766248,0.32714105853,1.13884237403,1.13884237403,3.92015700813,3.92015700813,3.92015700813,3.92015700818,3.92015700818,6.67592110647,6.67592110647,6.67592110643,6.67592110656,6.67592110656,6.6759211065217,6.6759211065217,6.67592110693,6.67592110663,6.67592110663,6.67592110661,6.67592110688,6.67592110688,6.99993604783,6.99993604783,6.9999360479,6.9999360479,6.99993604793,6.99993604793,6.99993604777,6.99993604777,6.99993604774,6.99993604774,6.99993604774,6.99993604784,6.99993604784,6.99993604782,6.99993604782,6.99993604774,6.99993604774,6.99993604774,6.99993604794,6.99993604819,6.999936047382,6.999936047382,6.99993604769,6.99993604769,6.999936047851,6.999936047851,6.99993604779,6.99993604779,6.99993604783,6.99993604783,7.71911086956,7.71911086956,7.71911086956,7.71911086952,7.7191108695261,7.7191108695261,7.71911086946,7.71911086983,7.71911086973,7.71911086973,7.71911086973,7.71911086983,7.71911086983,7.71911086983,7.71911086983,7.71911086973,9.64284193053,9.64284193131,9.64284193141,9.64284193093,9.64284193093,9.64284193094,9.64284193094,9.64284193094,9.64284193094,9.64284193094,9.64284193097,9.64284193097,9.64284193063,9.64284193123,9.64284193123,9.64284193133,9.64284193133,9.64284193138,9.64284193138,9.64284193153,9.64284193158,9.64284193158,9.64284193157,9.64284193157,9.64284193158,9.64284193161,9.64284193161,9.64284193168,9.64284193158,9.64284193158
"t62",1.75064920803,0.2810766248,0,0.32714105853,1.13884237403,1.13884237403,3.92015700813,3.92015700813,3.92015700813,3.92015700818,3.92015700818,6.67592110647,6.67592110647,6.67592110643,6.67592110656,6.67592110656,6.6759211065217,6.6759211065217,6.67592110693,6.67592110663,6.67592110663,6.67592110661,6.67592110688,6.67592110688,6.99993604783,6.99993604783,6.9999360479,6.9999360479,6.99993604793,6.99993604793,6.99993604777,6.99993604777,6.99993604774,6.99993604774,6.99993604774,6.99993604784,6.99993604784,6.99993604782,6.99993604782,6.99993604774,6.99993604774,6.99993604774,6.99993604794,6.99993604819,6.999936047382,6.999936047382,6.99993604769,6.99993604769,6.999936047851,6.999936047851,6.99993604779,6.99993604779,6.99993604783,6.99993604783,7.71911086956,7.71911086956,7.71911086956,7.71911086952,7.7191108695261,7.7191108695261,7.71911086946,7.71911086983,7.71911086973,7.71911086973,7.71911086973,7.71911086983,7.71911086983,7.71911086983,7.71911086983,7.71911086973,9.64284193053,9.64284193131,9.64284193141,9.64284193093,9.64284193093,9.64284193094,9.64284193094,9.64284193094,9.64284193094,9.64284193094,9.64284193097,9.64284193097,9.64284193063,9.64284193123,9.64284193123,9.64284193133,9.64284193133,9.64284193138,9.64284193138,9.64284193153,9.64284193158,9.64284193158,9.64284193157,9.64284193157,9.64284193158,9.64284193161,9.64284193161,9.64284193168,9.64284193158,9.64284193158
"t60",1.7506492081,0.32714105853,0.32714105853,0,1.1388423741,1.1388423741,3.9201570082,3.9201570082,3.9201570082,3.92015700825,3.92015700825,6.67592110654,6.67592110654,6.6759211065,6.67592110663,6.67592110663,6.6759211065917,6.6759211065917,6.675921107,6.6759211067,6.6759211067,6.67592110668,6.67592110695,6.67592110695,6.9999360479,6.9999360479,6.99993604797,6.99993604797,6.999936048,6.999936048,6.99993604784,6.99993604784,6.99993604781,6.99993604781,6.99993604781,6.99993604791,6.99993604791,6.99993604789,6.99993604789,6.99993604781,6.99993604781,6.99993604781,6.99993604801,6.99993604826,6.999936047452,6.999936047452,6.99993604776,6.99993604776,6.999936047921,6.999936047921,6.99993604786,6.99993604786,6.9999360479,6.9999360479,7.71911086963,7.71911086963,7.71911086963,7.71911086959,7.7191108695961,7.7191108695961,7.71911086953,7.7191108699,7.7191108698,7.7191108698,7.7191108698,7.7191108699,7.7191108699,7.7191108699,7.7191108699,7.7191108698,9.6428419306,9.64284193138,9.64284193148,9.642841931,9.642841931,9.64284193101,9.64284193101,9.64284193101,9.64284193101,9.64284193101,9.64284193104,9.64284193104,9.6428419307,9.6428419313,9.6428419313,9.6428419314,9.6428419314,9.64284193145,9.64284193145,9.6428419316,9.64284193165,9.64284193165,9.64284193164,9.64284193164,9.64284193165,9.64284193168,9.64284193168,9.64284193175,9.64284193165,9.64284193165
"t56",1.750649208,1.13884237403,1.13884237403,1.1388423741,0,0.51056794,3.9201570081,3.9201570081,3.9201570081,3.92015700815,3.92015700815,6.67592110644,6.67592110644,6.6759211064,6.67592110653,6.67592110653,6.6759211064917,6.6759211064917,6.6759211069,6.6759211066,6.6759211066,6.67592110658,6.67592110685,6.67592110685,6.9999360478,6.9999360478,6.99993604787,6.99993604787,6.9999360479,6.9999360479,6.99993604774,6.99993604774,6.99993604771,6.99993604771,6.99993604771,6.99993604781,6.99993604781,6.99993604779,6.99993604779,6.99993604771,6.99993604771,6.99993604771,6.99993604791,6.99993604816,6.999936047352,6.999936047352,6.99993604766,6.99993604766,6.999936047821,6.999936047821,6.99993604776,6.99993604776,6.9999360478,6.9999360478,7.71911086953,7.71911086953,7.71911086953,7.71911086949,7.7191108694961,7.7191108694961,7.71911086943,7.7191108698,7.7191108697,7.7191108697,7.7191108697,7.7191108698,7.7191108698,7.7191108698,7.7191108698,7.7191108697,9.6428419305,9.64284193128,9.64284193138,9.6428419309,9.6428419309,9.64284193091,9.64284193091,9.64284193091,9.64284193091,9.64284193091,9.64284193094,9.64284193094,9.6428419306,9.6428419312,9.6428419312,9.6428419313,9.6428419313,9.64284193135,9.64284193135,9.6428419315,9.64284193155,9.64284193155,9.64284193154,9.64284193154,9.64284193155,9.64284193158,9.64284193158,9.64284193165,9.64284193155,9.64284193155
"t57",1.750649208,1.13884237403,1.13884237403,1.1388423741,0.51056794,0,3.9201570081,3.9201570081,3.9201570081,3.92015700815,3.92015700815,6.67592110644,6.67592110644,6.6759211064,6.67592110653,6.67592110653,6.6759211064917,6.6759211064917,6.6759211069,6.6759211066,6.6759211066,6.67592110658,6.67592110685,6.67592110685,6.9999360478,6.9999360478,6.99993604787,6.99993604787,6.9999360479,6.9999360479,6.99993604774,6.99993604774,6.99993604771,6.99993604771,6.99993604771,6.99993604781,6.99993604781,6.99993604779,6.99993604779,6.99993604771,6.99993604771,6.99993604771,6.99993604791,6.99993604816,6.999936047352,6.999936047352,6.99993604766,6.99993604766,6.999936047821,6.999936047821,6.99993604776,6.99993604776,6.9999360478,6.9999360478,7.71911086953,7.71911086953,7.71911086953,7.71911086949,7.7191108694961,7.7191108694961,7.71911086943,7.7191108698,7.7191108697,7.7191108697,7.7191108697,7.7191108698,7.7191108698,7.7191108698,7.7191108698,7.7191108697,9.6428419305,9.64284193128,9.64284193138,9.6428419309,9.6428419309,9.64284193091,9.64284193091,9.64284193091,9.64284193091,9.64284193091,9.64284193094,9.64284193094,9.6428419306,9.6428419312,9.6428419312,9.6428419313,9.6428419313,9.64284193135,9.64284193135,9.6428419315,9.64284193155,9.64284193155,9.64284193154,9.64284193154,9.64284193155,9.64284193158,9.64284193158,9.64284193165,9.64284193155,9.64284193155
"t53",3.9201570081,3.92015700813,3.92015700813,3.9201570082,3.9201570081,3.9201570081,0,0.5963846828,1.8423441762,1.84234417625,1.84234417625,6.67592110654,6.67592110654,6.6759211065,6.67592110663,6.67592110663,6.6759211065917,6.6759211065917,6.675921107,6.6759211067,6.6759211067,6.67592110668,6.67592110695,6.67592110695,6.9999360479,6.9999360479,6.99993604797,6.99993604797,6.999936048,6.999936048,6.99993604784,6.99993604784,6.99993604781,6.99993604781,6.99993604781,6.99993604791,6.99993604791,6.99993604789,6.99993604789,6.99993604781,6.99993604781,6.99993604781,6.99993604801,6.99993604826,6.999936047452,6.999936047452,6.99993604776,6.99993604776,6.999936047921,6.999936047921,6.99993604786,6.99993604786,6.9999360479,6.9999360479,7.71911086963,7.71911086963,7.71911086963,7.71911086959,7.7191108695961,7.7191108695961,7.71911086953,7.7191108699,7.7191108698,7.7191108698,7.7191108698,7.7191108699,7.7191108699,7.7191108699,7.7191108699,7.7191108698,9.6428419306,9.64284193138,9.64284193148,9.642841931,9.642841931,9.64284193101,9.64284193101,9.64284193101,9.64284193101,9.64284193101,9.64284193104,9.64284193104,9.6428419307,9.6428419313,9.6428419313,9.6428419314,9.6428419314,9.64284193145,9.64284193145,9.6428419316,9.64284193165,9.64284193165,9.64284193164,9.64284193164,9.64284193165,9.64284193168,9.64284193168,9.64284193175,9.64284193165,9.64284193165
"t54",3.9201570081,3.92015700813,3.92015700813,3.9201570082,3.9201570081,3.9201570081,0.5963846828,0,1.8423441762,1.84234417625,1.84234417625,6.67592110654,6.67592110654,6.6759211065,6.67592110663,6.67592110663,6.6759211065917,6.6759211065917,6.675921107,6.6759211067,6.6759211067,6.67592110668,6.67592110695,6.67592110695,6.9999360479,6.9999360479,6.99993604797,6.99993604797,6.999936048,6.999936048,6.99993604784,6.99993604784,6.99993604781,6.99993604781,6.99993604781,6.99993604791,6.99993604791,6.99993604789,6.99993604789,6.99993604781,6.99993604781,6.99993604781,6.99993604801,6.99993604826,6.999936047452,6.999936047452,6.99993604776,6.99993604776,6.999936047921,6.999936047921,6.99993604786,6.99993604786,6.9999360479,6.9999360479,7.71911086963,7.71911086963,7.71911086963,7.71911086959,7.7191108695961,7.7191108695961,7.71911086953,7.7191108699,7.7191108698,7.7191108698,7.7191108698,7.7191108699,7.7191108699,7.7191108699,7.7191108699,7.7191108698,9.6428419306,9.64284193138,9.64284193148,9.642841931,9.642841931,9.64284193101,9.64284193101,9.64284193101,9.64284193101,9.64284193101,9.64284193104,9.64284193104,9.6428419307,9.6428419313,9.6428419313,9.6428419314,9.6428419314,9.64284193145,9.64284193145,9.6428419316,9.64284193165,9.64284193165,9.64284193164,9.64284193164,9.64284193165,9.64284193168,9.64284193168,9.64284193175,9.64284193165,9.64284193165
"t29",3.9201570081,3.92015700813,3.92015700813,3.9201570082,3.9201570081,3.9201570081,1.8423441762,1.8423441762,0,1.20683410445,1.20683410445,6.67592110654,6.67592110654,6.6759211065,6.67592110663,6.67592110663,6.6759211065917,6.6759211065917,6.675921107,6.6759211067,6.6759211067,6.67592110668,6.67592110695,6.67592110695,6.9999360479,6.9999360479,6.99993604797,6.99993604797,6.999936048,6.999936048,6.99993604784,6.99993604784,6.99993604781,6.99993604781,6.99993604781,6.99993604791,6.99993604791,6.99993604789,6.99993604789,6.99993604781,6.99993604781,6.99993604781,6.99993604801,6.99993604826,6.999936047452,6.999936047452,6.99993604776,6.99993604776,6.999936047921,6.999936047921,6.99993604786,6.99993604786,6.9999360479,6.9999360479,7.71911086963,7.71911086963,7.71911086963,7.71911086959,7.7191108695961,7.7191108695961,7.71911086953,7.7191108699,7.7191108698,7.7191108698,7.7191108698,7.7191108699,7.7191108699,7.7191108699,7.7191108699,7.7191108698,9.6428419306,9.64284193138,9.64284193148,9.642841931,9.642841931,9.64284193101,9.64284193101,9.64284193101,9.64284193101,9.64284193101,9.64284193104,9.64284193104,9.6428419307,9.6428419313,9.6428419313,9.6428419314,9.6428419314,9.64284193145,9.64284193145,9.6428419316,9.64284193165,9.64284193165,9.64284193164,9.64284193164,9.64284193165,9.64284193168,9.64284193168,9.64284193175,9.64284193165,9.64284193165
"t85",3.92015700815,3.92015700818,3.92015700818,3.92015700825,3.92015700815,3.92015700815,1.84234417625,1.84234417625,1.20683410445,0,0.1026571037,6.67592110659,6.67592110659,6.67592110655,6.67592110668,6.67592110668,6.6759211066417,6.6759211066417,6.67592110705,6.67592110675,6.67592110675,6.67592110673,6.675921107,6.675921107,6.99993604795,6.99993604795,6.99993604802,6.99993604802,6.99993604805,6.99993604805,6.99993604789,6.99993604789,6.99993604786,6.99993604786,6.99993604786,6.99993604796,6.99993604796,6.99993604794,6.99993604794,6.99993604786,6.99993604786,6.99993604786,6.99993604806,6.99993604831,6.999936047502,6.999936047502,6.99993604781,6.99993604781,6.999936047971,6.999936047971,6.99993604791,6.99993604791,6.99993604795,6.99993604795,7.71911086968,7.71911086968,7.71911086968,7.71911086964,7.7191108696461,7.7191108696461,7.71911086958,7.71911086995,7.71911086985,7.71911086985,7.71911086985,7.71911086995,7.71911086995,7.71911086995,7.71911086995,7.71911086985,9.64284193065,9.64284193143,9.64284193153,9.64284193105,9.64284193105,9.64284193106,9.64284193106,9.64284193106,9.64284193106,9.64284193106,9.64284193109,9.64284193109,9.64284193075,9.64284193135,9.64284193135,9.64284193145,9.64284193145,9.6428419315,9.6428419315,9.64284193165,9.6428419317,9.6428419317,9.64284193169,9.64284193169,9.6428419317,9.64284193173,9.64284193173,9.6428419318,9.6428419317,9.6428419317
"t86",3.92015700815,3.92015700818,3.92015700818,3.92015700825,3.92015700815,3.92015700815,1.84234417625,1.84234417625,1.20683410445,0.1026571037,0,6.67592110659,6.67592110659,6.67592110655,6.67592110668,6.67592110668,6.6759211066417,6.6759211066417,6.67592110705,6.67592110675,6.67592110675,6.67592110673,6.675921107,6.675921107,6.99993604795,6.99993604795,6.99993604802,6.99993604802,6.99993604805,6.99993604805,6.99993604789,6.99993604789,6.99993604786,6.99993604786,6.99993604786,6.99993604796,6.99993604796,6.99993604794,6.99993604794,6.99993604786,6.99993604786,6.99993604786,6.99993604806,6.99993604831,6.999936047502,6.999936047502,6.99993604781,6.99993604781,6.999936047971,6.999936047971,6.99993604791,6.99993604791,6.99993604795,6.99993604795,7.71911086968,7.71911086968,7.71911086968,7.71911086964,7.7191108696461,7.7191108696461,7.71911086958,7.71911086995,7.71911086985,7.71911086985,7.71911086985,7.71911086995,7.71911086995,7.71911086995,7.71911086995,7.71911086985,9.64284193065,9.64284193143,9.64284193153,9.64284193105,9.64284193105,9.64284193106,9.64284193106,9.64284193106,9.64284193106,9.64284193106,9.64284193109,9.64284193109,9.64284193075,9.64284193135,9.64284193135,9.64284193145,9.64284193145,9.6428419315,9.6428419315,9.64284193165,9.6428419317,9.6428419317,9.64284193169,9.64284193169,9.6428419317,9.64284193173,9.64284193173,9.6428419318,9.6428419317,9.6428419317
"t87",6.67592110644,6.67592110647,6.67592110647,6.67592110654,6.67592110644,6.67592110644,6.67592110654,6.67592110654,6.67592110654,6.67592110659,6.67592110659,0,0.07090189108,3.18277112304,3.18277112317,3.18277112317,3.1827711231317,3.1827711231317,5.49263193754,5.49263193724,5.49263193724,5.49263193722,5.49263193749,5.49263193749,6.99993604824,6.99993604824,6.99993604831,6.99993604831,6.99993604834,6.99993604834,6.99993604818,6.99993604818,6.99993604815,6.99993604815,6.99993604815,6.99993604825,6.99993604825,6.99993604823,6.99993604823,6.99993604815,6.99993604815,6.99993604815,6.99993604835,6.9999360486,6.999936047792,6.999936047792,6.9999360481,6.9999360481,6.999936048261,6.999936048261,6.9999360482,6.9999360482,6.99993604824,6.99993604824,7.71911086997,7.71911086997,7.71911086997,7.71911086993,7.7191108699361,7.7191108699361,7.71911086987,7.71911087024,7.71911087014,7.71911087014,7.71911087014,7.71911087024,7.71911087024,7.71911087024,7.71911087024,7.71911087014,9.64284193094,9.64284193172,9.64284193182,9.64284193134,9.64284193134,9.64284193135,9.64284193135,9.64284193135,9.64284193135,9.64284193135,9.64284193138,9.64284193138,9.64284193104,9.64284193164,9.64284193164,9.64284193174,9.64284193174,9.64284193179,9.64284193179,9.64284193194,9.64284193199,9.64284193199,9.64284193198,9.64284193198,9.64284193199,9.64284193202,9.64284193202,9.64284193209,9.64284193199,9.64284193199
"t88",6.67592110644,6.67592110647,6.67592110647,6.67592110654,6.67592110644,6.67592110644,6.67592110654,6.67592110654,6.67592110654,6.67592110659,6.67592110659,0.07090189108,0,3.18277112304,3.18277112317,3.18277112317,3.1827711231317,3.1827711231317,5.49263193754,5.49263193724,5.49263193724,5.49263193722,5.49263193749,5.49263193749,6.99993604824,6.99993604824,6.99993604831,6.99993604831,6.99993604834,6.99993604834,6.99993604818,6.99993604818,6.99993604815,6.99993604815,6.99993604815,6.99993604825,6.99993604825,6.99993604823,6.99993604823,6.99993604815,6.99993604815,6.99993604815,6.99993604835,6.9999360486,6.999936047792,6.999936047792,6.9999360481,6.9999360481,6.999936048261,6.999936048261,6.9999360482,6.9999360482,6.99993604824,6.99993604824,7.71911086997,7.71911086997,7.71911086997,7.71911086993,7.7191108699361,7.7191108699361,7.71911086987,7.71911087024,7.71911087014,7.71911087014,7.71911087014,7.71911087024,7.71911087024,7.71911087024,7.71911087024,7.71911087014,9.64284193094,9.64284193172,9.64284193182,9.64284193134,9.64284193134,9.64284193135,9.64284193135,9.64284193135,9.64284193135,9.64284193135,9.64284193138,9.64284193138,9.64284193104,9.64284193164,9.64284193164,9.64284193174,9.64284193174,9.64284193179,9.64284193179,9.64284193194,9.64284193199,9.64284193199,9.64284193198,9.64284193198,9.64284193199,9.64284193202,9.64284193202,9.64284193209,9.64284193199,9.64284193199
"t7",6.6759211064,6.67592110643,6.67592110643,6.6759211065,6.6759211064,6.6759211064,6.6759211065,6.6759211065,6.6759211065,6.67592110655,6.67592110655,3.18277112304,3.18277112304,0,2.72514815213,2.72514815213,2.7251481520917,2.7251481520917,5.4926319375,5.4926319372,5.4926319372,5.49263193718,5.49263193745,5.49263193745,6.9999360482,6.9999360482,6.99993604827,6.99993604827,6.9999360483,6.9999360483,6.99993604814,6.99993604814,6.99993604811,6.99993604811,6.99993604811,6.99993604821,6.99993604821,6.99993604819,6.99993604819,6.99993604811,6.99993604811,6.99993604811,6.99993604831,6.99993604856,6.999936047752,6.999936047752,6.99993604806,6.99993604806,6.999936048221,6.999936048221,6.99993604816,6.99993604816,6.9999360482,6.9999360482,7.71911086993,7.71911086993,7.71911086993,7.71911086989,7.7191108698961,7.7191108698961,7.71911086983,7.7191108702,7.7191108701,7.7191108701,7.7191108701,7.7191108702,7.7191108702,7.7191108702,7.7191108702,7.7191108701,9.6428419309,9.64284193168,9.64284193178,9.6428419313,9.6428419313,9.64284193131,9.64284193131,9.64284193131,9.64284193131,9.64284193131,9.64284193134,9.64284193134,9.642841931,9.6428419316,9.6428419316,9.6428419317,9.6428419317,9.64284193175,9.64284193175,9.6428419319,9.64284193195,9.64284193195,9.64284193194,9.64284193194,9.64284193195,9.64284193198,9.64284193198,9.64284193205,9.64284193195,9.64284193195
"t91",6.67592110653,6.67592110656,6.67592110656,6.67592110663,6.67592110653,6.67592110653,6.67592110663,6.67592110663,6.67592110663,6.67592110668,6.67592110668,3.18277112317,3.18277112317,2.72514815213,0,0.05065935374,0.2463644722217,0.2463644722217,5.49263193763,5.49263193733,5.49263193733,5.49263193731,5.49263193758,5.49263193758,6.99993604833,6.99993604833,6.9999360484,6.9999360484,6.99993604843,6.99993604843,6.99993604827,6.99993604827,6.99993604824,6.99993604824,6.99993604824,6.99993604834,6.99993604834,6.99993604832,6.99993604832,6.99993604824,6.99993604824,6.99993604824,6.99993604844,6.99993604869,6.999936047882,6.999936047882,6.99993604819,6.99993604819,6.999936048351,6.999936048351,6.99993604829,6.99993604829,6.99993604833,6.99993604833,7.71911087006,7.71911087006,7.71911087006,7.71911087002,7.7191108700261,7.7191108700261,7.71911086996,7.71911087033,7.71911087023,7.71911087023,7.71911087023,7.71911087033,7.71911087033,7.71911087033,7.71911087033,7.71911087023,9.64284193103,9.64284193181,9.64284193191,9.64284193143,9.64284193143,9.64284193144,9.64284193144,9.64284193144,9.64284193144,9.64284193144,9.64284193147,9.64284193147,9.64284193113,9.64284193173,9.64284193173,9.64284193183,9.64284193183,9.64284193188,9.64284193188,9.64284193203,9.64284193208,9.64284193208,9.64284193207,9.64284193207,9.64284193208,9.64284193211,9.64284193211,9.64284193218,9.64284193208,9.64284193208
"t92",6.67592110653,6.67592110656,6.67592110656,6.67592110663,6.67592110653,6.67592110653,6.67592110663,6.67592110663,6.67592110663,6.67592110668,6.67592110668,3.18277112317,3.18277112317,2.72514815213,0.05065935374,0,0.2463644722217,0.2463644722217,5.49263193763,5.49263193733,5.49263193733,5.49263193731,5.49263193758,5.49263193758,6.99993604833,6.99993604833,6.9999360484,6.9999360484,6.99993604843,6.99993604843,6.99993604827,6.99993604827,6.99993604824,6.99993604824,6.99993604824,6.99993604834,6.99993604834,6.99993604832,6.99993604832,6.99993604824,6.99993604824,6.99993604824,6.99993604844,6.99993604869,6.999936047882,6.999936047882,6.99993604819,6.99993604819,6.999936048351,6.999936048351,6.99993604829,6.99993604829,6.99993604833,6.99993604833,7.71911087006,7.71911087006,7.71911087006,7.71911087002,7.7191108700261,7.7191108700261,7.71911086996,7.71911087033,7.71911087023,7.71911087023,7.71911087023,7.71911087033,7.71911087033,7.71911087033,7.71911087033,7.71911087023,9.64284193103,9.64284193181,9.64284193191,9.64284193143,9.64284193143,9.64284193144,9.64284193144,9.64284193144,9.64284193144,9.64284193144,9.64284193147,9.64284193147,9.64284193113,9.64284193173,9.64284193173,9.64284193183,9.64284193183,9.64284193188,9.64284193188,9.64284193203,9.64284193208,9.64284193208,9.64284193207,9.64284193207,9.64284193208,9.64284193211,9.64284193211,9.64284193218,9.64284193208,9.64284193208
"t99",6.6759211064917,6.6759211065217,6.6759211065217,6.6759211065917,6.6759211064917,6.6759211064917,6.6759211065917,6.6759211065917,6.6759211065917,6.6759211066417,6.6759211066417,3.1827711231317,3.1827711231317,2.7251481520917,0.2463644722217,0.2463644722217,0,0.0016688749834,5.4926319375917,5.4926319372917,5.4926319372917,5.4926319372717,5.4926319375417,5.4926319375417,6.9999360482917,6.9999360482917,6.9999360483617,6.9999360483617,6.9999360483917,6.9999360483917,6.9999360482317,6.9999360482317,6.9999360482017,6.9999360482017,6.9999360482017,6.9999360483017,6.9999360483017,6.9999360482817,6.9999360482817,6.9999360482017,6.9999360482017,6.9999360482017,6.9999360484017,6.9999360486517,6.9999360478437,6.9999360478437,6.9999360481517,6.9999360481517,6.9999360483127,6.9999360483127,6.9999360482517,6.9999360482517,6.9999360482917,6.9999360482917,7.7191108700217,7.7191108700217,7.7191108700217,7.7191108699817,7.7191108699878,7.7191108699878,7.7191108699217,7.7191108702917,7.7191108701917,7.7191108701917,7.7191108701917,7.7191108702917,7.7191108702917,7.7191108702917,7.7191108702917,7.7191108701917,9.6428419309917,9.6428419317717,9.6428419318717,9.6428419313917,9.6428419313917,9.6428419314017,9.6428419314017,9.6428419314017,9.6428419314017,9.6428419314017,9.6428419314317,9.6428419314317,9.6428419310917,9.6428419316917,9.6428419316917,9.6428419317917,9.6428419317917,9.6428419318417,9.6428419318417,9.6428419319917,9.6428419320417,9.6428419320417,9.6428419320317,9.6428419320317,9.6428419320417,9.6428419320717,9.6428419320717,9.6428419321417,9.6428419320417,9.6428419320417
"t100",6.6759211064917,6.6759211065217,6.6759211065217,6.6759211065917,6.6759211064917,6.6759211064917,6.6759211065917,6.6759211065917,6.6759211065917,6.6759211066417,6.6759211066417,3.1827711231317,3.1827711231317,2.7251481520917,0.2463644722217,0.2463644722217,0.0016688749834,0,5.4926319375917,5.4926319372917,5.4926319372917,5.4926319372717,5.4926319375417,5.4926319375417,6.9999360482917,6.9999360482917,6.9999360483617,6.9999360483617,6.9999360483917,6.9999360483917,6.9999360482317,6.9999360482317,6.9999360482017,6.9999360482017,6.9999360482017,6.9999360483017,6.9999360483017,6.9999360482817,6.9999360482817,6.9999360482017,6.9999360482017,6.9999360482017,6.9999360484017,6.9999360486517,6.9999360478437,6.9999360478437,6.9999360481517,6.9999360481517,6.9999360483127,6.9999360483127,6.9999360482517,6.9999360482517,6.9999360482917,6.9999360482917,7.7191108700217,7.7191108700217,7.7191108700217,7.7191108699817,7.7191108699878,7.7191108699878,7.7191108699217,7.7191108702917,7.7191108701917,7.7191108701917,7.7191108701917,7.7191108702917,7.7191108702917,7.7191108702917,7.7191108702917,7.7191108701917,9.6428419309917,9.6428419317717,9.6428419318717,9.6428419313917,9.6428419313917,9.6428419314017,9.6428419314017,9.6428419314017,9.6428419314017,9.6428419314017,9.6428419314317,9.6428419314317,9.6428419310917,9.6428419316917,9.6428419316917,9.6428419317917,9.6428419317917,9.6428419318417,9.6428419318417,9.6428419319917,9.6428419320417,9.6428419320417,9.6428419320317,9.6428419320317,9.6428419320417,9.6428419320717,9.6428419320717,9.6428419321417,9.6428419320417,9.6428419320417
"t9",6.6759211069,6.67592110693,6.67592110693,6.675921107,6.6759211069,6.6759211069,6.675921107,6.675921107,6.675921107,6.67592110705,6.67592110705,5.49263193754,5.49263193754,5.4926319375,5.49263193763,5.49263193763,5.4926319375917,5.4926319375917,0,2.3513777297,2.3513777297,2.35137772968,2.35137772995,2.35137772995,6.9999360487,6.9999360487,6.99993604877,6.99993604877,6.9999360488,6.9999360488,6.99993604864,6.99993604864,6.99993604861,6.99993604861,6.99993604861,6.99993604871,6.99993604871,6.99993604869,6.99993604869,6.99993604861,6.99993604861,6.99993604861,6.99993604881,6.99993604906,6.999936048252,6.999936048252,6.99993604856,6.99993604856,6.999936048721,6.999936048721,6.99993604866,6.99993604866,6.9999360487,6.9999360487,7.71911087043,7.71911087043,7.71911087043,7.71911087039,7.7191108703961,7.7191108703961,7.71911087033,7.7191108707,7.7191108706,7.7191108706,7.7191108706,7.7191108707,7.7191108707,7.7191108707,7.7191108707,7.7191108706,9.6428419314,9.64284193218,9.64284193228,9.6428419318,9.6428419318,9.64284193181,9.64284193181,9.64284193181,9.64284193181,9.64284193181,9.64284193184,9.64284193184,9.6428419315,9.6428419321,9.6428419321,9.6428419322,9.6428419322,9.64284193225,9.64284193225,9.6428419324,9.64284193245,9.64284193245,9.64284193244,9.64284193244,9.64284193245,9.64284193248,9.64284193248,9.64284193255,9.64284193245,9.64284193245
"t89",6.6759211066,6.67592110663,6.67592110663,6.6759211067,6.6759211066,6.6759211066,6.6759211067,6.6759211067,6.6759211067,6.67592110675,6.67592110675,5.49263193724,5.49263193724,5.4926319372,5.49263193733,5.49263193733,5.4926319372917,5.4926319372917,2.3513777297,0,0.05634937984,1.43173223102,2.30589061389,2.30589061389,6.9999360484,6.9999360484,6.99993604847,6.99993604847,6.9999360485,6.9999360485,6.99993604834,6.99993604834,6.99993604831,6.99993604831,6.99993604831,6.99993604841,6.99993604841,6.99993604839,6.99993604839,6.99993604831,6.99993604831,6.99993604831,6.99993604851,6.99993604876,6.999936047952,6.999936047952,6.99993604826,6.99993604826,6.999936048421,6.999936048421,6.99993604836,6.99993604836,6.9999360484,6.9999360484,7.71911087013,7.71911087013,7.71911087013,7.71911087009,7.7191108700961,7.7191108700961,7.71911087003,7.7191108704,7.7191108703,7.7191108703,7.7191108703,7.7191108704,7.7191108704,7.7191108704,7.7191108704,7.7191108703,9.6428419311,9.64284193188,9.64284193198,9.6428419315,9.6428419315,9.64284193151,9.64284193151,9.64284193151,9.64284193151,9.64284193151,9.64284193154,9.64284193154,9.6428419312,9.6428419318,9.6428419318,9.6428419319,9.6428419319,9.64284193195,9.64284193195,9.6428419321,9.64284193215,9.64284193215,9.64284193214,9.64284193214,9.64284193215,9.64284193218,9.64284193218,9.64284193225,9.64284193215,9.64284193215
"t90",6.6759211066,6.67592110663,6.67592110663,6.6759211067,6.6759211066,6.6759211066,6.6759211067,6.6759211067,6.6759211067,6.67592110675,6.67592110675,5.49263193724,5.49263193724,5.4926319372,5.49263193733,5.49263193733,5.4926319372917,5.4926319372917,2.3513777297,0.05634937984,0,1.43173223102,2.30589061389,2.30589061389,6.9999360484,6.9999360484,6.99993604847,6.99993604847,6.9999360485,6.9999360485,6.99993604834,6.99993604834,6.99993604831,6.99993604831,6.99993604831,6.99993604841,6.99993604841,6.99993604839,6.99993604839,6.99993604831,6.99993604831,6.99993604831,6.99993604851,6.99993604876,6.999936047952,6.999936047952,6.99993604826,6.99993604826,6.999936048421,6.999936048421,6.99993604836,6.99993604836,6.9999360484,6.9999360484,7.71911087013,7.71911087013,7.71911087013,7.71911087009,7.7191108700961,7.7191108700961,7.71911087003,7.7191108704,7.7191108703,7.7191108703,7.7191108703,7.7191108704,7.7191108704,7.7191108704,7.7191108704,7.7191108703,9.6428419311,9.64284193188,9.64284193198,9.6428419315,9.6428419315,9.64284193151,9.64284193151,9.64284193151,9.64284193151,9.64284193151,9.64284193154,9.64284193154,9.6428419312,9.6428419318,9.6428419318,9.6428419319,9.6428419319,9.64284193195,9.64284193195,9.6428419321,9.64284193215,9.64284193215,9.64284193214,9.64284193214,9.64284193215,9.64284193218,9.64284193218,9.64284193225,9.64284193215,9.64284193215
"t28",6.67592110658,6.67592110661,6.67592110661,6.67592110668,6.67592110658,6.67592110658,6.67592110668,6.67592110668,6.67592110668,6.67592110673,6.67592110673,5.49263193722,5.49263193722,5.49263193718,5.49263193731,5.49263193731,5.4926319372717,5.4926319372717,2.35137772968,1.43173223102,1.43173223102,0,2.30589061387,2.30589061387,6.99993604838,6.99993604838,6.99993604845,6.99993604845,6.99993604848,6.99993604848,6.99993604832,6.99993604832,6.99993604829,6.99993604829,6.99993604829,6.99993604839,6.99993604839,6.99993604837,6.99993604837,6.99993604829,6.99993604829,6.99993604829,6.99993604849,6.99993604874,6.999936047932,6.999936047932,6.99993604824,6.99993604824,6.999936048401,6.999936048401,6.99993604834,6.99993604834,6.99993604838,6.99993604838,7.71911087011,7.71911087011,7.71911087011,7.71911087007,7.7191108700761,7.7191108700761,7.71911087001,7.71911087038,7.71911087028,7.71911087028,7.71911087028,7.71911087038,7.71911087038,7.71911087038,7.71911087038,7.71911087028,9.64284193108,9.64284193186,9.64284193196,9.64284193148,9.64284193148,9.64284193149,9.64284193149,9.64284193149,9.64284193149,9.64284193149,9.64284193152,9.64284193152,9.64284193118,9.64284193178,9.64284193178,9.64284193188,9.64284193188,9.64284193193,9.64284193193,9.64284193208,9.64284193213,9.64284193213,9.64284193212,9.64284193212,9.64284193213,9.64284193216,9.64284193216,9.64284193223,9.64284193213,9.64284193213
"t13",6.67592110685,6.67592110688,6.67592110688,6.67592110695,6.67592110685,6.67592110685,6.67592110695,6.67592110695,6.67592110695,6.675921107,6.675921107,5.49263193749,5.49263193749,5.49263193745,5.49263193758,5.49263193758,5.4926319375417,5.4926319375417,2.35137772995,2.30589061389,2.30589061389,2.30589061387,0,2.158763064,6.99993604865,6.99993604865,6.99993604872,6.99993604872,6.99993604875,6.99993604875,6.99993604859,6.99993604859,6.99993604856,6.99993604856,6.99993604856,6.99993604866,6.99993604866,6.99993604864,6.99993604864,6.99993604856,6.99993604856,6.99993604856,6.99993604876,6.99993604901,6.999936048202,6.999936048202,6.99993604851,6.99993604851,6.999936048671,6.999936048671,6.99993604861,6.99993604861,6.99993604865,6.99993604865,7.71911087038,7.71911087038,7.71911087038,7.71911087034,7.7191108703461,7.7191108703461,7.71911087028,7.71911087065,7.71911087055,7.71911087055,7.71911087055,7.71911087065,7.71911087065,7.71911087065,7.71911087065,7.71911087055,9.64284193135,9.64284193213,9.64284193223,9.64284193175,9.64284193175,9.64284193176,9.64284193176,9.64284193176,9.64284193176,9.64284193176,9.64284193179,9.64284193179,9.64284193145,9.64284193205,9.64284193205,9.64284193215,9.64284193215,9.6428419322,9.6428419322,9.64284193235,9.6428419324,9.6428419324,9.64284193239,9.64284193239,9.6428419324,9.64284193243,9.64284193243,9.6428419325,9.6428419324,9.6428419324
"t14",6.67592110685,6.67592110688,6.67592110688,6.67592110695,6.67592110685,6.67592110685,6.67592110695,6.67592110695,6.67592110695,6.675921107,6.675921107,5.49263193749,5.49263193749,5.49263193745,5.49263193758,5.49263193758,5.4926319375417,5.4926319375417,2.35137772995,2.30589061389,2.30589061389,2.30589061387,2.158763064,0,6.99993604865,6.99993604865,6.99993604872,6.99993604872,6.99993604875,6.99993604875,6.99993604859,6.99993604859,6.99993604856,6.99993604856,6.99993604856,6.99993604866,6.99993604866,6.99993604864,6.99993604864,6.99993604856,6.99993604856,6.99993604856,6.99993604876,6.99993604901,6.999936048202,6.999936048202,6.99993604851,6.99993604851,6.999936048671,6.999936048671,6.99993604861,6.99993604861,6.99993604865,6.99993604865,7.71911087038,7.71911087038,7.71911087038,7.71911087034,7.7191108703461,7.7191108703461,7.71911087028,7.71911087065,7.71911087055,7.71911087055,7.71911087055,7.71911087065,7.71911087065,7.71911087065,7.71911087065,7.71911087055,9.64284193135,9.64284193213,9.64284193223,9.64284193175,9.64284193175,9.64284193176,9.64284193176,9.64284193176,9.64284193176,9.64284193176,9.64284193179,9.64284193179,9.64284193145,9.64284193205,9.64284193205,9.64284193215,9.64284193215,9.6428419322,9.6428419322,9.64284193235,9.6428419324,9.6428419324,9.64284193239,9.64284193239,9.6428419324,9.64284193243,9.64284193243,9.6428419325,9.6428419324,9.6428419324
"t65",6.9999360478,6.99993604783,6.99993604783,6.9999360479,6.9999360478,6.9999360478,6.9999360479,6.9999360479,6.9999360479,6.99993604795,6.99993604795,6.99993604824,6.99993604824,6.9999360482,6.99993604833,6.99993604833,6.9999360482917,6.9999360482917,6.9999360487,6.9999360484,6.9999360484,6.99993604838,6.99993604865,6.99993604865,0,0.2552083268,1.90209784207,1.90209784207,1.9020978421,1.9020978421,4.15887584194,4.15887584194,4.15887584191,4.15887584191,4.15887584191,4.15887584201,4.15887584201,4.15887584199,4.15887584199,4.15887584191,4.15887584191,4.15887584191,4.15887584211,4.15887584236,4.158875841552,4.158875841552,4.15887584186,4.15887584186,4.158875842021,4.158875842021,4.15887584196,4.15887584196,4.158875842,4.158875842,7.71911086973,7.71911086973,7.71911086973,7.71911086969,7.7191108696961,7.7191108696961,7.71911086963,7.71911087,7.7191108699,7.7191108699,7.7191108699,7.71911087,7.71911087,7.71911087,7.71911087,7.7191108699,9.6428419307,9.64284193148,9.64284193158,9.6428419311,9.6428419311,9.64284193111,9.64284193111,9.64284193111,9.64284193111,9.64284193111,9.64284193114,9.64284193114,9.6428419308,9.6428419314,9.6428419314,9.6428419315,9.6428419315,9.64284193155,9.64284193155,9.6428419317,9.64284193175,9.64284193175,9.64284193174,9.64284193174,9.64284193175,9.64284193178,9.64284193178,9.64284193185,9.64284193175,9.64284193175
"t66",6.9999360478,6.99993604783,6.99993604783,6.9999360479,6.9999360478,6.9999360478,6.9999360479,6.9999360479,6.9999360479,6.99993604795,6.99993604795,6.99993604824,6.99993604824,6.9999360482,6.99993604833,6.99993604833,6.9999360482917,6.9999360482917,6.9999360487,6.9999360484,6.9999360484,6.99993604838,6.99993604865,6.99993604865,0.2552083268,0,1.90209784207,1.90209784207,1.9020978421,1.9020978421,4.15887584194,4.15887584194,4.15887584191,4.15887584191,4.15887584191,4.15887584201,4.15887584201,4.15887584199,4.15887584199,4.15887584191,4.15887584191,4.15887584191,4.15887584211,4.15887584236,4.158875841552,4.158875841552,4.15887584186,4.15887584186,4.158875842021,4.158875842021,4.15887584196,4.15887584196,4.158875842,4.158875842,7.71911086973,7.71911086973,7.71911086973,7.71911086969,7.7191108696961,7.7191108696961,7.71911086963,7.71911087,7.7191108699,7.7191108699,7.7191108699,7.71911087,7.71911087,7.71911087,7.71911087,7.7191108699,9.6428419307,9.64284193148,9.64284193158,9.6428419311,9.6428419311,9.64284193111,9.64284193111,9.64284193111,9.64284193111,9.64284193111,9.64284193114,9.64284193114,9.6428419308,9.6428419314,9.6428419314,9.6428419315,9.6428419315,9.64284193155,9.64284193155,9.6428419317,9.64284193175,9.64284193175,9.64284193174,9.64284193174,9.64284193175,9.64284193178,9.64284193178,9.64284193185,9.64284193175,9.64284193175
"t19",6.99993604787,6.9999360479,6.9999360479,6.99993604797,6.99993604787,6.99993604787,6.99993604797,6.99993604797,6.99993604797,6.99993604802,6.99993604802,6.99993604831,6.99993604831,6.99993604827,6.9999360484,6.9999360484,6.9999360483617,6.9999360483617,6.99993604877,6.99993604847,6.99993604847,6.99993604845,6.99993604872,6.99993604872,1.90209784207,1.90209784207,0,1.7697819296,1.76978192963,1.76978192963,4.15887584201,4.15887584201,4.15887584198,4.15887584198,4.15887584198,4.15887584208,4.15887584208,4.15887584206,4.15887584206,4.15887584198,4.15887584198,4.15887584198,4.15887584218,4.15887584243,4.158875841622,4.158875841622,4.15887584193,4.15887584193,4.158875842091,4.158875842091,4.15887584203,4.15887584203,4.15887584207,4.15887584207,7.7191108698,7.7191108698,7.7191108698,7.71911086976,7.7191108697661,7.7191108697661,7.7191108697,7.71911087007,7.71911086997,7.71911086997,7.71911086997,7.71911087007,7.71911087007,7.71911087007,7.71911087007,7.71911086997,9.64284193077,9.64284193155,9.64284193165,9.64284193117,9.64284193117,9.64284193118,9.64284193118,9.64284193118,9.64284193118,9.64284193118,9.64284193121,9.64284193121,9.64284193087,9.64284193147,9.64284193147,9.64284193157,9.64284193157,9.64284193162,9.64284193162,9.64284193177,9.64284193182,9.64284193182,9.64284193181,9.64284193181,9.64284193182,9.64284193185,9.64284193185,9.64284193192,9.64284193182,9.64284193182
"t41",6.99993604787,6.9999360479,6.9999360479,6.99993604797,6.99993604787,6.99993604787,6.99993604797,6.99993604797,6.99993604797,6.99993604802,6.99993604802,6.99993604831,6.99993604831,6.99993604827,6.9999360484,6.9999360484,6.9999360483617,6.9999360483617,6.99993604877,6.99993604847,6.99993604847,6.99993604845,6.99993604872,6.99993604872,1.90209784207,1.90209784207,1.7697819296,0,0.69158732163,0.69158732163,4.15887584201,4.15887584201,4.15887584198,4.15887584198,4.15887584198,4.15887584208,4.15887584208,4.15887584206,4.15887584206,4.15887584198,4.15887584198,4.15887584198,4.15887584218,4.15887584243,4.158875841622,4.158875841622,4.15887584193,4.15887584193,4.158875842091,4.158875842091,4.15887584203,4.15887584203,4.15887584207,4.15887584207,7.7191108698,7.7191108698,7.7191108698,7.71911086976,7.7191108697661,7.7191108697661,7.7191108697,7.71911087007,7.71911086997,7.71911086997,7.71911086997,7.71911087007,7.71911087007,7.71911087007,7.71911087007,7.71911086997,9.64284193077,9.64284193155,9.64284193165,9.64284193117,9.64284193117,9.64284193118,9.64284193118,9.64284193118,9.64284193118,9.64284193118,9.64284193121,9.64284193121,9.64284193087,9.64284193147,9.64284193147,9.64284193157,9.64284193157,9.64284193162,9.64284193162,9.64284193177,9.64284193182,9.64284193182,9.64284193181,9.64284193181,9.64284193182,9.64284193185,9.64284193185,9.64284193192,9.64284193182,9.64284193182
