"","t13","t59","t60","t54","t55","t30","t99","t100","t87","t88","t52","t38","t16","t17","t63","t74","t93","t94","t77","t80","t81","t64","t32","t70","t71","t36","t21","t22","t15","t82","t97","t98","t28","t56","t57","t23","t44","t83","t91","t92","t89","t90","t27","t34","t35","t7","t12","t65","t66","t45","t46","t43","t72","t73","t11","t29","t47","t48","t49","t58","t68","t69","t20","t95","t96","t67","t53","t9","t10","t1","t39","t40","t3","t4","t61","t62","t24","t6","t31","t41","t42","t37","t78","t79","t8","t84","t85","t86","t50","t51","t14","t18","t19","t25","t26","t5","t33","t75","t76","t2"
"t13",0,1.9408785522,1.9408785522,2.09013680216,2.09013680216,2.40138775866,2.40138775866,2.40138775866,2.40138775868,2.40138775868,2.40138775871,2.40138775866,2.40138775874,2.40138775874,2.4013877586,2.40138775859,2.40138775859,2.40138775859,2.40138775871,2.40138775865,2.40138775865,2.4013877587,5.53493259085,5.53493259086,5.53493259086,5.53493259086,5.5349325911,5.5349325911,5.5349325912,5.534932591094,5.534932591104,5.534932591104,5.534932591094,5.534932591094,5.534932591094,5.534932591194,5.534932591194,5.534932591194,5.534932591234,5.534932591234,5.534932591134,5.534932591134,5.534932591194,5.534932591284,5.534932591284,5.534932590884,5.534932591174,5.534932591174,5.534932591174,5.534932591194,5.534932591194,5.534932591194,5.534932591174,5.534932591174,5.534932591174,5.534932591194,5.534932591224,5.534932591216,5.534932591216,5.534932591124,5.534932591124,5.534932591124,5.534932591194,5.534932591424,5.534932591424,5.534932591384,5.534932591384,5.534932591384,5.534932591384,5.534932590994,5.534932591394,5.534932591394,5.534932590834,5.534932590834,5.534932591034,5.534932591034,5.534932591034,5.534932591034,5.534932591064,5.534932591064,5.534932591064,5.534932590964,5.534932590964,5.534932590964,5.534932590564,5.64438891029,5.644388910266,5.644388910266,5.64438890979,5.64438890979,5.64438891019,5.64438891018,5.64438891018,5.64438891024,5.64438891024,7.30180263339,7.30180263329,7.30180263329,7.30180263329,7.30180263369
"t59",1.9408785522,0,0.550043155,2.09013680216,2.09013680216,2.40138775866,2.40138775866,2.40138775866,2.40138775868,2.40138775868,2.40138775871,2.40138775866,2.40138775874,2.40138775874,2.4013877586,2.40138775859,2.40138775859,2.40138775859,2.40138775871,2.40138775865,2.40138775865,2.4013877587,5.53493259085,5.53493259086,5.53493259086,5.53493259086,5.5349325911,5.5349325911,5.5349325912,5.534932591094,5.534932591104,5.534932591104,5.534932591094,5.534932591094,5.534932591094,5.534932591194,5.534932591194,5.534932591194,5.534932591234,5.534932591234,5.534932591134,5.534932591134,5.534932591194,5.534932591284,5.534932591284,5.534932590884,5.534932591174,5.534932591174,5.534932591174,5.534932591194,5.534932591194,5.534932591194,5.534932591174,5.534932591174,5.534932591174,5.534932591194,5.534932591224,5.534932591216,5.534932591216,5.534932591124,5.534932591124,5.534932591124,5.534932591194,5.534932591424,5.534932591424,5.534932591384,5.534932591384,5.534932591384,5.534932591384,5.534932590994,5.534932591394,5.534932591394,5.534932590834,5.534932590834,5.534932591034,5.534932591034,5.534932591034,5.534932591034,5.534932591064,5.534932591064,5.534932591064,5.534932590964,5.534932590964,5.534932590964,5.534932590564,5.64438891029,5.644388910266,5.644388910266,5.64438890979,5.64438890979,5.64438891019,5.64438891018,5.64438891018,5.64438891024,5.64438891024,7.30180263339,7.30180263329,7.30180263329,7.30180263329,7.30180263369
"t60",1.9408785522,0.550043155,0,2.09013680216,2.09013680216,2.40138775866,2.40138775866,2.40138775866,2.40138775868,2.40138775868,2.40138775871,2.40138775866,2.40138775874,2.40138775874,2.4013877586,2.40138775859,2.40138775859,2.40138775859,2.40138775871,2.40138775865,2.40138775865,2.4013877587,5.53493259085,5.53493259086,5.53493259086,5.53493259086,5.5349325911,5.5349325911,5.5349325912,5.534932591094,5.534932591104,5.534932591104,5.534932591094,5.534932591094,5.534932591094,5.534932591194,5.534932591194,5.534932591194,5.534932591234,5.534932591234,5.534932591134,5.534932591134,5.534932591194,5.534932591284,5.534932591284,5.534932590884,5.534932591174,5.534932591174,5.534932591174,5.534932591194,5.534932591194,5.534932591194,5.534932591174,5.534932591174,5.534932591174,5.534932591194,5.534932591224,5.534932591216,5.534932591216,5.534932591124,5.534932591124,5.534932591124,5.534932591194,5.534932591424,5.534932591424,5.534932591384,5.534932591384,5.534932591384,5.534932591384,5.534932590994,5.534932591394,5.534932591394,5.534932590834,5.534932590834,5.534932591034,5.534932591034,5.534932591034,5.534932591034,5.534932591064,5.534932591064,5.534932591064,5.534932590964,5.534932590964,5.534932590964,5.534932590564,5.64438891029,5.644388910266,5.644388910266,5.64438890979,5.64438890979,5.64438891019,5.64438891018,5.64438891018,5.64438891024,5.64438891024,7.30180263339,7.30180263329,7.30180263329,7.30180263329,7.30180263369
"t54",2.09013680216,2.09013680216,2.09013680216,0,0.7343560854,2.4013877587,2.4013877587,2.4013877587,2.40138775872,2.40138775872,2.40138775875,2.4013877587,2.40138775878,2.40138775878,2.40138775864,2.40138775863,2.40138775863,2.40138775863,2.40138775875,2.40138775869,2.40138775869,2.40138775874,5.53493259089,5.5349325909,5.5349325909,5.5349325909,5.53493259114,5.53493259114,5.53493259124,5.534932591134,5.534932591144,5.534932591144,5.534932591134,5.534932591134,5.534932591134,5.534932591234,5.534932591234,5.534932591234,5.534932591274,5.534932591274,5.534932591174,5.534932591174,5.534932591234,5.534932591324,5.534932591324,5.534932590924,5.534932591214,5.534932591214,5.534932591214,5.534932591234,5.534932591234,5.534932591234,5.534932591214,5.534932591214,5.534932591214,5.534932591234,5.534932591264,5.534932591256,5.534932591256,5.534932591164,5.534932591164,5.534932591164,5.534932591234,5.534932591464,5.534932591464,5.534932591424,5.534932591424,5.534932591424,5.534932591424,5.534932591034,5.534932591434,5.534932591434,5.534932590874,5.534932590874,5.534932591074,5.534932591074,5.534932591074,5.534932591074,5.534932591104,5.534932591104,5.534932591104,5.534932591004,5.534932591004,5.534932591004,5.534932590604,5.64438891033,5.644388910306,5.644388910306,5.64438890983,5.64438890983,5.64438891023,5.64438891022,5.64438891022,5.64438891028,5.64438891028,7.30180263343,7.30180263333,7.30180263333,7.30180263333,7.30180263373
"t55",2.09013680216,2.09013680216,2.09013680216,0.7343560854,0,2.4013877587,2.4013877587,2.4013877587,2.40138775872,2.40138775872,2.40138775875,2.4013877587,2.40138775878,2.40138775878,2.40138775864,2.40138775863,2.40138775863,2.40138775863,2.40138775875,2.40138775869,2.40138775869,2.40138775874,5.53493259089,5.5349325909,5.5349325909,5.5349325909,5.53493259114,5.53493259114,5.53493259124,5.534932591134,5.534932591144,5.534932591144,5.534932591134,5.534932591134,5.534932591134,5.534932591234,5.534932591234,5.534932591234,5.534932591274,5.534932591274,5.534932591174,5.534932591174,5.534932591234,5.534932591324,5.534932591324,5.534932590924,5.534932591214,5.534932591214,5.534932591214,5.534932591234,5.534932591234,5.534932591234,5.534932591214,5.534932591214,5.534932591214,5.534932591234,5.534932591264,5.534932591256,5.534932591256,5.534932591164,5.534932591164,5.534932591164,5.534932591234,5.534932591464,5.534932591464,5.534932591424,5.534932591424,5.534932591424,5.534932591424,5.534932591034,5.534932591434,5.534932591434,5.534932590874,5.534932590874,5.534932591074,5.534932591074,5.534932591074,5.534932591074,5.534932591104,5.534932591104,5.534932591104,5.534932591004,5.534932591004,5.534932591004,5.534932590604,5.64438891033,5.644388910306,5.644388910306,5.64438890983,5.64438890983,5.64438891023,5.64438891022,5.64438891022,5.64438891028,5.64438891028,7.30180263343,7.30180263333,7.30180263333,7.30180263333,7.30180263373
"t30",2.40138775866,2.40138775866,2.40138775866,2.4013877587,2.4013877587,0,1.2801411794,1.2801411794,1.28014117942,1.28014117942,1.28014117945,1.2801411794,2.16412005568,2.16412005568,2.16412005554,2.16412005553,2.16412005553,2.16412005553,2.16412005565,2.16412005559,2.16412005559,2.16412005564,5.53493259079,5.5349325908,5.5349325908,5.5349325908,5.53493259104,5.53493259104,5.53493259114,5.534932591034,5.534932591044,5.534932591044,5.534932591034,5.534932591034,5.534932591034,5.534932591134,5.534932591134,5.534932591134,5.534932591174,5.534932591174,5.534932591074,5.534932591074,5.534932591134,5.534932591224,5.534932591224,5.534932590824,5.534932591114,5.534932591114,5.534932591114,5.534932591134,5.534932591134,5.534932591134,5.534932591114,5.534932591114,5.534932591114,5.534932591134,5.534932591164,5.534932591156,5.534932591156,5.534932591064,5.534932591064,5.534932591064,5.534932591134,5.534932591364,5.534932591364,5.534932591324,5.534932591324,5.534932591324,5.534932591324,5.534932590934,5.534932591334,5.534932591334,5.534932590774,5.534932590774,5.534932590974,5.534932590974,5.534932590974,5.534932590974,5.534932591004,5.534932591004,5.534932591004,5.534932590904,5.534932590904,5.534932590904,5.534932590504,5.64438891023,5.644388910206,5.644388910206,5.64438890973,5.64438890973,5.64438891013,5.64438891012,5.64438891012,5.64438891018,5.64438891018,7.30180263333,7.30180263323,7.30180263323,7.30180263323,7.30180263363
"t99",2.40138775866,2.40138775866,2.40138775866,2.4013877587,2.4013877587,1.2801411794,0,0.06560798064,0.80758835526,0.80758835526,0.80758835529,0.9552216802,2.16412005568,2.16412005568,2.16412005554,2.16412005553,2.16412005553,2.16412005553,2.16412005565,2.16412005559,2.16412005559,2.16412005564,5.53493259079,5.5349325908,5.5349325908,5.5349325908,5.53493259104,5.53493259104,5.53493259114,5.534932591034,5.534932591044,5.534932591044,5.534932591034,5.534932591034,5.534932591034,5.534932591134,5.534932591134,5.534932591134,5.534932591174,5.534932591174,5.534932591074,5.534932591074,5.534932591134,5.534932591224,5.534932591224,5.534932590824,5.534932591114,5.534932591114,5.534932591114,5.534932591134,5.534932591134,5.534932591134,5.534932591114,5.534932591114,5.534932591114,5.534932591134,5.534932591164,5.534932591156,5.534932591156,5.534932591064,5.534932591064,5.534932591064,5.534932591134,5.534932591364,5.534932591364,5.534932591324,5.534932591324,5.534932591324,5.534932591324,5.534932590934,5.534932591334,5.534932591334,5.534932590774,5.534932590774,5.534932590974,5.534932590974,5.534932590974,5.534932590974,5.534932591004,5.534932591004,5.534932591004,5.534932590904,5.534932590904,5.534932590904,5.534932590504,5.64438891023,5.644388910206,5.644388910206,5.64438890973,5.64438890973,5.64438891013,5.64438891012,5.64438891012,5.64438891018,5.64438891018,7.30180263333,7.30180263323,7.30180263323,7.30180263323,7.30180263363
"t100",2.40138775866,2.40138775866,2.40138775866,2.4013877587,2.4013877587,1.2801411794,0.06560798064,0,0.80758835526,0.80758835526,0.80758835529,0.9552216802,2.16412005568,2.16412005568,2.16412005554,2.16412005553,2.16412005553,2.16412005553,2.16412005565,2.16412005559,2.16412005559,2.16412005564,5.53493259079,5.5349325908,5.5349325908,5.5349325908,5.53493259104,5.53493259104,5.53493259114,5.534932591034,5.534932591044,5.534932591044,5.534932591034,5.534932591034,5.534932591034,5.534932591134,5.534932591134,5.534932591134,5.534932591174,5.534932591174,5.534932591074,5.534932591074,5.534932591134,5.534932591224,5.534932591224,5.534932590824,5.534932591114,5.534932591114,5.534932591114,5.534932591134,5.534932591134,5.534932591134,5.534932591114,5.534932591114,5.534932591114,5.534932591134,5.534932591164,5.534932591156,5.534932591156,5.534932591064,5.534932591064,5.534932591064,5.534932591134,5.534932591364,5.534932591364,5.534932591324,5.534932591324,5.534932591324,5.534932591324,5.534932590934,5.534932591334,5.534932591334,5.534932590774,5.534932590774,5.534932590974,5.534932590974,5.534932590974,5.534932590974,5.534932591004,5.534932591004,5.534932591004,5.534932590904,5.534932590904,5.534932590904,5.534932590504,5.64438891023,5.644388910206,5.644388910206,5.64438890973,5.64438890973,5.64438891013,5.64438891012,5.64438891012,5.64438891018,5.64438891018,7.30180263333,7.30180263323,7.30180263323,7.30180263323,7.30180263363
"t87",2.40138775868,2.40138775868,2.40138775868,2.40138775872,2.40138775872,1.28014117942,0.80758835526,0.80758835526,0,0.18816038754,0.75136893257,0.95522168022,2.1641200557,2.1641200557,2.16412005556,2.16412005555,2.16412005555,2.16412005555,2.16412005567,2.16412005561,2.16412005561,2.16412005566,5.53493259081,5.53493259082,5.53493259082,5.53493259082,5.53493259106,5.53493259106,5.53493259116,5.534932591054,5.534932591064,5.534932591064,5.534932591054,5.534932591054,5.534932591054,5.534932591154,5.534932591154,5.534932591154,5.534932591194,5.534932591194,5.534932591094,5.534932591094,5.534932591154,5.534932591244,5.534932591244,5.534932590844,5.534932591134,5.534932591134,5.534932591134,5.534932591154,5.534932591154,5.534932591154,5.534932591134,5.534932591134,5.534932591134,5.534932591154,5.534932591184,5.534932591176,5.534932591176,5.534932591084,5.534932591084,5.534932591084,5.534932591154,5.534932591384,5.534932591384,5.534932591344,5.534932591344,5.534932591344,5.534932591344,5.534932590954,5.534932591354,5.534932591354,5.534932590794,5.534932590794,5.534932590994,5.534932590994,5.534932590994,5.534932590994,5.534932591024,5.534932591024,5.534932591024,5.534932590924,5.534932590924,5.534932590924,5.534932590524,5.64438891025,5.644388910226,5.644388910226,5.64438890975,5.64438890975,5.64438891015,5.64438891014,5.64438891014,5.6443889102,5.6443889102,7.30180263335,7.30180263325,7.30180263325,7.30180263325,7.30180263365
"t88",2.40138775868,2.40138775868,2.40138775868,2.40138775872,2.40138775872,1.28014117942,0.80758835526,0.80758835526,0.18816038754,0,0.75136893257,0.95522168022,2.1641200557,2.1641200557,2.16412005556,2.16412005555,2.16412005555,2.16412005555,2.16412005567,2.16412005561,2.16412005561,2.16412005566,5.53493259081,5.53493259082,5.53493259082,5.53493259082,5.53493259106,5.53493259106,5.53493259116,5.534932591054,5.534932591064,5.534932591064,5.534932591054,5.534932591054,5.534932591054,5.534932591154,5.534932591154,5.534932591154,5.534932591194,5.534932591194,5.534932591094,5.534932591094,5.534932591154,5.534932591244,5.534932591244,5.534932590844,5.534932591134,5.534932591134,5.534932591134,5.534932591154,5.534932591154,5.534932591154,5.534932591134,5.534932591134,5.534932591134,5.534932591154,5.534932591184,5.534932591176,5.534932591176,5.534932591084,5.534932591084,5.534932591084,5.534932591154,5.534932591384,5.534932591384,5.534932591344,5.534932591344,5.534932591344,5.534932591344,5.534932590954,5.534932591354,5.534932591354,5.534932590794,5.534932590794,5.534932590994,5.534932590994,5.534932590994,5.534932590994,5.534932591024,5.534932591024,5.534932591024,5.534932590924,5.534932590924,5.534932590924,5.534932590524,5.64438891025,5.644388910226,5.644388910226,5.64438890975,5.64438890975,5.64438891015,5.64438891014,5.64438891014,5.6443889102,5.6443889102,7.30180263335,7.30180263325,7.30180263325,7.30180263325,7.30180263365
"t52",2.40138775871,2.40138775871,2.40138775871,2.40138775875,2.40138775875,1.28014117945,0.80758835529,0.80758835529,0.75136893257,0.75136893257,0,0.95522168025,2.16412005573,2.16412005573,2.16412005559,2.16412005558,2.16412005558,2.16412005558,2.1641200557,2.16412005564,2.16412005564,2.16412005569,5.53493259084,5.53493259085,5.53493259085,5.53493259085,5.53493259109,5.53493259109,5.53493259119,5.534932591084,5.534932591094,5.534932591094,5.534932591084,5.534932591084,5.534932591084,5.534932591184,5.534932591184,5.534932591184,5.534932591224,5.534932591224,5.534932591124,5.534932591124,5.534932591184,5.534932591274,5.534932591274,5.534932590874,5.534932591164,5.534932591164,5.534932591164,5.534932591184,5.534932591184,5.534932591184,5.534932591164,5.534932591164,5.534932591164,5.534932591184,5.534932591214,5.534932591206,5.534932591206,5.534932591114,5.534932591114,5.534932591114,5.534932591184,5.534932591414,5.534932591414,5.534932591374,5.534932591374,5.534932591374,5.534932591374,5.534932590984,5.534932591384,5.534932591384,5.534932590824,5.534932590824,5.534932591024,5.534932591024,5.534932591024,5.534932591024,5.534932591054,5.534932591054,5.534932591054,5.534932590954,5.534932590954,5.534932590954,5.534932590554,5.64438891028,5.644388910256,5.644388910256,5.64438890978,5.64438890978,5.64438891018,5.64438891017,5.64438891017,5.64438891023,5.64438891023,7.30180263338,7.30180263328,7.30180263328,7.30180263328,7.30180263368
"t38",2.40138775866,2.40138775866,2.40138775866,2.4013877587,2.4013877587,1.2801411794,0.9552216802,0.9552216802,0.95522168022,0.95522168022,0.95522168025,0,2.16412005568,2.16412005568,2.16412005554,2.16412005553,2.16412005553,2.16412005553,2.16412005565,2.16412005559,2.16412005559,2.16412005564,5.53493259079,5.5349325908,5.5349325908,5.5349325908,5.53493259104,5.53493259104,5.53493259114,5.534932591034,5.534932591044,5.534932591044,5.534932591034,5.534932591034,5.534932591034,5.534932591134,5.534932591134,5.534932591134,5.534932591174,5.534932591174,5.534932591074,5.534932591074,5.534932591134,5.534932591224,5.534932591224,5.534932590824,5.534932591114,5.534932591114,5.534932591114,5.534932591134,5.534932591134,5.534932591134,5.534932591114,5.534932591114,5.534932591114,5.534932591134,5.534932591164,5.534932591156,5.534932591156,5.534932591064,5.534932591064,5.534932591064,5.534932591134,5.534932591364,5.534932591364,5.534932591324,5.534932591324,5.534932591324,5.534932591324,5.534932590934,5.534932591334,5.534932591334,5.534932590774,5.534932590774,5.534932590974,5.534932590974,5.534932590974,5.534932590974,5.534932591004,5.534932591004,5.534932591004,5.534932590904,5.534932590904,5.534932590904,5.534932590504,5.64438891023,5.644388910206,5.644388910206,5.64438890973,5.64438890973,5.64438891013,5.64438891012,5.64438891012,5.64438891018,5.64438891018,7.30180263333,7.30180263323,7.30180263323,7.30180263323,7.30180263363
"t16",2.40138775874,2.40138775874,2.40138775874,2.40138775878,2.40138775878,2.16412005568,2.16412005568,2.16412005568,2.1641200557,2.1641200557,2.16412005573,2.16412005568,0,1.8439639306,2.00678200034,2.00678200033,2.00678200033,2.00678200033,2.00678200045,2.00678200039,2.00678200039,2.00678200044,5.53493259087,5.53493259088,5.53493259088,5.53493259088,5.53493259112,5.53493259112,5.53493259122,5.534932591114,5.534932591124,5.534932591124,5.534932591114,5.534932591114,5.534932591114,5.534932591214,5.534932591214,5.534932591214,5.534932591254,5.534932591254,5.534932591154,5.534932591154,5.534932591214,5.534932591304,5.534932591304,5.534932590904,5.534932591194,5.534932591194,5.534932591194,5.534932591214,5.534932591214,5.534932591214,5.534932591194,5.534932591194,5.534932591194,5.534932591214,5.534932591244,5.534932591236,5.534932591236,5.534932591144,5.534932591144,5.534932591144,5.534932591214,5.534932591444,5.534932591444,5.534932591404,5.534932591404,5.534932591404,5.534932591404,5.534932591014,5.534932591414,5.534932591414,5.534932590854,5.534932590854,5.534932591054,5.534932591054,5.534932591054,5.534932591054,5.534932591084,5.534932591084,5.534932591084,5.534932590984,5.534932590984,5.534932590984,5.534932590584,5.64438891031,5.644388910286,5.644388910286,5.64438890981,5.64438890981,5.64438891021,5.6443889102,5.6443889102,5.64438891026,5.64438891026,7.30180263341,7.30180263331,7.30180263331,7.30180263331,7.30180263371
"t17",2.40138775874,2.40138775874,2.40138775874,2.40138775878,2.40138775878,2.16412005568,2.16412005568,2.16412005568,2.1641200557,2.1641200557,2.16412005573,2.16412005568,1.8439639306,0,2.00678200034,2.00678200033,2.00678200033,2.00678200033,2.00678200045,2.00678200039,2.00678200039,2.00678200044,5.53493259087,5.53493259088,5.53493259088,5.53493259088,5.53493259112,5.53493259112,5.53493259122,5.534932591114,5.534932591124,5.534932591124,5.534932591114,5.534932591114,5.534932591114,5.534932591214,5.534932591214,5.534932591214,5.534932591254,5.534932591254,5.534932591154,5.534932591154,5.534932591214,5.534932591304,5.534932591304,5.534932590904,5.534932591194,5.534932591194,5.534932591194,5.534932591214,5.534932591214,5.534932591214,5.534932591194,5.534932591194,5.534932591194,5.534932591214,5.534932591244,5.534932591236,5.534932591236,5.534932591144,5.534932591144,5.534932591144,5.534932591214,5.534932591444,5.534932591444,5.534932591404,5.534932591404,5.534932591404,5.534932591404,5.534932591014,5.534932591414,5.534932591414,5.534932590854,5.534932590854,5.534932591054,5.534932591054,5.534932591054,5.534932591054,5.534932591084,5.534932591084,5.534932591084,5.534932590984,5.534932590984,5.534932590984,5.534932590584,5.64438891031,5.644388910286,5.644388910286,5.64438890981,5.64438890981,5.64438891021,5.6443889102,5.6443889102,5.64438891026,5.64438891026,7.30180263341,7.30180263331,7.30180263331,7.30180263331,7.30180263371
"t63",2.4013877586,2.4013877586,2.4013877586,2.40138775864,2.40138775864,2.16412005554,2.16412005554,2.16412005554,2.16412005556,2.16412005556,2.16412005559,2.16412005554,2.00678200034,2.00678200034,0,0.52303171619,0.52303171619,0.52303171619,1.08590937651,1.08590937645,1.08590937645,1.0859093765,5.53493259073,5.53493259074,5.53493259074,5.53493259074,5.53493259098,5.53493259098,5.53493259108,5.534932590974,5.534932590984,5.534932590984,5.534932590974,5.534932590974,5.534932590974,5.534932591074,5.534932591074,5.534932591074,5.534932591114,5.534932591114,5.534932591014,5.534932591014,5.534932591074,5.534932591164,5.534932591164,5.534932590764,5.534932591054,5.534932591054,5.534932591054,5.534932591074,5.534932591074,5.534932591074,5.534932591054,5.534932591054,5.534932591054,5.534932591074,5.534932591104,5.534932591096,5.534932591096,5.534932591004,5.534932591004,5.534932591004,5.534932591074,5.534932591304,5.534932591304,5.534932591264,5.534932591264,5.534932591264,5.534932591264,5.534932590874,5.534932591274,5.534932591274,5.534932590714,5.534932590714,5.534932590914,5.534932590914,5.534932590914,5.534932590914,5.534932590944,5.534932590944,5.534932590944,5.534932590844,5.534932590844,5.534932590844,5.534932590444,5.64438891017,5.644388910146,5.644388910146,5.64438890967,5.64438890967,5.64438891007,5.64438891006,5.64438891006,5.64438891012,5.64438891012,7.30180263327,7.30180263317,7.30180263317,7.30180263317,7.30180263357
"t74",2.40138775859,2.40138775859,2.40138775859,2.40138775863,2.40138775863,2.16412005553,2.16412005553,2.16412005553,2.16412005555,2.16412005555,2.16412005558,2.16412005553,2.00678200033,2.00678200033,0.52303171619,0,0.3941651816,0.3941651816,1.0859093765,1.08590937644,1.08590937644,1.08590937649,5.53493259072,5.53493259073,5.53493259073,5.53493259073,5.53493259097,5.53493259097,5.53493259107,5.534932590964,5.534932590974,5.534932590974,5.534932590964,5.534932590964,5.534932590964,5.534932591064,5.534932591064,5.534932591064,5.534932591104,5.534932591104,5.534932591004,5.534932591004,5.534932591064,5.534932591154,5.534932591154,5.534932590754,5.534932591044,5.534932591044,5.534932591044,5.534932591064,5.534932591064,5.534932591064,5.534932591044,5.534932591044,5.534932591044,5.534932591064,5.534932591094,5.534932591086,5.534932591086,5.534932590994,5.534932590994,5.534932590994,5.534932591064,5.534932591294,5.534932591294,5.534932591254,5.534932591254,5.534932591254,5.534932591254,5.534932590864,5.534932591264,5.534932591264,5.534932590704,5.534932590704,5.534932590904,5.534932590904,5.534932590904,5.534932590904,5.534932590934,5.534932590934,5.534932590934,5.534932590834,5.534932590834,5.534932590834,5.534932590434,5.64438891016,5.644388910136,5.644388910136,5.64438890966,5.64438890966,5.64438891006,5.64438891005,5.64438891005,5.64438891011,5.64438891011,7.30180263326,7.30180263316,7.30180263316,7.30180263316,7.30180263356
"t93",2.40138775859,2.40138775859,2.40138775859,2.40138775863,2.40138775863,2.16412005553,2.16412005553,2.16412005553,2.16412005555,2.16412005555,2.16412005558,2.16412005553,2.00678200033,2.00678200033,0.52303171619,0.3941651816,0,0.1211471984,1.0859093765,1.08590937644,1.08590937644,1.08590937649,5.53493259072,5.53493259073,5.53493259073,5.53493259073,5.53493259097,5.53493259097,5.53493259107,5.534932590964,5.534932590974,5.534932590974,5.534932590964,5.534932590964,5.534932590964,5.534932591064,5.534932591064,5.534932591064,5.534932591104,5.534932591104,5.534932591004,5.534932591004,5.534932591064,5.534932591154,5.534932591154,5.534932590754,5.534932591044,5.534932591044,5.534932591044,5.534932591064,5.534932591064,5.534932591064,5.534932591044,5.534932591044,5.534932591044,5.534932591064,5.534932591094,5.534932591086,5.534932591086,5.534932590994,5.534932590994,5.534932590994,5.534932591064,5.534932591294,5.534932591294,5.534932591254,5.534932591254,5.534932591254,5.534932591254,5.534932590864,5.534932591264,5.534932591264,5.534932590704,5.534932590704,5.534932590904,5.534932590904,5.534932590904,5.534932590904,5.534932590934,5.534932590934,5.534932590934,5.534932590834,5.534932590834,5.534932590834,5.534932590434,5.64438891016,5.644388910136,5.644388910136,5.64438890966,5.64438890966,5.64438891006,5.64438891005,5.64438891005,5.64438891011,5.64438891011,7.30180263326,7.30180263316,7.30180263316,7.30180263316,7.30180263356
"t94",2.40138775859,2.40138775859,2.40138775859,2.40138775863,2.40138775863,2.16412005553,2.16412005553,2.16412005553,2.16412005555,2.16412005555,2.16412005558,2.16412005553,2.00678200033,2.00678200033,0.52303171619,0.3941651816,0.1211471984,0,1.0859093765,1.08590937644,1.08590937644,1.08590937649,5.53493259072,5.53493259073,5.53493259073,5.53493259073,5.53493259097,5.53493259097,5.53493259107,5.534932590964,5.534932590974,5.534932590974,5.534932590964,5.534932590964,5.534932590964,5.534932591064,5.534932591064,5.534932591064,5.534932591104,5.534932591104,5.534932591004,5.534932591004,5.534932591064,5.534932591154,5.534932591154,5.534932590754,5.534932591044,5.534932591044,5.534932591044,5.534932591064,5.534932591064,5.534932591064,5.534932591044,5.534932591044,5.534932591044,5.534932591064,5.534932591094,5.534932591086,5.534932591086,5.534932590994,5.534932590994,5.534932590994,5.534932591064,5.534932591294,5.534932591294,5.534932591254,5.534932591254,5.534932591254,5.534932591254,5.534932590864,5.534932591264,5.534932591264,5.534932590704,5.534932590704,5.534932590904,5.534932590904,5.534932590904,5.534932590904,5.534932590934,5.534932590934,5.534932590934,5.534932590834,5.534932590834,5.534932590834,5.534932590434,5.64438891016,5.644388910136,5.644388910136,5.64438890966,5.64438890966,5.64438891006,5.64438891005,5.64438891005,5.64438891011,5.64438891011,7.30180263326,7.30180263316,7.30180263316,7.30180263316,7.30180263356
"t77",2.40138775871,2.40138775871,2.40138775871,2.40138775875,2.40138775875,2.16412005565,2.16412005565,2.16412005565,2.16412005567,2.16412005567,2.1641200557,2.16412005565,2.00678200045,2.00678200045,1.08590937651,1.0859093765,1.0859093765,1.0859093765,0,0.32629845054,0.32629845054,0.51251456501,5.53493259084,5.53493259085,5.53493259085,5.53493259085,5.53493259109,5.53493259109,5.53493259119,5.534932591084,5.534932591094,5.534932591094,5.534932591084,5.534932591084,5.534932591084,5.534932591184,5.534932591184,5.534932591184,5.534932591224,5.534932591224,5.534932591124,5.534932591124,5.534932591184,5.534932591274,5.534932591274,5.534932590874,5.534932591164,5.534932591164,5.534932591164,5.534932591184,5.534932591184,5.534932591184,5.534932591164,5.534932591164,5.534932591164,5.534932591184,5.534932591214,5.534932591206,5.534932591206,5.534932591114,5.534932591114,5.534932591114,5.534932591184,5.534932591414,5.534932591414,5.534932591374,5.534932591374,5.534932591374,5.534932591374,5.534932590984,5.534932591384,5.534932591384,5.534932590824,5.534932590824,5.534932591024,5.534932591024,5.534932591024,5.534932591024,5.534932591054,5.534932591054,5.534932591054,5.534932590954,5.534932590954,5.534932590954,5.534932590554,5.64438891028,5.644388910256,5.644388910256,5.64438890978,5.64438890978,5.64438891018,5.64438891017,5.64438891017,5.64438891023,5.64438891023,7.30180263338,7.30180263328,7.30180263328,7.30180263328,7.30180263368
"t80",2.40138775865,2.40138775865,2.40138775865,2.40138775869,2.40138775869,2.16412005559,2.16412005559,2.16412005559,2.16412005561,2.16412005561,2.16412005564,2.16412005559,2.00678200039,2.00678200039,1.08590937645,1.08590937644,1.08590937644,1.08590937644,0.32629845054,0,0.2782462754,0.51251456495,5.53493259078,5.53493259079,5.53493259079,5.53493259079,5.53493259103,5.53493259103,5.53493259113,5.534932591024,5.534932591034,5.534932591034,5.534932591024,5.534932591024,5.534932591024,5.534932591124,5.534932591124,5.534932591124,5.534932591164,5.534932591164,5.534932591064,5.534932591064,5.534932591124,5.534932591214,5.534932591214,5.534932590814,5.534932591104,5.534932591104,5.534932591104,5.534932591124,5.534932591124,5.534932591124,5.534932591104,5.534932591104,5.534932591104,5.534932591124,5.534932591154,5.534932591146,5.534932591146,5.534932591054,5.534932591054,5.534932591054,5.534932591124,5.534932591354,5.534932591354,5.534932591314,5.534932591314,5.534932591314,5.534932591314,5.534932590924,5.534932591324,5.534932591324,5.534932590764,5.534932590764,5.534932590964,5.534932590964,5.534932590964,5.534932590964,5.534932590994,5.534932590994,5.534932590994,5.534932590894,5.534932590894,5.534932590894,5.534932590494,5.64438891022,5.644388910196,5.644388910196,5.64438890972,5.64438890972,5.64438891012,5.64438891011,5.64438891011,5.64438891017,5.64438891017,7.30180263332,7.30180263322,7.30180263322,7.30180263322,7.30180263362
"t81",2.40138775865,2.40138775865,2.40138775865,2.40138775869,2.40138775869,2.16412005559,2.16412005559,2.16412005559,2.16412005561,2.16412005561,2.16412005564,2.16412005559,2.00678200039,2.00678200039,1.08590937645,1.08590937644,1.08590937644,1.08590937644,0.32629845054,0.2782462754,0,0.51251456495,5.53493259078,5.53493259079,5.53493259079,5.53493259079,5.53493259103,5.53493259103,5.53493259113,5.534932591024,5.534932591034,5.534932591034,5.534932591024,5.534932591024,5.534932591024,5.534932591124,5.534932591124,5.534932591124,5.534932591164,5.534932591164,5.534932591064,5.534932591064,5.534932591124,5.534932591214,5.534932591214,5.534932590814,5.534932591104,5.534932591104,5.534932591104,5.534932591124,5.534932591124,5.534932591124,5.534932591104,5.534932591104,5.534932591104,5.534932591124,5.534932591154,5.534932591146,5.534932591146,5.534932591054,5.534932591054,5.534932591054,5.534932591124,5.534932591354,5.534932591354,5.534932591314,5.534932591314,5.534932591314,5.534932591314,5.534932590924,5.534932591324,5.534932591324,5.534932590764,5.534932590764,5.534932590964,5.534932590964,5.534932590964,5.534932590964,5.534932590994,5.534932590994,5.534932590994,5.534932590894,5.534932590894,5.534932590894,5.534932590494,5.64438891022,5.644388910196,5.644388910196,5.64438890972,5.64438890972,5.64438891012,5.64438891011,5.64438891011,5.64438891017,5.64438891017,7.30180263332,7.30180263322,7.30180263322,7.30180263322,7.30180263362
"t64",2.4013877587,2.4013877587,2.4013877587,2.40138775874,2.40138775874,2.16412005564,2.16412005564,2.16412005564,2.16412005566,2.16412005566,2.16412005569,2.16412005564,2.00678200044,2.00678200044,1.0859093765,1.08590937649,1.08590937649,1.08590937649,0.51251456501,0.51251456495,0.51251456495,0,5.53493259083,5.53493259084,5.53493259084,5.53493259084,5.53493259108,5.53493259108,5.53493259118,5.534932591074,5.534932591084,5.534932591084,5.534932591074,5.534932591074,5.534932591074,5.534932591174,5.534932591174,5.534932591174,5.534932591214,5.534932591214,5.534932591114,5.534932591114,5.534932591174,5.534932591264,5.534932591264,5.534932590864,5.534932591154,5.534932591154,5.534932591154,5.534932591174,5.534932591174,5.534932591174,5.534932591154,5.534932591154,5.534932591154,5.534932591174,5.534932591204,5.534932591196,5.534932591196,5.534932591104,5.534932591104,5.534932591104,5.534932591174,5.534932591404,5.534932591404,5.534932591364,5.534932591364,5.534932591364,5.534932591364,5.534932590974,5.534932591374,5.534932591374,5.534932590814,5.534932590814,5.534932591014,5.534932591014,5.534932591014,5.534932591014,5.534932591044,5.534932591044,5.534932591044,5.534932590944,5.534932590944,5.534932590944,5.534932590544,5.64438891027,5.644388910246,5.644388910246,5.64438890977,5.64438890977,5.64438891017,5.64438891016,5.64438891016,5.64438891022,5.64438891022,7.30180263337,7.30180263327,7.30180263327,7.30180263327,7.30180263367
"t32",5.53493259085,5.53493259085,5.53493259085,5.53493259089,5.53493259089,5.53493259079,5.53493259079,5.53493259079,5.53493259081,5.53493259081,5.53493259084,5.53493259079,5.53493259087,5.53493259087,5.53493259073,5.53493259072,5.53493259072,5.53493259072,5.53493259084,5.53493259078,5.53493259078,5.53493259083,0,1.12172749821,1.12172749821,1.12172749821,5.50564148245,5.50564148245,5.50564148255,5.505641482444,5.505641482454,5.505641482454,5.505641482444,5.505641482444,5.505641482444,5.505641482544,5.505641482544,5.505641482544,5.505641482584,5.505641482584,5.505641482484,5.505641482484,5.505641482544,5.505641482634,5.505641482634,5.505641482234,5.505641482524,5.505641482524,5.505641482524,5.505641482544,5.505641482544,5.505641482544,5.505641482524,5.505641482524,5.505641482524,5.505641482544,5.505641482574,5.505641482566,5.505641482566,5.505641482474,5.505641482474,5.505641482474,5.505641482544,5.505641482774,5.505641482774,5.505641482734,5.505641482734,5.505641482734,5.505641482734,5.505641482344,5.505641482744,5.505641482744,5.505641482184,5.505641482184,5.505641482384,5.505641482384,5.505641482384,5.505641482384,5.505641482414,5.505641482414,5.505641482414,5.505641482314,5.505641482314,5.505641482314,5.505641481914,5.64438891042,5.644388910396,5.644388910396,5.64438890992,5.64438890992,5.64438891032,5.64438891031,5.64438891031,5.64438891037,5.64438891037,7.30180263352,7.30180263342,7.30180263342,7.30180263342,7.30180263382
"t70",5.53493259086,5.53493259086,5.53493259086,5.5349325909,5.5349325909,5.5349325908,5.5349325908,5.5349325908,5.53493259082,5.53493259082,5.53493259085,5.5349325908,5.53493259088,5.53493259088,5.53493259074,5.53493259073,5.53493259073,5.53493259073,5.53493259085,5.53493259079,5.53493259079,5.53493259084,1.12172749821,0,0.456859296,1.0856411002,5.50564148246,5.50564148246,5.50564148256,5.505641482454,5.505641482464,5.505641482464,5.505641482454,5.505641482454,5.505641482454,5.505641482554,5.505641482554,5.505641482554,5.505641482594,5.505641482594,5.505641482494,5.505641482494,5.505641482554,5.505641482644,5.505641482644,5.505641482244,5.505641482534,5.505641482534,5.505641482534,5.505641482554,5.505641482554,5.505641482554,5.505641482534,5.505641482534,5.505641482534,5.505641482554,5.505641482584,5.505641482576,5.505641482576,5.505641482484,5.505641482484,5.505641482484,5.505641482554,5.505641482784,5.505641482784,5.505641482744,5.505641482744,5.505641482744,5.505641482744,5.505641482354,5.505641482754,5.505641482754,5.505641482194,5.505641482194,5.505641482394,5.505641482394,5.505641482394,5.505641482394,5.505641482424,5.505641482424,5.505641482424,5.505641482324,5.505641482324,5.505641482324,5.505641481924,5.64438891043,5.644388910406,5.644388910406,5.64438890993,5.64438890993,5.64438891033,5.64438891032,5.64438891032,5.64438891038,5.64438891038,7.30180263353,7.30180263343,7.30180263343,7.30180263343,7.30180263383
"t71",5.53493259086,5.53493259086,5.53493259086,5.5349325909,5.5349325909,5.5349325908,5.5349325908,5.5349325908,5.53493259082,5.53493259082,5.53493259085,5.5349325908,5.53493259088,5.53493259088,5.53493259074,5.53493259073,5.53493259073,5.53493259073,5.53493259085,5.53493259079,5.53493259079,5.53493259084,1.12172749821,0.456859296,0,1.0856411002,5.50564148246,5.50564148246,5.50564148256,5.505641482454,5.505641482464,5.505641482464,5.505641482454,5.505641482454,5.505641482454,5.505641482554,5.505641482554,5.505641482554,5.505641482594,5.505641482594,5.505641482494,5.505641482494,5.505641482554,5.505641482644,5.505641482644,5.505641482244,5.505641482534,5.505641482534,5.505641482534,5.505641482554,5.505641482554,5.505641482554,5.505641482534,5.505641482534,5.505641482534,5.505641482554,5.505641482584,5.505641482576,5.505641482576,5.505641482484,5.505641482484,5.505641482484,5.505641482554,5.505641482784,5.505641482784,5.505641482744,5.505641482744,5.505641482744,5.505641482744,5.505641482354,5.505641482754,5.505641482754,5.505641482194,5.505641482194,5.505641482394,5.505641482394,5.505641482394,5.505641482394,5.505641482424,5.505641482424,5.505641482424,5.505641482324,5.505641482324,5.505641482324,5.505641481924,5.64438891043,5.644388910406,5.644388910406,5.64438890993,5.64438890993,5.64438891033,5.64438891032,5.64438891032,5.64438891038,5.64438891038,7.30180263353,7.30180263343,7.30180263343,7.30180263343,7.30180263383
"t36",5.53493259086,5.53493259086,5.53493259086,5.5349325909,5.5349325909,5.5349325908,5.5349325908,5.5349325908,5.53493259082,5.53493259082,5.53493259085,5.5349325908,5.53493259088,5.53493259088,5.53493259074,5.53493259073,5.53493259073,5.53493259073,5.53493259085,5.53493259079,5.53493259079,5.53493259084,1.12172749821,1.0856411002,1.0856411002,0,5.50564148246,5.50564148246,5.50564148256,5.505641482454,5.505641482464,5.505641482464,5.505641482454,5.505641482454,5.505641482454,5.505641482554,5.505641482554,5.505641482554,5.505641482594,5.505641482594,5.505641482494,5.505641482494,5.505641482554,5.505641482644,5.505641482644,5.505641482244,5.505641482534,5.505641482534,5.505641482534,5.505641482554,5.505641482554,5.505641482554,5.505641482534,5.505641482534,5.505641482534,5.505641482554,5.505641482584,5.505641482576,5.505641482576,5.505641482484,5.505641482484,5.505641482484,5.505641482554,5.505641482784,5.505641482784,5.505641482744,5.505641482744,5.505641482744,5.505641482744,5.505641482354,5.505641482754,5.505641482754,5.505641482194,5.505641482194,5.505641482394,5.505641482394,5.505641482394,5.505641482394,5.505641482424,5.505641482424,5.505641482424,5.505641482324,5.505641482324,5.505641482324,5.505641481924,5.64438891043,5.644388910406,5.644388910406,5.64438890993,5.64438890993,5.64438891033,5.64438891032,5.64438891032,5.64438891038,5.64438891038,7.30180263353,7.30180263343,7.30180263343,7.30180263343,7.30180263383
"t21",5.5349325911,5.5349325911,5.5349325911,5.53493259114,5.53493259114,5.53493259104,5.53493259104,5.53493259104,5.53493259106,5.53493259106,5.53493259109,5.53493259104,5.53493259112,5.53493259112,5.53493259098,5.53493259097,5.53493259097,5.53493259097,5.53493259109,5.53493259103,5.53493259103,5.53493259108,5.50564148245,5.50564148246,5.50564148246,5.50564148246,0,1.5722335368,1.8881994873,5.464506071194,5.464506071204,5.464506071204,5.464506071194,5.464506071194,5.464506071194,5.464506071294,5.464506071294,5.464506071294,5.464506071334,5.464506071334,5.464506071234,5.464506071234,5.464506071294,5.464506071384,5.464506071384,5.464506070984,5.464506071274,5.464506071274,5.464506071274,5.464506071294,5.464506071294,5.464506071294,5.464506071274,5.464506071274,5.464506071274,5.464506071294,5.464506071324,5.464506071316,5.464506071316,5.464506071224,5.464506071224,5.464506071224,5.464506071294,5.464506071524,5.464506071524,5.464506071484,5.464506071484,5.464506071484,5.464506071484,5.464506071094,5.464506071494,5.464506071494,5.464506070934,5.464506070934,5.464506071134,5.464506071134,5.464506071134,5.464506071134,5.464506071164,5.464506071164,5.464506071164,5.464506071064,5.464506071064,5.464506071064,5.464506070664,5.64438891067,5.644388910646,5.644388910646,5.64438891017,5.64438891017,5.64438891057,5.64438891056,5.64438891056,5.64438891062,5.64438891062,7.30180263377,7.30180263367,7.30180263367,7.30180263367,7.30180263407
