"","t5","t6","t3","t89","t97","t98","t15","t37","t38","t13","t82","t83","t86","t87","t36","t84","t85","t64","t114","t115","t109","t116","t117","t30","t34","t35","t77","t78","t63","t7","t2","t12","t28","t61","t62","t128","t129","t92","t91","t112","t113","t67","t68","t132","t133","t25","t96","t99","t100","t57","t58","t56","t104","t107","t108","t23","t24","t122","t123","t93","t90","t26","t51","t52","t74","t75","t76","t10","t120","t136","t137","t118","t119","t103","t81","t70","t71","t29","t32","t33","t94","t95","t22","t45","t46","t126","t127","t59","t60","t110","t111","t88","t69","t47","t134","t135","t121","t43","t101","t102","t27","t48","t65","t66","t21","t53","t54","t19","t9","t4","t8","t79","t80","t40","t130","t131","t39","t72","t73","t31","t41","t42","t16","t17","t18","t14","t44","t124","t125","t55","t105","t106","t20","t49","t50","t11","t1"
"t5",0,3.5109708234,3.9473682922,7.81749166811,7.81749166816,7.81749166816,6.12627688231,7.41964748891,7.81749166811,6.48701112961,7.81749166795,7.81749166795,7.81749166795,7.54374262485,7.81749166835,7.81749166835,7.74859344335,7.81749166845,7.81749166849,7.81749166849,7.81749166845,7.81749166825,7.81749166825,6.80663747865,7.81749166839,6.82347983349,7.81749166835,7.81749166835,7.69521416465,5.05658888205,4.93340691475,9.9431573584,11.006519836,12.1585755473,12.1585755473,12.15857554737,12.15857554737,12.1585755474,12.1585755466,12.1585755467,12.1585755467,12.1585755464,12.1585755464,12.15857554648,12.15857554648,11.3097658167,12.1585755468,11.89611453384,12.15857554684,12.15857554647,12.15857554647,12.15857554651,12.15857554691,12.15857554685,12.15857554685,11.16667153011,11.38012807371,12.15857554639,12.15857554639,12.15857554639,12.15857554641,12.15857554661,12.1585755465,11.7816242893,12.1585755466,12.15857554655,12.15857554655,10.1762490119,12.15857554637,12.158575546359,12.158575546359,12.15857554637,12.15857554637,12.15857554637,12.15857554637,11.81669632207,12.15857554617,10.87794353471,11.97199518587,12.15857554587,12.15857554577,12.15857554577,12.15857554647,12.15857554627,12.15857554627,12.15857554625,12.15857554625,12.15857554627,12.15857554627,12.15857554617,12.15857554617,12.15857554617,12.15857554617,12.15857554607,12.15857554612,12.15857554612,12.15857554617,12.15857554617,12.15857554617,12.15857554617,12.15857554617,11.70788887177,11.96574420607,12.15857554627,12.15857554627,12.15857554624,12.15857554624,12.15857554664,9.88249090797,9.18872047927,9.90870342747,12.15857554607,12.10381964907,11.86610098647,12.15857554625,12.15857554625,11.63444223325,11.85978714625,12.15857554595,12.15857554565,12.15857554615,12.15857554615,12.02899154025,12.15857554565,12.15857554565,11.31176626083,11.66549774693,12.15857554603,12.15857554603,12.15857554603,12.15857554603,12.15857554603,12.15857554633,12.15857554602,12.15857554602,9.99750374627,8.0272480077
"t6",3.5109708234,0,1.1219865276,4.99210990351,4.99210990356,4.99210990356,3.30089511771,4.59426572431,4.99210990351,3.66162936501,4.99210990335,4.99210990335,4.99210990335,4.71836086025,4.99210990375,4.99210990375,4.92321167875,4.99210990385,4.99210990389,4.99210990389,4.99210990385,4.99210990365,4.99210990365,3.98125571405,4.99210990379,3.99809806889,4.99210990375,4.99210990375,4.86983240005,2.23120711745,2.10802515015,7.1177755938,8.1811380714,9.3331937827,9.3331937827,9.33319378277,9.33319378277,9.3331937828,9.333193782,9.3331937821,9.3331937821,9.3331937818,9.3331937818,9.33319378188,9.33319378188,8.4843840521,9.3331937822,9.07073276924,9.33319378224,9.33319378187,9.33319378187,9.33319378191,9.33319378231,9.33319378225,9.33319378225,8.34128976551,8.55474630911,9.33319378179,9.33319378179,9.33319378179,9.33319378181,9.33319378201,9.3331937819,8.9562425247,9.333193782,9.33319378195,9.33319378195,7.3508672473,9.33319378177,9.333193781759,9.333193781759,9.33319378177,9.33319378177,9.33319378177,9.33319378177,8.99131455747,9.33319378157,8.05256177011,9.14661342127,9.33319378127,9.33319378117,9.33319378117,9.33319378187,9.33319378167,9.33319378167,9.33319378165,9.33319378165,9.33319378167,9.33319378167,9.33319378157,9.33319378157,9.33319378157,9.33319378157,9.33319378147,9.33319378152,9.33319378152,9.33319378157,9.33319378157,9.33319378157,9.33319378157,9.33319378157,8.88250710717,9.14036244147,9.33319378167,9.33319378167,9.33319378164,9.33319378164,9.33319378204,7.05710914337,6.36333871467,7.08332166287,9.33319378147,9.27843788447,9.04071922187,9.33319378165,9.33319378165,8.80906046865,9.03440538165,9.33319378135,9.33319378105,9.33319378155,9.33319378155,9.20360977565,9.33319378105,9.33319378105,8.48638449623,8.84011598233,9.33319378143,9.33319378143,9.33319378143,9.33319378143,9.33319378143,9.33319378173,9.33319378142,9.33319378142,7.17212198167,5.2018662431
"t3",3.9473682922,1.1219865276,0,4.93973630051,4.93973630056,4.93973630056,3.24852151471,4.54189212131,4.93973630051,3.60925576201,4.93973630035,4.93973630035,4.93973630035,4.66598725725,4.93973630075,4.93973630075,4.87083807575,4.93973630085,4.93973630089,4.93973630089,4.93973630085,4.93973630065,4.93973630065,3.92888211105,4.93973630079,3.94572446589,4.93973630075,4.93973630075,4.81745879705,2.17883351445,2.05565154715,7.0654019908,8.1287644684,9.2808201797,9.2808201797,9.28082017977,9.28082017977,9.2808201798,9.280820179,9.2808201791,9.2808201791,9.2808201788,9.2808201788,9.28082017888,9.28082017888,8.4320104491,9.2808201792,9.01835916624,9.28082017924,9.28082017887,9.28082017887,9.28082017891,9.28082017931,9.28082017925,9.28082017925,8.28891616251,8.50237270611,9.28082017879,9.28082017879,9.28082017879,9.28082017881,9.28082017901,9.2808201789,8.9038689217,9.280820179,9.28082017895,9.28082017895,7.2984936443,9.28082017877,9.280820178759,9.280820178759,9.28082017877,9.28082017877,9.28082017877,9.28082017877,8.93894095447,9.28082017857,8.00018816711,9.09423981827,9.28082017827,9.28082017817,9.28082017817,9.28082017887,9.28082017867,9.28082017867,9.28082017865,9.28082017865,9.28082017867,9.28082017867,9.28082017857,9.28082017857,9.28082017857,9.28082017857,9.28082017847,9.28082017852,9.28082017852,9.28082017857,9.28082017857,9.28082017857,9.28082017857,9.28082017857,8.83013350417,9.08798883847,9.28082017867,9.28082017867,9.28082017864,9.28082017864,9.28082017904,7.00473554037,6.31096511167,7.03094805987,9.28082017847,9.22606428147,8.98834561887,9.28082017865,9.28082017865,8.75668686565,8.98203177865,9.28082017835,9.28082017805,9.28082017855,9.28082017855,9.15123617265,9.28082017805,9.28082017805,8.43401089323,8.78774237933,9.28082017843,9.28082017843,9.28082017843,9.28082017843,9.28082017843,9.28082017873,9.28082017842,9.28082017842,7.11974837867,5.1494926401
"t89",7.81749166811,4.99210990351,4.93973630051,0,0.80454600965,0.80454600965,2.5108465818,3.8042171884,4.2020613676,3.5295240245,4.93777770956,4.93777770956,4.93777770956,4.66402866646,4.93777770996,4.93777770996,4.86887948496,4.93777771006,4.9377777101,4.9377777101,4.93777771006,5.13910722026,5.13910722026,4.12825303066,5.1391072204,4.1450953855,5.13910722036,5.13910722036,5.01682971666,3.33534323286,4.84435958976,9.94315735831,11.00651983591,12.15857554721,12.15857554721,12.15857554728,12.15857554728,12.15857554731,12.15857554651,12.15857554661,12.15857554661,12.15857554631,12.15857554631,12.15857554639,12.15857554639,11.30976581661,12.15857554671,11.89611453375,12.15857554675,12.15857554638,12.15857554638,12.15857554642,12.15857554682,12.15857554676,12.15857554676,11.16667153002,11.38012807362,12.1585755463,12.1585755463,12.1585755463,12.15857554632,12.15857554652,12.15857554641,11.78162428921,12.15857554651,12.15857554646,12.15857554646,10.17624901181,12.15857554628,12.158575546269,12.158575546269,12.15857554628,12.15857554628,12.15857554628,12.15857554628,11.81669632198,12.15857554608,10.87794353462,11.97199518578,12.15857554578,12.15857554568,12.15857554568,12.15857554638,12.15857554618,12.15857554618,12.15857554616,12.15857554616,12.15857554618,12.15857554618,12.15857554608,12.15857554608,12.15857554608,12.15857554608,12.15857554598,12.15857554603,12.15857554603,12.15857554608,12.15857554608,12.15857554608,12.15857554608,12.15857554608,11.70788887168,11.96574420598,12.15857554618,12.15857554618,12.15857554615,12.15857554615,12.15857554655,9.88249090788,9.18872047918,9.90870342738,12.15857554598,12.10381964898,11.86610098638,12.15857554616,12.15857554616,11.63444223316,11.85978714616,12.15857554586,12.15857554556,12.15857554606,12.15857554606,12.02899154016,12.15857554556,12.15857554556,11.31176626074,11.66549774684,12.15857554594,12.15857554594,12.15857554594,12.15857554594,12.15857554594,12.15857554624,12.15857554593,12.15857554593,9.99750374618,8.02724800761
"t97",7.81749166816,4.99210990356,4.93973630056,0.80454600965,0,0.6800176914,2.51084658185,3.80421718845,4.20206136765,3.52952402455,4.93777770961,4.93777770961,4.93777770961,4.66402866651,4.93777771001,4.93777771001,4.86887948501,4.93777771011,4.93777771015,4.93777771015,4.93777771011,5.13910722031,5.13910722031,4.12825303071,5.13910722045,4.14509538555,5.13910722041,5.13910722041,5.01682971671,3.33534323291,4.84435958981,9.94315735836,11.00651983596,12.15857554726,12.15857554726,12.15857554733,12.15857554733,12.15857554736,12.15857554656,12.15857554666,12.15857554666,12.15857554636,12.15857554636,12.15857554644,12.15857554644,11.30976581666,12.15857554676,11.8961145338,12.1585755468,12.15857554643,12.15857554643,12.15857554647,12.15857554687,12.15857554681,12.15857554681,11.16667153007,11.38012807367,12.15857554635,12.15857554635,12.15857554635,12.15857554637,12.15857554657,12.15857554646,11.78162428926,12.15857554656,12.15857554651,12.15857554651,10.17624901186,12.15857554633,12.158575546319,12.158575546319,12.15857554633,12.15857554633,12.15857554633,12.15857554633,11.81669632203,12.15857554613,10.87794353467,11.97199518583,12.15857554583,12.15857554573,12.15857554573,12.15857554643,12.15857554623,12.15857554623,12.15857554621,12.15857554621,12.15857554623,12.15857554623,12.15857554613,12.15857554613,12.15857554613,12.15857554613,12.15857554603,12.15857554608,12.15857554608,12.15857554613,12.15857554613,12.15857554613,12.15857554613,12.15857554613,11.70788887173,11.96574420603,12.15857554623,12.15857554623,12.1585755462,12.1585755462,12.1585755466,9.88249090793,9.18872047923,9.90870342743,12.15857554603,12.10381964903,11.86610098643,12.15857554621,12.15857554621,11.63444223321,11.85978714621,12.15857554591,12.15857554561,12.15857554611,12.15857554611,12.02899154021,12.15857554561,12.15857554561,11.31176626079,11.66549774689,12.15857554599,12.15857554599,12.15857554599,12.15857554599,12.15857554599,12.15857554629,12.15857554598,12.15857554598,9.99750374623,8.02724800766
"t98",7.81749166816,4.99210990356,4.93973630056,0.80454600965,0.6800176914,0,2.51084658185,3.80421718845,4.20206136765,3.52952402455,4.93777770961,4.93777770961,4.93777770961,4.66402866651,4.93777771001,4.93777771001,4.86887948501,4.93777771011,4.93777771015,4.93777771015,4.93777771011,5.13910722031,5.13910722031,4.12825303071,5.13910722045,4.14509538555,5.13910722041,5.13910722041,5.01682971671,3.33534323291,4.84435958981,9.94315735836,11.00651983596,12.15857554726,12.15857554726,12.15857554733,12.15857554733,12.15857554736,12.15857554656,12.15857554666,12.15857554666,12.15857554636,12.15857554636,12.15857554644,12.15857554644,11.30976581666,12.15857554676,11.8961145338,12.1585755468,12.15857554643,12.15857554643,12.15857554647,12.15857554687,12.15857554681,12.15857554681,11.16667153007,11.38012807367,12.15857554635,12.15857554635,12.15857554635,12.15857554637,12.15857554657,12.15857554646,11.78162428926,12.15857554656,12.15857554651,12.15857554651,10.17624901186,12.15857554633,12.158575546319,12.158575546319,12.15857554633,12.15857554633,12.15857554633,12.15857554633,11.81669632203,12.15857554613,10.87794353467,11.97199518583,12.15857554583,12.15857554573,12.15857554573,12.15857554643,12.15857554623,12.15857554623,12.15857554621,12.15857554621,12.15857554623,12.15857554623,12.15857554613,12.15857554613,12.15857554613,12.15857554613,12.15857554603,12.15857554608,12.15857554608,12.15857554613,12.15857554613,12.15857554613,12.15857554613,12.15857554613,11.70788887173,11.96574420603,12.15857554623,12.15857554623,12.1585755462,12.1585755462,12.1585755466,9.88249090793,9.18872047923,9.90870342743,12.15857554603,12.10381964903,11.86610098643,12.15857554621,12.15857554621,11.63444223321,11.85978714621,12.15857554591,12.15857554561,12.15857554611,12.15857554611,12.02899154021,12.15857554561,12.15857554561,11.31176626079,11.66549774689,12.15857554599,12.15857554599,12.15857554599,12.15857554599,12.15857554599,12.15857554629,12.15857554598,12.15857554598,9.99750374623,8.02724800766
"t15",6.12627688231,3.30089511771,3.24852151471,2.5108465818,2.51084658185,2.51084658185,0,1.6734199106,2.0712640898,1.8383092387,3.24656292376,3.24656292376,3.24656292376,2.97281388066,3.24656292416,3.24656292416,3.17766469916,3.24656292426,3.2465629243,3.2465629243,3.24656292426,3.44789243446,3.44789243446,2.43703824486,3.4478924346,2.4538805997,3.44789243456,3.44789243456,3.32561493086,1.64412844706,3.15314480396,8.25194257251,9.31530505011,10.46736076141,10.46736076141,10.46736076148,10.46736076148,10.46736076151,10.46736076071,10.46736076081,10.46736076081,10.46736076051,10.46736076051,10.46736076059,10.46736076059,9.61855103081,10.46736076091,10.20489974795,10.46736076095,10.46736076058,10.46736076058,10.46736076062,10.46736076102,10.46736076096,10.46736076096,9.47545674422,9.68891328782,10.4673607605,10.4673607605,10.4673607605,10.46736076052,10.46736076072,10.46736076061,10.09040950341,10.46736076071,10.46736076066,10.46736076066,8.48503422601,10.46736076048,10.467360760469,10.467360760469,10.46736076048,10.46736076048,10.46736076048,10.46736076048,10.12548153618,10.46736076028,9.18672874882,10.28078039998,10.46736075998,10.46736075988,10.46736075988,10.46736076058,10.46736076038,10.46736076038,10.46736076036,10.46736076036,10.46736076038,10.46736076038,10.46736076028,10.46736076028,10.46736076028,10.46736076028,10.46736076018,10.46736076023,10.46736076023,10.46736076028,10.46736076028,10.46736076028,10.46736076028,10.46736076028,10.01667408588,10.27452942018,10.46736076038,10.46736076038,10.46736076035,10.46736076035,10.46736076075,8.19127612208,7.49750569338,8.21748864158,10.46736076018,10.41260486318,10.17488620058,10.46736076036,10.46736076036,9.94322744736,10.16857236036,10.46736076006,10.46736075976,10.46736076026,10.46736076026,10.33777675436,10.46736075976,10.46736075976,9.62055147494,9.97428296104,10.46736076014,10.46736076014,10.46736076014,10.46736076014,10.46736076014,10.46736076044,10.46736076013,10.46736076013,8.30628896038,6.33603322181
"t37",7.41964748891,4.59426572431,4.54189212131,3.8042171884,3.80421718845,3.80421718845,1.6734199106,0,1.9076807208,3.1316798453,4.53993353036,4.53993353036,4.53993353036,4.26618448726,4.53993353076,4.53993353076,4.47103530576,4.53993353086,4.5399335309,4.5399335309,4.53993353086,4.74126304106,4.74126304106,3.73040885146,4.7412630412,3.7472512063,4.74126304116,4.74126304116,4.61898553746,2.93749905366,4.44651541056,9.54531317911,10.60867565671,11.76073136801,11.76073136801,11.76073136808,11.76073136808,11.76073136811,11.76073136731,11.76073136741,11.76073136741,11.76073136711,11.76073136711,11.76073136719,11.76073136719,10.91192163741,11.76073136751,11.49827035455,11.76073136755,11.76073136718,11.76073136718,11.76073136722,11.76073136762,11.76073136756,11.76073136756,10.76882735082,10.98228389442,11.7607313671,11.7607313671,11.7607313671,11.76073136712,11.76073136732,11.76073136721,11.38378011001,11.76073136731,11.76073136726,11.76073136726,9.77840483261,11.76073136708,11.760731367069,11.760731367069,11.76073136708,11.76073136708,11.76073136708,11.76073136708,11.41885214278,11.76073136688,10.48009935542,11.57415100658,11.76073136658,11.76073136648,11.76073136648,11.76073136718,11.76073136698,11.76073136698,11.76073136696,11.76073136696,11.76073136698,11.76073136698,11.76073136688,11.76073136688,11.76073136688,11.76073136688,11.76073136678,11.76073136683,11.76073136683,11.76073136688,11.76073136688,11.76073136688,11.76073136688,11.76073136688,11.31004469248,11.56790002678,11.76073136698,11.76073136698,11.76073136695,11.76073136695,11.76073136735,9.48464672868,8.79087629998,9.51085924818,11.76073136678,11.70597546978,11.46825680718,11.76073136696,11.76073136696,11.23659805396,11.46194296696,11.76073136666,11.76073136636,11.76073136686,11.76073136686,11.63114736096,11.76073136636,11.76073136636,10.91392208154,11.26765356764,11.76073136674,11.76073136674,11.76073136674,11.76073136674,11.76073136674,11.76073136704,11.76073136673,11.76073136673,9.59965956698,7.62940382841
"t38",7.81749166811,4.99210990351,4.93973630051,4.2020613676,4.20206136765,4.20206136765,2.0712640898,1.9076807208,0,3.5295240245,4.93777770956,4.93777770956,4.93777770956,4.66402866646,4.93777770996,4.93777770996,4.86887948496,4.93777771006,4.9377777101,4.9377777101,4.93777771006,5.13910722026,5.13910722026,4.12825303066,5.1391072204,4.1450953855,5.13910722036,5.13910722036,5.01682971666,3.33534323286,4.84435958976,9.94315735831,11.00651983591,12.15857554721,12.15857554721,12.15857554728,12.15857554728,12.15857554731,12.15857554651,12.15857554661,12.15857554661,12.15857554631,12.15857554631,12.15857554639,12.15857554639,11.30976581661,12.15857554671,11.89611453375,12.15857554675,12.15857554638,12.15857554638,12.15857554642,12.15857554682,12.15857554676,12.15857554676,11.16667153002,11.38012807362,12.1585755463,12.1585755463,12.1585755463,12.15857554632,12.15857554652,12.15857554641,11.78162428921,12.15857554651,12.15857554646,12.15857554646,10.17624901181,12.15857554628,12.158575546269,12.158575546269,12.15857554628,12.15857554628,12.15857554628,12.15857554628,11.81669632198,12.15857554608,10.87794353462,11.97199518578,12.15857554578,12.15857554568,12.15857554568,12.15857554638,12.15857554618,12.15857554618,12.15857554616,12.15857554616,12.15857554618,12.15857554618,12.15857554608,12.15857554608,12.15857554608,12.15857554608,12.15857554598,12.15857554603,12.15857554603,12.15857554608,12.15857554608,12.15857554608,12.15857554608,12.15857554608,11.70788887168,11.96574420598,12.15857554618,12.15857554618,12.15857554615,12.15857554615,12.15857554655,9.88249090788,9.18872047918,9.90870342738,12.15857554598,12.10381964898,11.86610098638,12.15857554616,12.15857554616,11.63444223316,11.85978714616,12.15857554586,12.15857554556,12.15857554606,12.15857554606,12.02899154016,12.15857554556,12.15857554556,11.31176626074,11.66549774684,12.15857554594,12.15857554594,12.15857554594,12.15857554594,12.15857554594,12.15857554624,12.15857554593,12.15857554593,9.99750374618,8.02724800761
"t13",6.48701112961,3.66162936501,3.60925576201,3.5295240245,3.52952402455,3.52952402455,1.8383092387,3.1316798453,3.5295240245,0,3.60729717106,3.60729717106,3.60729717106,3.33354812796,3.60729717146,3.60729717146,3.53839894646,3.60729717156,3.6072971716,3.6072971716,3.60729717156,3.80862668176,3.80862668176,2.79777249216,3.8086266819,2.814614847,3.80862668186,3.80862668186,3.68634917816,2.00486269436,3.51387905126,8.61267681981,9.67603929741,10.82809500871,10.82809500871,10.82809500878,10.82809500878,10.82809500881,10.82809500801,10.82809500811,10.82809500811,10.82809500781,10.82809500781,10.82809500789,10.82809500789,9.97928527811,10.82809500821,10.56563399525,10.82809500825,10.82809500788,10.82809500788,10.82809500792,10.82809500832,10.82809500826,10.82809500826,9.83619099152,10.04964753512,10.8280950078,10.8280950078,10.8280950078,10.82809500782,10.82809500802,10.82809500791,10.45114375071,10.82809500801,10.82809500796,10.82809500796,8.84576847331,10.82809500778,10.828095007769,10.828095007769,10.82809500778,10.82809500778,10.82809500778,10.82809500778,10.48621578348,10.82809500758,9.54746299612,10.64151464728,10.82809500728,10.82809500718,10.82809500718,10.82809500788,10.82809500768,10.82809500768,10.82809500766,10.82809500766,10.82809500768,10.82809500768,10.82809500758,10.82809500758,10.82809500758,10.82809500758,10.82809500748,10.82809500753,10.82809500753,10.82809500758,10.82809500758,10.82809500758,10.82809500758,10.82809500758,10.37740833318,10.63526366748,10.82809500768,10.82809500768,10.82809500765,10.82809500765,10.82809500805,8.55201036938,7.85823994068,8.57822288888,10.82809500748,10.77333911048,10.53562044788,10.82809500766,10.82809500766,10.30396169466,10.52930660766,10.82809500736,10.82809500706,10.82809500756,10.82809500756,10.69851100166,10.82809500706,10.82809500706,9.98128572224,10.33501720834,10.82809500744,10.82809500744,10.82809500744,10.82809500744,10.82809500744,10.82809500774,10.82809500743,10.82809500743,8.66702320768,6.69676746911
"t82",7.81749166795,4.99210990335,4.93973630035,4.93777770956,4.93777770961,4.93777770961,3.24656292376,4.53993353036,4.93777770956,3.60729717106,0,0.8463231408,1.2362231292,0.9624740861,3.4441017416,3.4441017416,3.3752035166,3.4441017417,3.44410174174,3.44410174174,3.4441017417,5.1391072201,5.1391072201,4.1282530305,5.13910722024,4.14509538534,5.1391072202,5.1391072202,5.0168297165,3.3353432327,4.8443595896,9.94315735815,11.00651983575,12.15857554705,12.15857554705,12.15857554712,12.15857554712,12.15857554715,12.15857554635,12.15857554645,12.15857554645,12.15857554615,12.15857554615,12.15857554623,12.15857554623,11.30976581645,12.15857554655,11.89611453359,12.15857554659,12.15857554622,12.15857554622,12.15857554626,12.15857554666,12.1585755466,12.1585755466,11.16667152986,11.38012807346,12.15857554614,12.15857554614,12.15857554614,12.15857554616,12.15857554636,12.15857554625,11.78162428905,12.15857554635,12.1585755463,12.1585755463,10.17624901165,12.15857554612,12.158575546109,12.158575546109,12.15857554612,12.15857554612,12.15857554612,12.15857554612,11.81669632182,12.15857554592,10.87794353446,11.97199518562,12.15857554562,12.15857554552,12.15857554552,12.15857554622,12.15857554602,12.15857554602,12.158575546,12.158575546,12.15857554602,12.15857554602,12.15857554592,12.15857554592,12.15857554592,12.15857554592,12.15857554582,12.15857554587,12.15857554587,12.15857554592,12.15857554592,12.15857554592,12.15857554592,12.15857554592,11.70788887152,11.96574420582,12.15857554602,12.15857554602,12.15857554599,12.15857554599,12.15857554639,9.88249090772,9.18872047902,9.90870342722,12.15857554582,12.10381964882,11.86610098622,12.158575546,12.158575546,11.634442233,11.859787146,12.1585755457,12.1585755454,12.1585755459,12.1585755459,12.02899154,12.1585755454,12.1585755454,11.31176626058,11.66549774668,12.15857554578,12.15857554578,12.15857554578,12.15857554578,12.15857554578,12.15857554608,12.15857554577,12.15857554577,9.99750374602,8.02724800745
"t83",7.81749166795,4.99210990335,4.93973630035,4.93777770956,4.93777770961,4.93777770961,3.24656292376,4.53993353036,4.93777770956,3.60729717106,0.8463231408,0,1.2362231292,0.9624740861,3.4441017416,3.4441017416,3.3752035166,3.4441017417,3.44410174174,3.44410174174,3.4441017417,5.1391072201,5.1391072201,4.1282530305,5.13910722024,4.14509538534,5.1391072202,5.1391072202,5.0168297165,3.3353432327,4.8443595896,9.94315735815,11.00651983575,12.15857554705,12.15857554705,12.15857554712,12.15857554712,12.15857554715,12.15857554635,12.15857554645,12.15857554645,12.15857554615,12.15857554615,12.15857554623,12.15857554623,11.30976581645,12.15857554655,11.89611453359,12.15857554659,12.15857554622,12.15857554622,12.15857554626,12.15857554666,12.1585755466,12.1585755466,11.16667152986,11.38012807346,12.15857554614,12.15857554614,12.15857554614,12.15857554616,12.15857554636,12.15857554625,11.78162428905,12.15857554635,12.1585755463,12.1585755463,10.17624901165,12.15857554612,12.158575546109,12.158575546109,12.15857554612,12.15857554612,12.15857554612,12.15857554612,11.81669632182,12.15857554592,10.87794353446,11.97199518562,12.15857554562,12.15857554552,12.15857554552,12.15857554622,12.15857554602,12.15857554602,12.158575546,12.158575546,12.15857554602,12.15857554602,12.15857554592,12.15857554592,12.15857554592,12.15857554592,12.15857554582,12.15857554587,12.15857554587,12.15857554592,12.15857554592,12.15857554592,12.15857554592,12.15857554592,11.70788887152,11.96574420582,12.15857554602,12.15857554602,12.15857554599,12.15857554599,12.15857554639,9.88249090772,9.18872047902,9.90870342722,12.15857554582,12.10381964882,11.86610098622,12.158575546,12.158575546,11.634442233,11.859787146,12.1585755457,12.1585755454,12.1585755459,12.1585755459,12.02899154,12.1585755454,12.1585755454,11.31176626058,11.66549774668,12.15857554578,12.15857554578,12.15857554578,12.15857554578,12.15857554578,12.15857554608,12.15857554577,12.15857554577,9.99750374602,8.02724800745
"t86",7.81749166795,4.99210990335,4.93973630035,4.93777770956,4.93777770961,4.93777770961,3.24656292376,4.53993353036,4.93777770956,3.60729717106,1.2362231292,1.2362231292,0,0.5634752917,3.4441017416,3.4441017416,3.3752035166,3.4441017417,3.44410174174,3.44410174174,3.4441017417,5.1391072201,5.1391072201,4.1282530305,5.13910722024,4.14509538534,5.1391072202,5.1391072202,5.0168297165,3.3353432327,4.8443595896,9.94315735815,11.00651983575,12.15857554705,12.15857554705,12.15857554712,12.15857554712,12.15857554715,12.15857554635,12.15857554645,12.15857554645,12.15857554615,12.15857554615,12.15857554623,12.15857554623,11.30976581645,12.15857554655,11.89611453359,12.15857554659,12.15857554622,12.15857554622,12.15857554626,12.15857554666,12.1585755466,12.1585755466,11.16667152986,11.38012807346,12.15857554614,12.15857554614,12.15857554614,12.15857554616,12.15857554636,12.15857554625,11.78162428905,12.15857554635,12.1585755463,12.1585755463,10.17624901165,12.15857554612,12.158575546109,12.158575546109,12.15857554612,12.15857554612,12.15857554612,12.15857554612,11.81669632182,12.15857554592,10.87794353446,11.97199518562,12.15857554562,12.15857554552,12.15857554552,12.15857554622,12.15857554602,12.15857554602,12.158575546,12.158575546,12.15857554602,12.15857554602,12.15857554592,12.15857554592,12.15857554592,12.15857554592,12.15857554582,12.15857554587,12.15857554587,12.15857554592,12.15857554592,12.15857554592,12.15857554592,12.15857554592,11.70788887152,11.96574420582,12.15857554602,12.15857554602,12.15857554599,12.15857554599,12.15857554639,9.88249090772,9.18872047902,9.90870342722,12.15857554582,12.10381964882,11.86610098622,12.158575546,12.158575546,11.634442233,11.859787146,12.1585755457,12.1585755454,12.1585755459,12.1585755459,12.02899154,12.1585755454,12.1585755454,11.31176626058,11.66549774668,12.15857554578,12.15857554578,12.15857554578,12.15857554578,12.15857554578,12.15857554608,12.15857554577,12.15857554577,9.99750374602,8.02724800745
"t87",7.54374262485,4.71836086025,4.66598725725,4.66402866646,4.66402866651,4.66402866651,2.97281388066,4.26618448726,4.66402866646,3.33354812796,0.9624740861,0.9624740861,0.5634752917,0,3.1703526985,3.1703526985,3.1014544735,3.1703526986,3.17035269864,3.17035269864,3.1703526986,4.865358177,4.865358177,3.8545039874,4.86535817714,3.87134634224,4.8653581771,4.8653581771,4.7430806734,3.0615941896,4.5706105465,9.66940831505,10.73277079265,11.88482650395,11.88482650395,11.88482650402,11.88482650402,11.88482650405,11.88482650325,11.88482650335,11.88482650335,11.88482650305,11.88482650305,11.88482650313,11.88482650313,11.03601677335,11.88482650345,11.62236549049,11.88482650349,11.88482650312,11.88482650312,11.88482650316,11.88482650356,11.8848265035,11.8848265035,10.89292248676,11.10637903036,11.88482650304,11.88482650304,11.88482650304,11.88482650306,11.88482650326,11.88482650315,11.50787524595,11.88482650325,11.8848265032,11.8848265032,9.90249996855,11.88482650302,11.884826503009,11.884826503009,11.88482650302,11.88482650302,11.88482650302,11.88482650302,11.54294727872,11.88482650282,10.60419449136,11.69824614252,11.88482650252,11.88482650242,11.88482650242,11.88482650312,11.88482650292,11.88482650292,11.8848265029,11.8848265029,11.88482650292,11.88482650292,11.88482650282,11.88482650282,11.88482650282,11.88482650282,11.88482650272,11.88482650277,11.88482650277,11.88482650282,11.88482650282,11.88482650282,11.88482650282,11.88482650282,11.43413982842,11.69199516272,11.88482650292,11.88482650292,11.88482650289,11.88482650289,11.88482650329,9.60874186462,8.91497143592,9.63495438412,11.88482650272,11.83007060572,11.59235194312,11.8848265029,11.8848265029,11.3606931899,11.5860381029,11.8848265026,11.8848265023,11.8848265028,11.8848265028,11.7552424969,11.8848265023,11.8848265023,11.03801721748,11.39174870358,11.88482650268,11.88482650268,11.88482650268,11.88482650268,11.88482650268,11.88482650298,11.88482650267,11.88482650267,9.72375470292,7.75349896435
"t36",7.81749166835,4.99210990375,4.93973630075,4.93777770996,4.93777771001,4.93777771001,3.24656292416,4.53993353076,4.93777770996,3.60729717146,3.4441017416,3.4441017416,3.4441017416,3.1703526985,0,2.355377072,2.286478847,2.3553770721,2.35537707214,2.35537707214,2.3553770721,5.1391072205,5.1391072205,4.1282530309,5.13910722064,4.14509538574,5.1391072206,5.1391072206,5.0168297169,3.3353432331,4.84435959,9.94315735855,11.00651983615,12.15857554745,12.15857554745,12.15857554752,12.15857554752,12.15857554755,12.15857554675,12.15857554685,12.15857554685,12.15857554655,12.15857554655,12.15857554663,12.15857554663,11.30976581685,12.15857554695,11.89611453399,12.15857554699,12.15857554662,12.15857554662,12.15857554666,12.15857554706,12.158575547,12.158575547,11.16667153026,11.38012807386,12.15857554654,12.15857554654,12.15857554654,12.15857554656,12.15857554676,12.15857554665,11.78162428945,12.15857554675,12.1585755467,12.1585755467,10.17624901205,12.15857554652,12.158575546509,12.158575546509,12.15857554652,12.15857554652,12.15857554652,12.15857554652,11.81669632222,12.15857554632,10.87794353486,11.97199518602,12.15857554602,12.15857554592,12.15857554592,12.15857554662,12.15857554642,12.15857554642,12.1585755464,12.1585755464,12.15857554642,12.15857554642,12.15857554632,12.15857554632,12.15857554632,12.15857554632,12.15857554622,12.15857554627,12.15857554627,12.15857554632,12.15857554632,12.15857554632,12.15857554632,12.15857554632,11.70788887192,11.96574420622,12.15857554642,12.15857554642,12.15857554639,12.15857554639,12.15857554679,9.88249090812,9.18872047942,9.90870342762,12.15857554622,12.10381964922,11.86610098662,12.1585755464,12.1585755464,11.6344422334,11.8597871464,12.1585755461,12.1585755458,12.1585755463,12.1585755463,12.0289915404,12.1585755458,12.1585755458,11.31176626098,11.66549774708,12.15857554618,12.15857554618,12.15857554618,12.15857554618,12.15857554618,12.15857554648,12.15857554617,12.15857554617,9.99750374642,8.02724800785
"t84",7.81749166835,4.99210990375,4.93973630075,4.93777770996,4.93777771001,4.93777771001,3.24656292416,4.53993353076,4.93777770996,3.60729717146,3.4441017416,3.4441017416,3.4441017416,3.1703526985,2.355377072,0,0.7720301558,1.7951395411,1.79513954114,1.79513954114,1.7951395411,5.1391072205,5.1391072205,4.1282530309,5.13910722064,4.14509538574,5.1391072206,5.1391072206,5.0168297169,3.3353432331,4.84435959,9.94315735855,11.00651983615,12.15857554745,12.15857554745,12.15857554752,12.15857554752,12.15857554755,12.15857554675,12.15857554685,12.15857554685,12.15857554655,12.15857554655,12.15857554663,12.15857554663,11.30976581685,12.15857554695,11.89611453399,12.15857554699,12.15857554662,12.15857554662,12.15857554666,12.15857554706,12.158575547,12.158575547,11.16667153026,11.38012807386,12.15857554654,12.15857554654,12.15857554654,12.15857554656,12.15857554676,12.15857554665,11.78162428945,12.15857554675,12.1585755467,12.1585755467,10.17624901205,12.15857554652,12.158575546509,12.158575546509,12.15857554652,12.15857554652,12.15857554652,12.15857554652,11.81669632222,12.15857554632,10.87794353486,11.97199518602,12.15857554602,12.15857554592,12.15857554592,12.15857554662,12.15857554642,12.15857554642,12.1585755464,12.1585755464,12.15857554642,12.15857554642,12.15857554632,12.15857554632,12.15857554632,12.15857554632,12.15857554622,12.15857554627,12.15857554627,12.15857554632,12.15857554632,12.15857554632,12.15857554632,12.15857554632,11.70788887192,11.96574420622,12.15857554642,12.15857554642,12.15857554639,12.15857554639,12.15857554679,9.88249090812,9.18872047942,9.90870342762,12.15857554622,12.10381964922,11.86610098662,12.1585755464,12.1585755464,11.6344422334,11.8597871464,12.1585755461,12.1585755458,12.1585755463,12.1585755463,12.0289915404,12.1585755458,12.1585755458,11.31176626098,11.66549774708,12.15857554618,12.15857554618,12.15857554618,12.15857554618,12.15857554618,12.15857554648,12.15857554617,12.15857554617,9.99750374642,8.02724800785
"t85",7.74859344335,4.92321167875,4.87083807575,4.86887948496,4.86887948501,4.86887948501,3.17766469916,4.47103530576,4.86887948496,3.53839894646,3.3752035166,3.3752035166,3.3752035166,3.1014544735,2.286478847,0.7720301558,0,1.7262413161,1.72624131614,1.72624131614,1.7262413161,5.0702089955,5.0702089955,4.0593548059,5.07020899564,4.07619716074,5.0702089956,5.0702089956,4.9479314919,3.2664450081,4.775461365,9.87425913355,10.93762161115,12.08967732245,12.08967732245,12.08967732252,12.08967732252,12.08967732255,12.08967732175,12.08967732185,12.08967732185,12.08967732155,12.08967732155,12.08967732163,12.08967732163,11.24086759185,12.08967732195,11.82721630899,12.08967732199,12.08967732162,12.08967732162,12.08967732166,12.08967732206,12.089677322,12.089677322,11.09777330526,11.31122984886,12.08967732154,12.08967732154,12.08967732154,12.08967732156,12.08967732176,12.08967732165,11.71272606445,12.08967732175,12.0896773217,12.0896773217,10.10735078705,12.08967732152,12.089677321509,12.089677321509,12.08967732152,12.08967732152,12.08967732152,12.08967732152,11.74779809722,12.08967732132,10.80904530986,11.90309696102,12.08967732102,12.08967732092,12.08967732092,12.08967732162,12.08967732142,12.08967732142,12.0896773214,12.0896773214,12.08967732142,12.08967732142,12.08967732132,12.08967732132,12.08967732132,12.08967732132,12.08967732122,12.08967732127,12.08967732127,12.08967732132,12.08967732132,12.08967732132,12.08967732132,12.08967732132,11.63899064692,11.89684598122,12.08967732142,12.08967732142,12.08967732139,12.08967732139,12.08967732179,9.81359268312,9.11982225442,9.83980520262,12.08967732122,12.03492142422,11.79720276162,12.0896773214,12.0896773214,11.5655440084,11.7908889214,12.0896773211,12.0896773208,12.0896773213,12.0896773213,11.9600933154,12.0896773208,12.0896773208,11.24286803598,11.59659952208,12.08967732118,12.08967732118,12.08967732118,12.08967732118,12.08967732118,12.08967732148,12.08967732117,12.08967732117,9.92860552142,7.95834978285
"t64",7.81749166845,4.99210990385,4.93973630085,4.93777771006,4.93777771011,4.93777771011,3.24656292426,4.53993353086,4.93777771006,3.60729717156,3.4441017417,3.4441017417,3.4441017417,3.1703526986,2.3553770721,1.7951395411,1.7262413161,0,1.17510993604,1.17510993604,1.175109936,5.1391072206,5.1391072206,4.128253031,5.13910722074,4.14509538584,5.1391072207,5.1391072207,5.016829717,3.3353432332,4.8443595901,9.94315735865,11.00651983625,12.15857554755,12.15857554755,12.15857554762,12.15857554762,12.15857554765,12.15857554685,12.15857554695,12.15857554695,12.15857554665,12.15857554665,12.15857554673,12.15857554673,11.30976581695,12.15857554705,11.89611453409,12.15857554709,12.15857554672,12.15857554672,12.15857554676,12.15857554716,12.1585755471,12.1585755471,11.16667153036,11.38012807396,12.15857554664,12.15857554664,12.15857554664,12.15857554666,12.15857554686,12.15857554675,11.78162428955,12.15857554685,12.1585755468,12.1585755468,10.17624901215,12.15857554662,12.158575546609,12.158575546609,12.15857554662,12.15857554662,12.15857554662,12.15857554662,11.81669632232,12.15857554642,10.87794353496,11.97199518612,12.15857554612,12.15857554602,12.15857554602,12.15857554672,12.15857554652,12.15857554652,12.1585755465,12.1585755465,12.15857554652,12.15857554652,12.15857554642,12.15857554642,12.15857554642,12.15857554642,12.15857554632,12.15857554637,12.15857554637,12.15857554642,12.15857554642,12.15857554642,12.15857554642,12.15857554642,11.70788887202,11.96574420632,12.15857554652,12.15857554652,12.15857554649,12.15857554649,12.15857554689,9.88249090822,9.18872047952,9.90870342772,12.15857554632,12.10381964932,11.86610098672,12.1585755465,12.1585755465,11.6344422335,11.8597871465,12.1585755462,12.1585755459,12.1585755464,12.1585755464,12.0289915405,12.1585755459,12.1585755459,11.31176626108,11.66549774718,12.15857554628,12.15857554628,12.15857554628,12.15857554628,12.15857554628,12.15857554658,12.15857554627,12.15857554627,9.99750374652,8.02724800795
"t114",7.81749166849,4.99210990389,4.93973630089,4.9377777101,4.93777771015,4.93777771015,3.2465629243,4.5399335309,4.9377777101,3.6072971716,3.44410174174,3.44410174174,3.44410174174,3.17035269864,2.35537707214,1.79513954114,1.72624131614,1.17510993604,0,0.364408239,0.43402252124,5.13910722064,5.13910722064,4.12825303104,5.13910722078,4.14509538588,5.13910722074,5.13910722074,5.01682971704,3.33534323324,4.84435959014,9.94315735869,11.00651983629,12.15857554759,12.15857554759,12.15857554766,12.15857554766,12.15857554769,12.15857554689,12.15857554699,12.15857554699,12.15857554669,12.15857554669,12.15857554677,12.15857554677,11.30976581699,12.15857554709,11.89611453413,12.15857554713,12.15857554676,12.15857554676,12.1585755468,12.1585755472,12.15857554714,12.15857554714,11.1666715304,11.380128074,12.15857554668,12.15857554668,12.15857554668,12.1585755467,12.1585755469,12.15857554679,11.78162428959,12.15857554689,12.15857554684,12.15857554684,10.17624901219,12.15857554666,12.158575546649,12.158575546649,12.15857554666,12.15857554666,12.15857554666,12.15857554666,11.81669632236,12.15857554646,10.877943535,11.97199518616,12.15857554616,12.15857554606,12.15857554606,12.15857554676,12.15857554656,12.15857554656,12.15857554654,12.15857554654,12.15857554656,12.15857554656,12.15857554646,12.15857554646,12.15857554646,12.15857554646,12.15857554636,12.15857554641,12.15857554641,12.15857554646,12.15857554646,12.15857554646,12.15857554646,12.15857554646,11.70788887206,11.96574420636,12.15857554656,12.15857554656,12.15857554653,12.15857554653,12.15857554693,9.88249090826,9.18872047956,9.90870342776,12.15857554636,12.10381964936,11.86610098676,12.15857554654,12.15857554654,11.63444223354,11.85978714654,12.15857554624,12.15857554594,12.15857554644,12.15857554644,12.02899154054,12.15857554594,12.15857554594,11.31176626112,11.66549774722,12.15857554632,12.15857554632,12.15857554632,12.15857554632,12.15857554632,12.15857554662,12.15857554631,12.15857554631,9.99750374656,8.02724800799
