"","t9","t25","t26","t14","t7","t11","t12","t72","t73","t41","t33","t20","t138","t139","t70","t71","t122","t123","t78","t65","t80","t81","t42","t21","t22","t58","t59","t8","t23","t49","t50","t3","t4","t36","t107","t108","t34","t40","t101","t102","t116","t117","t82","t60","t105","t106","t97","t98","t5","t15","t43","t44","t130","t131","t120","t121","t124","t125","t61","t144","t145","t112","t113","t28","t103","t104","t18","t19","t29","t136","t137","t99","t79","t100","t128","t129","t55","t56","t64","t89","t90","t114","t115","t6","t62","t63","t24","t13","t17","t126","t127","t118","t119","t37","t16","t39","t66","t67","t30","t31","t10","t2","t69","t75","t76","t45","t46","t51","t95","t96","t32","t47","t48","t35","t27","t77","t132","t133","t87","t88","t74","t52","t38","t91","t92","t109","t134","t135","t85","t68","t110","t111","t142","t143","t57","t140","t141","t93","t94","t86","t83","t84","t53","t54","t1"
"t9",0,4.6120290911,3.80663920966,5.5634718656,3.63339629775,4.41248243215,4.45976396845,6.1495031368,6.1495031368,5.3159181861,5.1481697028,6.14950313625,6.14950313684,6.14950313684,5.65977827647,6.14950313635,6.14950313628,6.14950313628,6.14950313627,6.14950313637,6.14950313637,6.14950313637,6.14950313627,4.28714393233,4.54458759013,5.41778690227,6.14950313659,3.70254832019,5.63549843693,5.56815475583,5.53846286253,4.2422298321,3.5852588463,7.8663445991,7.8663445988,7.8663445988,7.866344599064,7.866344599064,7.866344598764,7.866344598764,7.866344598824,7.866344598824,7.866344598804,7.395263677704,7.8663445988,7.8663445988,7.8663445988,7.8663445988,7.5194565218,5.9183992772,7.86634459887,7.31013295037,7.86634459838,7.86634459838,7.86634459843,7.86634459843,7.86634459843,7.86634459843,7.86634459837,7.86634459828,7.86634459828,7.86634459834,7.86634459834,7.14444629247,7.86634459867,7.86634459867,7.73354064134,7.04214254134,6.7247638932,7.86634459822,7.86634459822,7.86634459825,7.86634459862,7.86634459872,7.86634459871,7.86634459871,7.0926714168,7.5585870621,7.59149399052,7.866344598623,7.866344598623,7.86634459862,7.86634459862,6.0381376403,8.010681986,7.6929931812,7.6636616278,8.1714974495,6.4680512866,8.17149744939,8.17149744939,8.17149744933,8.17149744933,8.1714974489,7.86267349948,8.15659915688,8.17149744948,8.17149744948,8.17149744966,6.89279690423,5.73278905548,5.05385498788,8.1714974492,7.79377647886,8.17149744916,8.17149744965,8.17149744965,7.47109583575,8.17149744955,8.17149744955,8.17149744935,8.17149744965,8.17149744965,8.17149744925,8.1714974496,8.17149744956,8.17149744959,8.17149744959,8.171497449501,8.171497449501,8.171497449601,7.36811684388,8.17149744953,8.17149744969,7.97293562919,8.17149744969,8.17149744966,8.17149744966,8.17149744959,8.17149744969,8.17149744971,8.17149744971,8.17149744973,8.17149744973,8.1714974497,8.171497449555,8.171497449555,8.171497449555,8.171497449555,8.1714974495,8.1714974496,8.1714974496,7.36230178716,7.35413130975,5.504763147
"t25",4.6120290911,0,0.86667989596,3.8599156495,2.68195352285,3.46103965725,3.50832119355,5.1980603619,5.1980603619,4.3644754112,4.1967269279,5.19806036135,5.19806036194,5.19806036194,4.70833550157,5.19806036145,5.19806036138,5.19806036138,5.19806036137,5.19806036147,5.19806036147,5.19806036147,5.19806036137,3.33570115743,3.59314481523,4.46634412737,5.19806036169,2.75110554529,4.68405566203,4.61671198093,4.58702008763,3.2907870572,2.6338160714,6.9149018242,6.9149018239,6.9149018239,6.914901824164,6.914901824164,6.914901823864,6.914901823864,6.914901823924,6.914901823924,6.914901823904,6.443820902804,6.9149018239,6.9149018239,6.9149018239,6.9149018239,6.5680137469,4.9669565023,6.91490182397,6.35869017547,6.91490182348,6.91490182348,6.91490182353,6.91490182353,6.91490182353,6.91490182353,6.91490182347,6.91490182338,6.91490182338,6.91490182344,6.91490182344,6.19300351757,6.91490182377,6.91490182377,6.78209786644,6.09069976644,5.7733211183,6.91490182332,6.91490182332,6.91490182335,6.91490182372,6.91490182382,6.91490182381,6.91490182381,6.1412286419,6.6071442872,6.64005121562,6.914901823723,6.914901823723,6.91490182372,6.91490182372,5.0866948654,7.0592392111,6.7415504063,6.7122188529,7.2200546746,5.5166085117,7.22005467449,7.22005467449,7.22005467443,7.22005467443,7.220054674,6.91123072458,7.20515638198,7.22005467458,7.22005467458,7.22005467476,5.94135412933,4.78134628058,4.10241221298,7.2200546743,6.84233370396,7.22005467426,7.22005467475,7.22005467475,6.51965306085,7.22005467465,7.22005467465,7.22005467445,7.22005467475,7.22005467475,7.22005467435,7.2200546747,7.22005467466,7.22005467469,7.22005467469,7.220054674601,7.220054674601,7.220054674701,6.41667406898,7.22005467463,7.22005467479,7.02149285429,7.22005467479,7.22005467476,7.22005467476,7.22005467469,7.22005467479,7.22005467481,7.22005467481,7.22005467483,7.22005467483,7.2200546748,7.220054674655,7.220054674655,7.220054674655,7.220054674655,7.2200546746,7.2200546747,7.2200546747,6.41085901226,6.40268853485,4.5533203721
"t26",3.80663920966,0.86667989596,0,3.05452576806,1.87656364141,2.65564977581,2.70293131211,4.39267048046,4.39267048046,3.55908552976,3.39133704646,4.39267047991,4.3926704805,4.3926704805,3.90294562013,4.39267048001,4.39267047994,4.39267047994,4.39267047993,4.39267048003,4.39267048003,4.39267048003,4.39267047993,2.53031127599,2.78775493379,3.66095424593,4.39267048025,1.94571566385,3.87866578059,3.81132209949,3.78163020619,2.48539717576,1.82842618996,6.10951194276,6.10951194246,6.10951194246,6.109511942724,6.109511942724,6.109511942424,6.109511942424,6.109511942484,6.109511942484,6.109511942464,5.638431021364,6.10951194246,6.10951194246,6.10951194246,6.10951194246,5.76262386546,4.16156662086,6.10951194253,5.55330029403,6.10951194204,6.10951194204,6.10951194209,6.10951194209,6.10951194209,6.10951194209,6.10951194203,6.10951194194,6.10951194194,6.109511942,6.109511942,5.38761363613,6.10951194233,6.10951194233,5.976707985,5.285309885,4.96793123686,6.10951194188,6.10951194188,6.10951194191,6.10951194228,6.10951194238,6.10951194237,6.10951194237,5.33583876046,5.80175440576,5.83466133418,6.109511942283,6.109511942283,6.10951194228,6.10951194228,4.28130498396,6.25384932966,5.93616052486,5.90682897146,6.41466479316,4.71121863026,6.41466479305,6.41466479305,6.41466479299,6.41466479299,6.41466479256,6.10584084314,6.39976650054,6.41466479314,6.41466479314,6.41466479332,5.13596424789,3.97595639914,3.29702233154,6.41466479286,6.03694382252,6.41466479282,6.41466479331,6.41466479331,5.71426317941,6.41466479321,6.41466479321,6.41466479301,6.41466479331,6.41466479331,6.41466479291,6.41466479326,6.41466479322,6.41466479325,6.41466479325,6.414664793161,6.414664793161,6.414664793261,5.61128418754,6.41466479319,6.41466479335,6.21610297285,6.41466479335,6.41466479332,6.41466479332,6.41466479325,6.41466479335,6.41466479337,6.41466479337,6.41466479339,6.41466479339,6.41466479336,6.414664793215,6.414664793215,6.414664793215,6.414664793215,6.41466479316,6.41466479326,6.41466479326,5.60546913082,5.59729865341,3.74793049066
"t14",5.5634718656,3.8599156495,3.05452576806,0,3.63339629735,4.41248243175,4.45976396805,6.1495031364,6.1495031364,5.3159181857,5.1481697024,6.14950313585,6.14950313644,6.14950313644,5.65977827607,6.14950313595,6.14950313588,6.14950313588,6.14950313587,6.14950313597,6.14950313597,6.14950313597,6.14950313587,4.28714393193,4.54458758973,5.41778690187,6.14950313619,3.70254831979,5.63549843653,5.56815475543,5.53846286213,4.2422298317,3.5852588459,7.8663445987,7.8663445984,7.8663445984,7.866344598664,7.866344598664,7.866344598364,7.866344598364,7.866344598424,7.866344598424,7.866344598404,7.395263677304,7.8663445984,7.8663445984,7.8663445984,7.8663445984,7.5194565214,5.9183992768,7.86634459847,7.31013294997,7.86634459798,7.86634459798,7.86634459803,7.86634459803,7.86634459803,7.86634459803,7.86634459797,7.86634459788,7.86634459788,7.86634459794,7.86634459794,7.14444629207,7.86634459827,7.86634459827,7.73354064094,7.04214254094,6.7247638928,7.86634459782,7.86634459782,7.86634459785,7.86634459822,7.86634459832,7.86634459831,7.86634459831,7.0926714164,7.5585870617,7.59149399012,7.866344598223,7.866344598223,7.86634459822,7.86634459822,6.0381376399,8.0106819856,7.6929931808,7.6636616274,8.1714974491,6.4680512862,8.17149744899,8.17149744899,8.17149744893,8.17149744893,8.1714974485,7.86267349908,8.15659915648,8.17149744908,8.17149744908,8.17149744926,6.89279690383,5.73278905508,5.05385498748,8.1714974488,7.79377647846,8.17149744876,8.17149744925,8.17149744925,7.47109583535,8.17149744915,8.17149744915,8.17149744895,8.17149744925,8.17149744925,8.17149744885,8.1714974492,8.17149744916,8.17149744919,8.17149744919,8.171497449101,8.171497449101,8.171497449201,7.36811684348,8.17149744913,8.17149744929,7.97293562879,8.17149744929,8.17149744926,8.17149744926,8.17149744919,8.17149744929,8.17149744931,8.17149744931,8.17149744933,8.17149744933,8.1714974493,8.171497449155,8.171497449155,8.171497449155,8.171497449155,8.1714974491,8.1714974492,8.1714974492,7.36230178676,7.35413130935,5.5047631466
"t7",3.63339629775,2.68195352285,1.87656364141,3.63339629735,0,1.3641422974,1.4114238337,3.43984222205,3.43984222205,2.60625727135,2.43850878805,3.4398422215,3.43984222209,3.43984222209,2.95011736172,3.4398422216,3.43984222153,3.43984222153,3.43984222152,3.43984222162,3.43984222162,3.43984222162,3.43984222152,1.57748301758,1.83492667538,2.70812598752,3.43984222184,0.99288740544,2.92583752218,2.85849384108,2.82880194778,1.72612299325,1.06915200745,5.35023776025,5.35023775995,5.35023775995,5.350237760214,5.350237760214,5.350237759914,5.350237759914,5.350237759974,5.350237759974,5.350237759954,4.879156838854,5.35023775995,5.35023775995,5.35023775995,5.35023775995,5.00334968295,3.40229243835,5.35023776002,4.79402611152,5.35023775953,5.35023775953,5.35023775958,5.35023775958,5.35023775958,5.35023775958,5.35023775952,5.35023775943,5.35023775943,5.35023775949,5.35023775949,4.62833945362,5.35023775982,5.35023775982,5.21743380249,4.52603570249,4.20865705435,5.35023775937,5.35023775937,5.3502377594,5.35023775977,5.35023775987,5.35023775986,5.35023775986,4.57656457795,5.04248022325,5.07538715167,5.350237759773,5.350237759773,5.35023775977,5.35023775977,3.52203080145,5.49457514715,5.17688634235,5.14755478895,5.65539061065,3.95194444775,5.65539061054,5.65539061054,5.65539061048,5.65539061048,5.65539061005,5.34656666063,5.64049231803,5.65539061063,5.65539061063,5.65539061081,4.37669006538,3.21668221663,2.53774814903,5.65539061035,5.27766964001,5.65539061031,5.6553906108,5.6553906108,4.9549889969,5.6553906107,5.6553906107,5.6553906105,5.6553906108,5.6553906108,5.6553906104,5.65539061075,5.65539061071,5.65539061074,5.65539061074,5.655390610651,5.655390610651,5.655390610751,4.85201000503,5.65539061068,5.65539061084,5.45682879034,5.65539061084,5.65539061081,5.65539061081,5.65539061074,5.65539061084,5.65539061086,5.65539061086,5.65539061088,5.65539061088,5.65539061085,5.655390610705,5.655390610705,5.655390610705,5.655390610705,5.65539061065,5.65539061075,5.65539061075,4.84619494831,4.8380244709,2.98865630815
"t11",4.41248243215,3.46103965725,2.65564977581,4.41248243175,1.3641422974,0,1.8140660355,4.21892835645,4.21892835645,3.38534340575,3.21759492245,4.2189283559,4.21892835649,4.21892835649,3.72920349612,4.218928356,4.21892835593,4.21892835593,4.21892835592,4.21892835602,4.21892835602,4.21892835602,4.21892835592,2.35656915198,2.61401280978,3.48721212192,4.21892835624,1.77197353984,3.70492365658,3.63757997548,3.60788808218,2.50520912765,1.84823814185,6.12932389465,6.12932389435,6.12932389435,6.129323894614,6.129323894614,6.129323894314,6.129323894314,6.129323894374,6.129323894374,6.129323894354,5.658242973254,6.12932389435,6.12932389435,6.12932389435,6.12932389435,5.78243581735,4.18137857275,6.12932389442,5.57311224592,6.12932389393,6.12932389393,6.12932389398,6.12932389398,6.12932389398,6.12932389398,6.12932389392,6.12932389383,6.12932389383,6.12932389389,6.12932389389,5.40742558802,6.12932389422,6.12932389422,5.99651993689,5.30512183689,4.98774318875,6.12932389377,6.12932389377,6.1293238938,6.12932389417,6.12932389427,6.12932389426,6.12932389426,5.35565071235,5.82156635765,5.85447328607,6.129323894173,6.129323894173,6.12932389417,6.12932389417,4.30111693585,6.27366128155,5.95597247675,5.92664092335,6.43447674505,4.73103058215,6.43447674494,6.43447674494,6.43447674488,6.43447674488,6.43447674445,6.12565279503,6.41957845243,6.43447674503,6.43447674503,6.43447674521,5.15577619978,3.99576835103,3.31683428343,6.43447674475,6.05675577441,6.43447674471,6.4344767452,6.4344767452,5.7340751313,6.4344767451,6.4344767451,6.4344767449,6.4344767452,6.4344767452,6.4344767448,6.43447674515,6.43447674511,6.43447674514,6.43447674514,6.434476745051,6.434476745051,6.434476745151,5.63109613943,6.43447674508,6.43447674524,6.23591492474,6.43447674524,6.43447674521,6.43447674521,6.43447674514,6.43447674524,6.43447674526,6.43447674526,6.43447674528,6.43447674528,6.43447674525,6.434476745105,6.434476745105,6.434476745105,6.434476745105,6.43447674505,6.43447674515,6.43447674515,5.62528108271,5.6171106053,3.76774244255
"t12",4.45976396845,3.50832119355,2.70293131211,4.45976396805,1.4114238337,1.8140660355,0,4.26620989275,4.26620989275,3.43262494205,3.26487645875,4.2662098922,4.26620989279,4.26620989279,3.77648503242,4.2662098923,4.26620989223,4.26620989223,4.26620989222,4.26620989232,4.26620989232,4.26620989232,4.26620989222,2.40385068828,2.66129434608,3.53449365822,4.26620989254,1.81925507614,3.75220519288,3.68486151178,3.65516961848,2.55249066395,1.89551967815,6.17660543095,6.17660543065,6.17660543065,6.176605430914,6.176605430914,6.176605430614,6.176605430614,6.176605430674,6.176605430674,6.176605430654,5.705524509554,6.17660543065,6.17660543065,6.17660543065,6.17660543065,5.82971735365,4.22866010905,6.17660543072,5.62039378222,6.17660543023,6.17660543023,6.17660543028,6.17660543028,6.17660543028,6.17660543028,6.17660543022,6.17660543013,6.17660543013,6.17660543019,6.17660543019,5.45470712432,6.17660543052,6.17660543052,6.04380147319,5.35240337319,5.03502472505,6.17660543007,6.17660543007,6.1766054301,6.17660543047,6.17660543057,6.17660543056,6.17660543056,5.40293224865,5.86884789395,5.90175482237,6.176605430473,6.176605430473,6.17660543047,6.17660543047,4.34839847215,6.32094281785,6.00325401305,5.97392245965,6.48175828135,4.77831211845,6.48175828124,6.48175828124,6.48175828118,6.48175828118,6.48175828075,6.17293433133,6.46685998873,6.48175828133,6.48175828133,6.48175828151,5.20305773608,4.04304988733,3.36411581973,6.48175828105,6.10403731071,6.48175828101,6.4817582815,6.4817582815,5.7813566676,6.4817582814,6.4817582814,6.4817582812,6.4817582815,6.4817582815,6.4817582811,6.48175828145,6.48175828141,6.48175828144,6.48175828144,6.481758281351,6.481758281351,6.481758281451,5.67837767573,6.48175828138,6.48175828154,6.28319646104,6.48175828154,6.48175828151,6.48175828151,6.48175828144,6.48175828154,6.48175828156,6.48175828156,6.48175828158,6.48175828158,6.48175828155,6.481758281405,6.481758281405,6.481758281405,6.481758281405,6.48175828135,6.48175828145,6.48175828145,5.67256261901,5.6643921416,3.81502397885
"t72",6.1495031368,5.1980603619,4.39267048046,6.1495031364,3.43984222205,4.21892835645,4.26620989275,0,1.1045885558,1.2918965469,1.396027511,4.43699885845,4.43699885904,4.43699885904,3.94727399867,4.43699885855,4.43699885848,4.43699885848,4.43699885847,4.43699885857,4.43699885857,4.43699885857,4.43699885847,2.57463965453,2.83208331233,5.03953250947,5.77124874379,3.32429392739,5.25724404413,5.18990036303,5.16020846973,4.2422298323,3.5852588465,7.8663445993,7.866344599,7.866344599,7.866344599264,7.866344599264,7.866344598964,7.866344598964,7.866344599024,7.866344599024,7.866344599004,7.395263677904,7.866344599,7.866344599,7.866344599,7.866344599,7.519456522,5.9183992774,7.86634459907,7.31013295057,7.86634459858,7.86634459858,7.86634459863,7.86634459863,7.86634459863,7.86634459863,7.86634459857,7.86634459848,7.86634459848,7.86634459854,7.86634459854,7.14444629267,7.86634459887,7.86634459887,7.73354064154,7.04214254154,6.7247638934,7.86634459842,7.86634459842,7.86634459845,7.86634459882,7.86634459892,7.86634459891,7.86634459891,7.092671417,7.5585870623,7.59149399072,7.866344598823,7.866344598823,7.86634459882,7.86634459882,6.0381376405,8.0106819862,7.6929931814,7.663661628,8.1714974497,6.4680512868,8.17149744959,8.17149744959,8.17149744953,8.17149744953,8.1714974491,7.86267349968,8.15659915708,8.17149744968,8.17149744968,8.17149744986,6.89279690443,5.73278905568,5.05385498808,8.1714974494,7.79377647906,8.17149744936,8.17149744985,8.17149744985,7.47109583595,8.17149744975,8.17149744975,8.17149744955,8.17149744985,8.17149744985,8.17149744945,8.1714974498,8.17149744976,8.17149744979,8.17149744979,8.171497449701,8.171497449701,8.171497449801,7.36811684408,8.17149744973,8.17149744989,7.97293562939,8.17149744989,8.17149744986,8.17149744986,8.17149744979,8.17149744989,8.17149744991,8.17149744991,8.17149744993,8.17149744993,8.1714974499,8.171497449755,8.171497449755,8.171497449755,8.171497449755,8.1714974497,8.1714974498,8.1714974498,7.36230178736,7.35413130995,5.5047631472
"t73",6.1495031368,5.1980603619,4.39267048046,6.1495031364,3.43984222205,4.21892835645,4.26620989275,1.1045885558,0,1.2918965469,1.396027511,4.43699885845,4.43699885904,4.43699885904,3.94727399867,4.43699885855,4.43699885848,4.43699885848,4.43699885847,4.43699885857,4.43699885857,4.43699885857,4.43699885847,2.57463965453,2.83208331233,5.03953250947,5.77124874379,3.32429392739,5.25724404413,5.18990036303,5.16020846973,4.2422298323,3.5852588465,7.8663445993,7.866344599,7.866344599,7.866344599264,7.866344599264,7.866344598964,7.866344598964,7.866344599024,7.866344599024,7.866344599004,7.395263677904,7.866344599,7.866344599,7.866344599,7.866344599,7.519456522,5.9183992774,7.86634459907,7.31013295057,7.86634459858,7.86634459858,7.86634459863,7.86634459863,7.86634459863,7.86634459863,7.86634459857,7.86634459848,7.86634459848,7.86634459854,7.86634459854,7.14444629267,7.86634459887,7.86634459887,7.73354064154,7.04214254154,6.7247638934,7.86634459842,7.86634459842,7.86634459845,7.86634459882,7.86634459892,7.86634459891,7.86634459891,7.092671417,7.5585870623,7.59149399072,7.866344598823,7.866344598823,7.86634459882,7.86634459882,6.0381376405,8.0106819862,7.6929931814,7.663661628,8.1714974497,6.4680512868,8.17149744959,8.17149744959,8.17149744953,8.17149744953,8.1714974491,7.86267349968,8.15659915708,8.17149744968,8.17149744968,8.17149744986,6.89279690443,5.73278905568,5.05385498808,8.1714974494,7.79377647906,8.17149744936,8.17149744985,8.17149744985,7.47109583595,8.17149744975,8.17149744975,8.17149744955,8.17149744985,8.17149744985,8.17149744945,8.1714974498,8.17149744976,8.17149744979,8.17149744979,8.171497449701,8.171497449701,8.171497449801,7.36811684408,8.17149744973,8.17149744989,7.97293562939,8.17149744989,8.17149744986,8.17149744986,8.17149744979,8.17149744989,8.17149744991,8.17149744991,8.17149744993,8.17149744993,8.1714974499,8.171497449755,8.171497449755,8.171497449755,8.171497449755,8.1714974497,8.1714974498,8.1714974498,7.36230178736,7.35413130995,5.5047631472
"t41",5.3159181861,4.3644754112,3.55908552976,5.3159181857,2.60625727135,3.38534340575,3.43262494205,1.2918965469,1.2918965469,0,0.5624425603,3.60341390775,3.60341390834,3.60341390834,3.11368904797,3.60341390785,3.60341390778,3.60341390778,3.60341390777,3.60341390787,3.60341390787,3.60341390787,3.60341390777,1.74105470383,1.99849836163,4.20594755877,4.93766379309,2.49070897669,4.42365909343,4.35631541233,4.32662351903,3.4086448816,2.7516738958,7.0327596486,7.0327596483,7.0327596483,7.032759648564,7.032759648564,7.032759648264,7.032759648264,7.032759648324,7.032759648324,7.032759648304,6.561678727204,7.0327596483,7.0327596483,7.0327596483,7.0327596483,6.6858715713,5.0848143267,7.03275964837,6.47654799987,7.03275964788,7.03275964788,7.03275964793,7.03275964793,7.03275964793,7.03275964793,7.03275964787,7.03275964778,7.03275964778,7.03275964784,7.03275964784,6.31086134197,7.03275964817,7.03275964817,6.89995569084,6.20855759084,5.8911789427,7.03275964772,7.03275964772,7.03275964775,7.03275964812,7.03275964822,7.03275964821,7.03275964821,6.2590864663,6.7250021116,6.75790904002,7.032759648123,7.032759648123,7.03275964812,7.03275964812,5.2045526898,7.1770970355,6.8594082307,6.8300766773,7.337912499,5.6344663361,7.33791249889,7.33791249889,7.33791249883,7.33791249883,7.3379124984,7.02908854898,7.32301420638,7.33791249898,7.33791249898,7.33791249916,6.05921195373,4.89920410498,4.22027003738,7.3379124987,6.96019152836,7.33791249866,7.33791249915,7.33791249915,6.63751088525,7.33791249905,7.33791249905,7.33791249885,7.33791249915,7.33791249915,7.33791249875,7.3379124991,7.33791249906,7.33791249909,7.33791249909,7.337912499001,7.337912499001,7.337912499101,6.53453189338,7.33791249903,7.33791249919,7.13935067869,7.33791249919,7.33791249916,7.33791249916,7.33791249909,7.33791249919,7.33791249921,7.33791249921,7.33791249923,7.33791249923,7.3379124992,7.337912499055,7.337912499055,7.337912499055,7.337912499055,7.337912499,7.3379124991,7.3379124991,6.52871683666,6.52054635925,4.6711781965
"t33",5.1481697028,4.1967269279,3.39133704646,5.1481697024,2.43850878805,3.21759492245,3.26487645875,1.396027511,1.396027511,0.5624425603,0,3.43566542445,3.43566542504,3.43566542504,2.94594056467,3.43566542455,3.43566542448,3.43566542448,3.43566542447,3.43566542457,3.43566542457,3.43566542457,3.43566542447,1.57330622053,1.83074987833,4.03819907547,4.76991530979,2.32296049339,4.25591061013,4.18856692903,4.15887503573,3.2408963983,2.5839254125,6.8650111653,6.865011165,6.865011165,6.865011165264,6.865011165264,6.865011164964,6.865011164964,6.865011165024,6.865011165024,6.865011165004,6.393930243904,6.865011165,6.865011165,6.865011165,6.865011165,6.518123088,4.9170658434,6.86501116507,6.30879951657,6.86501116458,6.86501116458,6.86501116463,6.86501116463,6.86501116463,6.86501116463,6.86501116457,6.86501116448,6.86501116448,6.86501116454,6.86501116454,6.14311285867,6.86501116487,6.86501116487,6.73220720754,6.04080910754,5.7234304594,6.86501116442,6.86501116442,6.86501116445,6.86501116482,6.86501116492,6.86501116491,6.86501116491,6.091337983,6.5572536283,6.59016055672,6.865011164823,6.865011164823,6.86501116482,6.86501116482,5.0368042065,7.0093485522,6.6916597474,6.662328194,7.1701640157,5.4667178528,7.17016401559,7.17016401559,7.17016401553,7.17016401553,7.1701640151,6.86134006568,7.15526572308,7.17016401568,7.17016401568,7.17016401586,5.89146347043,4.73145562168,4.05252155408,7.1701640154,6.79244304506,7.17016401536,7.17016401585,7.17016401585,6.46976240195,7.17016401575,7.17016401575,7.17016401555,7.17016401585,7.17016401585,7.17016401545,7.1701640158,7.17016401576,7.17016401579,7.17016401579,7.170164015701,7.170164015701,7.170164015801,6.36678341008,7.17016401573,7.17016401589,6.97160219539,7.17016401589,7.17016401586,7.17016401586,7.17016401579,7.17016401589,7.17016401591,7.17016401591,7.17016401593,7.17016401593,7.1701640159,7.170164015755,7.170164015755,7.170164015755,7.170164015755,7.1701640157,7.1701640158,7.1701640158,6.36096835336,6.35279787595,4.5034297132
"t20",6.14950313625,5.19806036135,4.39267047991,6.14950313585,3.4398422215,4.2189283559,4.2662098922,4.43699885845,4.43699885845,3.60341390775,3.43566542445,0,4.04689774459,4.04689774459,3.55717288422,4.0468977441,4.04689774403,4.04689774403,4.04689774402,4.04689774412,4.04689774412,4.04689774412,4.04689774402,2.26371004758,2.52115370538,5.03953250892,5.77124874324,3.32429392684,5.25724404358,5.18990036248,5.16020846918,4.24222983175,3.58525884595,7.86634459875,7.86634459845,7.86634459845,7.866344598714,7.866344598714,7.866344598414,7.866344598414,7.866344598474,7.866344598474,7.866344598454,7.395263677354,7.86634459845,7.86634459845,7.86634459845,7.86634459845,7.51945652145,5.91839927685,7.86634459852,7.31013295002,7.86634459803,7.86634459803,7.86634459808,7.86634459808,7.86634459808,7.86634459808,7.86634459802,7.86634459793,7.86634459793,7.86634459799,7.86634459799,7.14444629212,7.86634459832,7.86634459832,7.73354064099,7.04214254099,6.72476389285,7.86634459787,7.86634459787,7.8663445979,7.86634459827,7.86634459837,7.86634459836,7.86634459836,7.09267141645,7.55858706175,7.59149399017,7.866344598273,7.866344598273,7.86634459827,7.86634459827,6.03813763995,8.01068198565,7.69299318085,7.66366162745,8.17149744915,6.46805128625,8.17149744904,8.17149744904,8.17149744898,8.17149744898,8.17149744855,7.86267349913,8.15659915653,8.17149744913,8.17149744913,8.17149744931,6.89279690388,5.73278905513,5.05385498753,8.17149744885,7.79377647851,8.17149744881,8.1714974493,8.1714974493,7.4710958354,8.1714974492,8.1714974492,8.171497449,8.1714974493,8.1714974493,8.1714974489,8.17149744925,8.17149744921,8.17149744924,8.17149744924,8.171497449151,8.171497449151,8.171497449251,7.36811684353,8.17149744918,8.17149744934,7.97293562884,8.17149744934,8.17149744931,8.17149744931,8.17149744924,8.17149744934,8.17149744936,8.17149744936,8.17149744938,8.17149744938,8.17149744935,8.171497449205,8.171497449205,8.171497449205,8.171497449205,8.17149744915,8.17149744925,8.17149744925,7.36230178681,7.3541313094,5.50476314665
"t138",6.14950313684,5.19806036194,4.3926704805,6.14950313644,3.43984222209,4.21892835649,4.26620989279,4.43699885904,4.43699885904,3.60341390834,3.43566542504,4.04689774459,0,0.06298725898,1.65432755661,2.14405241649,2.60402899702,2.60402899702,2.60402899701,2.60402899711,2.60402899711,2.60402899711,2.60402899701,2.26371004817,2.52115370597,5.03953250951,5.77124874383,3.32429392743,5.25724404417,5.18990036307,5.16020846977,4.24222983234,3.58525884654,7.86634459934,7.86634459904,7.86634459904,7.866344599304,7.866344599304,7.866344599004,7.866344599004,7.866344599064,7.866344599064,7.866344599044,7.395263677944,7.86634459904,7.86634459904,7.86634459904,7.86634459904,7.51945652204,5.91839927744,7.86634459911,7.31013295061,7.86634459862,7.86634459862,7.86634459867,7.86634459867,7.86634459867,7.86634459867,7.86634459861,7.86634459852,7.86634459852,7.86634459858,7.86634459858,7.14444629271,7.86634459891,7.86634459891,7.73354064158,7.04214254158,6.72476389344,7.86634459846,7.86634459846,7.86634459849,7.86634459886,7.86634459896,7.86634459895,7.86634459895,7.09267141704,7.55858706234,7.59149399076,7.866344598863,7.866344598863,7.86634459886,7.86634459886,6.03813764054,8.01068198624,7.69299318144,7.66366162804,8.17149744974,6.46805128684,8.17149744963,8.17149744963,8.17149744957,8.17149744957,8.17149744914,7.86267349972,8.15659915712,8.17149744972,8.17149744972,8.1714974499,6.89279690447,5.73278905572,5.05385498812,8.17149744944,7.7937764791,8.1714974494,8.17149744989,8.17149744989,7.47109583599,8.17149744979,8.17149744979,8.17149744959,8.17149744989,8.17149744989,8.17149744949,8.17149744984,8.1714974498,8.17149744983,8.17149744983,8.171497449741,8.171497449741,8.171497449841,7.36811684412,8.17149744977,8.17149744993,7.97293562943,8.17149744993,8.1714974499,8.1714974499,8.17149744983,8.17149744993,8.17149744995,8.17149744995,8.17149744997,8.17149744997,8.17149744994,8.171497449795,8.171497449795,8.171497449795,8.171497449795,8.17149744974,8.17149744984,8.17149744984,7.3623017874,7.35413130999,5.50476314724
"t139",6.14950313684,5.19806036194,4.3926704805,6.14950313644,3.43984222209,4.21892835649,4.26620989279,4.43699885904,4.43699885904,3.60341390834,3.43566542504,4.04689774459,0.06298725898,0,1.65432755661,2.14405241649,2.60402899702,2.60402899702,2.60402899701,2.60402899711,2.60402899711,2.60402899711,2.60402899701,2.26371004817,2.52115370597,5.03953250951,5.77124874383,3.32429392743,5.25724404417,5.18990036307,5.16020846977,4.24222983234,3.58525884654,7.86634459934,7.86634459904,7.86634459904,7.866344599304,7.866344599304,7.866344599004,7.866344599004,7.866344599064,7.866344599064,7.866344599044,7.395263677944,7.86634459904,7.86634459904,7.86634459904,7.86634459904,7.51945652204,5.91839927744,7.86634459911,7.31013295061,7.86634459862,7.86634459862,7.86634459867,7.86634459867,7.86634459867,7.86634459867,7.86634459861,7.86634459852,7.86634459852,7.86634459858,7.86634459858,7.14444629271,7.86634459891,7.86634459891,7.73354064158,7.04214254158,6.72476389344,7.86634459846,7.86634459846,7.86634459849,7.86634459886,7.86634459896,7.86634459895,7.86634459895,7.09267141704,7.55858706234,7.59149399076,7.866344598863,7.866344598863,7.86634459886,7.86634459886,6.03813764054,8.01068198624,7.69299318144,7.66366162804,8.17149744974,6.46805128684,8.17149744963,8.17149744963,8.17149744957,8.17149744957,8.17149744914,7.86267349972,8.15659915712,8.17149744972,8.17149744972,8.1714974499,6.89279690447,5.73278905572,5.05385498812,8.17149744944,7.7937764791,8.1714974494,8.17149744989,8.17149744989,7.47109583599,8.17149744979,8.17149744979,8.17149744959,8.17149744989,8.17149744989,8.17149744949,8.17149744984,8.1714974498,8.17149744983,8.17149744983,8.171497449741,8.171497449741,8.171497449841,7.36811684412,8.17149744977,8.17149744993,7.97293562943,8.17149744993,8.1714974499,8.1714974499,8.17149744983,8.17149744993,8.17149744995,8.17149744995,8.17149744997,8.17149744997,8.17149744994,8.171497449795,8.171497449795,8.171497449795,8.171497449795,8.17149744974,8.17149744984,8.17149744984,7.3623017874,7.35413130999,5.50476314724
"t70",5.65977827647,4.70833550157,3.90294562013,5.65977827607,2.95011736172,3.72920349612,3.77648503242,3.94727399867,3.94727399867,3.11368904797,2.94594056467,3.55717288422,1.65432755661,1.65432755661,0,0.62252319252,2.11430413665,2.11430413665,2.11430413664,2.11430413674,2.11430413674,2.11430413674,2.11430413664,1.7739851878,2.0314288456,4.54980764914,5.28152388346,2.83456906706,4.7675191838,4.7001755027,4.6704836094,3.75250497197,3.09553398617,7.37661973897,7.37661973867,7.37661973867,7.376619738934,7.376619738934,7.376619738634,7.376619738634,7.376619738694,7.376619738694,7.376619738674,6.905538817574,7.37661973867,7.37661973867,7.37661973867,7.37661973867,7.02973166167,5.42867441707,7.37661973874,6.82040809024,7.37661973825,7.37661973825,7.3766197383,7.3766197383,7.3766197383,7.3766197383,7.37661973824,7.37661973815,7.37661973815,7.37661973821,7.37661973821,6.65472143234,7.37661973854,7.37661973854,7.24381578121,6.55241768121,6.23503903307,7.37661973809,7.37661973809,7.37661973812,7.37661973849,7.37661973859,7.37661973858,7.37661973858,6.60294655667,7.06886220197,7.10176913039,7.376619738493,7.376619738493,7.37661973849,7.37661973849,5.54841278017,7.52095712587,7.20326832107,7.17393676767,7.68177258937,5.97832642647,7.68177258926,7.68177258926,7.6817725892,7.6817725892,7.68177258877,7.37294863935,7.66687429675,7.68177258935,7.68177258935,7.68177258953,6.4030720441,5.24306419535,4.56413012775,7.68177258907,7.30405161873,7.68177258903,7.68177258952,7.68177258952,6.98137097562,7.68177258942,7.68177258942,7.68177258922,7.68177258952,7.68177258952,7.68177258912,7.68177258947,7.68177258943,7.68177258946,7.68177258946,7.681772589371,7.681772589371,7.681772589471,6.87839198375,7.6817725894,7.68177258956,7.48321076906,7.68177258956,7.68177258953,7.68177258953,7.68177258946,7.68177258956,7.68177258958,7.68177258958,7.6817725896,7.6817725896,7.68177258957,7.681772589425,7.681772589425,7.681772589425,7.681772589425,7.68177258937,7.68177258947,7.68177258947,6.87257692703,6.86440644962,5.01503828687
"t71",6.14950313635,5.19806036145,4.39267048001,6.14950313595,3.4398422216,4.218928356,4.2662098923,4.43699885855,4.43699885855,3.60341390785,3.43566542455,4.0468977441,2.14405241649,2.14405241649,0.62252319252,0,2.60402899653,2.60402899653,2.60402899652,2.60402899662,2.60402899662,2.60402899662,2.60402899652,2.26371004768,2.52115370548,5.03953250902,5.77124874334,3.32429392694,5.25724404368,5.18990036258,5.16020846928,4.24222983185,3.58525884605,7.86634459885,7.86634459855,7.86634459855,7.866344598814,7.866344598814,7.866344598514,7.866344598514,7.866344598574,7.866344598574,7.866344598554,7.395263677454,7.86634459855,7.86634459855,7.86634459855,7.86634459855,7.51945652155,5.91839927695,7.86634459862,7.31013295012,7.86634459813,7.86634459813,7.86634459818,7.86634459818,7.86634459818,7.86634459818,7.86634459812,7.86634459803,7.86634459803,7.86634459809,7.86634459809,7.14444629222,7.86634459842,7.86634459842,7.73354064109,7.04214254109,6.72476389295,7.86634459797,7.86634459797,7.866344598,7.86634459837,7.86634459847,7.86634459846,7.86634459846,7.09267141655,7.55858706185,7.59149399027,7.866344598373,7.866344598373,7.86634459837,7.86634459837,6.03813764005,8.01068198575,7.69299318095,7.66366162755,8.17149744925,6.46805128635,8.17149744914,8.17149744914,8.17149744908,8.17149744908,8.17149744865,7.86267349923,8.15659915663,8.17149744923,8.17149744923,8.17149744941,6.89279690398,5.73278905523,5.05385498763,8.17149744895,7.79377647861,8.17149744891,8.1714974494,8.1714974494,7.4710958355,8.1714974493,8.1714974493,8.1714974491,8.1714974494,8.1714974494,8.171497449,8.17149744935,8.17149744931,8.17149744934,8.17149744934,8.171497449251,8.171497449251,8.171497449351,7.36811684363,8.17149744928,8.17149744944,7.97293562894,8.17149744944,8.17149744941,8.17149744941,8.17149744934,8.17149744944,8.17149744946,8.17149744946,8.17149744948,8.17149744948,8.17149744945,8.171497449305,8.171497449305,8.171497449305,8.171497449305,8.17149744925,8.17149744935,8.17149744935,7.36230178691,7.3541313095,5.50476314675
"t122",6.14950313628,5.19806036138,4.39267047994,6.14950313588,3.43984222153,4.21892835593,4.26620989223,4.43699885848,4.43699885848,3.60341390778,3.43566542448,4.04689774403,2.60402899702,2.60402899702,2.11430413665,2.60402899653,0,0.10188455482,1.02222740221,2.44591891311,2.44591891311,2.44591891311,2.44591891301,2.26371004761,2.52115370541,5.03953250895,5.77124874327,3.32429392687,5.25724404361,5.18990036251,5.16020846921,4.24222983178,3.58525884598,7.86634459878,7.86634459848,7.86634459848,7.866344598744,7.866344598744,7.866344598444,7.866344598444,7.866344598504,7.866344598504,7.866344598484,7.395263677384,7.86634459848,7.86634459848,7.86634459848,7.86634459848,7.51945652148,5.91839927688,7.86634459855,7.31013295005,7.86634459806,7.86634459806,7.86634459811,7.86634459811,7.86634459811,7.86634459811,7.86634459805,7.86634459796,7.86634459796,7.86634459802,7.86634459802,7.14444629215,7.86634459835,7.86634459835,7.73354064102,7.04214254102,6.72476389288,7.8663445979,7.8663445979,7.86634459793,7.8663445983,7.8663445984,7.86634459839,7.86634459839,7.09267141648,7.55858706178,7.5914939902,7.866344598303,7.866344598303,7.8663445983,7.8663445983,6.03813763998,8.01068198568,7.69299318088,7.66366162748,8.17149744918,6.46805128628,8.17149744907,8.17149744907,8.17149744901,8.17149744901,8.17149744858,7.86267349916,8.15659915656,8.17149744916,8.17149744916,8.17149744934,6.89279690391,5.73278905516,5.05385498756,8.17149744888,7.79377647854,8.17149744884,8.17149744933,8.17149744933,7.47109583543,8.17149744923,8.17149744923,8.17149744903,8.17149744933,8.17149744933,8.17149744893,8.17149744928,8.17149744924,8.17149744927,8.17149744927,8.171497449181,8.171497449181,8.171497449281,7.36811684356,8.17149744921,8.17149744937,7.97293562887,8.17149744937,8.17149744934,8.17149744934,8.17149744927,8.17149744937,8.17149744939,8.17149744939,8.17149744941,8.17149744941,8.17149744938,8.171497449235,8.171497449235,8.171497449235,8.171497449235,8.17149744918,8.17149744928,8.17149744928,7.36230178684,7.35413130943,5.50476314668
"t123",6.14950313628,5.19806036138,4.39267047994,6.14950313588,3.43984222153,4.21892835593,4.26620989223,4.43699885848,4.43699885848,3.60341390778,3.43566542448,4.04689774403,2.60402899702,2.60402899702,2.11430413665,2.60402899653,0.10188455482,0,1.02222740221,2.44591891311,2.44591891311,2.44591891311,2.44591891301,2.26371004761,2.52115370541,5.03953250895,5.77124874327,3.32429392687,5.25724404361,5.18990036251,5.16020846921,4.24222983178,3.58525884598,7.86634459878,7.86634459848,7.86634459848,7.866344598744,7.866344598744,7.866344598444,7.866344598444,7.866344598504,7.866344598504,7.866344598484,7.395263677384,7.86634459848,7.86634459848,7.86634459848,7.86634459848,7.51945652148,5.91839927688,7.86634459855,7.31013295005,7.86634459806,7.86634459806,7.86634459811,7.86634459811,7.86634459811,7.86634459811,7.86634459805,7.86634459796,7.86634459796,7.86634459802,7.86634459802,7.14444629215,7.86634459835,7.86634459835,7.73354064102,7.04214254102,6.72476389288,7.8663445979,7.8663445979,7.86634459793,7.8663445983,7.8663445984,7.86634459839,7.86634459839,7.09267141648,7.55858706178,7.5914939902,7.866344598303,7.866344598303,7.8663445983,7.8663445983,6.03813763998,8.01068198568,7.69299318088,7.66366162748,8.17149744918,6.46805128628,8.17149744907,8.17149744907,8.17149744901,8.17149744901,8.17149744858,7.86267349916,8.15659915656,8.17149744916,8.17149744916,8.17149744934,6.89279690391,5.73278905516,5.05385498756,8.17149744888,7.79377647854,8.17149744884,8.17149744933,8.17149744933,7.47109583543,8.17149744923,8.17149744923,8.17149744903,8.17149744933,8.17149744933,8.17149744893,8.17149744928,8.17149744924,8.17149744927,8.17149744927,8.171497449181,8.171497449181,8.171497449281,7.36811684356,8.17149744921,8.17149744937,7.97293562887,8.17149744937,8.17149744934,8.17149744934,8.17149744927,8.17149744937,8.17149744939,8.17149744939,8.17149744941,8.17149744941,8.17149744938,8.171497449235,8.171497449235,8.171497449235,8.171497449235,8.17149744918,8.17149744928,8.17149744928,7.36230178684,7.35413130943,5.50476314668
"t78",6.14950313627,5.19806036137,4.39267047993,6.14950313587,3.43984222152,4.21892835592,4.26620989222,4.43699885847,4.43699885847,3.60341390777,3.43566542447,4.04689774402,2.60402899701,2.60402899701,2.11430413664,2.60402899652,1.02222740221,1.02222740221,0,2.4459189131,2.4459189131,2.4459189131,2.445918913,2.2637100476,2.5211537054,5.03953250894,5.77124874326,3.32429392686,5.2572440436,5.1899003625,5.1602084692,4.24222983177,3.58525884597,7.86634459877,7.86634459847,7.86634459847,7.866344598734,7.866344598734,7.866344598434,7.866344598434,7.866344598494,7.866344598494,7.866344598474,7.395263677374,7.86634459847,7.86634459847,7.86634459847,7.86634459847,7.51945652147,5.91839927687,7.86634459854,7.31013295004,7.86634459805,7.86634459805,7.8663445981,7.8663445981,7.8663445981,7.8663445981,7.86634459804,7.86634459795,7.86634459795,7.86634459801,7.86634459801,7.14444629214,7.86634459834,7.86634459834,7.73354064101,7.04214254101,6.72476389287,7.86634459789,7.86634459789,7.86634459792,7.86634459829,7.86634459839,7.86634459838,7.86634459838,7.09267141647,7.55858706177,7.59149399019,7.866344598293,7.866344598293,7.86634459829,7.86634459829,6.03813763997,8.01068198567,7.69299318087,7.66366162747,8.17149744917,6.46805128627,8.17149744906,8.17149744906,8.171497449,8.171497449,8.17149744857,7.86267349915,8.15659915655,8.17149744915,8.17149744915,8.17149744933,6.8927969039,5.73278905515,5.05385498755,8.17149744887,7.79377647853,8.17149744883,8.17149744932,8.17149744932,7.47109583542,8.17149744922,8.17149744922,8.17149744902,8.17149744932,8.17149744932,8.17149744892,8.17149744927,8.17149744923,8.17149744926,8.17149744926,8.171497449171,8.171497449171,8.171497449271,7.36811684355,8.1714974492,8.17149744936,7.97293562886,8.17149744936,8.17149744933,8.17149744933,8.17149744926,8.17149744936,8.17149744938,8.17149744938,8.1714974494,8.1714974494,8.17149744937,8.171497449225,8.171497449225,8.171497449225,8.171497449225,8.17149744917,8.17149744927,8.17149744927,7.36230178683,7.35413130942,5.50476314667
