"","t4","t5","t81","t82","t20","t8","t95","t96","t47","t48","t67","t68","t43","t3","t7","t36","t37","t49","t50","t22","t29","t30","t13","t97","t98","t71","t72","t62","t63","t59","t60","t69","t70","t76","t77","t83","t84","t34","t35","t6","t24","t25","t38","t39","t55","t56","t46","t73","t93","t94","t26","t32","t33","t12","t85","t86","t19","t9","t57","t58","t23","t10","t11","t44","t45","t40","t41","t16","t21","t64","t89","t90","t42","t78","t79","t31","t61","t87","t88","t65","t66","t99","t100","t17","t2","t1","t14","t15","t53","t54","t18","t91","t92","t80","t51","t52","t74","t75","t27","t28"
"t4",0,4.061490056,5.46171043462,5.46171043462,5.4617104347,5.4617104354,5.46171043478,5.46171043478,5.4617104351,5.4617104351,5.4617104351,5.4617104351,5.4617104351,5.4617104346,5.4617104348,5.46171043506,5.46171043506,5.46171043506,5.46171043506,5.46171043506,5.46171043506,5.46171043506,5.46171043456,5.46171043537,5.46171043537,5.461710435,5.461710435,8.5451728107,8.5451728107,8.5451728108,8.5451728108,8.5451728106,8.5451728106,8.5451728105,8.5451728105,8.54517281057,8.54517281057,8.545172811,8.545172811,8.54517281091,8.54517281071,8.54517281071,8.54517281068,8.54517281068,8.54517281074,8.54517281074,8.54517281071,8.54517281091,8.5451728109,8.5451728109,8.54517281101,8.54517281091,8.54517281091,8.54517281101,8.54517281069,8.54517281069,8.54517281071,8.54517281041,8.54517281071,8.54517281071,8.54517281081,8.54517281104,8.54517281114,8.54517281074,8.54517281074,8.54517281071,8.54517281071,8.54517281111,8.54517281071,8.54517281071,8.54517281068,8.54517281068,8.54517281076,8.54517281066,8.54517281066,8.54517281077,8.54517281077,8.54517281082,8.54517281082,8.54517281081,8.54517281081,8.545172810898,8.545172810898,8.54517281116,8.5451728105,8.5451728108,8.54517281106,8.54517281106,8.54517281116,8.54517281116,8.54517281106,8.54517281108,8.54517281108,8.54517281108,8.5451728111,8.5451728111,8.5451728111,8.5451728111,8.5451728108,8.5451728108
"t5",4.061490056,0,5.46171043462,5.46171043462,5.4617104347,5.4617104354,5.46171043478,5.46171043478,5.4617104351,5.4617104351,5.4617104351,5.4617104351,5.4617104351,5.4617104346,5.4617104348,5.46171043506,5.46171043506,5.46171043506,5.46171043506,5.46171043506,5.46171043506,5.46171043506,5.46171043456,5.46171043537,5.46171043537,5.461710435,5.461710435,8.5451728107,8.5451728107,8.5451728108,8.5451728108,8.5451728106,8.5451728106,8.5451728105,8.5451728105,8.54517281057,8.54517281057,8.545172811,8.545172811,8.54517281091,8.54517281071,8.54517281071,8.54517281068,8.54517281068,8.54517281074,8.54517281074,8.54517281071,8.54517281091,8.5451728109,8.5451728109,8.54517281101,8.54517281091,8.54517281091,8.54517281101,8.54517281069,8.54517281069,8.54517281071,8.54517281041,8.54517281071,8.54517281071,8.54517281081,8.54517281104,8.54517281114,8.54517281074,8.54517281074,8.54517281071,8.54517281071,8.54517281111,8.54517281071,8.54517281071,8.54517281068,8.54517281068,8.54517281076,8.54517281066,8.54517281066,8.54517281077,8.54517281077,8.54517281082,8.54517281082,8.54517281081,8.54517281081,8.545172810898,8.545172810898,8.54517281116,8.5451728105,8.5451728108,8.54517281106,8.54517281106,8.54517281116,8.54517281116,8.54517281106,8.54517281108,8.54517281108,8.54517281108,8.5451728111,8.5451728111,8.5451728111,8.5451728111,8.5451728108,8.5451728108
"t81",5.46171043462,5.46171043462,0,0.14609333284,1.93552769772,4.50965200042,4.5096519998,4.5096519998,4.50965200012,4.50965200012,4.50965200012,4.50965200012,4.50965200012,5.10862065922,5.10862065942,5.10862065968,5.10862065968,5.10862065968,5.10862065968,5.10862065968,5.10862065968,5.10862065968,5.10862065918,5.10862065999,5.10862065999,5.10862065962,5.10862065962,8.54517281052,8.54517281052,8.54517281062,8.54517281062,8.54517281042,8.54517281042,8.54517281032,8.54517281032,8.54517281039,8.54517281039,8.54517281082,8.54517281082,8.54517281073,8.54517281053,8.54517281053,8.5451728105,8.5451728105,8.54517281056,8.54517281056,8.54517281053,8.54517281073,8.54517281072,8.54517281072,8.54517281083,8.54517281073,8.54517281073,8.54517281083,8.54517281051,8.54517281051,8.54517281053,8.54517281023,8.54517281053,8.54517281053,8.54517281063,8.54517281086,8.54517281096,8.54517281056,8.54517281056,8.54517281053,8.54517281053,8.54517281093,8.54517281053,8.54517281053,8.5451728105,8.5451728105,8.54517281058,8.54517281048,8.54517281048,8.54517281059,8.54517281059,8.54517281064,8.54517281064,8.54517281063,8.54517281063,8.545172810718,8.545172810718,8.54517281098,8.54517281032,8.54517281062,8.54517281088,8.54517281088,8.54517281098,8.54517281098,8.54517281088,8.5451728109,8.5451728109,8.5451728109,8.54517281092,8.54517281092,8.54517281092,8.54517281092,8.54517281062,8.54517281062
"t82",5.46171043462,5.46171043462,0.14609333284,0,1.93552769772,4.50965200042,4.5096519998,4.5096519998,4.50965200012,4.50965200012,4.50965200012,4.50965200012,4.50965200012,5.10862065922,5.10862065942,5.10862065968,5.10862065968,5.10862065968,5.10862065968,5.10862065968,5.10862065968,5.10862065968,5.10862065918,5.10862065999,5.10862065999,5.10862065962,5.10862065962,8.54517281052,8.54517281052,8.54517281062,8.54517281062,8.54517281042,8.54517281042,8.54517281032,8.54517281032,8.54517281039,8.54517281039,8.54517281082,8.54517281082,8.54517281073,8.54517281053,8.54517281053,8.5451728105,8.5451728105,8.54517281056,8.54517281056,8.54517281053,8.54517281073,8.54517281072,8.54517281072,8.54517281083,8.54517281073,8.54517281073,8.54517281083,8.54517281051,8.54517281051,8.54517281053,8.54517281023,8.54517281053,8.54517281053,8.54517281063,8.54517281086,8.54517281096,8.54517281056,8.54517281056,8.54517281053,8.54517281053,8.54517281093,8.54517281053,8.54517281053,8.5451728105,8.5451728105,8.54517281058,8.54517281048,8.54517281048,8.54517281059,8.54517281059,8.54517281064,8.54517281064,8.54517281063,8.54517281063,8.545172810718,8.545172810718,8.54517281098,8.54517281032,8.54517281062,8.54517281088,8.54517281088,8.54517281098,8.54517281098,8.54517281088,8.5451728109,8.5451728109,8.5451728109,8.54517281092,8.54517281092,8.54517281092,8.54517281092,8.54517281062,8.54517281062
"t20",5.4617104347,5.4617104347,1.93552769772,1.93552769772,0,4.5096520005,4.50965199988,4.50965199988,4.5096520002,4.5096520002,4.5096520002,4.5096520002,4.5096520002,5.1086206593,5.1086206595,5.10862065976,5.10862065976,5.10862065976,5.10862065976,5.10862065976,5.10862065976,5.10862065976,5.10862065926,5.10862066007,5.10862066007,5.1086206597,5.1086206597,8.5451728106,8.5451728106,8.5451728107,8.5451728107,8.5451728105,8.5451728105,8.5451728104,8.5451728104,8.54517281047,8.54517281047,8.5451728109,8.5451728109,8.54517281081,8.54517281061,8.54517281061,8.54517281058,8.54517281058,8.54517281064,8.54517281064,8.54517281061,8.54517281081,8.5451728108,8.5451728108,8.54517281091,8.54517281081,8.54517281081,8.54517281091,8.54517281059,8.54517281059,8.54517281061,8.54517281031,8.54517281061,8.54517281061,8.54517281071,8.54517281094,8.54517281104,8.54517281064,8.54517281064,8.54517281061,8.54517281061,8.54517281101,8.54517281061,8.54517281061,8.54517281058,8.54517281058,8.54517281066,8.54517281056,8.54517281056,8.54517281067,8.54517281067,8.54517281072,8.54517281072,8.54517281071,8.54517281071,8.545172810798,8.545172810798,8.54517281106,8.5451728104,8.5451728107,8.54517281096,8.54517281096,8.54517281106,8.54517281106,8.54517281096,8.54517281098,8.54517281098,8.54517281098,8.545172811,8.545172811,8.545172811,8.545172811,8.5451728107,8.5451728107
"t8",5.4617104354,5.4617104354,4.50965200042,4.50965200042,4.5096520005,0,3.46540298538,3.46540298538,3.4654029857,3.4654029857,3.4654029857,3.4654029857,3.4654029857,5.10862066,5.1086206602,5.10862066046,5.10862066046,5.10862066046,5.10862066046,5.10862066046,5.10862066046,5.10862066046,5.10862065996,5.10862066077,5.10862066077,5.1086206604,5.1086206604,8.5451728113,8.5451728113,8.5451728114,8.5451728114,8.5451728112,8.5451728112,8.5451728111,8.5451728111,8.54517281117,8.54517281117,8.5451728116,8.5451728116,8.54517281151,8.54517281131,8.54517281131,8.54517281128,8.54517281128,8.54517281134,8.54517281134,8.54517281131,8.54517281151,8.5451728115,8.5451728115,8.54517281161,8.54517281151,8.54517281151,8.54517281161,8.54517281129,8.54517281129,8.54517281131,8.54517281101,8.54517281131,8.54517281131,8.54517281141,8.54517281164,8.54517281174,8.54517281134,8.54517281134,8.54517281131,8.54517281131,8.54517281171,8.54517281131,8.54517281131,8.54517281128,8.54517281128,8.54517281136,8.54517281126,8.54517281126,8.54517281137,8.54517281137,8.54517281142,8.54517281142,8.54517281141,8.54517281141,8.545172811498,8.545172811498,8.54517281176,8.5451728111,8.5451728114,8.54517281166,8.54517281166,8.54517281176,8.54517281176,8.54517281166,8.54517281168,8.54517281168,8.54517281168,8.5451728117,8.5451728117,8.5451728117,8.5451728117,8.5451728114,8.5451728114
"t95",5.46171043478,5.46171043478,4.5096519998,4.5096519998,4.50965199988,3.46540298538,0,0.04245336496,2.92685864528,2.92685864528,2.92685864528,2.92685864528,2.92685864528,5.10862065938,5.10862065958,5.10862065984,5.10862065984,5.10862065984,5.10862065984,5.10862065984,5.10862065984,5.10862065984,5.10862065934,5.10862066015,5.10862066015,5.10862065978,5.10862065978,8.54517281068,8.54517281068,8.54517281078,8.54517281078,8.54517281058,8.54517281058,8.54517281048,8.54517281048,8.54517281055,8.54517281055,8.54517281098,8.54517281098,8.54517281089,8.54517281069,8.54517281069,8.54517281066,8.54517281066,8.54517281072,8.54517281072,8.54517281069,8.54517281089,8.54517281088,8.54517281088,8.54517281099,8.54517281089,8.54517281089,8.54517281099,8.54517281067,8.54517281067,8.54517281069,8.54517281039,8.54517281069,8.54517281069,8.54517281079,8.54517281102,8.54517281112,8.54517281072,8.54517281072,8.54517281069,8.54517281069,8.54517281109,8.54517281069,8.54517281069,8.54517281066,8.54517281066,8.54517281074,8.54517281064,8.54517281064,8.54517281075,8.54517281075,8.5451728108,8.5451728108,8.54517281079,8.54517281079,8.545172810878,8.545172810878,8.54517281114,8.54517281048,8.54517281078,8.54517281104,8.54517281104,8.54517281114,8.54517281114,8.54517281104,8.54517281106,8.54517281106,8.54517281106,8.54517281108,8.54517281108,8.54517281108,8.54517281108,8.54517281078,8.54517281078
"t96",5.46171043478,5.46171043478,4.5096519998,4.5096519998,4.50965199988,3.46540298538,0.04245336496,0,2.92685864528,2.92685864528,2.92685864528,2.92685864528,2.92685864528,5.10862065938,5.10862065958,5.10862065984,5.10862065984,5.10862065984,5.10862065984,5.10862065984,5.10862065984,5.10862065984,5.10862065934,5.10862066015,5.10862066015,5.10862065978,5.10862065978,8.54517281068,8.54517281068,8.54517281078,8.54517281078,8.54517281058,8.54517281058,8.54517281048,8.54517281048,8.54517281055,8.54517281055,8.54517281098,8.54517281098,8.54517281089,8.54517281069,8.54517281069,8.54517281066,8.54517281066,8.54517281072,8.54517281072,8.54517281069,8.54517281089,8.54517281088,8.54517281088,8.54517281099,8.54517281089,8.54517281089,8.54517281099,8.54517281067,8.54517281067,8.54517281069,8.54517281039,8.54517281069,8.54517281069,8.54517281079,8.54517281102,8.54517281112,8.54517281072,8.54517281072,8.54517281069,8.54517281069,8.54517281109,8.54517281069,8.54517281069,8.54517281066,8.54517281066,8.54517281074,8.54517281064,8.54517281064,8.54517281075,8.54517281075,8.5451728108,8.5451728108,8.54517281079,8.54517281079,8.545172810878,8.545172810878,8.54517281114,8.54517281048,8.54517281078,8.54517281104,8.54517281104,8.54517281114,8.54517281114,8.54517281104,8.54517281106,8.54517281106,8.54517281106,8.54517281108,8.54517281108,8.54517281108,8.54517281108,8.54517281078,8.54517281078
"t47",5.4617104351,5.4617104351,4.50965200012,4.50965200012,4.5096520002,3.4654029857,2.92685864528,2.92685864528,0,0.594652166,1.519023062,1.519023062,1.519023062,5.1086206597,5.1086206599,5.10862066016,5.10862066016,5.10862066016,5.10862066016,5.10862066016,5.10862066016,5.10862066016,5.10862065966,5.10862066047,5.10862066047,5.1086206601,5.1086206601,8.545172811,8.545172811,8.5451728111,8.5451728111,8.5451728109,8.5451728109,8.5451728108,8.5451728108,8.54517281087,8.54517281087,8.5451728113,8.5451728113,8.54517281121,8.54517281101,8.54517281101,8.54517281098,8.54517281098,8.54517281104,8.54517281104,8.54517281101,8.54517281121,8.5451728112,8.5451728112,8.54517281131,8.54517281121,8.54517281121,8.54517281131,8.54517281099,8.54517281099,8.54517281101,8.54517281071,8.54517281101,8.54517281101,8.54517281111,8.54517281134,8.54517281144,8.54517281104,8.54517281104,8.54517281101,8.54517281101,8.54517281141,8.54517281101,8.54517281101,8.54517281098,8.54517281098,8.54517281106,8.54517281096,8.54517281096,8.54517281107,8.54517281107,8.54517281112,8.54517281112,8.54517281111,8.54517281111,8.545172811198,8.545172811198,8.54517281146,8.5451728108,8.5451728111,8.54517281136,8.54517281136,8.54517281146,8.54517281146,8.54517281136,8.54517281138,8.54517281138,8.54517281138,8.5451728114,8.5451728114,8.5451728114,8.5451728114,8.5451728111,8.5451728111
"t48",5.4617104351,5.4617104351,4.50965200012,4.50965200012,4.5096520002,3.4654029857,2.92685864528,2.92685864528,0.594652166,0,1.519023062,1.519023062,1.519023062,5.1086206597,5.1086206599,5.10862066016,5.10862066016,5.10862066016,5.10862066016,5.10862066016,5.10862066016,5.10862066016,5.10862065966,5.10862066047,5.10862066047,5.1086206601,5.1086206601,8.545172811,8.545172811,8.5451728111,8.5451728111,8.5451728109,8.5451728109,8.5451728108,8.5451728108,8.54517281087,8.54517281087,8.5451728113,8.5451728113,8.54517281121,8.54517281101,8.54517281101,8.54517281098,8.54517281098,8.54517281104,8.54517281104,8.54517281101,8.54517281121,8.5451728112,8.5451728112,8.54517281131,8.54517281121,8.54517281121,8.54517281131,8.54517281099,8.54517281099,8.54517281101,8.54517281071,8.54517281101,8.54517281101,8.54517281111,8.54517281134,8.54517281144,8.54517281104,8.54517281104,8.54517281101,8.54517281101,8.54517281141,8.54517281101,8.54517281101,8.54517281098,8.54517281098,8.54517281106,8.54517281096,8.54517281096,8.54517281107,8.54517281107,8.54517281112,8.54517281112,8.54517281111,8.54517281111,8.545172811198,8.545172811198,8.54517281146,8.5451728108,8.5451728111,8.54517281136,8.54517281136,8.54517281146,8.54517281146,8.54517281136,8.54517281138,8.54517281138,8.54517281138,8.5451728114,8.5451728114,8.5451728114,8.5451728114,8.5451728111,8.5451728111
"t67",5.4617104351,5.4617104351,4.50965200012,4.50965200012,4.5096520002,3.4654029857,2.92685864528,2.92685864528,1.519023062,1.519023062,0,0.3668183442,0.680527244,5.1086206597,5.1086206599,5.10862066016,5.10862066016,5.10862066016,5.10862066016,5.10862066016,5.10862066016,5.10862066016,5.10862065966,5.10862066047,5.10862066047,5.1086206601,5.1086206601,8.545172811,8.545172811,8.5451728111,8.5451728111,8.5451728109,8.5451728109,8.5451728108,8.5451728108,8.54517281087,8.54517281087,8.5451728113,8.5451728113,8.54517281121,8.54517281101,8.54517281101,8.54517281098,8.54517281098,8.54517281104,8.54517281104,8.54517281101,8.54517281121,8.5451728112,8.5451728112,8.54517281131,8.54517281121,8.54517281121,8.54517281131,8.54517281099,8.54517281099,8.54517281101,8.54517281071,8.54517281101,8.54517281101,8.54517281111,8.54517281134,8.54517281144,8.54517281104,8.54517281104,8.54517281101,8.54517281101,8.54517281141,8.54517281101,8.54517281101,8.54517281098,8.54517281098,8.54517281106,8.54517281096,8.54517281096,8.54517281107,8.54517281107,8.54517281112,8.54517281112,8.54517281111,8.54517281111,8.545172811198,8.545172811198,8.54517281146,8.5451728108,8.5451728111,8.54517281136,8.54517281136,8.54517281146,8.54517281146,8.54517281136,8.54517281138,8.54517281138,8.54517281138,8.5451728114,8.5451728114,8.5451728114,8.5451728114,8.5451728111,8.5451728111
"t68",5.4617104351,5.4617104351,4.50965200012,4.50965200012,4.5096520002,3.4654029857,2.92685864528,2.92685864528,1.519023062,1.519023062,0.3668183442,0,0.680527244,5.1086206597,5.1086206599,5.10862066016,5.10862066016,5.10862066016,5.10862066016,5.10862066016,5.10862066016,5.10862066016,5.10862065966,5.10862066047,5.10862066047,5.1086206601,5.1086206601,8.545172811,8.545172811,8.5451728111,8.5451728111,8.5451728109,8.5451728109,8.5451728108,8.5451728108,8.54517281087,8.54517281087,8.5451728113,8.5451728113,8.54517281121,8.54517281101,8.54517281101,8.54517281098,8.54517281098,8.54517281104,8.54517281104,8.54517281101,8.54517281121,8.5451728112,8.5451728112,8.54517281131,8.54517281121,8.54517281121,8.54517281131,8.54517281099,8.54517281099,8.54517281101,8.54517281071,8.54517281101,8.54517281101,8.54517281111,8.54517281134,8.54517281144,8.54517281104,8.54517281104,8.54517281101,8.54517281101,8.54517281141,8.54517281101,8.54517281101,8.54517281098,8.54517281098,8.54517281106,8.54517281096,8.54517281096,8.54517281107,8.54517281107,8.54517281112,8.54517281112,8.54517281111,8.54517281111,8.545172811198,8.545172811198,8.54517281146,8.5451728108,8.5451728111,8.54517281136,8.54517281136,8.54517281146,8.54517281146,8.54517281136,8.54517281138,8.54517281138,8.54517281138,8.5451728114,8.5451728114,8.5451728114,8.5451728114,8.5451728111,8.5451728111
"t43",5.4617104351,5.4617104351,4.50965200012,4.50965200012,4.5096520002,3.4654029857,2.92685864528,2.92685864528,1.519023062,1.519023062,0.680527244,0.680527244,0,5.1086206597,5.1086206599,5.10862066016,5.10862066016,5.10862066016,5.10862066016,5.10862066016,5.10862066016,5.10862066016,5.10862065966,5.10862066047,5.10862066047,5.1086206601,5.1086206601,8.545172811,8.545172811,8.5451728111,8.5451728111,8.5451728109,8.5451728109,8.5451728108,8.5451728108,8.54517281087,8.54517281087,8.5451728113,8.5451728113,8.54517281121,8.54517281101,8.54517281101,8.54517281098,8.54517281098,8.54517281104,8.54517281104,8.54517281101,8.54517281121,8.5451728112,8.5451728112,8.54517281131,8.54517281121,8.54517281121,8.54517281131,8.54517281099,8.54517281099,8.54517281101,8.54517281071,8.54517281101,8.54517281101,8.54517281111,8.54517281134,8.54517281144,8.54517281104,8.54517281104,8.54517281101,8.54517281101,8.54517281141,8.54517281101,8.54517281101,8.54517281098,8.54517281098,8.54517281106,8.54517281096,8.54517281096,8.54517281107,8.54517281107,8.54517281112,8.54517281112,8.54517281111,8.54517281111,8.545172811198,8.545172811198,8.54517281146,8.5451728108,8.5451728111,8.54517281136,8.54517281136,8.54517281146,8.54517281146,8.54517281136,8.54517281138,8.54517281138,8.54517281138,8.5451728114,8.5451728114,8.5451728114,8.5451728114,8.5451728111,8.5451728111
"t3",5.4617104346,5.4617104346,5.10862065922,5.10862065922,5.1086206593,5.10862066,5.10862065938,5.10862065938,5.1086206597,5.1086206597,5.1086206597,5.1086206597,5.1086206597,0,4.0770092962,4.07700929646,4.07700929646,4.07700929646,4.07700929646,4.07700929646,4.07700929646,4.07700929646,4.07700929596,4.07700929677,4.07700929677,4.400241816,4.400241816,8.5451728105,8.5451728105,8.5451728106,8.5451728106,8.5451728104,8.5451728104,8.5451728103,8.5451728103,8.54517281037,8.54517281037,8.5451728108,8.5451728108,8.54517281071,8.54517281051,8.54517281051,8.54517281048,8.54517281048,8.54517281054,8.54517281054,8.54517281051,8.54517281071,8.5451728107,8.5451728107,8.54517281081,8.54517281071,8.54517281071,8.54517281081,8.54517281049,8.54517281049,8.54517281051,8.54517281021,8.54517281051,8.54517281051,8.54517281061,8.54517281084,8.54517281094,8.54517281054,8.54517281054,8.54517281051,8.54517281051,8.54517281091,8.54517281051,8.54517281051,8.54517281048,8.54517281048,8.54517281056,8.54517281046,8.54517281046,8.54517281057,8.54517281057,8.54517281062,8.54517281062,8.54517281061,8.54517281061,8.545172810698,8.545172810698,8.54517281096,8.5451728103,8.5451728106,8.54517281086,8.54517281086,8.54517281096,8.54517281096,8.54517281086,8.54517281088,8.54517281088,8.54517281088,8.5451728109,8.5451728109,8.5451728109,8.5451728109,8.5451728106,8.5451728106
"t7",5.4617104348,5.4617104348,5.10862065942,5.10862065942,5.1086206595,5.1086206602,5.10862065958,5.10862065958,5.1086206599,5.1086206599,5.1086206599,5.1086206599,5.1086206599,4.0770092962,0,3.47928779226,3.47928779226,3.47928779226,3.47928779226,3.47928779226,3.47928779226,3.47928779226,3.47928779176,3.47928779257,3.47928779257,4.4002418162,4.4002418162,8.5451728107,8.5451728107,8.5451728108,8.5451728108,8.5451728106,8.5451728106,8.5451728105,8.5451728105,8.54517281057,8.54517281057,8.545172811,8.545172811,8.54517281091,8.54517281071,8.54517281071,8.54517281068,8.54517281068,8.54517281074,8.54517281074,8.54517281071,8.54517281091,8.5451728109,8.5451728109,8.54517281101,8.54517281091,8.54517281091,8.54517281101,8.54517281069,8.54517281069,8.54517281071,8.54517281041,8.54517281071,8.54517281071,8.54517281081,8.54517281104,8.54517281114,8.54517281074,8.54517281074,8.54517281071,8.54517281071,8.54517281111,8.54517281071,8.54517281071,8.54517281068,8.54517281068,8.54517281076,8.54517281066,8.54517281066,8.54517281077,8.54517281077,8.54517281082,8.54517281082,8.54517281081,8.54517281081,8.545172810898,8.545172810898,8.54517281116,8.5451728105,8.5451728108,8.54517281106,8.54517281106,8.54517281116,8.54517281116,8.54517281106,8.54517281108,8.54517281108,8.54517281108,8.5451728111,8.5451728111,8.5451728111,8.5451728111,8.5451728108,8.5451728108
"t36",5.46171043506,5.46171043506,5.10862065968,5.10862065968,5.10862065976,5.10862066046,5.10862065984,5.10862065984,5.10862066016,5.10862066016,5.10862066016,5.10862066016,5.10862066016,4.07700929646,3.47928779226,0,0.8566180436,1.6947891942,1.6947891942,3.3818114488,3.3818114488,3.3818114488,3.3818114483,3.38181144911,3.38181144911,4.40024181646,4.40024181646,8.54517281096,8.54517281096,8.54517281106,8.54517281106,8.54517281086,8.54517281086,8.54517281076,8.54517281076,8.54517281083,8.54517281083,8.54517281126,8.54517281126,8.54517281117,8.54517281097,8.54517281097,8.54517281094,8.54517281094,8.545172811,8.545172811,8.54517281097,8.54517281117,8.54517281116,8.54517281116,8.54517281127,8.54517281117,8.54517281117,8.54517281127,8.54517281095,8.54517281095,8.54517281097,8.54517281067,8.54517281097,8.54517281097,8.54517281107,8.5451728113,8.5451728114,8.545172811,8.545172811,8.54517281097,8.54517281097,8.54517281137,8.54517281097,8.54517281097,8.54517281094,8.54517281094,8.54517281102,8.54517281092,8.54517281092,8.54517281103,8.54517281103,8.54517281108,8.54517281108,8.54517281107,8.54517281107,8.545172811158,8.545172811158,8.54517281142,8.54517281076,8.54517281106,8.54517281132,8.54517281132,8.54517281142,8.54517281142,8.54517281132,8.54517281134,8.54517281134,8.54517281134,8.54517281136,8.54517281136,8.54517281136,8.54517281136,8.54517281106,8.54517281106
"t37",5.46171043506,5.46171043506,5.10862065968,5.10862065968,5.10862065976,5.10862066046,5.10862065984,5.10862065984,5.10862066016,5.10862066016,5.10862066016,5.10862066016,5.10862066016,4.07700929646,3.47928779226,0.8566180436,0,1.6947891942,1.6947891942,3.3818114488,3.3818114488,3.3818114488,3.3818114483,3.38181144911,3.38181144911,4.40024181646,4.40024181646,8.54517281096,8.54517281096,8.54517281106,8.54517281106,8.54517281086,8.54517281086,8.54517281076,8.54517281076,8.54517281083,8.54517281083,8.54517281126,8.54517281126,8.54517281117,8.54517281097,8.54517281097,8.54517281094,8.54517281094,8.545172811,8.545172811,8.54517281097,8.54517281117,8.54517281116,8.54517281116,8.54517281127,8.54517281117,8.54517281117,8.54517281127,8.54517281095,8.54517281095,8.54517281097,8.54517281067,8.54517281097,8.54517281097,8.54517281107,8.5451728113,8.5451728114,8.545172811,8.545172811,8.54517281097,8.54517281097,8.54517281137,8.54517281097,8.54517281097,8.54517281094,8.54517281094,8.54517281102,8.54517281092,8.54517281092,8.54517281103,8.54517281103,8.54517281108,8.54517281108,8.54517281107,8.54517281107,8.545172811158,8.545172811158,8.54517281142,8.54517281076,8.54517281106,8.54517281132,8.54517281132,8.54517281142,8.54517281142,8.54517281132,8.54517281134,8.54517281134,8.54517281134,8.54517281136,8.54517281136,8.54517281136,8.54517281136,8.54517281106,8.54517281106
"t49",5.46171043506,5.46171043506,5.10862065968,5.10862065968,5.10862065976,5.10862066046,5.10862065984,5.10862065984,5.10862066016,5.10862066016,5.10862066016,5.10862066016,5.10862066016,4.07700929646,3.47928779226,1.6947891942,1.6947891942,0,0.5942472378,3.3818114488,3.3818114488,3.3818114488,3.3818114483,3.38181144911,3.38181144911,4.40024181646,4.40024181646,8.54517281096,8.54517281096,8.54517281106,8.54517281106,8.54517281086,8.54517281086,8.54517281076,8.54517281076,8.54517281083,8.54517281083,8.54517281126,8.54517281126,8.54517281117,8.54517281097,8.54517281097,8.54517281094,8.54517281094,8.545172811,8.545172811,8.54517281097,8.54517281117,8.54517281116,8.54517281116,8.54517281127,8.54517281117,8.54517281117,8.54517281127,8.54517281095,8.54517281095,8.54517281097,8.54517281067,8.54517281097,8.54517281097,8.54517281107,8.5451728113,8.5451728114,8.545172811,8.545172811,8.54517281097,8.54517281097,8.54517281137,8.54517281097,8.54517281097,8.54517281094,8.54517281094,8.54517281102,8.54517281092,8.54517281092,8.54517281103,8.54517281103,8.54517281108,8.54517281108,8.54517281107,8.54517281107,8.545172811158,8.545172811158,8.54517281142,8.54517281076,8.54517281106,8.54517281132,8.54517281132,8.54517281142,8.54517281142,8.54517281132,8.54517281134,8.54517281134,8.54517281134,8.54517281136,8.54517281136,8.54517281136,8.54517281136,8.54517281106,8.54517281106
"t50",5.46171043506,5.46171043506,5.10862065968,5.10862065968,5.10862065976,5.10862066046,5.10862065984,5.10862065984,5.10862066016,5.10862066016,5.10862066016,5.10862066016,5.10862066016,4.07700929646,3.47928779226,1.6947891942,1.6947891942,0.5942472378,0,3.3818114488,3.3818114488,3.3818114488,3.3818114483,3.38181144911,3.38181144911,4.40024181646,4.40024181646,8.54517281096,8.54517281096,8.54517281106,8.54517281106,8.54517281086,8.54517281086,8.54517281076,8.54517281076,8.54517281083,8.54517281083,8.54517281126,8.54517281126,8.54517281117,8.54517281097,8.54517281097,8.54517281094,8.54517281094,8.545172811,8.545172811,8.54517281097,8.54517281117,8.54517281116,8.54517281116,8.54517281127,8.54517281117,8.54517281117,8.54517281127,8.54517281095,8.54517281095,8.54517281097,8.54517281067,8.54517281097,8.54517281097,8.54517281107,8.5451728113,8.5451728114,8.545172811,8.545172811,8.54517281097,8.54517281097,8.54517281137,8.54517281097,8.54517281097,8.54517281094,8.54517281094,8.54517281102,8.54517281092,8.54517281092,8.54517281103,8.54517281103,8.54517281108,8.54517281108,8.54517281107,8.54517281107,8.545172811158,8.545172811158,8.54517281142,8.54517281076,8.54517281106,8.54517281132,8.54517281132,8.54517281142,8.54517281142,8.54517281132,8.54517281134,8.54517281134,8.54517281134,8.54517281136,8.54517281136,8.54517281136,8.54517281136,8.54517281106,8.54517281106
"t22",5.46171043506,5.46171043506,5.10862065968,5.10862065968,5.10862065976,5.10862066046,5.10862065984,5.10862065984,5.10862066016,5.10862066016,5.10862066016,5.10862066016,5.10862066016,4.07700929646,3.47928779226,3.3818114488,3.3818114488,3.3818114488,3.3818114488,0,1.8534549198,1.8534549198,2.3786253647,2.37862536551,2.37862536551,4.40024181646,4.40024181646,8.54517281096,8.54517281096,8.54517281106,8.54517281106,8.54517281086,8.54517281086,8.54517281076,8.54517281076,8.54517281083,8.54517281083,8.54517281126,8.54517281126,8.54517281117,8.54517281097,8.54517281097,8.54517281094,8.54517281094,8.545172811,8.545172811,8.54517281097,8.54517281117,8.54517281116,8.54517281116,8.54517281127,8.54517281117,8.54517281117,8.54517281127,8.54517281095,8.54517281095,8.54517281097,8.54517281067,8.54517281097,8.54517281097,8.54517281107,8.5451728113,8.5451728114,8.545172811,8.545172811,8.54517281097,8.54517281097,8.54517281137,8.54517281097,8.54517281097,8.54517281094,8.54517281094,8.54517281102,8.54517281092,8.54517281092,8.54517281103,8.54517281103,8.54517281108,8.54517281108,8.54517281107,8.54517281107,8.545172811158,8.545172811158,8.54517281142,8.54517281076,8.54517281106,8.54517281132,8.54517281132,8.54517281142,8.54517281142,8.54517281132,8.54517281134,8.54517281134,8.54517281134,8.54517281136,8.54517281136,8.54517281136,8.54517281136,8.54517281106,8.54517281106
"t29",5.46171043506,5.46171043506,5.10862065968,5.10862065968,5.10862065976,5.10862066046,5.10862065984,5.10862065984,5.10862066016,5.10862066016,5.10862066016,5.10862066016,5.10862066016,4.07700929646,3.47928779226,3.3818114488,3.3818114488,3.3818114488,3.3818114488,1.8534549198,0,1.3316450796,2.3786253647,2.37862536551,2.37862536551,4.40024181646,4.40024181646,8.54517281096,8.54517281096,8.54517281106,8.54517281106,8.54517281086,8.54517281086,8.54517281076,8.54517281076,8.54517281083,8.54517281083,8.54517281126,8.54517281126,8.54517281117,8.54517281097,8.54517281097,8.54517281094,8.54517281094,8.545172811,8.545172811,8.54517281097,8.54517281117,8.54517281116,8.54517281116,8.54517281127,8.54517281117,8.54517281117,8.54517281127,8.54517281095,8.54517281095,8.54517281097,8.54517281067,8.54517281097,8.54517281097,8.54517281107,8.5451728113,8.5451728114,8.545172811,8.545172811,8.54517281097,8.54517281097,8.54517281137,8.54517281097,8.54517281097,8.54517281094,8.54517281094,8.54517281102,8.54517281092,8.54517281092,8.54517281103,8.54517281103,8.54517281108,8.54517281108,8.54517281107,8.54517281107,8.545172811158,8.545172811158,8.54517281142,8.54517281076,8.54517281106,8.54517281132,8.54517281132,8.54517281142,8.54517281142,8.54517281132,8.54517281134,8.54517281134,8.54517281134,8.54517281136,8.54517281136,8.54517281136,8.54517281136,8.54517281106,8.54517281106
"t30",5.46171043506,5.46171043506,5.10862065968,5.10862065968,5.10862065976,5.10862066046,5.10862065984,5.10862065984,5.10862066016,5.10862066016,5.10862066016,5.10862066016,5.10862066016,4.07700929646,3.47928779226,3.3818114488,3.3818114488,3.3818114488,3.3818114488,1.8534549198,1.3316450796,0,2.3786253647,2.37862536551,2.37862536551,4.40024181646,4.40024181646,8.54517281096,8.54517281096,8.54517281106,8.54517281106,8.54517281086,8.54517281086,8.54517281076,8.54517281076,8.54517281083,8.54517281083,8.54517281126,8.54517281126,8.54517281117,8.54517281097,8.54517281097,8.54517281094,8.54517281094,8.545172811,8.545172811,8.54517281097,8.54517281117,8.54517281116,8.54517281116,8.54517281127,8.54517281117,8.54517281117,8.54517281127,8.54517281095,8.54517281095,8.54517281097,8.54517281067,8.54517281097,8.54517281097,8.54517281107,8.5451728113,8.5451728114,8.545172811,8.545172811,8.54517281097,8.54517281097,8.54517281137,8.54517281097,8.54517281097,8.54517281094,8.54517281094,8.54517281102,8.54517281092,8.54517281092,8.54517281103,8.54517281103,8.54517281108,8.54517281108,8.54517281107,8.54517281107,8.545172811158,8.545172811158,8.54517281142,8.54517281076,8.54517281106,8.54517281132,8.54517281132,8.54517281142,8.54517281142,8.54517281132,8.54517281134,8.54517281134,8.54517281134,8.54517281136,8.54517281136,8.54517281136,8.54517281136,8.54517281106,8.54517281106
"t13",5.46171043456,5.46171043456,5.10862065918,5.10862065918,5.10862065926,5.10862065996,5.10862065934,5.10862065934,5.10862065966,5.10862065966,5.10862065966,5.10862065966,5.10862065966,4.07700929596,3.47928779176,3.3818114483,3.3818114483,3.3818114483,3.3818114483,2.3786253647,2.3786253647,2.3786253647,0,2.17825546081,2.17825546081,4.40024181596,4.40024181596,8.54517281046,8.54517281046,8.54517281056,8.54517281056,8.54517281036,8.54517281036,8.54517281026,8.54517281026,8.54517281033,8.54517281033,8.54517281076,8.54517281076,8.54517281067,8.54517281047,8.54517281047,8.54517281044,8.54517281044,8.5451728105,8.5451728105,8.54517281047,8.54517281067,8.54517281066,8.54517281066,8.54517281077,8.54517281067,8.54517281067,8.54517281077,8.54517281045,8.54517281045,8.54517281047,8.54517281017,8.54517281047,8.54517281047,8.54517281057,8.5451728108,8.5451728109,8.5451728105,8.5451728105,8.54517281047,8.54517281047,8.54517281087,8.54517281047,8.54517281047,8.54517281044,8.54517281044,8.54517281052,8.54517281042,8.54517281042,8.54517281053,8.54517281053,8.54517281058,8.54517281058,8.54517281057,8.54517281057,8.545172810658,8.545172810658,8.54517281092,8.54517281026,8.54517281056,8.54517281082,8.54517281082,8.54517281092,8.54517281092,8.54517281082,8.54517281084,8.54517281084,8.54517281084,8.54517281086,8.54517281086,8.54517281086,8.54517281086,8.54517281056,8.54517281056
"t97",5.46171043537,5.46171043537,5.10862065999,5.10862065999,5.10862066007,5.10862066077,5.10862066015,5.10862066015,5.10862066047,5.10862066047,5.10862066047,5.10862066047,5.10862066047,4.07700929677,3.47928779257,3.38181144911,3.38181144911,3.38181144911,3.38181144911,2.37862536551,2.37862536551,2.37862536551,2.17825546081,0,0.03511207762,4.40024181677,4.40024181677,8.54517281127,8.54517281127,8.54517281137,8.54517281137,8.54517281117,8.54517281117,8.54517281107,8.54517281107,8.54517281114,8.54517281114,8.54517281157,8.54517281157,8.54517281148,8.54517281128,8.54517281128,8.54517281125,8.54517281125,8.54517281131,8.54517281131,8.54517281128,8.54517281148,8.54517281147,8.54517281147,8.54517281158,8.54517281148,8.54517281148,8.54517281158,8.54517281126,8.54517281126,8.54517281128,8.54517281098,8.54517281128,8.54517281128,8.54517281138,8.54517281161,8.54517281171,8.54517281131,8.54517281131,8.54517281128,8.54517281128,8.54517281168,8.54517281128,8.54517281128,8.54517281125,8.54517281125,8.54517281133,8.54517281123,8.54517281123,8.54517281134,8.54517281134,8.54517281139,8.54517281139,8.54517281138,8.54517281138,8.545172811468,8.545172811468,8.54517281173,8.54517281107,8.54517281137,8.54517281163,8.54517281163,8.54517281173,8.54517281173,8.54517281163,8.54517281165,8.54517281165,8.54517281165,8.54517281167,8.54517281167,8.54517281167,8.54517281167,8.54517281137,8.54517281137
"t98",5.46171043537,5.46171043537,5.10862065999,5.10862065999,5.10862066007,5.10862066077,5.10862066015,5.10862066015,5.10862066047,5.10862066047,5.10862066047,5.10862066047,5.10862066047,4.07700929677,3.47928779257,3.38181144911,3.38181144911,3.38181144911,3.38181144911,2.37862536551,2.37862536551,2.37862536551,2.17825546081,0.03511207762,0,4.40024181677,4.40024181677,8.54517281127,8.54517281127,8.54517281137,8.54517281137,8.54517281117,8.54517281117,8.54517281107,8.54517281107,8.54517281114,8.54517281114,8.54517281157,8.54517281157,8.54517281148,8.54517281128,8.54517281128,8.54517281125,8.54517281125,8.54517281131,8.54517281131,8.54517281128,8.54517281148,8.54517281147,8.54517281147,8.54517281158,8.54517281148,8.54517281148,8.54517281158,8.54517281126,8.54517281126,8.54517281128,8.54517281098,8.54517281128,8.54517281128,8.54517281138,8.54517281161,8.54517281171,8.54517281131,8.54517281131,8.54517281128,8.54517281128,8.54517281168,8.54517281128,8.54517281128,8.54517281125,8.54517281125,8.54517281133,8.54517281123,8.54517281123,8.54517281134,8.54517281134,8.54517281139,8.54517281139,8.54517281138,8.54517281138,8.545172811468,8.545172811468,8.54517281173,8.54517281107,8.54517281137,8.54517281163,8.54517281163,8.54517281173,8.54517281173,8.54517281163,8.54517281165,8.54517281165,8.54517281165,8.54517281167,8.54517281167,8.54517281167,8.54517281167,8.54517281137,8.54517281137
"t71",5.461710435,5.461710435,5.10862065962,5.10862065962,5.1086206597,5.1086206604,5.10862065978,5.10862065978,5.1086206601,5.1086206601,5.1086206601,5.1086206601,5.1086206601,4.400241816,4.4002418162,4.40024181646,4.40024181646,4.40024181646,4.40024181646,4.40024181646,4.40024181646,4.40024181646,4.40024181596,4.40024181677,4.40024181677,0,0.3216101904,8.5451728109,8.5451728109,8.545172811,8.545172811,8.5451728108,8.5451728108,8.5451728107,8.5451728107,8.54517281077,8.54517281077,8.5451728112,8.5451728112,8.54517281111,8.54517281091,8.54517281091,8.54517281088,8.54517281088,8.54517281094,8.54517281094,8.54517281091,8.54517281111,8.5451728111,8.5451728111,8.54517281121,8.54517281111,8.54517281111,8.54517281121,8.54517281089,8.54517281089,8.54517281091,8.54517281061,8.54517281091,8.54517281091,8.54517281101,8.54517281124,8.54517281134,8.54517281094,8.54517281094,8.54517281091,8.54517281091,8.54517281131,8.54517281091,8.54517281091,8.54517281088,8.54517281088,8.54517281096,8.54517281086,8.54517281086,8.54517281097,8.54517281097,8.54517281102,8.54517281102,8.54517281101,8.54517281101,8.545172811098,8.545172811098,8.54517281136,8.5451728107,8.545172811,8.54517281126,8.54517281126,8.54517281136,8.54517281136,8.54517281126,8.54517281128,8.54517281128,8.54517281128,8.5451728113,8.5451728113,8.5451728113,8.5451728113,8.545172811,8.545172811
"t72",5.461710435,5.461710435,5.10862065962,5.10862065962,5.1086206597,5.1086206604,5.10862065978,5.10862065978,5.1086206601,5.1086206601,5.1086206601,5.1086206601,5.1086206601,4.400241816,4.4002418162,4.40024181646,4.40024181646,4.40024181646,4.40024181646,4.40024181646,4.40024181646,4.40024181646,4.40024181596,4.40024181677,4.40024181677,0.3216101904,0,8.5451728109,8.5451728109,8.545172811,8.545172811,8.5451728108,8.5451728108,8.5451728107,8.5451728107,8.54517281077,8.54517281077,8.5451728112,8.5451728112,8.54517281111,8.54517281091,8.54517281091,8.54517281088,8.54517281088,8.54517281094,8.54517281094,8.54517281091,8.54517281111,8.5451728111,8.5451728111,8.54517281121,8.54517281111,8.54517281111,8.54517281121,8.54517281089,8.54517281089,8.54517281091,8.54517281061,8.54517281091,8.54517281091,8.54517281101,8.54517281124,8.54517281134,8.54517281094,8.54517281094,8.54517281091,8.54517281091,8.54517281131,8.54517281091,8.54517281091,8.54517281088,8.54517281088,8.54517281096,8.54517281086,8.54517281086,8.54517281097,8.54517281097,8.54517281102,8.54517281102,8.54517281101,8.54517281101,8.545172811098,8.545172811098,8.54517281136,8.5451728107,8.545172811,8.54517281126,8.54517281126,8.54517281136,8.54517281136,8.54517281126,8.54517281128,8.54517281128,8.54517281128,8.5451728113,8.5451728113,8.5451728113,8.5451728113,8.545172811,8.545172811
"t62",8.5451728107,8.5451728107,8.54517281052,8.54517281052,8.5451728106,8.5451728113,8.54517281068,8.54517281068,8.545172811,8.545172811,8.545172811,8.545172811,8.545172811,8.5451728105,8.5451728107,8.54517281096,8.54517281096,8.54517281096,8.54517281096,8.54517281096,8.54517281096,8.54517281096,8.54517281046,8.54517281127,8.54517281127,8.5451728109,8.5451728109,0,0.4018109646,0.7708076187,0.7708076187,2.6617328843,2.6617328843,3.6160300586,3.6160300586,3.61603005867,3.61603005867,5.3441087651,5.3441087651,6.29634490881,6.29634490861,6.29634490861,6.29634490858,6.29634490858,6.29634490864,6.29634490864,6.29634490861,6.29634490881,6.2963449088,6.2963449088,6.29634490891,6.29634490881,6.29634490881,6.29634490891,6.29634490859,6.29634490859,6.29634490861,6.29634490831,6.29634490861,6.29634490861,6.29634490871,6.29634490894,6.29634490904,6.29634490864,6.29634490864,6.29634490861,6.29634490861,6.29634490901,6.29634490861,6.29634490861,6.29634490858,6.29634490858,6.29634490866,6.29634490856,6.29634490856,6.29634490867,6.29634490867,6.29634490872,6.29634490872,6.29634490871,6.29634490871,6.296344908798,6.296344908798,6.29634490906,6.2963449084,8.2184959205,8.21849592076,8.21849592076,8.21849592086,8.21849592086,8.21849592076,8.21849592078,8.21849592078,8.21849592078,8.2184959208,8.2184959208,8.2184959208,8.2184959208,8.2184959205,8.2184959205
