"","t14","t49","t59","t60","t93","t94","t61","t40","t41","t57","t58","t31","t62","t63","t47","t55","t56","t73","t74","t38","t26","t85","t86","t36","t37","t32","t42","t66","t67","t35","t6","t7","t81","t82","t72","t53","t54","t23","t50","t97","t98","t64","t68","t83","t84","t69","t70","t71","t99","t100","t27","t28","t45","t46","t39","t79","t80","t34","t30","t21","t22","t15","t95","t96","t33","t51","t52","t8","t16","t17","t24","t25","t9","t65","t77","t78","t48","t29","t10","t4","t89","t90","t75","t76","t18","t12","t13","t43","t44","t19","t20","t91","t92","t2","t5","t87","t88","t11","t3","t1"
"t14",0,1.6347316596,1.63473165964,1.63473165964,1.634731659637,1.634731659637,1.63473165963,3.8106987981,3.8106987981,3.810698798,3.810698798,3.810698798,3.810698798,3.810698798,3.8106987979,3.81069879791,3.81069879791,3.81069879789,3.81069879789,3.8106987979,3.810698798,3.81069879841,3.81069879841,3.81069879791,3.81069879791,3.8106987979,3.81069879786,3.81069879786,3.81069879786,3.8106987979,6.6302956908,6.6302956908,7.55685570772,7.55685570772,7.55685570772,7.55685570777,7.55685570777,7.5568557077,7.5568557077,7.556855707741,7.556855707741,7.55685570777,7.55685570768,7.55685570773,7.55685570773,7.55685570775,7.55685570775,7.55685570774,7.556855707741,7.556855707741,7.5568557077,7.5568557077,7.55685570834,7.55685570834,7.55685570836,7.55685570836,7.55685570836,7.55685570832,7.5568557083,7.5568557083,7.5568557083,7.5568557084,7.556855708365,7.556855708365,7.5568557083,7.556855708,7.556855708,7.55685570763,7.55685570803,7.55685570803,7.55685570793,7.55685570793,7.55685570813,7.55685570809,7.55685570813,7.55685570813,7.55685570809,7.55685570809,7.55685570829,7.55685570775,7.55685570845,7.55685570845,7.55685570843,7.55685570843,7.55685570848,7.55685570805,7.55685570802,7.55685570798,7.55685570798,7.55685570797,7.55685570797,7.556855707954,7.556855707954,7.5568557079,7.556855708,7.556855708,7.556855708,7.556855708,7.5568557078,7.5568557083
"t49",1.6347316596,0,0.62235550764,0.62235550764,0.622355507637,0.622355507637,0.62235550763,3.8106987981,3.8106987981,3.810698798,3.810698798,3.810698798,3.810698798,3.810698798,3.8106987979,3.81069879791,3.81069879791,3.81069879789,3.81069879789,3.8106987979,3.810698798,3.81069879841,3.81069879841,3.81069879791,3.81069879791,3.8106987979,3.81069879786,3.81069879786,3.81069879786,3.8106987979,6.6302956908,6.6302956908,7.55685570772,7.55685570772,7.55685570772,7.55685570777,7.55685570777,7.5568557077,7.5568557077,7.556855707741,7.556855707741,7.55685570777,7.55685570768,7.55685570773,7.55685570773,7.55685570775,7.55685570775,7.55685570774,7.556855707741,7.556855707741,7.5568557077,7.5568557077,7.55685570834,7.55685570834,7.55685570836,7.55685570836,7.55685570836,7.55685570832,7.5568557083,7.5568557083,7.5568557083,7.5568557084,7.556855708365,7.556855708365,7.5568557083,7.556855708,7.556855708,7.55685570763,7.55685570803,7.55685570803,7.55685570793,7.55685570793,7.55685570813,7.55685570809,7.55685570813,7.55685570813,7.55685570809,7.55685570809,7.55685570829,7.55685570775,7.55685570845,7.55685570845,7.55685570843,7.55685570843,7.55685570848,7.55685570805,7.55685570802,7.55685570798,7.55685570798,7.55685570797,7.55685570797,7.556855707954,7.556855707954,7.5568557079,7.556855708,7.556855708,7.556855708,7.556855708,7.5568557078,7.5568557083
"t59",1.63473165964,0.62235550764,0,0.3801855772,0.405026153677,0.405026153677,0.40502615367,3.81069879814,3.81069879814,3.81069879804,3.81069879804,3.81069879804,3.81069879804,3.81069879804,3.81069879794,3.81069879795,3.81069879795,3.81069879793,3.81069879793,3.81069879794,3.81069879804,3.81069879845,3.81069879845,3.81069879795,3.81069879795,3.81069879794,3.8106987979,3.8106987979,3.8106987979,3.81069879794,6.63029569084,6.63029569084,7.55685570776,7.55685570776,7.55685570776,7.55685570781,7.55685570781,7.55685570774,7.55685570774,7.556855707781,7.556855707781,7.55685570781,7.55685570772,7.55685570777,7.55685570777,7.55685570779,7.55685570779,7.55685570778,7.556855707781,7.556855707781,7.55685570774,7.55685570774,7.55685570838,7.55685570838,7.5568557084,7.5568557084,7.5568557084,7.55685570836,7.55685570834,7.55685570834,7.55685570834,7.55685570844,7.556855708405,7.556855708405,7.55685570834,7.55685570804,7.55685570804,7.55685570767,7.55685570807,7.55685570807,7.55685570797,7.55685570797,7.55685570817,7.55685570813,7.55685570817,7.55685570817,7.55685570813,7.55685570813,7.55685570833,7.55685570779,7.55685570849,7.55685570849,7.55685570847,7.55685570847,7.55685570852,7.55685570809,7.55685570806,7.55685570802,7.55685570802,7.55685570801,7.55685570801,7.556855707994,7.556855707994,7.55685570794,7.55685570804,7.55685570804,7.55685570804,7.55685570804,7.55685570784,7.55685570834
"t60",1.63473165964,0.62235550764,0.3801855772,0,0.405026153677,0.405026153677,0.40502615367,3.81069879814,3.81069879814,3.81069879804,3.81069879804,3.81069879804,3.81069879804,3.81069879804,3.81069879794,3.81069879795,3.81069879795,3.81069879793,3.81069879793,3.81069879794,3.81069879804,3.81069879845,3.81069879845,3.81069879795,3.81069879795,3.81069879794,3.8106987979,3.8106987979,3.8106987979,3.81069879794,6.63029569084,6.63029569084,7.55685570776,7.55685570776,7.55685570776,7.55685570781,7.55685570781,7.55685570774,7.55685570774,7.556855707781,7.556855707781,7.55685570781,7.55685570772,7.55685570777,7.55685570777,7.55685570779,7.55685570779,7.55685570778,7.556855707781,7.556855707781,7.55685570774,7.55685570774,7.55685570838,7.55685570838,7.5568557084,7.5568557084,7.5568557084,7.55685570836,7.55685570834,7.55685570834,7.55685570834,7.55685570844,7.556855708405,7.556855708405,7.55685570834,7.55685570804,7.55685570804,7.55685570767,7.55685570807,7.55685570807,7.55685570797,7.55685570797,7.55685570817,7.55685570813,7.55685570817,7.55685570817,7.55685570813,7.55685570813,7.55685570833,7.55685570779,7.55685570849,7.55685570849,7.55685570847,7.55685570847,7.55685570852,7.55685570809,7.55685570806,7.55685570802,7.55685570802,7.55685570801,7.55685570801,7.556855707994,7.556855707994,7.55685570794,7.55685570804,7.55685570804,7.55685570804,7.55685570804,7.55685570784,7.55685570834
"t93",1.634731659637,0.622355507637,0.405026153677,0.405026153677,0,0.010573823614,0.372877143807,3.810698798137,3.810698798137,3.810698798037,3.810698798037,3.810698798037,3.810698798037,3.810698798037,3.810698797937,3.810698797947,3.810698797947,3.810698797927,3.810698797927,3.810698797937,3.810698798037,3.810698798447,3.810698798447,3.810698797947,3.810698797947,3.810698797937,3.810698797897,3.810698797897,3.810698797897,3.810698797937,6.630295690837,6.630295690837,7.556855707757,7.556855707757,7.556855707757,7.556855707807,7.556855707807,7.556855707737,7.556855707737,7.556855707778,7.556855707778,7.556855707807,7.556855707717,7.556855707767,7.556855707767,7.556855707787,7.556855707787,7.556855707777,7.556855707778,7.556855707778,7.556855707737,7.556855707737,7.556855708377,7.556855708377,7.556855708397,7.556855708397,7.556855708397,7.556855708357,7.556855708337,7.556855708337,7.556855708337,7.556855708437,7.556855708402,7.556855708402,7.556855708337,7.556855708037,7.556855708037,7.556855707667,7.556855708067,7.556855708067,7.556855707967,7.556855707967,7.556855708167,7.556855708127,7.556855708167,7.556855708167,7.556855708127,7.556855708127,7.556855708327,7.556855707787,7.556855708487,7.556855708487,7.556855708467,7.556855708467,7.556855708517,7.556855708087,7.556855708057,7.556855708017,7.556855708017,7.556855708007,7.556855708007,7.556855707991,7.556855707991,7.556855707937,7.556855708037,7.556855708037,7.556855708037,7.556855708037,7.556855707837,7.556855708337
"t94",1.634731659637,0.622355507637,0.405026153677,0.405026153677,0.010573823614,0,0.372877143807,3.810698798137,3.810698798137,3.810698798037,3.810698798037,3.810698798037,3.810698798037,3.810698798037,3.810698797937,3.810698797947,3.810698797947,3.810698797927,3.810698797927,3.810698797937,3.810698798037,3.810698798447,3.810698798447,3.810698797947,3.810698797947,3.810698797937,3.810698797897,3.810698797897,3.810698797897,3.810698797937,6.630295690837,6.630295690837,7.556855707757,7.556855707757,7.556855707757,7.556855707807,7.556855707807,7.556855707737,7.556855707737,7.556855707778,7.556855707778,7.556855707807,7.556855707717,7.556855707767,7.556855707767,7.556855707787,7.556855707787,7.556855707777,7.556855707778,7.556855707778,7.556855707737,7.556855707737,7.556855708377,7.556855708377,7.556855708397,7.556855708397,7.556855708397,7.556855708357,7.556855708337,7.556855708337,7.556855708337,7.556855708437,7.556855708402,7.556855708402,7.556855708337,7.556855708037,7.556855708037,7.556855707667,7.556855708067,7.556855708067,7.556855707967,7.556855707967,7.556855708167,7.556855708127,7.556855708167,7.556855708167,7.556855708127,7.556855708127,7.556855708327,7.556855707787,7.556855708487,7.556855708487,7.556855708467,7.556855708467,7.556855708517,7.556855708087,7.556855708057,7.556855708017,7.556855708017,7.556855708007,7.556855708007,7.556855707991,7.556855707991,7.556855707937,7.556855708037,7.556855708037,7.556855708037,7.556855708037,7.556855707837,7.556855708337
"t61",1.63473165963,0.62235550763,0.40502615367,0.40502615367,0.372877143807,0.372877143807,0,3.81069879813,3.81069879813,3.81069879803,3.81069879803,3.81069879803,3.81069879803,3.81069879803,3.81069879793,3.81069879794,3.81069879794,3.81069879792,3.81069879792,3.81069879793,3.81069879803,3.81069879844,3.81069879844,3.81069879794,3.81069879794,3.81069879793,3.81069879789,3.81069879789,3.81069879789,3.81069879793,6.63029569083,6.63029569083,7.55685570775,7.55685570775,7.55685570775,7.5568557078,7.5568557078,7.55685570773,7.55685570773,7.556855707771,7.556855707771,7.5568557078,7.55685570771,7.55685570776,7.55685570776,7.55685570778,7.55685570778,7.55685570777,7.556855707771,7.556855707771,7.55685570773,7.55685570773,7.55685570837,7.55685570837,7.55685570839,7.55685570839,7.55685570839,7.55685570835,7.55685570833,7.55685570833,7.55685570833,7.55685570843,7.556855708395,7.556855708395,7.55685570833,7.55685570803,7.55685570803,7.55685570766,7.55685570806,7.55685570806,7.55685570796,7.55685570796,7.55685570816,7.55685570812,7.55685570816,7.55685570816,7.55685570812,7.55685570812,7.55685570832,7.55685570778,7.55685570848,7.55685570848,7.55685570846,7.55685570846,7.55685570851,7.55685570808,7.55685570805,7.55685570801,7.55685570801,7.556855708,7.556855708,7.556855707984,7.556855707984,7.55685570793,7.55685570803,7.55685570803,7.55685570803,7.55685570803,7.55685570783,7.55685570833
"t40",3.8106987981,3.8106987981,3.81069879814,3.81069879814,3.810698798137,3.810698798137,3.81069879813,0,0.773083921,3.0395645129,3.0395645129,3.0395645129,3.0395645129,3.0395645129,3.3752911768,3.37529117681,3.37529117681,3.37529117679,3.37529117679,3.3752911768,3.3752911769,3.37529117731,3.37529117731,3.37529117681,3.37529117681,3.3752911768,3.37529117676,3.37529117676,3.37529117676,3.3752911768,6.6302956913,6.6302956913,7.55685570822,7.55685570822,7.55685570822,7.55685570827,7.55685570827,7.5568557082,7.5568557082,7.556855708241,7.556855708241,7.55685570827,7.55685570818,7.55685570823,7.55685570823,7.55685570825,7.55685570825,7.55685570824,7.556855708241,7.556855708241,7.5568557082,7.5568557082,7.55685570884,7.55685570884,7.55685570886,7.55685570886,7.55685570886,7.55685570882,7.5568557088,7.5568557088,7.5568557088,7.5568557089,7.556855708865,7.556855708865,7.5568557088,7.5568557085,7.5568557085,7.55685570813,7.55685570853,7.55685570853,7.55685570843,7.55685570843,7.55685570863,7.55685570859,7.55685570863,7.55685570863,7.55685570859,7.55685570859,7.55685570879,7.55685570825,7.55685570895,7.55685570895,7.55685570893,7.55685570893,7.55685570898,7.55685570855,7.55685570852,7.55685570848,7.55685570848,7.55685570847,7.55685570847,7.556855708454,7.556855708454,7.5568557084,7.5568557085,7.5568557085,7.5568557085,7.5568557085,7.5568557083,7.5568557088
"t41",3.8106987981,3.8106987981,3.81069879814,3.81069879814,3.810698798137,3.810698798137,3.81069879813,0.773083921,0,3.0395645129,3.0395645129,3.0395645129,3.0395645129,3.0395645129,3.3752911768,3.37529117681,3.37529117681,3.37529117679,3.37529117679,3.3752911768,3.3752911769,3.37529117731,3.37529117731,3.37529117681,3.37529117681,3.3752911768,3.37529117676,3.37529117676,3.37529117676,3.3752911768,6.6302956913,6.6302956913,7.55685570822,7.55685570822,7.55685570822,7.55685570827,7.55685570827,7.5568557082,7.5568557082,7.556855708241,7.556855708241,7.55685570827,7.55685570818,7.55685570823,7.55685570823,7.55685570825,7.55685570825,7.55685570824,7.556855708241,7.556855708241,7.5568557082,7.5568557082,7.55685570884,7.55685570884,7.55685570886,7.55685570886,7.55685570886,7.55685570882,7.5568557088,7.5568557088,7.5568557088,7.5568557089,7.556855708865,7.556855708865,7.5568557088,7.5568557085,7.5568557085,7.55685570813,7.55685570853,7.55685570853,7.55685570843,7.55685570843,7.55685570863,7.55685570859,7.55685570863,7.55685570863,7.55685570859,7.55685570859,7.55685570879,7.55685570825,7.55685570895,7.55685570895,7.55685570893,7.55685570893,7.55685570898,7.55685570855,7.55685570852,7.55685570848,7.55685570848,7.55685570847,7.55685570847,7.556855708454,7.556855708454,7.5568557084,7.5568557085,7.5568557085,7.5568557085,7.5568557085,7.5568557083,7.5568557088
"t57",3.810698798,3.810698798,3.81069879804,3.81069879804,3.810698798037,3.810698798037,3.81069879803,3.0395645129,3.0395645129,0,0.474638756,2.216694434,2.216694434,2.216694434,3.3752911767,3.37529117671,3.37529117671,3.37529117669,3.37529117669,3.3752911767,3.3752911768,3.37529117721,3.37529117721,3.37529117671,3.37529117671,3.3752911767,3.37529117666,3.37529117666,3.37529117666,3.3752911767,6.6302956912,6.6302956912,7.55685570812,7.55685570812,7.55685570812,7.55685570817,7.55685570817,7.5568557081,7.5568557081,7.556855708141,7.556855708141,7.55685570817,7.55685570808,7.55685570813,7.55685570813,7.55685570815,7.55685570815,7.55685570814,7.556855708141,7.556855708141,7.5568557081,7.5568557081,7.55685570874,7.55685570874,7.55685570876,7.55685570876,7.55685570876,7.55685570872,7.5568557087,7.5568557087,7.5568557087,7.5568557088,7.556855708765,7.556855708765,7.5568557087,7.5568557084,7.5568557084,7.55685570803,7.55685570843,7.55685570843,7.55685570833,7.55685570833,7.55685570853,7.55685570849,7.55685570853,7.55685570853,7.55685570849,7.55685570849,7.55685570869,7.55685570815,7.55685570885,7.55685570885,7.55685570883,7.55685570883,7.55685570888,7.55685570845,7.55685570842,7.55685570838,7.55685570838,7.55685570837,7.55685570837,7.556855708354,7.556855708354,7.5568557083,7.5568557084,7.5568557084,7.5568557084,7.5568557084,7.5568557082,7.5568557087
"t58",3.810698798,3.810698798,3.81069879804,3.81069879804,3.810698798037,3.810698798037,3.81069879803,3.0395645129,3.0395645129,0.474638756,0,2.216694434,2.216694434,2.216694434,3.3752911767,3.37529117671,3.37529117671,3.37529117669,3.37529117669,3.3752911767,3.3752911768,3.37529117721,3.37529117721,3.37529117671,3.37529117671,3.3752911767,3.37529117666,3.37529117666,3.37529117666,3.3752911767,6.6302956912,6.6302956912,7.55685570812,7.55685570812,7.55685570812,7.55685570817,7.55685570817,7.5568557081,7.5568557081,7.556855708141,7.556855708141,7.55685570817,7.55685570808,7.55685570813,7.55685570813,7.55685570815,7.55685570815,7.55685570814,7.556855708141,7.556855708141,7.5568557081,7.5568557081,7.55685570874,7.55685570874,7.55685570876,7.55685570876,7.55685570876,7.55685570872,7.5568557087,7.5568557087,7.5568557087,7.5568557088,7.556855708765,7.556855708765,7.5568557087,7.5568557084,7.5568557084,7.55685570803,7.55685570843,7.55685570843,7.55685570833,7.55685570833,7.55685570853,7.55685570849,7.55685570853,7.55685570853,7.55685570849,7.55685570849,7.55685570869,7.55685570815,7.55685570885,7.55685570885,7.55685570883,7.55685570883,7.55685570888,7.55685570845,7.55685570842,7.55685570838,7.55685570838,7.55685570837,7.55685570837,7.556855708354,7.556855708354,7.5568557083,7.5568557084,7.5568557084,7.5568557084,7.5568557084,7.5568557082,7.5568557087
"t31",3.810698798,3.810698798,3.81069879804,3.81069879804,3.810698798037,3.810698798037,3.81069879803,3.0395645129,3.0395645129,2.216694434,2.216694434,0,1.060034386,1.060034386,3.3752911767,3.37529117671,3.37529117671,3.37529117669,3.37529117669,3.3752911767,3.3752911768,3.37529117721,3.37529117721,3.37529117671,3.37529117671,3.3752911767,3.37529117666,3.37529117666,3.37529117666,3.3752911767,6.6302956912,6.6302956912,7.55685570812,7.55685570812,7.55685570812,7.55685570817,7.55685570817,7.5568557081,7.5568557081,7.556855708141,7.556855708141,7.55685570817,7.55685570808,7.55685570813,7.55685570813,7.55685570815,7.55685570815,7.55685570814,7.556855708141,7.556855708141,7.5568557081,7.5568557081,7.55685570874,7.55685570874,7.55685570876,7.55685570876,7.55685570876,7.55685570872,7.5568557087,7.5568557087,7.5568557087,7.5568557088,7.556855708765,7.556855708765,7.5568557087,7.5568557084,7.5568557084,7.55685570803,7.55685570843,7.55685570843,7.55685570833,7.55685570833,7.55685570853,7.55685570849,7.55685570853,7.55685570853,7.55685570849,7.55685570849,7.55685570869,7.55685570815,7.55685570885,7.55685570885,7.55685570883,7.55685570883,7.55685570888,7.55685570845,7.55685570842,7.55685570838,7.55685570838,7.55685570837,7.55685570837,7.556855708354,7.556855708354,7.5568557083,7.5568557084,7.5568557084,7.5568557084,7.5568557084,7.5568557082,7.5568557087
"t62",3.810698798,3.810698798,3.81069879804,3.81069879804,3.810698798037,3.810698798037,3.81069879803,3.0395645129,3.0395645129,2.216694434,2.216694434,1.060034386,0,0.3653846232,3.3752911767,3.37529117671,3.37529117671,3.37529117669,3.37529117669,3.3752911767,3.3752911768,3.37529117721,3.37529117721,3.37529117671,3.37529117671,3.3752911767,3.37529117666,3.37529117666,3.37529117666,3.3752911767,6.6302956912,6.6302956912,7.55685570812,7.55685570812,7.55685570812,7.55685570817,7.55685570817,7.5568557081,7.5568557081,7.556855708141,7.556855708141,7.55685570817,7.55685570808,7.55685570813,7.55685570813,7.55685570815,7.55685570815,7.55685570814,7.556855708141,7.556855708141,7.5568557081,7.5568557081,7.55685570874,7.55685570874,7.55685570876,7.55685570876,7.55685570876,7.55685570872,7.5568557087,7.5568557087,7.5568557087,7.5568557088,7.556855708765,7.556855708765,7.5568557087,7.5568557084,7.5568557084,7.55685570803,7.55685570843,7.55685570843,7.55685570833,7.55685570833,7.55685570853,7.55685570849,7.55685570853,7.55685570853,7.55685570849,7.55685570849,7.55685570869,7.55685570815,7.55685570885,7.55685570885,7.55685570883,7.55685570883,7.55685570888,7.55685570845,7.55685570842,7.55685570838,7.55685570838,7.55685570837,7.55685570837,7.556855708354,7.556855708354,7.5568557083,7.5568557084,7.5568557084,7.5568557084,7.5568557084,7.5568557082,7.5568557087
"t63",3.810698798,3.810698798,3.81069879804,3.81069879804,3.810698798037,3.810698798037,3.81069879803,3.0395645129,3.0395645129,2.216694434,2.216694434,1.060034386,0.3653846232,0,3.3752911767,3.37529117671,3.37529117671,3.37529117669,3.37529117669,3.3752911767,3.3752911768,3.37529117721,3.37529117721,3.37529117671,3.37529117671,3.3752911767,3.37529117666,3.37529117666,3.37529117666,3.3752911767,6.6302956912,6.6302956912,7.55685570812,7.55685570812,7.55685570812,7.55685570817,7.55685570817,7.5568557081,7.5568557081,7.556855708141,7.556855708141,7.55685570817,7.55685570808,7.55685570813,7.55685570813,7.55685570815,7.55685570815,7.55685570814,7.556855708141,7.556855708141,7.5568557081,7.5568557081,7.55685570874,7.55685570874,7.55685570876,7.55685570876,7.55685570876,7.55685570872,7.5568557087,7.5568557087,7.5568557087,7.5568557088,7.556855708765,7.556855708765,7.5568557087,7.5568557084,7.5568557084,7.55685570803,7.55685570843,7.55685570843,7.55685570833,7.55685570833,7.55685570853,7.55685570849,7.55685570853,7.55685570853,7.55685570849,7.55685570849,7.55685570869,7.55685570815,7.55685570885,7.55685570885,7.55685570883,7.55685570883,7.55685570888,7.55685570845,7.55685570842,7.55685570838,7.55685570838,7.55685570837,7.55685570837,7.556855708354,7.556855708354,7.5568557083,7.5568557084,7.5568557084,7.5568557084,7.5568557084,7.5568557082,7.5568557087
"t47",3.8106987979,3.8106987979,3.81069879794,3.81069879794,3.810698797937,3.810698797937,3.81069879793,3.3752911768,3.3752911768,3.3752911767,3.3752911767,3.3752911767,3.3752911767,3.3752911767,0,0.64457604261,0.64457604261,2.26550399439,2.26550399439,2.2655039944,2.2655039945,3.17053851231,3.17053851231,3.17053851181,3.17053851181,3.1705385118,3.17053851176,3.17053851176,3.17053851176,3.1705385118,6.6302956911,6.6302956911,7.55685570802,7.55685570802,7.55685570802,7.55685570807,7.55685570807,7.556855708,7.556855708,7.556855708041,7.556855708041,7.55685570807,7.55685570798,7.55685570803,7.55685570803,7.55685570805,7.55685570805,7.55685570804,7.556855708041,7.556855708041,7.556855708,7.556855708,7.55685570864,7.55685570864,7.55685570866,7.55685570866,7.55685570866,7.55685570862,7.5568557086,7.5568557086,7.5568557086,7.5568557087,7.556855708665,7.556855708665,7.5568557086,7.5568557083,7.5568557083,7.55685570793,7.55685570833,7.55685570833,7.55685570823,7.55685570823,7.55685570843,7.55685570839,7.55685570843,7.55685570843,7.55685570839,7.55685570839,7.55685570859,7.55685570805,7.55685570875,7.55685570875,7.55685570873,7.55685570873,7.55685570878,7.55685570835,7.55685570832,7.55685570828,7.55685570828,7.55685570827,7.55685570827,7.556855708254,7.556855708254,7.5568557082,7.5568557083,7.5568557083,7.5568557083,7.5568557083,7.5568557081,7.5568557086
"t55",3.81069879791,3.81069879791,3.81069879795,3.81069879795,3.810698797947,3.810698797947,3.81069879794,3.37529117681,3.37529117681,3.37529117671,3.37529117671,3.37529117671,3.37529117671,3.37529117671,0.64457604261,0,0.556404913,2.2655039944,2.2655039944,2.26550399441,2.26550399451,3.17053851232,3.17053851232,3.17053851182,3.17053851182,3.17053851181,3.17053851177,3.17053851177,3.17053851177,3.17053851181,6.63029569111,6.63029569111,7.55685570803,7.55685570803,7.55685570803,7.55685570808,7.55685570808,7.55685570801,7.55685570801,7.556855708051,7.556855708051,7.55685570808,7.55685570799,7.55685570804,7.55685570804,7.55685570806,7.55685570806,7.55685570805,7.556855708051,7.556855708051,7.55685570801,7.55685570801,7.55685570865,7.55685570865,7.55685570867,7.55685570867,7.55685570867,7.55685570863,7.55685570861,7.55685570861,7.55685570861,7.55685570871,7.556855708675,7.556855708675,7.55685570861,7.55685570831,7.55685570831,7.55685570794,7.55685570834,7.55685570834,7.55685570824,7.55685570824,7.55685570844,7.5568557084,7.55685570844,7.55685570844,7.5568557084,7.5568557084,7.5568557086,7.55685570806,7.55685570876,7.55685570876,7.55685570874,7.55685570874,7.55685570879,7.55685570836,7.55685570833,7.55685570829,7.55685570829,7.55685570828,7.55685570828,7.556855708264,7.556855708264,7.55685570821,7.55685570831,7.55685570831,7.55685570831,7.55685570831,7.55685570811,7.55685570861
"t56",3.81069879791,3.81069879791,3.81069879795,3.81069879795,3.810698797947,3.810698797947,3.81069879794,3.37529117681,3.37529117681,3.37529117671,3.37529117671,3.37529117671,3.37529117671,3.37529117671,0.64457604261,0.556404913,0,2.2655039944,2.2655039944,2.26550399441,2.26550399451,3.17053851232,3.17053851232,3.17053851182,3.17053851182,3.17053851181,3.17053851177,3.17053851177,3.17053851177,3.17053851181,6.63029569111,6.63029569111,7.55685570803,7.55685570803,7.55685570803,7.55685570808,7.55685570808,7.55685570801,7.55685570801,7.556855708051,7.556855708051,7.55685570808,7.55685570799,7.55685570804,7.55685570804,7.55685570806,7.55685570806,7.55685570805,7.556855708051,7.556855708051,7.55685570801,7.55685570801,7.55685570865,7.55685570865,7.55685570867,7.55685570867,7.55685570867,7.55685570863,7.55685570861,7.55685570861,7.55685570861,7.55685570871,7.556855708675,7.556855708675,7.55685570861,7.55685570831,7.55685570831,7.55685570794,7.55685570834,7.55685570834,7.55685570824,7.55685570824,7.55685570844,7.5568557084,7.55685570844,7.55685570844,7.5568557084,7.5568557084,7.5568557086,7.55685570806,7.55685570876,7.55685570876,7.55685570874,7.55685570874,7.55685570879,7.55685570836,7.55685570833,7.55685570829,7.55685570829,7.55685570828,7.55685570828,7.556855708264,7.556855708264,7.55685570821,7.55685570831,7.55685570831,7.55685570831,7.55685570831,7.55685570811,7.55685570861
"t73",3.81069879789,3.81069879789,3.81069879793,3.81069879793,3.810698797927,3.810698797927,3.81069879792,3.37529117679,3.37529117679,3.37529117669,3.37529117669,3.37529117669,3.37529117669,3.37529117669,2.26550399439,2.2655039944,2.2655039944,0,0.19173947078,0.83762998159,1.09315237729,3.1705385123,3.1705385123,3.1705385118,3.1705385118,3.17053851179,3.17053851175,3.17053851175,3.17053851175,3.17053851179,6.63029569109,6.63029569109,7.55685570801,7.55685570801,7.55685570801,7.55685570806,7.55685570806,7.55685570799,7.55685570799,7.556855708031,7.556855708031,7.55685570806,7.55685570797,7.55685570802,7.55685570802,7.55685570804,7.55685570804,7.55685570803,7.556855708031,7.556855708031,7.55685570799,7.55685570799,7.55685570863,7.55685570863,7.55685570865,7.55685570865,7.55685570865,7.55685570861,7.55685570859,7.55685570859,7.55685570859,7.55685570869,7.556855708655,7.556855708655,7.55685570859,7.55685570829,7.55685570829,7.55685570792,7.55685570832,7.55685570832,7.55685570822,7.55685570822,7.55685570842,7.55685570838,7.55685570842,7.55685570842,7.55685570838,7.55685570838,7.55685570858,7.55685570804,7.55685570874,7.55685570874,7.55685570872,7.55685570872,7.55685570877,7.55685570834,7.55685570831,7.55685570827,7.55685570827,7.55685570826,7.55685570826,7.556855708244,7.556855708244,7.55685570819,7.55685570829,7.55685570829,7.55685570829,7.55685570829,7.55685570809,7.55685570859
"t74",3.81069879789,3.81069879789,3.81069879793,3.81069879793,3.810698797927,3.810698797927,3.81069879792,3.37529117679,3.37529117679,3.37529117669,3.37529117669,3.37529117669,3.37529117669,3.37529117669,2.26550399439,2.2655039944,2.2655039944,0.19173947078,0,0.83762998159,1.09315237729,3.1705385123,3.1705385123,3.1705385118,3.1705385118,3.17053851179,3.17053851175,3.17053851175,3.17053851175,3.17053851179,6.63029569109,6.63029569109,7.55685570801,7.55685570801,7.55685570801,7.55685570806,7.55685570806,7.55685570799,7.55685570799,7.556855708031,7.556855708031,7.55685570806,7.55685570797,7.55685570802,7.55685570802,7.55685570804,7.55685570804,7.55685570803,7.556855708031,7.556855708031,7.55685570799,7.55685570799,7.55685570863,7.55685570863,7.55685570865,7.55685570865,7.55685570865,7.55685570861,7.55685570859,7.55685570859,7.55685570859,7.55685570869,7.556855708655,7.556855708655,7.55685570859,7.55685570829,7.55685570829,7.55685570792,7.55685570832,7.55685570832,7.55685570822,7.55685570822,7.55685570842,7.55685570838,7.55685570842,7.55685570842,7.55685570838,7.55685570838,7.55685570858,7.55685570804,7.55685570874,7.55685570874,7.55685570872,7.55685570872,7.55685570877,7.55685570834,7.55685570831,7.55685570827,7.55685570827,7.55685570826,7.55685570826,7.556855708244,7.556855708244,7.55685570819,7.55685570829,7.55685570829,7.55685570829,7.55685570829,7.55685570809,7.55685570859
"t38",3.8106987979,3.8106987979,3.81069879794,3.81069879794,3.810698797937,3.810698797937,3.81069879793,3.3752911768,3.3752911768,3.3752911767,3.3752911767,3.3752911767,3.3752911767,3.3752911767,2.2655039944,2.26550399441,2.26550399441,0.83762998159,0.83762998159,0,1.0931523773,3.17053851231,3.17053851231,3.17053851181,3.17053851181,3.1705385118,3.17053851176,3.17053851176,3.17053851176,3.1705385118,6.6302956911,6.6302956911,7.55685570802,7.55685570802,7.55685570802,7.55685570807,7.55685570807,7.556855708,7.556855708,7.556855708041,7.556855708041,7.55685570807,7.55685570798,7.55685570803,7.55685570803,7.55685570805,7.55685570805,7.55685570804,7.556855708041,7.556855708041,7.556855708,7.556855708,7.55685570864,7.55685570864,7.55685570866,7.55685570866,7.55685570866,7.55685570862,7.5568557086,7.5568557086,7.5568557086,7.5568557087,7.556855708665,7.556855708665,7.5568557086,7.5568557083,7.5568557083,7.55685570793,7.55685570833,7.55685570833,7.55685570823,7.55685570823,7.55685570843,7.55685570839,7.55685570843,7.55685570843,7.55685570839,7.55685570839,7.55685570859,7.55685570805,7.55685570875,7.55685570875,7.55685570873,7.55685570873,7.55685570878,7.55685570835,7.55685570832,7.55685570828,7.55685570828,7.55685570827,7.55685570827,7.556855708254,7.556855708254,7.5568557082,7.5568557083,7.5568557083,7.5568557083,7.5568557083,7.5568557081,7.5568557086
"t26",3.810698798,3.810698798,3.81069879804,3.81069879804,3.810698798037,3.810698798037,3.81069879803,3.3752911769,3.3752911769,3.3752911768,3.3752911768,3.3752911768,3.3752911768,3.3752911768,2.2655039945,2.26550399451,2.26550399451,1.09315237729,1.09315237729,1.0931523773,0,3.17053851241,3.17053851241,3.17053851191,3.17053851191,3.1705385119,3.17053851186,3.17053851186,3.17053851186,3.1705385119,6.6302956912,6.6302956912,7.55685570812,7.55685570812,7.55685570812,7.55685570817,7.55685570817,7.5568557081,7.5568557081,7.556855708141,7.556855708141,7.55685570817,7.55685570808,7.55685570813,7.55685570813,7.55685570815,7.55685570815,7.55685570814,7.556855708141,7.556855708141,7.5568557081,7.5568557081,7.55685570874,7.55685570874,7.55685570876,7.55685570876,7.55685570876,7.55685570872,7.5568557087,7.5568557087,7.5568557087,7.5568557088,7.556855708765,7.556855708765,7.5568557087,7.5568557084,7.5568557084,7.55685570803,7.55685570843,7.55685570843,7.55685570833,7.55685570833,7.55685570853,7.55685570849,7.55685570853,7.55685570853,7.55685570849,7.55685570849,7.55685570869,7.55685570815,7.55685570885,7.55685570885,7.55685570883,7.55685570883,7.55685570888,7.55685570845,7.55685570842,7.55685570838,7.55685570838,7.55685570837,7.55685570837,7.556855708354,7.556855708354,7.5568557083,7.5568557084,7.5568557084,7.5568557084,7.5568557084,7.5568557082,7.5568557087
"t85",3.81069879841,3.81069879841,3.81069879845,3.81069879845,3.810698798447,3.810698798447,3.81069879844,3.37529117731,3.37529117731,3.37529117721,3.37529117721,3.37529117721,3.37529117721,3.37529117721,3.17053851231,3.17053851232,3.17053851232,3.1705385123,3.1705385123,3.17053851231,3.17053851241,0,0.05115666042,2.45880751992,2.45880751992,2.45880751991,2.61612860467,2.61612860467,2.61612860467,2.61612860471,6.63029569161,6.63029569161,7.55685570853,7.55685570853,7.55685570853,7.55685570858,7.55685570858,7.55685570851,7.55685570851,7.556855708551,7.556855708551,7.55685570858,7.55685570849,7.55685570854,7.55685570854,7.55685570856,7.55685570856,7.55685570855,7.556855708551,7.556855708551,7.55685570851,7.55685570851,7.55685570915,7.55685570915,7.55685570917,7.55685570917,7.55685570917,7.55685570913,7.55685570911,7.55685570911,7.55685570911,7.55685570921,7.556855709175,7.556855709175,7.55685570911,7.55685570881,7.55685570881,7.55685570844,7.55685570884,7.55685570884,7.55685570874,7.55685570874,7.55685570894,7.5568557089,7.55685570894,7.55685570894,7.5568557089,7.5568557089,7.5568557091,7.55685570856,7.55685570926,7.55685570926,7.55685570924,7.55685570924,7.55685570929,7.55685570886,7.55685570883,7.55685570879,7.55685570879,7.55685570878,7.55685570878,7.556855708764,7.556855708764,7.55685570871,7.55685570881,7.55685570881,7.55685570881,7.55685570881,7.55685570861,7.55685570911
"t86",3.81069879841,3.81069879841,3.81069879845,3.81069879845,3.810698798447,3.810698798447,3.81069879844,3.37529117731,3.37529117731,3.37529117721,3.37529117721,3.37529117721,3.37529117721,3.37529117721,3.17053851231,3.17053851232,3.17053851232,3.1705385123,3.1705385123,3.17053851231,3.17053851241,0.05115666042,0,2.45880751992,2.45880751992,2.45880751991,2.61612860467,2.61612860467,2.61612860467,2.61612860471,6.63029569161,6.63029569161,7.55685570853,7.55685570853,7.55685570853,7.55685570858,7.55685570858,7.55685570851,7.55685570851,7.556855708551,7.556855708551,7.55685570858,7.55685570849,7.55685570854,7.55685570854,7.55685570856,7.55685570856,7.55685570855,7.556855708551,7.556855708551,7.55685570851,7.55685570851,7.55685570915,7.55685570915,7.55685570917,7.55685570917,7.55685570917,7.55685570913,7.55685570911,7.55685570911,7.55685570911,7.55685570921,7.556855709175,7.556855709175,7.55685570911,7.55685570881,7.55685570881,7.55685570844,7.55685570884,7.55685570884,7.55685570874,7.55685570874,7.55685570894,7.5568557089,7.55685570894,7.55685570894,7.5568557089,7.5568557089,7.5568557091,7.55685570856,7.55685570926,7.55685570926,7.55685570924,7.55685570924,7.55685570929,7.55685570886,7.55685570883,7.55685570879,7.55685570879,7.55685570878,7.55685570878,7.556855708764,7.556855708764,7.55685570871,7.55685570881,7.55685570881,7.55685570881,7.55685570881,7.55685570861,7.55685570911
"t36",3.81069879791,3.81069879791,3.81069879795,3.81069879795,3.810698797947,3.810698797947,3.81069879794,3.37529117681,3.37529117681,3.37529117671,3.37529117671,3.37529117671,3.37529117671,3.37529117671,3.17053851181,3.17053851182,3.17053851182,3.1705385118,3.1705385118,3.17053851181,3.17053851191,2.45880751992,2.45880751992,0,0.8470129034,0.98311678761,2.61612860417,2.61612860417,2.61612860417,2.61612860421,6.63029569111,6.63029569111,7.55685570803,7.55685570803,7.55685570803,7.55685570808,7.55685570808,7.55685570801,7.55685570801,7.556855708051,7.556855708051,7.55685570808,7.55685570799,7.55685570804,7.55685570804,7.55685570806,7.55685570806,7.55685570805,7.556855708051,7.556855708051,7.55685570801,7.55685570801,7.55685570865,7.55685570865,7.55685570867,7.55685570867,7.55685570867,7.55685570863,7.55685570861,7.55685570861,7.55685570861,7.55685570871,7.556855708675,7.556855708675,7.55685570861,7.55685570831,7.55685570831,7.55685570794,7.55685570834,7.55685570834,7.55685570824,7.55685570824,7.55685570844,7.5568557084,7.55685570844,7.55685570844,7.5568557084,7.5568557084,7.5568557086,7.55685570806,7.55685570876,7.55685570876,7.55685570874,7.55685570874,7.55685570879,7.55685570836,7.55685570833,7.55685570829,7.55685570829,7.55685570828,7.55685570828,7.556855708264,7.556855708264,7.55685570821,7.55685570831,7.55685570831,7.55685570831,7.55685570831,7.55685570811,7.55685570861
"t37",3.81069879791,3.81069879791,3.81069879795,3.81069879795,3.810698797947,3.810698797947,3.81069879794,3.37529117681,3.37529117681,3.37529117671,3.37529117671,3.37529117671,3.37529117671,3.37529117671,3.17053851181,3.17053851182,3.17053851182,3.1705385118,3.1705385118,3.17053851181,3.17053851191,2.45880751992,2.45880751992,0.8470129034,0,0.98311678761,2.61612860417,2.61612860417,2.61612860417,2.61612860421,6.63029569111,6.63029569111,7.55685570803,7.55685570803,7.55685570803,7.55685570808,7.55685570808,7.55685570801,7.55685570801,7.556855708051,7.556855708051,7.55685570808,7.55685570799,7.55685570804,7.55685570804,7.55685570806,7.55685570806,7.55685570805,7.556855708051,7.556855708051,7.55685570801,7.55685570801,7.55685570865,7.55685570865,7.55685570867,7.55685570867,7.55685570867,7.55685570863,7.55685570861,7.55685570861,7.55685570861,7.55685570871,7.556855708675,7.556855708675,7.55685570861,7.55685570831,7.55685570831,7.55685570794,7.55685570834,7.55685570834,7.55685570824,7.55685570824,7.55685570844,7.5568557084,7.55685570844,7.55685570844,7.5568557084,7.5568557084,7.5568557086,7.55685570806,7.55685570876,7.55685570876,7.55685570874,7.55685570874,7.55685570879,7.55685570836,7.55685570833,7.55685570829,7.55685570829,7.55685570828,7.55685570828,7.556855708264,7.556855708264,7.55685570821,7.55685570831,7.55685570831,7.55685570831,7.55685570831,7.55685570811,7.55685570861
"t32",3.8106987979,3.8106987979,3.81069879794,3.81069879794,3.810698797937,3.810698797937,3.81069879793,3.3752911768,3.3752911768,3.3752911767,3.3752911767,3.3752911767,3.3752911767,3.3752911767,3.1705385118,3.17053851181,3.17053851181,3.17053851179,3.17053851179,3.1705385118,3.1705385119,2.45880751991,2.45880751991,0.98311678761,0.98311678761,0,2.61612860416,2.61612860416,2.61612860416,2.6161286042,6.6302956911,6.6302956911,7.55685570802,7.55685570802,7.55685570802,7.55685570807,7.55685570807,7.556855708,7.556855708,7.556855708041,7.556855708041,7.55685570807,7.55685570798,7.55685570803,7.55685570803,7.55685570805,7.55685570805,7.55685570804,7.556855708041,7.556855708041,7.556855708,7.556855708,7.55685570864,7.55685570864,7.55685570866,7.55685570866,7.55685570866,7.55685570862,7.5568557086,7.5568557086,7.5568557086,7.5568557087,7.556855708665,7.556855708665,7.5568557086,7.5568557083,7.5568557083,7.55685570793,7.55685570833,7.55685570833,7.55685570823,7.55685570823,7.55685570843,7.55685570839,7.55685570843,7.55685570843,7.55685570839,7.55685570839,7.55685570859,7.55685570805,7.55685570875,7.55685570875,7.55685570873,7.55685570873,7.55685570878,7.55685570835,7.55685570832,7.55685570828,7.55685570828,7.55685570827,7.55685570827,7.556855708254,7.556855708254,7.5568557082,7.5568557083,7.5568557083,7.5568557083,7.5568557083,7.5568557081,7.5568557086
"t42",3.81069879786,3.81069879786,3.8106987979,3.8106987979,3.810698797897,3.810698797897,3.81069879789,3.37529117676,3.37529117676,3.37529117666,3.37529117666,3.37529117666,3.37529117666,3.37529117666,3.17053851176,3.17053851177,3.17053851177,3.17053851175,3.17053851175,3.17053851176,3.17053851186,2.61612860467,2.61612860467,2.61612860417,2.61612860417,2.61612860416,0,0.742390325,0.742390325,0.86887690536,6.63029569106,6.63029569106,7.55685570798,7.55685570798,7.55685570798,7.55685570803,7.55685570803,7.55685570796,7.55685570796,7.556855708001,7.556855708001,7.55685570803,7.55685570794,7.55685570799,7.55685570799,7.55685570801,7.55685570801,7.556855708,7.556855708001,7.556855708001,7.55685570796,7.55685570796,7.5568557086,7.5568557086,7.55685570862,7.55685570862,7.55685570862,7.55685570858,7.55685570856,7.55685570856,7.55685570856,7.55685570866,7.556855708625,7.556855708625,7.55685570856,7.55685570826,7.55685570826,7.55685570789,7.55685570829,7.55685570829,7.55685570819,7.55685570819,7.55685570839,7.55685570835,7.55685570839,7.55685570839,7.55685570835,7.55685570835,7.55685570855,7.55685570801,7.55685570871,7.55685570871,7.55685570869,7.55685570869,7.55685570874,7.55685570831,7.55685570828,7.55685570824,7.55685570824,7.55685570823,7.55685570823,7.556855708214,7.556855708214,7.55685570816,7.55685570826,7.55685570826,7.55685570826,7.55685570826,7.55685570806,7.55685570856
"t66",3.81069879786,3.81069879786,3.8106987979,3.8106987979,3.810698797897,3.810698797897,3.81069879789,3.37529117676,3.37529117676,3.37529117666,3.37529117666,3.37529117666,3.37529117666,3.37529117666,3.17053851176,3.17053851177,3.17053851177,3.17053851175,3.17053851175,3.17053851176,3.17053851186,2.61612860467,2.61612860467,2.61612860417,2.61612860417,2.61612860416,0.742390325,0,0.2937375386,0.86887690536,6.63029569106,6.63029569106,7.55685570798,7.55685570798,7.55685570798,7.55685570803,7.55685570803,7.55685570796,7.55685570796,7.556855708001,7.556855708001,7.55685570803,7.55685570794,7.55685570799,7.55685570799,7.55685570801,7.55685570801,7.556855708,7.556855708001,7.556855708001,7.55685570796,7.55685570796,7.5568557086,7.5568557086,7.55685570862,7.55685570862,7.55685570862,7.55685570858,7.55685570856,7.55685570856,7.55685570856,7.55685570866,7.556855708625,7.556855708625,7.55685570856,7.55685570826,7.55685570826,7.55685570789,7.55685570829,7.55685570829,7.55685570819,7.55685570819,7.55685570839,7.55685570835,7.55685570839,7.55685570839,7.55685570835,7.55685570835,7.55685570855,7.55685570801,7.55685570871,7.55685570871,7.55685570869,7.55685570869,7.55685570874,7.55685570831,7.55685570828,7.55685570824,7.55685570824,7.55685570823,7.55685570823,7.556855708214,7.556855708214,7.55685570816,7.55685570826,7.55685570826,7.55685570826,7.55685570826,7.55685570806,7.55685570856
