"","t79","t93","t94","t8","t38","t39","t18","t5","t26","t82","t87","t88","t77","t78","t27","t31","t32","t3","t37","t65","t66","t95","t96","t35","t36","t1","t2","t16","t17","t85","t86","t89","t90","t20","t10","t80","t81","t12","t13","t23","t24","t7","t19","t69","t70","t14","t25","t49","t97","t98","t47","t48","t30","t11","t52","t53","t91","t92","t43","t44","t34","t54","t55","t28","t29","t67","t68","t64","t21","t22","t45","t46","t9","t60","t61","t75","t76","t50","t51","t83","t84","t71","t72","t4","t15","t99","t100","t73","t74","t33","t41","t42","t40","t62","t63","t56","t57","t58","t59","t6"
"t79",0,0.20793291083,0.20793291083,3.77480846863,3.77480846863,3.77480846863,3.77480846853,3.77480846813,3.77480846861,3.774808468619,3.774808468619,3.774808468619,3.774808468639,3.774808468639,3.77480846857,3.7748084686,3.7748084686,3.7748084682,4.5480353634,4.5480353634,4.5480353634,4.54803536337,4.54803536337,4.5480353636,4.5480353636,5.9720810095,5.9720810095,5.97208100904,5.97208100904,5.97208100904,5.97208100904,5.972081009,5.972081009,5.97208100894,5.97208100884,5.97208100884,5.97208100884,5.9720810086,5.9720810086,5.9720810086,5.9720810086,5.97208100878,5.97208100913,5.97208100913,5.97208100913,5.97208100913,5.97208100912,5.97208100902,5.97208100904,5.97208100904,5.97208100913,5.97208100913,5.97208100913,5.97208100918,5.97208100908,5.97208100908,5.97208100917,5.97208100917,5.97208100913,5.97208100913,5.97208100913,5.97208100938,5.97208100938,5.9720810091,5.9720810091,5.97208100914,5.97208100914,5.9720810091,5.9720810091,5.9720810091,5.9720810091,5.9720810091,5.9720810095,5.9720810091,5.9720810091,5.97208100898,5.97208100898,5.97208100898,5.97208100898,5.97208100908,5.97208100908,5.9720810092,5.9720810092,5.9720810094,5.972081009,5.972081008949,5.972081008949,5.972081009,5.972081009,5.972081009,5.97208100902,5.97208100902,5.972081009,5.97208100907,5.97208100907,5.97208100906,5.97208100906,5.9720810089,5.9720810089,5.9720810088
"t93",0.20793291083,0,0.0923334203,3.77480846866,3.77480846866,3.77480846866,3.77480846856,3.77480846816,3.77480846864,3.774808468649,3.774808468649,3.774808468649,3.774808468669,3.774808468669,3.7748084686,3.77480846863,3.77480846863,3.77480846823,4.54803536343,4.54803536343,4.54803536343,4.5480353634,4.5480353634,4.54803536363,4.54803536363,5.97208100953,5.97208100953,5.97208100907,5.97208100907,5.97208100907,5.97208100907,5.97208100903,5.97208100903,5.97208100897,5.97208100887,5.97208100887,5.97208100887,5.97208100863,5.97208100863,5.97208100863,5.97208100863,5.97208100881,5.97208100916,5.97208100916,5.97208100916,5.97208100916,5.97208100915,5.97208100905,5.97208100907,5.97208100907,5.97208100916,5.97208100916,5.97208100916,5.97208100921,5.97208100911,5.97208100911,5.9720810092,5.9720810092,5.97208100916,5.97208100916,5.97208100916,5.97208100941,5.97208100941,5.97208100913,5.97208100913,5.97208100917,5.97208100917,5.97208100913,5.97208100913,5.97208100913,5.97208100913,5.97208100913,5.97208100953,5.97208100913,5.97208100913,5.97208100901,5.97208100901,5.97208100901,5.97208100901,5.97208100911,5.97208100911,5.97208100923,5.97208100923,5.97208100943,5.97208100903,5.972081008979,5.972081008979,5.97208100903,5.97208100903,5.97208100903,5.97208100905,5.97208100905,5.97208100903,5.9720810091,5.9720810091,5.97208100909,5.97208100909,5.97208100893,5.97208100893,5.97208100883
"t94",0.20793291083,0.0923334203,0,3.77480846866,3.77480846866,3.77480846866,3.77480846856,3.77480846816,3.77480846864,3.774808468649,3.774808468649,3.774808468649,3.774808468669,3.774808468669,3.7748084686,3.77480846863,3.77480846863,3.77480846823,4.54803536343,4.54803536343,4.54803536343,4.5480353634,4.5480353634,4.54803536363,4.54803536363,5.97208100953,5.97208100953,5.97208100907,5.97208100907,5.97208100907,5.97208100907,5.97208100903,5.97208100903,5.97208100897,5.97208100887,5.97208100887,5.97208100887,5.97208100863,5.97208100863,5.97208100863,5.97208100863,5.97208100881,5.97208100916,5.97208100916,5.97208100916,5.97208100916,5.97208100915,5.97208100905,5.97208100907,5.97208100907,5.97208100916,5.97208100916,5.97208100916,5.97208100921,5.97208100911,5.97208100911,5.9720810092,5.9720810092,5.97208100916,5.97208100916,5.97208100916,5.97208100941,5.97208100941,5.97208100913,5.97208100913,5.97208100917,5.97208100917,5.97208100913,5.97208100913,5.97208100913,5.97208100913,5.97208100913,5.97208100953,5.97208100913,5.97208100913,5.97208100901,5.97208100901,5.97208100901,5.97208100901,5.97208100911,5.97208100911,5.97208100923,5.97208100923,5.97208100943,5.97208100903,5.972081008979,5.972081008979,5.97208100903,5.97208100903,5.97208100903,5.97208100905,5.97208100905,5.97208100903,5.9720810091,5.9720810091,5.97208100909,5.97208100909,5.97208100893,5.97208100893,5.97208100883
"t8",3.77480846863,3.77480846866,3.77480846866,0,2.126006794,2.126006794,2.1260067939,2.4390638645,2.49991661642,2.499916616429,2.499916616429,2.499916616429,2.499916616449,2.499916616449,2.49991661638,2.59648482103,2.59648482103,3.17685296843,4.54803536323,4.54803536323,4.54803536323,4.5480353632,4.5480353632,4.54803536343,4.54803536343,5.97208100933,5.97208100933,5.97208100887,5.97208100887,5.97208100887,5.97208100887,5.97208100883,5.97208100883,5.97208100877,5.97208100867,5.97208100867,5.97208100867,5.97208100843,5.97208100843,5.97208100843,5.97208100843,5.97208100861,5.97208100896,5.97208100896,5.97208100896,5.97208100896,5.97208100895,5.97208100885,5.97208100887,5.97208100887,5.97208100896,5.97208100896,5.97208100896,5.97208100901,5.97208100891,5.97208100891,5.972081009,5.972081009,5.97208100896,5.97208100896,5.97208100896,5.97208100921,5.97208100921,5.97208100893,5.97208100893,5.97208100897,5.97208100897,5.97208100893,5.97208100893,5.97208100893,5.97208100893,5.97208100893,5.97208100933,5.97208100893,5.97208100893,5.97208100881,5.97208100881,5.97208100881,5.97208100881,5.97208100891,5.97208100891,5.97208100903,5.97208100903,5.97208100923,5.97208100883,5.972081008779,5.972081008779,5.97208100883,5.97208100883,5.97208100883,5.97208100885,5.97208100885,5.97208100883,5.9720810089,5.9720810089,5.97208100889,5.97208100889,5.97208100873,5.97208100873,5.97208100863
"t38",3.77480846863,3.77480846866,3.77480846866,2.126006794,0,0.9140981174,1.5755669435,2.4390638645,2.49991661642,2.499916616429,2.499916616429,2.499916616429,2.499916616449,2.499916616449,2.49991661638,2.59648482103,2.59648482103,3.17685296843,4.54803536323,4.54803536323,4.54803536323,4.5480353632,4.5480353632,4.54803536343,4.54803536343,5.97208100933,5.97208100933,5.97208100887,5.97208100887,5.97208100887,5.97208100887,5.97208100883,5.97208100883,5.97208100877,5.97208100867,5.97208100867,5.97208100867,5.97208100843,5.97208100843,5.97208100843,5.97208100843,5.97208100861,5.97208100896,5.97208100896,5.97208100896,5.97208100896,5.97208100895,5.97208100885,5.97208100887,5.97208100887,5.97208100896,5.97208100896,5.97208100896,5.97208100901,5.97208100891,5.97208100891,5.972081009,5.972081009,5.97208100896,5.97208100896,5.97208100896,5.97208100921,5.97208100921,5.97208100893,5.97208100893,5.97208100897,5.97208100897,5.97208100893,5.97208100893,5.97208100893,5.97208100893,5.97208100893,5.97208100933,5.97208100893,5.97208100893,5.97208100881,5.97208100881,5.97208100881,5.97208100881,5.97208100891,5.97208100891,5.97208100903,5.97208100903,5.97208100923,5.97208100883,5.972081008779,5.972081008779,5.97208100883,5.97208100883,5.97208100883,5.97208100885,5.97208100885,5.97208100883,5.9720810089,5.9720810089,5.97208100889,5.97208100889,5.97208100873,5.97208100873,5.97208100863
"t39",3.77480846863,3.77480846866,3.77480846866,2.126006794,0.9140981174,0,1.5755669435,2.4390638645,2.49991661642,2.499916616429,2.499916616429,2.499916616429,2.499916616449,2.499916616449,2.49991661638,2.59648482103,2.59648482103,3.17685296843,4.54803536323,4.54803536323,4.54803536323,4.5480353632,4.5480353632,4.54803536343,4.54803536343,5.97208100933,5.97208100933,5.97208100887,5.97208100887,5.97208100887,5.97208100887,5.97208100883,5.97208100883,5.97208100877,5.97208100867,5.97208100867,5.97208100867,5.97208100843,5.97208100843,5.97208100843,5.97208100843,5.97208100861,5.97208100896,5.97208100896,5.97208100896,5.97208100896,5.97208100895,5.97208100885,5.97208100887,5.97208100887,5.97208100896,5.97208100896,5.97208100896,5.97208100901,5.97208100891,5.97208100891,5.972081009,5.972081009,5.97208100896,5.97208100896,5.97208100896,5.97208100921,5.97208100921,5.97208100893,5.97208100893,5.97208100897,5.97208100897,5.97208100893,5.97208100893,5.97208100893,5.97208100893,5.97208100893,5.97208100933,5.97208100893,5.97208100893,5.97208100881,5.97208100881,5.97208100881,5.97208100881,5.97208100891,5.97208100891,5.97208100903,5.97208100903,5.97208100923,5.97208100883,5.972081008779,5.972081008779,5.97208100883,5.97208100883,5.97208100883,5.97208100885,5.97208100885,5.97208100883,5.9720810089,5.9720810089,5.97208100889,5.97208100889,5.97208100873,5.97208100873,5.97208100863
"t18",3.77480846853,3.77480846856,3.77480846856,2.1260067939,1.5755669435,1.5755669435,0,2.4390638644,2.49991661632,2.499916616329,2.499916616329,2.499916616329,2.499916616349,2.499916616349,2.49991661628,2.59648482093,2.59648482093,3.17685296833,4.54803536313,4.54803536313,4.54803536313,4.5480353631,4.5480353631,4.54803536333,4.54803536333,5.97208100923,5.97208100923,5.97208100877,5.97208100877,5.97208100877,5.97208100877,5.97208100873,5.97208100873,5.97208100867,5.97208100857,5.97208100857,5.97208100857,5.97208100833,5.97208100833,5.97208100833,5.97208100833,5.97208100851,5.97208100886,5.97208100886,5.97208100886,5.97208100886,5.97208100885,5.97208100875,5.97208100877,5.97208100877,5.97208100886,5.97208100886,5.97208100886,5.97208100891,5.97208100881,5.97208100881,5.9720810089,5.9720810089,5.97208100886,5.97208100886,5.97208100886,5.97208100911,5.97208100911,5.97208100883,5.97208100883,5.97208100887,5.97208100887,5.97208100883,5.97208100883,5.97208100883,5.97208100883,5.97208100883,5.97208100923,5.97208100883,5.97208100883,5.97208100871,5.97208100871,5.97208100871,5.97208100871,5.97208100881,5.97208100881,5.97208100893,5.97208100893,5.97208100913,5.97208100873,5.972081008679,5.972081008679,5.97208100873,5.97208100873,5.97208100873,5.97208100875,5.97208100875,5.97208100873,5.9720810088,5.9720810088,5.97208100879,5.97208100879,5.97208100863,5.97208100863,5.97208100853
"t5",3.77480846813,3.77480846816,3.77480846816,2.4390638645,2.4390638645,2.4390638645,2.4390638644,0,2.49991661592,2.499916615929,2.499916615929,2.499916615929,2.499916615949,2.499916615949,2.49991661588,2.59648482053,2.59648482053,3.17685296793,4.54803536273,4.54803536273,4.54803536273,4.5480353627,4.5480353627,4.54803536293,4.54803536293,5.97208100883,5.97208100883,5.97208100837,5.97208100837,5.97208100837,5.97208100837,5.97208100833,5.97208100833,5.97208100827,5.97208100817,5.97208100817,5.97208100817,5.97208100793,5.97208100793,5.97208100793,5.97208100793,5.97208100811,5.97208100846,5.97208100846,5.97208100846,5.97208100846,5.97208100845,5.97208100835,5.97208100837,5.97208100837,5.97208100846,5.97208100846,5.97208100846,5.97208100851,5.97208100841,5.97208100841,5.9720810085,5.9720810085,5.97208100846,5.97208100846,5.97208100846,5.97208100871,5.97208100871,5.97208100843,5.97208100843,5.97208100847,5.97208100847,5.97208100843,5.97208100843,5.97208100843,5.97208100843,5.97208100843,5.97208100883,5.97208100843,5.97208100843,5.97208100831,5.97208100831,5.97208100831,5.97208100831,5.97208100841,5.97208100841,5.97208100853,5.97208100853,5.97208100873,5.97208100833,5.972081008279,5.972081008279,5.97208100833,5.97208100833,5.97208100833,5.97208100835,5.97208100835,5.97208100833,5.9720810084,5.9720810084,5.97208100839,5.97208100839,5.97208100823,5.97208100823,5.97208100813
"t26",3.77480846861,3.77480846864,3.77480846864,2.49991661642,2.49991661642,2.49991661642,2.49991661632,2.49991661592,0,1.233711868409,1.233711868409,1.233711868409,1.233711868429,1.233711868429,1.23371186836,2.59648482101,2.59648482101,3.17685296841,4.54803536321,4.54803536321,4.54803536321,4.54803536318,4.54803536318,4.54803536341,4.54803536341,5.97208100931,5.97208100931,5.97208100885,5.97208100885,5.97208100885,5.97208100885,5.97208100881,5.97208100881,5.97208100875,5.97208100865,5.97208100865,5.97208100865,5.97208100841,5.97208100841,5.97208100841,5.97208100841,5.97208100859,5.97208100894,5.97208100894,5.97208100894,5.97208100894,5.97208100893,5.97208100883,5.97208100885,5.97208100885,5.97208100894,5.97208100894,5.97208100894,5.97208100899,5.97208100889,5.97208100889,5.97208100898,5.97208100898,5.97208100894,5.97208100894,5.97208100894,5.97208100919,5.97208100919,5.97208100891,5.97208100891,5.97208100895,5.97208100895,5.97208100891,5.97208100891,5.97208100891,5.97208100891,5.97208100891,5.97208100931,5.97208100891,5.97208100891,5.97208100879,5.97208100879,5.97208100879,5.97208100879,5.97208100889,5.97208100889,5.97208100901,5.97208100901,5.97208100921,5.97208100881,5.972081008759,5.972081008759,5.97208100881,5.97208100881,5.97208100881,5.97208100883,5.97208100883,5.97208100881,5.97208100888,5.97208100888,5.97208100887,5.97208100887,5.97208100871,5.97208100871,5.97208100861
"t82",3.774808468619,3.774808468649,3.774808468649,2.499916616429,2.499916616429,2.499916616429,2.499916616329,2.499916615929,1.233711868409,0,0.17767590516,0.17767590516,1.17061482358,1.17061482358,1.185128653449,2.596484821019,2.596484821019,3.176852968419,4.548035363219,4.548035363219,4.548035363219,4.548035363189,4.548035363189,4.548035363419,4.548035363419,5.972081009319,5.972081009319,5.972081008859,5.972081008859,5.972081008859,5.972081008859,5.972081008819,5.972081008819,5.972081008759,5.972081008659,5.972081008659,5.972081008659,5.972081008419,5.972081008419,5.972081008419,5.972081008419,5.972081008599,5.972081008949,5.972081008949,5.972081008949,5.972081008949,5.972081008939,5.972081008839,5.972081008859,5.972081008859,5.972081008949,5.972081008949,5.972081008949,5.972081008999,5.972081008899,5.972081008899,5.972081008989,5.972081008989,5.972081008949,5.972081008949,5.972081008949,5.972081009199,5.972081009199,5.972081008919,5.972081008919,5.972081008959,5.972081008959,5.972081008919,5.972081008919,5.972081008919,5.972081008919,5.972081008919,5.972081009319,5.972081008919,5.972081008919,5.972081008799,5.972081008799,5.972081008799,5.972081008799,5.972081008899,5.972081008899,5.972081009019,5.972081009019,5.972081009219,5.972081008819,5.972081008768,5.972081008768,5.972081008819,5.972081008819,5.972081008819,5.972081008839,5.972081008839,5.972081008819,5.972081008889,5.972081008889,5.972081008879,5.972081008879,5.972081008719,5.972081008719,5.972081008619
"t87",3.774808468619,3.774808468649,3.774808468649,2.499916616429,2.499916616429,2.499916616429,2.499916616329,2.499916615929,1.233711868409,0.17767590516,0,0.11188058772,1.17061482358,1.17061482358,1.185128653449,2.596484821019,2.596484821019,3.176852968419,4.548035363219,4.548035363219,4.548035363219,4.548035363189,4.548035363189,4.548035363419,4.548035363419,5.972081009319,5.972081009319,5.972081008859,5.972081008859,5.972081008859,5.972081008859,5.972081008819,5.972081008819,5.972081008759,5.972081008659,5.972081008659,5.972081008659,5.972081008419,5.972081008419,5.972081008419,5.972081008419,5.972081008599,5.972081008949,5.972081008949,5.972081008949,5.972081008949,5.972081008939,5.972081008839,5.972081008859,5.972081008859,5.972081008949,5.972081008949,5.972081008949,5.972081008999,5.972081008899,5.972081008899,5.972081008989,5.972081008989,5.972081008949,5.972081008949,5.972081008949,5.972081009199,5.972081009199,5.972081008919,5.972081008919,5.972081008959,5.972081008959,5.972081008919,5.972081008919,5.972081008919,5.972081008919,5.972081008919,5.972081009319,5.972081008919,5.972081008919,5.972081008799,5.972081008799,5.972081008799,5.972081008799,5.972081008899,5.972081008899,5.972081009019,5.972081009019,5.972081009219,5.972081008819,5.972081008768,5.972081008768,5.972081008819,5.972081008819,5.972081008819,5.972081008839,5.972081008839,5.972081008819,5.972081008889,5.972081008889,5.972081008879,5.972081008879,5.972081008719,5.972081008719,5.972081008619
"t88",3.774808468619,3.774808468649,3.774808468649,2.499916616429,2.499916616429,2.499916616429,2.499916616329,2.499916615929,1.233711868409,0.17767590516,0.11188058772,0,1.17061482358,1.17061482358,1.185128653449,2.596484821019,2.596484821019,3.176852968419,4.548035363219,4.548035363219,4.548035363219,4.548035363189,4.548035363189,4.548035363419,4.548035363419,5.972081009319,5.972081009319,5.972081008859,5.972081008859,5.972081008859,5.972081008859,5.972081008819,5.972081008819,5.972081008759,5.972081008659,5.972081008659,5.972081008659,5.972081008419,5.972081008419,5.972081008419,5.972081008419,5.972081008599,5.972081008949,5.972081008949,5.972081008949,5.972081008949,5.972081008939,5.972081008839,5.972081008859,5.972081008859,5.972081008949,5.972081008949,5.972081008949,5.972081008999,5.972081008899,5.972081008899,5.972081008989,5.972081008989,5.972081008949,5.972081008949,5.972081008949,5.972081009199,5.972081009199,5.972081008919,5.972081008919,5.972081008959,5.972081008959,5.972081008919,5.972081008919,5.972081008919,5.972081008919,5.972081008919,5.972081009319,5.972081008919,5.972081008919,5.972081008799,5.972081008799,5.972081008799,5.972081008799,5.972081008899,5.972081008899,5.972081009019,5.972081009019,5.972081009219,5.972081008819,5.972081008768,5.972081008768,5.972081008819,5.972081008819,5.972081008819,5.972081008839,5.972081008839,5.972081008819,5.972081008889,5.972081008889,5.972081008879,5.972081008879,5.972081008719,5.972081008719,5.972081008619
"t77",3.774808468639,3.774808468669,3.774808468669,2.499916616449,2.499916616449,2.499916616449,2.499916616349,2.499916615949,1.233711868429,1.17061482358,1.17061482358,1.17061482358,0,0.2443290556,1.185128653469,2.596484821039,2.596484821039,3.176852968439,4.548035363239,4.548035363239,4.548035363239,4.548035363209,4.548035363209,4.548035363439,4.548035363439,5.972081009339,5.972081009339,5.972081008879,5.972081008879,5.972081008879,5.972081008879,5.972081008839,5.972081008839,5.972081008779,5.972081008679,5.972081008679,5.972081008679,5.972081008439,5.972081008439,5.972081008439,5.972081008439,5.972081008619,5.972081008969,5.972081008969,5.972081008969,5.972081008969,5.972081008959,5.972081008859,5.972081008879,5.972081008879,5.972081008969,5.972081008969,5.972081008969,5.972081009019,5.972081008919,5.972081008919,5.972081009009,5.972081009009,5.972081008969,5.972081008969,5.972081008969,5.972081009219,5.972081009219,5.972081008939,5.972081008939,5.972081008979,5.972081008979,5.972081008939,5.972081008939,5.972081008939,5.972081008939,5.972081008939,5.972081009339,5.972081008939,5.972081008939,5.972081008819,5.972081008819,5.972081008819,5.972081008819,5.972081008919,5.972081008919,5.972081009039,5.972081009039,5.972081009239,5.972081008839,5.972081008788,5.972081008788,5.972081008839,5.972081008839,5.972081008839,5.972081008859,5.972081008859,5.972081008839,5.972081008909,5.972081008909,5.972081008899,5.972081008899,5.972081008739,5.972081008739,5.972081008639
"t78",3.774808468639,3.774808468669,3.774808468669,2.499916616449,2.499916616449,2.499916616449,2.499916616349,2.499916615949,1.233711868429,1.17061482358,1.17061482358,1.17061482358,0.2443290556,0,1.185128653469,2.596484821039,2.596484821039,3.176852968439,4.548035363239,4.548035363239,4.548035363239,4.548035363209,4.548035363209,4.548035363439,4.548035363439,5.972081009339,5.972081009339,5.972081008879,5.972081008879,5.972081008879,5.972081008879,5.972081008839,5.972081008839,5.972081008779,5.972081008679,5.972081008679,5.972081008679,5.972081008439,5.972081008439,5.972081008439,5.972081008439,5.972081008619,5.972081008969,5.972081008969,5.972081008969,5.972081008969,5.972081008959,5.972081008859,5.972081008879,5.972081008879,5.972081008969,5.972081008969,5.972081008969,5.972081009019,5.972081008919,5.972081008919,5.972081009009,5.972081009009,5.972081008969,5.972081008969,5.972081008969,5.972081009219,5.972081009219,5.972081008939,5.972081008939,5.972081008979,5.972081008979,5.972081008939,5.972081008939,5.972081008939,5.972081008939,5.972081008939,5.972081009339,5.972081008939,5.972081008939,5.972081008819,5.972081008819,5.972081008819,5.972081008819,5.972081008919,5.972081008919,5.972081009039,5.972081009039,5.972081009239,5.972081008839,5.972081008788,5.972081008788,5.972081008839,5.972081008839,5.972081008839,5.972081008859,5.972081008859,5.972081008839,5.972081008909,5.972081008909,5.972081008899,5.972081008899,5.972081008739,5.972081008739,5.972081008639
"t27",3.77480846857,3.7748084686,3.7748084686,2.49991661638,2.49991661638,2.49991661638,2.49991661628,2.49991661588,1.23371186836,1.185128653449,1.185128653449,1.185128653449,1.185128653469,1.185128653469,0,2.59648482097,2.59648482097,3.17685296837,4.54803536317,4.54803536317,4.54803536317,4.54803536314,4.54803536314,4.54803536337,4.54803536337,5.97208100927,5.97208100927,5.97208100881,5.97208100881,5.97208100881,5.97208100881,5.97208100877,5.97208100877,5.97208100871,5.97208100861,5.97208100861,5.97208100861,5.97208100837,5.97208100837,5.97208100837,5.97208100837,5.97208100855,5.9720810089,5.9720810089,5.9720810089,5.9720810089,5.97208100889,5.97208100879,5.97208100881,5.97208100881,5.9720810089,5.9720810089,5.9720810089,5.97208100895,5.97208100885,5.97208100885,5.97208100894,5.97208100894,5.9720810089,5.9720810089,5.9720810089,5.97208100915,5.97208100915,5.97208100887,5.97208100887,5.97208100891,5.97208100891,5.97208100887,5.97208100887,5.97208100887,5.97208100887,5.97208100887,5.97208100927,5.97208100887,5.97208100887,5.97208100875,5.97208100875,5.97208100875,5.97208100875,5.97208100885,5.97208100885,5.97208100897,5.97208100897,5.97208100917,5.97208100877,5.972081008719,5.972081008719,5.97208100877,5.97208100877,5.97208100877,5.97208100879,5.97208100879,5.97208100877,5.97208100884,5.97208100884,5.97208100883,5.97208100883,5.97208100867,5.97208100867,5.97208100857
"t31",3.7748084686,3.77480846863,3.77480846863,2.59648482103,2.59648482103,2.59648482103,2.59648482093,2.59648482053,2.59648482101,2.596484821019,2.596484821019,2.596484821019,2.596484821039,2.596484821039,2.59648482097,0,1.0546289058,3.1768529684,4.5480353632,4.5480353632,4.5480353632,4.54803536317,4.54803536317,4.5480353634,4.5480353634,5.9720810093,5.9720810093,5.97208100884,5.97208100884,5.97208100884,5.97208100884,5.9720810088,5.9720810088,5.97208100874,5.97208100864,5.97208100864,5.97208100864,5.9720810084,5.9720810084,5.9720810084,5.9720810084,5.97208100858,5.97208100893,5.97208100893,5.97208100893,5.97208100893,5.97208100892,5.97208100882,5.97208100884,5.97208100884,5.97208100893,5.97208100893,5.97208100893,5.97208100898,5.97208100888,5.97208100888,5.97208100897,5.97208100897,5.97208100893,5.97208100893,5.97208100893,5.97208100918,5.97208100918,5.9720810089,5.9720810089,5.97208100894,5.97208100894,5.9720810089,5.9720810089,5.9720810089,5.9720810089,5.9720810089,5.9720810093,5.9720810089,5.9720810089,5.97208100878,5.97208100878,5.97208100878,5.97208100878,5.97208100888,5.97208100888,5.972081009,5.972081009,5.9720810092,5.9720810088,5.972081008749,5.972081008749,5.9720810088,5.9720810088,5.9720810088,5.97208100882,5.97208100882,5.9720810088,5.97208100887,5.97208100887,5.97208100886,5.97208100886,5.9720810087,5.9720810087,5.9720810086
"t32",3.7748084686,3.77480846863,3.77480846863,2.59648482103,2.59648482103,2.59648482103,2.59648482093,2.59648482053,2.59648482101,2.596484821019,2.596484821019,2.596484821019,2.596484821039,2.596484821039,2.59648482097,1.0546289058,0,3.1768529684,4.5480353632,4.5480353632,4.5480353632,4.54803536317,4.54803536317,4.5480353634,4.5480353634,5.9720810093,5.9720810093,5.97208100884,5.97208100884,5.97208100884,5.97208100884,5.9720810088,5.9720810088,5.97208100874,5.97208100864,5.97208100864,5.97208100864,5.9720810084,5.9720810084,5.9720810084,5.9720810084,5.97208100858,5.97208100893,5.97208100893,5.97208100893,5.97208100893,5.97208100892,5.97208100882,5.97208100884,5.97208100884,5.97208100893,5.97208100893,5.97208100893,5.97208100898,5.97208100888,5.97208100888,5.97208100897,5.97208100897,5.97208100893,5.97208100893,5.97208100893,5.97208100918,5.97208100918,5.9720810089,5.9720810089,5.97208100894,5.97208100894,5.9720810089,5.9720810089,5.9720810089,5.9720810089,5.9720810089,5.9720810093,5.9720810089,5.9720810089,5.97208100878,5.97208100878,5.97208100878,5.97208100878,5.97208100888,5.97208100888,5.972081009,5.972081009,5.9720810092,5.9720810088,5.972081008749,5.972081008749,5.9720810088,5.9720810088,5.9720810088,5.97208100882,5.97208100882,5.9720810088,5.97208100887,5.97208100887,5.97208100886,5.97208100886,5.9720810087,5.9720810087,5.9720810086
"t3",3.7748084682,3.77480846823,3.77480846823,3.17685296843,3.17685296843,3.17685296843,3.17685296833,3.17685296793,3.17685296841,3.176852968419,3.176852968419,3.176852968419,3.176852968439,3.176852968439,3.17685296837,3.1768529684,3.1768529684,0,4.5480353628,4.5480353628,4.5480353628,4.54803536277,4.54803536277,4.548035363,4.548035363,5.9720810089,5.9720810089,5.97208100844,5.97208100844,5.97208100844,5.97208100844,5.9720810084,5.9720810084,5.97208100834,5.97208100824,5.97208100824,5.97208100824,5.972081008,5.972081008,5.972081008,5.972081008,5.97208100818,5.97208100853,5.97208100853,5.97208100853,5.97208100853,5.97208100852,5.97208100842,5.97208100844,5.97208100844,5.97208100853,5.97208100853,5.97208100853,5.97208100858,5.97208100848,5.97208100848,5.97208100857,5.97208100857,5.97208100853,5.97208100853,5.97208100853,5.97208100878,5.97208100878,5.9720810085,5.9720810085,5.97208100854,5.97208100854,5.9720810085,5.9720810085,5.9720810085,5.9720810085,5.9720810085,5.9720810089,5.9720810085,5.9720810085,5.97208100838,5.97208100838,5.97208100838,5.97208100838,5.97208100848,5.97208100848,5.9720810086,5.9720810086,5.9720810088,5.9720810084,5.972081008349,5.972081008349,5.9720810084,5.9720810084,5.9720810084,5.97208100842,5.97208100842,5.9720810084,5.97208100847,5.97208100847,5.97208100846,5.97208100846,5.9720810083,5.9720810083,5.9720810082
"t37",4.5480353634,4.54803536343,4.54803536343,4.54803536323,4.54803536323,4.54803536323,4.54803536313,4.54803536273,4.54803536321,4.548035363219,4.548035363219,4.548035363219,4.548035363239,4.548035363239,4.54803536317,4.5480353632,4.5480353632,4.5480353628,0,0.980104428,0.980104428,0.98010442797,0.98010442797,3.0972685942,3.0972685942,5.9720810095,5.9720810095,5.97208100904,5.97208100904,5.97208100904,5.97208100904,5.972081009,5.972081009,5.97208100894,5.97208100884,5.97208100884,5.97208100884,5.9720810086,5.9720810086,5.9720810086,5.9720810086,5.97208100878,5.97208100913,5.97208100913,5.97208100913,5.97208100913,5.97208100912,5.97208100902,5.97208100904,5.97208100904,5.97208100913,5.97208100913,5.97208100913,5.97208100918,5.97208100908,5.97208100908,5.97208100917,5.97208100917,5.97208100913,5.97208100913,5.97208100913,5.97208100938,5.97208100938,5.9720810091,5.9720810091,5.97208100914,5.97208100914,5.9720810091,5.9720810091,5.9720810091,5.9720810091,5.9720810091,5.9720810095,5.9720810091,5.9720810091,5.97208100898,5.97208100898,5.97208100898,5.97208100898,5.97208100908,5.97208100908,5.9720810092,5.9720810092,5.9720810094,5.972081009,5.972081008949,5.972081008949,5.972081009,5.972081009,5.972081009,5.97208100902,5.97208100902,5.972081009,5.97208100907,5.97208100907,5.97208100906,5.97208100906,5.9720810089,5.9720810089,5.9720810088
"t65",4.5480353634,4.54803536343,4.54803536343,4.54803536323,4.54803536323,4.54803536323,4.54803536313,4.54803536273,4.54803536321,4.548035363219,4.548035363219,4.548035363219,4.548035363239,4.548035363239,4.54803536317,4.5480353632,4.5480353632,4.5480353628,0.980104428,0,0.39315369,0.67302536377,0.67302536377,3.0972685942,3.0972685942,5.9720810095,5.9720810095,5.97208100904,5.97208100904,5.97208100904,5.97208100904,5.972081009,5.972081009,5.97208100894,5.97208100884,5.97208100884,5.97208100884,5.9720810086,5.9720810086,5.9720810086,5.9720810086,5.97208100878,5.97208100913,5.97208100913,5.97208100913,5.97208100913,5.97208100912,5.97208100902,5.97208100904,5.97208100904,5.97208100913,5.97208100913,5.97208100913,5.97208100918,5.97208100908,5.97208100908,5.97208100917,5.97208100917,5.97208100913,5.97208100913,5.97208100913,5.97208100938,5.97208100938,5.9720810091,5.9720810091,5.97208100914,5.97208100914,5.9720810091,5.9720810091,5.9720810091,5.9720810091,5.9720810091,5.9720810095,5.9720810091,5.9720810091,5.97208100898,5.97208100898,5.97208100898,5.97208100898,5.97208100908,5.97208100908,5.9720810092,5.9720810092,5.9720810094,5.972081009,5.972081008949,5.972081008949,5.972081009,5.972081009,5.972081009,5.97208100902,5.97208100902,5.972081009,5.97208100907,5.97208100907,5.97208100906,5.97208100906,5.9720810089,5.9720810089,5.9720810088
"t66",4.5480353634,4.54803536343,4.54803536343,4.54803536323,4.54803536323,4.54803536323,4.54803536313,4.54803536273,4.54803536321,4.548035363219,4.548035363219,4.548035363219,4.548035363239,4.548035363239,4.54803536317,4.5480353632,4.5480353632,4.5480353628,0.980104428,0.39315369,0,0.67302536377,0.67302536377,3.0972685942,3.0972685942,5.9720810095,5.9720810095,5.97208100904,5.97208100904,5.97208100904,5.97208100904,5.972081009,5.972081009,5.97208100894,5.97208100884,5.97208100884,5.97208100884,5.9720810086,5.9720810086,5.9720810086,5.9720810086,5.97208100878,5.97208100913,5.97208100913,5.97208100913,5.97208100913,5.97208100912,5.97208100902,5.97208100904,5.97208100904,5.97208100913,5.97208100913,5.97208100913,5.97208100918,5.97208100908,5.97208100908,5.97208100917,5.97208100917,5.97208100913,5.97208100913,5.97208100913,5.97208100938,5.97208100938,5.9720810091,5.9720810091,5.97208100914,5.97208100914,5.9720810091,5.9720810091,5.9720810091,5.9720810091,5.9720810091,5.9720810095,5.9720810091,5.9720810091,5.97208100898,5.97208100898,5.97208100898,5.97208100898,5.97208100908,5.97208100908,5.9720810092,5.9720810092,5.9720810094,5.972081009,5.972081008949,5.972081008949,5.972081009,5.972081009,5.972081009,5.97208100902,5.97208100902,5.972081009,5.97208100907,5.97208100907,5.97208100906,5.97208100906,5.9720810089,5.9720810089,5.9720810088
"t95",4.54803536337,4.5480353634,4.5480353634,4.5480353632,4.5480353632,4.5480353632,4.5480353631,4.5480353627,4.54803536318,4.548035363189,4.548035363189,4.548035363189,4.548035363209,4.548035363209,4.54803536314,4.54803536317,4.54803536317,4.54803536277,0.98010442797,0.67302536377,0.67302536377,0,0.07889410034,3.09726859417,3.09726859417,5.97208100947,5.97208100947,5.97208100901,5.97208100901,5.97208100901,5.97208100901,5.97208100897,5.97208100897,5.97208100891,5.97208100881,5.97208100881,5.97208100881,5.97208100857,5.97208100857,5.97208100857,5.97208100857,5.97208100875,5.9720810091,5.9720810091,5.9720810091,5.9720810091,5.97208100909,5.97208100899,5.97208100901,5.97208100901,5.9720810091,5.9720810091,5.9720810091,5.97208100915,5.97208100905,5.97208100905,5.97208100914,5.97208100914,5.9720810091,5.9720810091,5.9720810091,5.97208100935,5.97208100935,5.97208100907,5.97208100907,5.97208100911,5.97208100911,5.97208100907,5.97208100907,5.97208100907,5.97208100907,5.97208100907,5.97208100947,5.97208100907,5.97208100907,5.97208100895,5.97208100895,5.97208100895,5.97208100895,5.97208100905,5.97208100905,5.97208100917,5.97208100917,5.97208100937,5.97208100897,5.972081008919,5.972081008919,5.97208100897,5.97208100897,5.97208100897,5.97208100899,5.97208100899,5.97208100897,5.97208100904,5.97208100904,5.97208100903,5.97208100903,5.97208100887,5.97208100887,5.97208100877
"t96",4.54803536337,4.5480353634,4.5480353634,4.5480353632,4.5480353632,4.5480353632,4.5480353631,4.5480353627,4.54803536318,4.548035363189,4.548035363189,4.548035363189,4.548035363209,4.548035363209,4.54803536314,4.54803536317,4.54803536317,4.54803536277,0.98010442797,0.67302536377,0.67302536377,0.07889410034,0,3.09726859417,3.09726859417,5.97208100947,5.97208100947,5.97208100901,5.97208100901,5.97208100901,5.97208100901,5.97208100897,5.97208100897,5.97208100891,5.97208100881,5.97208100881,5.97208100881,5.97208100857,5.97208100857,5.97208100857,5.97208100857,5.97208100875,5.9720810091,5.9720810091,5.9720810091,5.9720810091,5.97208100909,5.97208100899,5.97208100901,5.97208100901,5.9720810091,5.9720810091,5.9720810091,5.97208100915,5.97208100905,5.97208100905,5.97208100914,5.97208100914,5.9720810091,5.9720810091,5.9720810091,5.97208100935,5.97208100935,5.97208100907,5.97208100907,5.97208100911,5.97208100911,5.97208100907,5.97208100907,5.97208100907,5.97208100907,5.97208100907,5.97208100947,5.97208100907,5.97208100907,5.97208100895,5.97208100895,5.97208100895,5.97208100895,5.97208100905,5.97208100905,5.97208100917,5.97208100917,5.97208100937,5.97208100897,5.972081008919,5.972081008919,5.97208100897,5.97208100897,5.97208100897,5.97208100899,5.97208100899,5.97208100897,5.97208100904,5.97208100904,5.97208100903,5.97208100903,5.97208100887,5.97208100887,5.97208100877
"t35",4.5480353636,4.54803536363,4.54803536363,4.54803536343,4.54803536343,4.54803536343,4.54803536333,4.54803536293,4.54803536341,4.548035363419,4.548035363419,4.548035363419,4.548035363439,4.548035363439,4.54803536337,4.5480353634,4.5480353634,4.548035363,3.0972685942,3.0972685942,3.0972685942,3.09726859417,3.09726859417,0,1.0233053544,5.9720810097,5.9720810097,5.97208100924,5.97208100924,5.97208100924,5.97208100924,5.9720810092,5.9720810092,5.97208100914,5.97208100904,5.97208100904,5.97208100904,5.9720810088,5.9720810088,5.9720810088,5.9720810088,5.97208100898,5.97208100933,5.97208100933,5.97208100933,5.97208100933,5.97208100932,5.97208100922,5.97208100924,5.97208100924,5.97208100933,5.97208100933,5.97208100933,5.97208100938,5.97208100928,5.97208100928,5.97208100937,5.97208100937,5.97208100933,5.97208100933,5.97208100933,5.97208100958,5.97208100958,5.9720810093,5.9720810093,5.97208100934,5.97208100934,5.9720810093,5.9720810093,5.9720810093,5.9720810093,5.9720810093,5.9720810097,5.9720810093,5.9720810093,5.97208100918,5.97208100918,5.97208100918,5.97208100918,5.97208100928,5.97208100928,5.9720810094,5.9720810094,5.9720810096,5.9720810092,5.972081009149,5.972081009149,5.9720810092,5.9720810092,5.9720810092,5.97208100922,5.97208100922,5.9720810092,5.97208100927,5.97208100927,5.97208100926,5.97208100926,5.9720810091,5.9720810091,5.972081009
"t36",4.5480353636,4.54803536363,4.54803536363,4.54803536343,4.54803536343,4.54803536343,4.54803536333,4.54803536293,4.54803536341,4.548035363419,4.548035363419,4.548035363419,4.548035363439,4.548035363439,4.54803536337,4.5480353634,4.5480353634,4.548035363,3.0972685942,3.0972685942,3.0972685942,3.09726859417,3.09726859417,1.0233053544,0,5.9720810097,5.9720810097,5.97208100924,5.97208100924,5.97208100924,5.97208100924,5.9720810092,5.9720810092,5.97208100914,5.97208100904,5.97208100904,5.97208100904,5.9720810088,5.9720810088,5.9720810088,5.9720810088,5.97208100898,5.97208100933,5.97208100933,5.97208100933,5.97208100933,5.97208100932,5.97208100922,5.97208100924,5.97208100924,5.97208100933,5.97208100933,5.97208100933,5.97208100938,5.97208100928,5.97208100928,5.97208100937,5.97208100937,5.97208100933,5.97208100933,5.97208100933,5.97208100958,5.97208100958,5.9720810093,5.9720810093,5.97208100934,5.97208100934,5.9720810093,5.9720810093,5.9720810093,5.9720810093,5.9720810093,5.9720810097,5.9720810093,5.9720810093,5.97208100918,5.97208100918,5.97208100918,5.97208100918,5.97208100928,5.97208100928,5.9720810094,5.9720810094,5.9720810096,5.9720810092,5.972081009149,5.972081009149,5.9720810092,5.9720810092,5.9720810092,5.97208100922,5.97208100922,5.9720810092,5.97208100927,5.97208100927,5.97208100926,5.97208100926,5.9720810091,5.9720810091,5.972081009
"t1",5.9720810095,5.97208100953,5.97208100953,5.97208100933,5.97208100933,5.97208100933,5.97208100923,5.97208100883,5.97208100931,5.972081009319,5.972081009319,5.972081009319,5.972081009339,5.972081009339,5.97208100927,5.9720810093,5.9720810093,5.9720810089,5.9720810095,5.9720810095,5.9720810095,5.97208100947,5.97208100947,5.9720810097,5.9720810097,0,5.420703276,5.42070327554,5.42070327554,5.42070327554,5.42070327554,5.4207032755,5.4207032755,5.42070327544,5.42070327534,5.42070327534,5.42070327534,5.4207032751,5.4207032751,5.4207032751,5.4207032751,5.66622933388,5.66622933423,5.66622933423,5.66622933423,5.66622933423,5.66622933422,5.66622933412,5.66622933414,5.66622933414,5.66622933423,5.66622933423,5.66622933423,5.66622933428,5.66622933418,5.66622933418,5.66622933427,5.66622933427,5.66622933423,5.66622933423,5.66622933423,5.66622933448,5.66622933448,5.6662293342,5.6662293342,5.66622933424,5.66622933424,5.6662293342,5.6662293342,5.6662293342,5.6662293342,5.6662293342,5.6662293346,5.6662293342,5.6662293342,5.66622933408,5.66622933408,5.66622933408,5.66622933408,5.66622933418,5.66622933418,5.6662293343,5.6662293343,5.6662293345,5.6662293341,5.666229334049,5.666229334049,5.6662293341,5.6662293341,5.6662293341,5.66622933412,5.66622933412,5.6662293341,5.66622933417,5.66622933417,5.66622933416,5.66622933416,5.666229334,5.666229334,5.6662293339
"t2",5.9720810095,5.97208100953,5.97208100953,5.97208100933,5.97208100933,5.97208100933,5.97208100923,5.97208100883,5.97208100931,5.972081009319,5.972081009319,5.972081009319,5.972081009339,5.972081009339,5.97208100927,5.9720810093,5.9720810093,5.9720810089,5.9720810095,5.9720810095,5.9720810095,5.97208100947,5.97208100947,5.9720810097,5.9720810097,5.420703276,0,4.19428708554,4.19428708554,4.19428708554,4.19428708554,4.1942870855,4.1942870855,4.19428708544,4.19428708534,4.19428708534,4.19428708534,4.7390557559,4.7390557559,4.7390557559,4.7390557559,5.66622933388,5.66622933423,5.66622933423,5.66622933423,5.66622933423,5.66622933422,5.66622933412,5.66622933414,5.66622933414,5.66622933423,5.66622933423,5.66622933423,5.66622933428,5.66622933418,5.66622933418,5.66622933427,5.66622933427,5.66622933423,5.66622933423,5.66622933423,5.66622933448,5.66622933448,5.6662293342,5.6662293342,5.66622933424,5.66622933424,5.6662293342,5.6662293342,5.6662293342,5.6662293342,5.6662293342,5.6662293346,5.6662293342,5.6662293342,5.66622933408,5.66622933408,5.66622933408,5.66622933408,5.66622933418,5.66622933418,5.6662293343,5.6662293343,5.6662293345,5.6662293341,5.666229334049,5.666229334049,5.6662293341,5.6662293341,5.6662293341,5.66622933412,5.66622933412,5.6662293341,5.66622933417,5.66622933417,5.66622933416,5.66622933416,5.666229334,5.666229334,5.6662293339
"t16",5.97208100904,5.97208100907,5.97208100907,5.97208100887,5.97208100887,5.97208100887,5.97208100877,5.97208100837,5.97208100885,5.972081008859,5.972081008859,5.972081008859,5.972081008879,5.972081008879,5.97208100881,5.97208100884,5.97208100884,5.97208100844,5.97208100904,5.97208100904,5.97208100904,5.97208100901,5.97208100901,5.97208100924,5.97208100924,5.42070327554,4.19428708554,0,1.5909618716,2.3321813998,2.3321813998,2.33218139976,2.33218139976,2.3321813997,4.0763379656,4.0763379656,4.0763379656,4.73905575544,4.73905575544,4.73905575544,4.73905575544,5.66622933342,5.66622933377,5.66622933377,5.66622933377,5.66622933377,5.66622933376,5.66622933366,5.66622933368,5.66622933368,5.66622933377,5.66622933377,5.66622933377,5.66622933382,5.66622933372,5.66622933372,5.66622933381,5.66622933381,5.66622933377,5.66622933377,5.66622933377,5.66622933402,5.66622933402,5.66622933374,5.66622933374,5.66622933378,5.66622933378,5.66622933374,5.66622933374,5.66622933374,5.66622933374,5.66622933374,5.66622933414,5.66622933374,5.66622933374,5.66622933362,5.66622933362,5.66622933362,5.66622933362,5.66622933372,5.66622933372,5.66622933384,5.66622933384,5.66622933404,5.66622933364,5.666229333589,5.666229333589,5.66622933364,5.66622933364,5.66622933364,5.66622933366,5.66622933366,5.66622933364,5.66622933371,5.66622933371,5.6662293337,5.6662293337,5.66622933354,5.66622933354,5.66622933344
