"","t1","t24","t135","t136","t22","t23","t7","t85","t90","t91","t31","t3","t4","t5","t15","t25","t32","t33","t9","t10","t75","t76","t50","t129","t130","t61","t111","t112","t57","t34","t18","t137","t138","t131","t55","t123","t124","t92","t93","t81","t82","t80","t107","t108","t38","t97","t98","t113","t114","t53","t54","t41","t42","t44","t68","t69","t58","t105","t106","t121","t122","t94","t95","t77","t74","t26","t119","t120","t139","t140","t49","t43","t103","t104","t52","t70","t71","t51","t37","t109","t110","t17","t45","t56","t83","t84","t11","t12","t60","t99","t100","t101","t102","t88","t89","t29","t48","t72","t73","t127","t128","t47","t66","t67","t20","t21","t19","t27","t35","t36","t62","t63","t13","t14","t79","t133","t134","t132","t125","t126","t115","t116","t78","t46","t117","t118","t96","t64","t65","t59","t28","t39","t40","t8","t6","t2","t86","t87","t30","t16"
"t1",0,6.03956670243,7.56693907289,7.56693907289,7.2039516473,7.5669390723,5.0451240886,7.5669390729,7.5669390729,7.5669390729,6.6703587122,4.9806111761,6.1466215347,4.673727545321,5.161592445951,6.133009120481,7.465206947481,7.566939072481,7.566939072981,5.894353191981,7.566939072681,7.566939072681,7.566939072581,7.566939072581,7.566939072581,7.566939072581,7.512749804741,7.566939072481,7.566939072581,7.566939072381,6.348295516481,7.566939072831,7.566939072831,7.566939072821,7.566939072841,7.566939072921,7.566939072921,7.556913197631,7.566939072631,7.566939072581,7.566939072581,7.566939072621,7.566939072721,7.501250975081,7.566939072121,7.467112243391,7.566939072161,7.566939072101,7.566939072101,7.566939072141,7.566939072141,7.566939072166,7.566939072166,7.489376232971,7.566939072971,7.566939072971,7.046957617611,7.566939072971,7.566939072971,7.566939072591,7.566939072591,7.566939073032,7.566939073032,7.566939073032,7.566939073071,6.051786408501,7.566939072931,7.566939072931,7.5669390728944,7.5669390728944,6.971783872131,7.566939073131,7.566939073131,7.566939073131,7.566939073131,7.566939073031,7.566939073031,7.566939073031,7.167334645831,7.566939073031,7.566939073031,5.689480501771,7.566939072671,7.566939072671,7.566939072671,7.566939072671,6.1109232798,7.2794789225,7.566939072,7.566939072042,7.566939072042,7.566939072042,7.566939072042,7.5669390722,7.5669390722,7.56693907237,7.56693907217,7.56693907217,7.56693907217,7.5669390721,7.5669390721,7.56693907206,7.56693907207,7.56693907207,7.42101845647,5.7921794509,7.56693907227,6.75266527897,7.56693907166,7.56693907166,7.26084847127,7.56693907207,5.11986553891,5.12188269303,7.56693907207,7.566939072049,7.566939072049,7.56693907205,7.56693907206,7.56693907206,7.56693907204,7.56693907204,7.56693907213,7.1980321607,7.56693907246,7.56693907246,7.56693907247,7.56693907228,7.15634767518,7.56693907235,6.14433077401,7.07125371415,7.56693907225,5.64036325647,4.39168682507,3.2471139114,7.566939073,7.566939073,6.3810844119,6.0770878146
"t24",6.03956670243,0,1.63110528752,1.63110528752,3.12587999933,3.48886742433,2.33981463883,5.27854144333,5.27854144333,5.27854144333,4.38196108263,4.20880049853,5.37481085713,5.256777887151,5.744642787781,6.716059462311,8.048257289311,8.149989414311,8.149989414811,6.477403533811,8.149989414511,8.149989414511,8.149989414411,8.149989414411,8.149989414411,8.149989414411,8.095800146571,8.149989414311,8.149989414411,8.149989414211,6.931345858311,8.149989414661,8.149989414661,8.149989414651,8.149989414671,8.149989414751,8.149989414751,8.139963539461,8.149989414461,8.149989414411,8.149989414411,8.149989414451,8.149989414551,8.084301316911,8.149989413951,8.050162585221,8.149989413991,8.149989413931,8.149989413931,8.149989413971,8.149989413971,8.149989413996,8.149989413996,8.072426574801,8.149989414801,8.149989414801,7.630007959441,8.149989414801,8.149989414801,8.149989414421,8.149989414421,8.149989414862,8.149989414862,8.149989414862,8.149989414901,6.634836750331,8.149989414761,8.149989414761,8.1499894147244,8.1499894147244,7.554834213961,8.149989414961,8.149989414961,8.149989414961,8.149989414961,8.149989414861,8.149989414861,8.149989414861,7.750384987661,8.149989414861,8.149989414861,6.272530843601,8.149989414501,8.149989414501,8.149989414501,8.149989414501,6.69397362163,7.86252926433,8.14998941383,8.149989413872,8.149989413872,8.149989413872,8.149989413872,8.14998941403,8.14998941403,8.1499894142,8.149989414,8.149989414,8.149989414,8.14998941393,8.14998941393,8.14998941389,8.1499894139,8.1499894139,8.0040687983,6.37522979273,8.1499894141,7.3357156208,8.14998941349,8.14998941349,7.8438988131,8.1499894139,5.70291588074,5.70493303486,8.1499894139,8.149989413879,8.149989413879,8.14998941388,8.14998941389,8.14998941389,8.14998941387,8.14998941387,8.14998941396,7.78108250253,8.14998941429,8.14998941429,8.1499894143,8.14998941411,7.73939801701,8.14998941418,6.72738111584,7.65430405598,8.14998941408,6.2234135983,4.9747371669,3.83016425323,8.52014868143,8.52014868143,7.33429402033,7.03029742303
"t135",7.56693907289,1.63110528752,0,0.04072025998,4.65325236979,5.01623979479,3.86718700929,6.80591381379,6.80591381379,6.80591381379,5.90933345309,5.73617286899,6.90218322759,6.784150257611,7.272015158241,8.243431832771,9.575629659771,9.677361784771,9.677361785271,8.004775904271,9.677361784971,9.677361784971,9.677361784871,9.677361784871,9.677361784871,9.677361784871,9.623172517031,9.677361784771,9.677361784871,9.677361784671,8.458718228771,9.677361785121,9.677361785121,9.677361785111,9.677361785131,9.677361785211,9.677361785211,9.667335909921,9.677361784921,9.677361784871,9.677361784871,9.677361784911,9.677361785011,9.611673687371,9.677361784411,9.577534955681,9.677361784451,9.677361784391,9.677361784391,9.677361784431,9.677361784431,9.677361784456,9.677361784456,9.599798945261,9.677361785261,9.677361785261,9.157380329901,9.677361785261,9.677361785261,9.677361784881,9.677361784881,9.677361785322,9.677361785322,9.677361785322,9.677361785361,8.162209120791,9.677361785221,9.677361785221,9.6773617851844,9.6773617851844,9.082206584421,9.677361785421,9.677361785421,9.677361785421,9.677361785421,9.677361785321,9.677361785321,9.677361785321,9.277757358121,9.677361785321,9.677361785321,7.799903214061,9.677361784961,9.677361784961,9.677361784961,9.677361784961,8.22134599209,9.38990163479,9.67736178429,9.677361784332,9.677361784332,9.677361784332,9.677361784332,9.67736178449,9.67736178449,9.67736178466,9.67736178446,9.67736178446,9.67736178446,9.67736178439,9.67736178439,9.67736178435,9.67736178436,9.67736178436,9.53144116876,7.90260216319,9.67736178456,8.86308799126,9.67736178395,9.67736178395,9.37127118356,9.67736178436,7.2302882512,7.23230540532,9.67736178436,9.677361784339,9.677361784339,9.67736178434,9.67736178435,9.67736178435,9.67736178433,9.67736178433,9.67736178442,9.30845487299,9.67736178475,9.67736178475,9.67736178476,9.67736178457,9.26677038747,9.67736178464,8.2547534863,9.18167642644,9.67736178454,7.75078596876,6.50210953736,5.35753662369,10.04752105189,10.04752105189,8.86166639079,8.55766979349
"t136",7.56693907289,1.63110528752,0.04072025998,0,4.65325236979,5.01623979479,3.86718700929,6.80591381379,6.80591381379,6.80591381379,5.90933345309,5.73617286899,6.90218322759,6.784150257611,7.272015158241,8.243431832771,9.575629659771,9.677361784771,9.677361785271,8.004775904271,9.677361784971,9.677361784971,9.677361784871,9.677361784871,9.677361784871,9.677361784871,9.623172517031,9.677361784771,9.677361784871,9.677361784671,8.458718228771,9.677361785121,9.677361785121,9.677361785111,9.677361785131,9.677361785211,9.677361785211,9.667335909921,9.677361784921,9.677361784871,9.677361784871,9.677361784911,9.677361785011,9.611673687371,9.677361784411,9.577534955681,9.677361784451,9.677361784391,9.677361784391,9.677361784431,9.677361784431,9.677361784456,9.677361784456,9.599798945261,9.677361785261,9.677361785261,9.157380329901,9.677361785261,9.677361785261,9.677361784881,9.677361784881,9.677361785322,9.677361785322,9.677361785322,9.677361785361,8.162209120791,9.677361785221,9.677361785221,9.6773617851844,9.6773617851844,9.082206584421,9.677361785421,9.677361785421,9.677361785421,9.677361785421,9.677361785321,9.677361785321,9.677361785321,9.277757358121,9.677361785321,9.677361785321,7.799903214061,9.677361784961,9.677361784961,9.677361784961,9.677361784961,8.22134599209,9.38990163479,9.67736178429,9.677361784332,9.677361784332,9.677361784332,9.677361784332,9.67736178449,9.67736178449,9.67736178466,9.67736178446,9.67736178446,9.67736178446,9.67736178439,9.67736178439,9.67736178435,9.67736178436,9.67736178436,9.53144116876,7.90260216319,9.67736178456,8.86308799126,9.67736178395,9.67736178395,9.37127118356,9.67736178436,7.2302882512,7.23230540532,9.67736178436,9.677361784339,9.677361784339,9.67736178434,9.67736178435,9.67736178435,9.67736178433,9.67736178433,9.67736178442,9.30845487299,9.67736178475,9.67736178475,9.67736178476,9.67736178457,9.26677038747,9.67736178464,8.2547534863,9.18167642644,9.67736178454,7.75078596876,6.50210953736,5.35753662369,10.04752105189,10.04752105189,8.86166639079,8.55766979349
"t22",7.2039516473,3.12587999933,4.65325236979,4.65325236979,0,3.003091743,3.5041995837,6.4429263882,6.4429263882,6.4429263882,5.5463460275,5.3731854434,6.539195802,6.421162832021,6.909027732651,7.880444407181,9.212642234181,9.314374359181,9.314374359681,7.641788478681,9.314374359381,9.314374359381,9.314374359281,9.314374359281,9.314374359281,9.314374359281,9.260185091441,9.314374359181,9.314374359281,9.314374359081,8.095730803181,9.314374359531,9.314374359531,9.314374359521,9.314374359541,9.314374359621,9.314374359621,9.304348484331,9.314374359331,9.314374359281,9.314374359281,9.314374359321,9.314374359421,9.248686261781,9.314374358821,9.214547530091,9.314374358861,9.314374358801,9.314374358801,9.314374358841,9.314374358841,9.314374358866,9.314374358866,9.236811519671,9.314374359671,9.314374359671,8.794392904311,9.314374359671,9.314374359671,9.314374359291,9.314374359291,9.314374359732,9.314374359732,9.314374359732,9.314374359771,7.799221695201,9.314374359631,9.314374359631,9.3143743595944,9.3143743595944,8.719219158831,9.314374359831,9.314374359831,9.314374359831,9.314374359831,9.314374359731,9.314374359731,9.314374359731,8.914769932531,9.314374359731,9.314374359731,7.436915788471,9.314374359371,9.314374359371,9.314374359371,9.314374359371,7.8583585665,9.0269142092,9.3143743587,9.314374358742,9.314374358742,9.314374358742,9.314374358742,9.3143743589,9.3143743589,9.31437435907,9.31437435887,9.31437435887,9.31437435887,9.3143743588,9.3143743588,9.31437435876,9.31437435877,9.31437435877,9.16845374317,7.5396147376,9.31437435897,8.50010056567,9.31437435836,9.31437435836,9.00828375797,9.31437435877,6.86730082561,6.86931797973,9.31437435877,9.314374358749,9.314374358749,9.31437435875,9.31437435876,9.31437435876,9.31437435874,9.31437435874,9.31437435883,8.9454674474,9.31437435916,9.31437435916,9.31437435917,9.31437435898,8.90378296188,9.31437435905,7.89176606071,8.81868900085,9.31437435895,7.38779854317,6.13912211177,4.9945491981,9.6845336263,9.6845336263,8.4986789652,8.1946823679
"t23",7.5669390723,3.48886742433,5.01623979479,5.01623979479,3.003091743,0,3.8671870087,6.8059138132,6.8059138132,6.8059138132,5.9093334525,5.7361728684,6.902183227,6.784150257021,7.272015157651,8.243431832181,9.575629659181,9.677361784181,9.677361784681,8.004775903681,9.677361784381,9.677361784381,9.677361784281,9.677361784281,9.677361784281,9.677361784281,9.623172516441,9.677361784181,9.677361784281,9.677361784081,8.458718228181,9.677361784531,9.677361784531,9.677361784521,9.677361784541,9.677361784621,9.677361784621,9.667335909331,9.677361784331,9.677361784281,9.677361784281,9.677361784321,9.677361784421,9.611673686781,9.677361783821,9.577534955091,9.677361783861,9.677361783801,9.677361783801,9.677361783841,9.677361783841,9.677361783866,9.677361783866,9.599798944671,9.677361784671,9.677361784671,9.157380329311,9.677361784671,9.677361784671,9.677361784291,9.677361784291,9.677361784732,9.677361784732,9.677361784732,9.677361784771,8.162209120201,9.677361784631,9.677361784631,9.6773617845944,9.6773617845944,9.082206583831,9.677361784831,9.677361784831,9.677361784831,9.677361784831,9.677361784731,9.677361784731,9.677361784731,9.277757357531,9.677361784731,9.677361784731,7.799903213471,9.677361784371,9.677361784371,9.677361784371,9.677361784371,8.2213459915,9.3899016342,9.6773617837,9.677361783742,9.677361783742,9.677361783742,9.677361783742,9.6773617839,9.6773617839,9.67736178407,9.67736178387,9.67736178387,9.67736178387,9.6773617838,9.6773617838,9.67736178376,9.67736178377,9.67736178377,9.53144116817,7.9026021626,9.67736178397,8.86308799067,9.67736178336,9.67736178336,9.37127118297,9.67736178377,7.23028825061,7.23230540473,9.67736178377,9.677361783749,9.677361783749,9.67736178375,9.67736178376,9.67736178376,9.67736178374,9.67736178374,9.67736178383,9.3084548724,9.67736178416,9.67736178416,9.67736178417,9.67736178398,9.26677038688,9.67736178405,8.25475348571,9.18167642585,9.67736178395,7.75078596817,6.50210953677,5.3575366231,10.0475210513,10.0475210513,8.8616663902,8.5576697929
"t7",5.0451240886,2.33981463883,3.86718700929,3.86718700929,3.5041995837,3.8671870087,0,4.2840988295,4.2840988295,4.2840988295,3.3875184688,3.2143578847,4.3803682433,4.262335273321,4.750200173951,5.721616848481,7.053814675481,7.155546800481,7.155546800981,5.482960919981,7.155546800681,7.155546800681,7.155546800581,7.155546800581,7.155546800581,7.155546800581,7.101357532741,7.155546800481,7.155546800581,7.155546800381,5.936903244481,7.155546800831,7.155546800831,7.155546800821,7.155546800841,7.155546800921,7.155546800921,7.145520925631,7.155546800631,7.155546800581,7.155546800581,7.155546800621,7.155546800721,7.089858703081,7.155546800121,7.055719971391,7.155546800161,7.155546800101,7.155546800101,7.155546800141,7.155546800141,7.155546800166,7.155546800166,7.077983960971,7.155546800971,7.155546800971,6.635565345611,7.155546800971,7.155546800971,7.155546800591,7.155546800591,7.155546801032,7.155546801032,7.155546801032,7.155546801071,5.640394136501,7.155546800931,7.155546800931,7.1555468008944,7.1555468008944,6.560391600131,7.155546801131,7.155546801131,7.155546801131,7.155546801131,7.155546801031,7.155546801031,7.155546801031,6.755942373831,7.155546801031,7.155546801031,5.278088229771,7.155546800671,7.155546800671,7.155546800671,7.155546800671,5.6995310078,6.8680866505,7.1555468,7.155546800042,7.155546800042,7.155546800042,7.155546800042,7.1555468002,7.1555468002,7.15554680037,7.15554680017,7.15554680017,7.15554680017,7.1555468001,7.1555468001,7.15554680006,7.15554680007,7.15554680007,7.00962618447,5.3807871789,7.15554680027,6.34127300697,7.15554679966,7.15554679966,6.84945619927,7.15554680007,4.70847326691,4.71049042103,7.15554680007,7.155546800049,7.155546800049,7.15554680005,7.15554680006,7.15554680006,7.15554680004,7.15554680004,7.15554680013,6.7866398887,7.15554680046,7.15554680046,7.15554680047,7.15554680028,6.74495540318,7.15554680035,5.73293850201,6.65986144215,7.15554680025,5.22897098447,3.98029455307,2.8357216394,7.5257060676,7.5257060676,6.3398514065,6.0358548092
"t85",7.5669390729,5.27854144333,6.80591381379,6.80591381379,6.4429263882,6.8059138132,4.2840988295,0,0.5527367038,0.5527367038,1.6839042031,5.736172869,6.9021832276,6.784150257621,7.272015158251,8.243431832781,9.575629659781,9.677361784781,9.677361785281,8.004775904281,9.677361784981,9.677361784981,9.677361784881,9.677361784881,9.677361784881,9.677361784881,9.623172517041,9.677361784781,9.677361784881,9.677361784681,8.458718228781,9.677361785131,9.677361785131,9.677361785121,9.677361785141,9.677361785221,9.677361785221,9.667335909931,9.677361784931,9.677361784881,9.677361784881,9.677361784921,9.677361785021,9.611673687381,9.677361784421,9.577534955691,9.677361784461,9.677361784401,9.677361784401,9.677361784441,9.677361784441,9.677361784466,9.677361784466,9.599798945271,9.677361785271,9.677361785271,9.157380329911,9.677361785271,9.677361785271,9.677361784891,9.677361784891,9.677361785332,9.677361785332,9.677361785332,9.677361785371,8.162209120801,9.677361785231,9.677361785231,9.6773617851944,9.6773617851944,9.082206584431,9.677361785431,9.677361785431,9.677361785431,9.677361785431,9.677361785331,9.677361785331,9.677361785331,9.277757358131,9.677361785331,9.677361785331,7.799903214071,9.677361784971,9.677361784971,9.677361784971,9.677361784971,8.2213459921,9.3899016348,9.6773617843,9.677361784342,9.677361784342,9.677361784342,9.677361784342,9.6773617845,9.6773617845,9.67736178467,9.67736178447,9.67736178447,9.67736178447,9.6773617844,9.6773617844,9.67736178436,9.67736178437,9.67736178437,9.53144116877,7.9026021632,9.67736178457,8.86308799127,9.67736178396,9.67736178396,9.37127118357,9.67736178437,7.23028825121,7.23230540533,9.67736178437,9.677361784349,9.677361784349,9.67736178435,9.67736178436,9.67736178436,9.67736178434,9.67736178434,9.67736178443,9.308454873,9.67736178476,9.67736178476,9.67736178477,9.67736178458,9.26677038748,9.67736178465,8.25475348631,9.18167642645,9.67736178455,7.75078596877,6.50210953737,5.3575366237,10.0475210519,10.0475210519,8.8616663908,8.5576697935
"t90",7.5669390729,5.27854144333,6.80591381379,6.80591381379,6.4429263882,6.8059138132,4.2840988295,0.5527367038,0,0.3505103384,1.6839042031,5.736172869,6.9021832276,6.784150257621,7.272015158251,8.243431832781,9.575629659781,9.677361784781,9.677361785281,8.004775904281,9.677361784981,9.677361784981,9.677361784881,9.677361784881,9.677361784881,9.677361784881,9.623172517041,9.677361784781,9.677361784881,9.677361784681,8.458718228781,9.677361785131,9.677361785131,9.677361785121,9.677361785141,9.677361785221,9.677361785221,9.667335909931,9.677361784931,9.677361784881,9.677361784881,9.677361784921,9.677361785021,9.611673687381,9.677361784421,9.577534955691,9.677361784461,9.677361784401,9.677361784401,9.677361784441,9.677361784441,9.677361784466,9.677361784466,9.599798945271,9.677361785271,9.677361785271,9.157380329911,9.677361785271,9.677361785271,9.677361784891,9.677361784891,9.677361785332,9.677361785332,9.677361785332,9.677361785371,8.162209120801,9.677361785231,9.677361785231,9.6773617851944,9.6773617851944,9.082206584431,9.677361785431,9.677361785431,9.677361785431,9.677361785431,9.677361785331,9.677361785331,9.677361785331,9.277757358131,9.677361785331,9.677361785331,7.799903214071,9.677361784971,9.677361784971,9.677361784971,9.677361784971,8.2213459921,9.3899016348,9.6773617843,9.677361784342,9.677361784342,9.677361784342,9.677361784342,9.6773617845,9.6773617845,9.67736178467,9.67736178447,9.67736178447,9.67736178447,9.6773617844,9.6773617844,9.67736178436,9.67736178437,9.67736178437,9.53144116877,7.9026021632,9.67736178457,8.86308799127,9.67736178396,9.67736178396,9.37127118357,9.67736178437,7.23028825121,7.23230540533,9.67736178437,9.677361784349,9.677361784349,9.67736178435,9.67736178436,9.67736178436,9.67736178434,9.67736178434,9.67736178443,9.308454873,9.67736178476,9.67736178476,9.67736178477,9.67736178458,9.26677038748,9.67736178465,8.25475348631,9.18167642645,9.67736178455,7.75078596877,6.50210953737,5.3575366237,10.0475210519,10.0475210519,8.8616663908,8.5576697935
"t91",7.5669390729,5.27854144333,6.80591381379,6.80591381379,6.4429263882,6.8059138132,4.2840988295,0.5527367038,0.3505103384,0,1.6839042031,5.736172869,6.9021832276,6.784150257621,7.272015158251,8.243431832781,9.575629659781,9.677361784781,9.677361785281,8.004775904281,9.677361784981,9.677361784981,9.677361784881,9.677361784881,9.677361784881,9.677361784881,9.623172517041,9.677361784781,9.677361784881,9.677361784681,8.458718228781,9.677361785131,9.677361785131,9.677361785121,9.677361785141,9.677361785221,9.677361785221,9.667335909931,9.677361784931,9.677361784881,9.677361784881,9.677361784921,9.677361785021,9.611673687381,9.677361784421,9.577534955691,9.677361784461,9.677361784401,9.677361784401,9.677361784441,9.677361784441,9.677361784466,9.677361784466,9.599798945271,9.677361785271,9.677361785271,9.157380329911,9.677361785271,9.677361785271,9.677361784891,9.677361784891,9.677361785332,9.677361785332,9.677361785332,9.677361785371,8.162209120801,9.677361785231,9.677361785231,9.6773617851944,9.6773617851944,9.082206584431,9.677361785431,9.677361785431,9.677361785431,9.677361785431,9.677361785331,9.677361785331,9.677361785331,9.277757358131,9.677361785331,9.677361785331,7.799903214071,9.677361784971,9.677361784971,9.677361784971,9.677361784971,8.2213459921,9.3899016348,9.6773617843,9.677361784342,9.677361784342,9.677361784342,9.677361784342,9.6773617845,9.6773617845,9.67736178467,9.67736178447,9.67736178447,9.67736178447,9.6773617844,9.6773617844,9.67736178436,9.67736178437,9.67736178437,9.53144116877,7.9026021632,9.67736178457,8.86308799127,9.67736178396,9.67736178396,9.37127118357,9.67736178437,7.23028825121,7.23230540533,9.67736178437,9.677361784349,9.677361784349,9.67736178435,9.67736178436,9.67736178436,9.67736178434,9.67736178434,9.67736178443,9.308454873,9.67736178476,9.67736178476,9.67736178477,9.67736178458,9.26677038748,9.67736178465,8.25475348631,9.18167642645,9.67736178455,7.75078596877,6.50210953737,5.3575366237,10.0475210519,10.0475210519,8.8616663908,8.5576697935
"t31",6.6703587122,4.38196108263,5.90933345309,5.90933345309,5.5463460275,5.9093334525,3.3875184688,1.6839042031,1.6839042031,1.6839042031,0,4.8395925083,6.0056028669,5.887569896921,6.375434797551,7.346851472081,8.679049299081,8.780781424081,8.780781424581,7.108195543581,8.780781424281,8.780781424281,8.780781424181,8.780781424181,8.780781424181,8.780781424181,8.726592156341,8.780781424081,8.780781424181,8.780781423981,7.562137868081,8.780781424431,8.780781424431,8.780781424421,8.780781424441,8.780781424521,8.780781424521,8.770755549231,8.780781424231,8.780781424181,8.780781424181,8.780781424221,8.780781424321,8.715093326681,8.780781423721,8.680954594991,8.780781423761,8.780781423701,8.780781423701,8.780781423741,8.780781423741,8.780781423766,8.780781423766,8.703218584571,8.780781424571,8.780781424571,8.260799969211,8.780781424571,8.780781424571,8.780781424191,8.780781424191,8.780781424632,8.780781424632,8.780781424632,8.780781424671,7.265628760101,8.780781424531,8.780781424531,8.7807814244944,8.7807814244944,8.185626223731,8.780781424731,8.780781424731,8.780781424731,8.780781424731,8.780781424631,8.780781424631,8.780781424631,8.381176997431,8.780781424631,8.780781424631,6.903322853371,8.780781424271,8.780781424271,8.780781424271,8.780781424271,7.3247656314,8.4933212741,8.7807814236,8.780781423642,8.780781423642,8.780781423642,8.780781423642,8.7807814238,8.7807814238,8.78078142397,8.78078142377,8.78078142377,8.78078142377,8.7807814237,8.7807814237,8.78078142366,8.78078142367,8.78078142367,8.63486080807,7.0060218025,8.78078142387,7.96650763057,8.78078142326,8.78078142326,8.47469082287,8.78078142367,6.33370789051,6.33572504463,8.78078142367,8.780781423649,8.780781423649,8.78078142365,8.78078142366,8.78078142366,8.78078142364,8.78078142364,8.78078142373,8.4118745123,8.78078142406,8.78078142406,8.78078142407,8.78078142388,8.37019002678,8.78078142395,7.35817312561,8.28509606575,8.78078142385,6.85420560807,5.60552917667,4.460956263,9.1509406912,9.1509406912,7.9650860301,7.6610894328
"t3",4.9806111761,4.20880049853,5.73617286899,5.73617286899,5.3731854434,5.7361728684,3.2143578847,5.736172869,5.736172869,5.736172869,4.8395925083,0,3.0244360614,4.197822360821,4.685687261451,5.657103935981,6.989301762981,7.091033887981,7.091033888481,5.418448007481,7.091033888181,7.091033888181,7.091033888081,7.091033888081,7.091033888081,7.091033888081,7.036844620241,7.091033887981,7.091033888081,7.091033887881,5.872390331981,7.091033888331,7.091033888331,7.091033888321,7.091033888341,7.091033888421,7.091033888421,7.081008013131,7.091033888131,7.091033888081,7.091033888081,7.091033888121,7.091033888221,7.025345790581,7.091033887621,6.991207058891,7.091033887661,7.091033887601,7.091033887601,7.091033887641,7.091033887641,7.091033887666,7.091033887666,7.013471048471,7.091033888471,7.091033888471,6.571052433111,7.091033888471,7.091033888471,7.091033888091,7.091033888091,7.091033888532,7.091033888532,7.091033888532,7.091033888571,5.575881224001,7.091033888431,7.091033888431,7.0910338883944,7.0910338883944,6.495878687631,7.091033888631,7.091033888631,7.091033888631,7.091033888631,7.091033888531,7.091033888531,7.091033888531,6.691429461331,7.091033888531,7.091033888531,5.213575317271,7.091033888171,7.091033888171,7.091033888171,7.091033888171,5.6350180953,6.803573738,7.0910338875,7.091033887542,7.091033887542,7.091033887542,7.091033887542,7.0910338877,7.0910338877,7.09103388787,7.09103388767,7.09103388767,7.09103388767,7.0910338876,7.0910338876,7.09103388756,7.09103388757,7.09103388757,6.94511327197,5.3162742664,7.09103388777,6.27676009447,7.09103388716,7.09103388716,6.78494328677,7.09103388757,4.64396035441,4.64597750853,7.09103388757,7.091033887549,7.091033887549,7.09103388755,7.09103388756,7.09103388756,7.09103388754,7.09103388754,7.09103388763,6.7221269762,7.09103388796,7.09103388796,7.09103388797,7.09103388778,6.68044249068,7.09103388785,5.66842558951,6.59534852965,7.09103388775,5.16445807197,3.91578164057,2.7712087269,7.4611931551,7.4611931551,6.275338494,5.9713418967
"t4",6.1466215347,5.37481085713,6.90218322759,6.90218322759,6.539195802,6.902183227,4.3803682433,6.9021832276,6.9021832276,6.9021832276,6.0056028669,3.0244360614,0,5.363832719421,5.851697620051,6.823114294581,8.155312121581,8.257044246581,8.257044247081,6.584458366081,8.257044246781,8.257044246781,8.257044246681,8.257044246681,8.257044246681,8.257044246681,8.202854978841,8.257044246581,8.257044246681,8.257044246481,7.038400690581,8.257044246931,8.257044246931,8.257044246921,8.257044246941,8.257044247021,8.257044247021,8.247018371731,8.257044246731,8.257044246681,8.257044246681,8.257044246721,8.257044246821,8.191356149181,8.257044246221,8.157217417491,8.257044246261,8.257044246201,8.257044246201,8.257044246241,8.257044246241,8.257044246266,8.257044246266,8.179481407071,8.257044247071,8.257044247071,7.737062791711,8.257044247071,8.257044247071,8.257044246691,8.257044246691,8.257044247132,8.257044247132,8.257044247132,8.257044247171,6.741891582601,8.257044247031,8.257044247031,8.2570442469944,8.2570442469944,7.661889046231,8.257044247231,8.257044247231,8.257044247231,8.257044247231,8.257044247131,8.257044247131,8.257044247131,7.857439819931,8.257044247131,8.257044247131,6.379585675871,8.257044246771,8.257044246771,8.257044246771,8.257044246771,6.8010284539,7.9695840966,8.2570442461,8.257044246142,8.257044246142,8.257044246142,8.257044246142,8.2570442463,8.2570442463,8.25704424647,8.25704424627,8.25704424627,8.25704424627,8.2570442462,8.2570442462,8.25704424616,8.25704424617,8.25704424617,8.11112363057,6.482284625,8.25704424637,7.44277045307,8.25704424576,8.25704424576,7.95095364537,8.25704424617,5.80997071301,5.81198786713,8.25704424617,8.257044246149,8.257044246149,8.25704424615,8.25704424616,8.25704424616,8.25704424614,8.25704424614,8.25704424623,7.8881373348,8.25704424656,8.25704424656,8.25704424657,8.25704424638,7.84645284928,8.25704424645,6.83443594811,7.76135888825,8.25704424635,6.33046843057,5.08179199917,3.9372190855,8.6272035137,8.6272035137,7.4413488526,7.1373522553
"t5",4.673727545321,5.256777887151,6.784150257611,6.784150257611,6.421162832021,6.784150257021,4.262335273321,6.784150257621,6.784150257621,6.784150257621,5.887569896921,4.197822360821,5.363832719421,0,1.48291457363,2.45433124816,3.78652907516,3.88826120016,3.88826120066,2.21567531966,3.88826120036,3.88826120036,3.88826120026,3.88826120026,3.88826120026,3.88826120026,3.83407193242,3.88826120016,3.88826120026,3.88826120006,2.66961764416,3.88826120051,3.88826120051,3.8882612005,3.88826120052,3.8882612006,3.8882612006,4.84487539811,4.85490127311,4.85490127306,4.85490127306,4.8549012731,4.8549012732,4.78921317556,4.8549012726,4.75507444387,4.85490127264,4.85490127258,4.85490127258,4.85490127262,4.85490127262,4.854901272645,4.854901272645,4.88626268855,4.96382552855,4.96382552855,4.44384407319,4.96382552855,4.96382552855,4.96382552817,4.96382552817,4.963825528611,4.963825528611,4.963825528611,4.96382552865,3.44867286408,4.96382552851,4.96382552851,4.9638255284734,4.9638255284734,4.36867032771,4.96382552871,4.96382552871,4.96382552871,4.96382552871,4.96382552861,4.96382552861,4.96382552861,4.56422110141,4.96382552861,4.96382552861,3.08636695735,4.96382552825,4.96382552825,4.96382552825,4.96382552825,3.523547191721,4.692102834421,4.979562983921,4.979562983963,4.979562983963,4.979562983963,4.979562983963,4.979562984121,4.979562984121,4.979562984291,4.979562984091,4.979562984091,4.979562984091,4.979562984021,4.979562984021,4.979562983981,4.979562983991,4.979562983991,4.833642368391,3.204803362821,4.979562984191,4.165289190891,4.979562983581,4.979562983581,4.673472383191,4.979562983991,2.532489450831,2.534506604951,4.979562983991,4.97956298397,4.97956298397,4.979562983971,4.979562983981,4.979562983981,4.979562983961,4.979562983961,4.979562984051,4.610656072621,4.979562984381,4.979562984381,4.979562984391,4.979562984201,4.568971587101,4.979562984271,3.556954685931,4.483877626071,4.979562984171,3.052987168391,1.804310736991,1.648881254521,7.154309524321,7.154309524321,5.968454863221,5.664458265921
"t15",5.161592445951,5.744642787781,7.272015158241,7.272015158241,6.909027732651,7.272015157651,4.750200173951,7.272015158251,7.272015158251,7.272015158251,6.375434797551,4.685687261451,5.851697620051,1.48291457363,0,1.07765749167,2.40985531867,2.51158744367,3.68798584577,2.01539996477,4.21981078627,4.21981078627,4.21981078617,4.21981078617,4.21981078617,4.21981078617,4.16562151833,4.21981078607,4.21981078617,4.21981078597,3.00116723007,4.21981078642,4.21981078642,4.21981078641,4.21981078643,4.21981078651,4.21981078651,5.33274029874,5.34276617374,5.34276617369,5.34276617369,5.34276617373,5.34276617383,5.27707807619,5.34276617323,5.2429393445,5.34276617327,5.34276617321,5.34276617321,5.34276617325,5.34276617325,5.342766173275,5.342766173275,5.37412758918,5.45169042918,5.45169042918,4.93170897382,5.45169042918,5.45169042918,5.4516904288,5.4516904288,5.451690429241,5.451690429241,5.451690429241,5.45169042928,3.93653776471,5.45169042914,5.45169042914,5.4516904291034,5.4516904291034,4.85653522834,5.45169042934,5.45169042934,5.45169042934,5.45169042934,5.45169042924,5.45169042924,5.45169042924,5.05208600204,5.45169042924,5.45169042924,3.57423185798,5.45169042888,5.45169042888,5.45169042888,5.45169042888,4.011412092351,5.179967735051,5.467427884551,5.467427884593,5.467427884593,5.467427884593,5.467427884593,5.467427884751,5.467427884751,5.467427884921,5.467427884721,5.467427884721,5.467427884721,5.467427884651,5.467427884651,5.467427884611,5.467427884621,5.467427884621,5.321507269021,3.692668263451,5.467427884821,4.653154091521,5.467427884211,5.467427884211,5.161337283821,5.467427884621,3.020354351461,3.022371505581,5.467427884621,5.4674278846,5.4674278846,5.467427884601,5.467427884611,5.467427884611,5.467427884591,5.467427884591,5.467427884681,5.098520973251,5.467427885011,5.467427885011,5.467427885021,5.467427884831,5.056836487731,5.467427884901,4.044819586561,4.971742526701,5.467427884801,3.540852069021,2.292175637621,2.136746155151,7.642174424951,7.642174424951,6.456319763851,6.152323166551
"t25",6.133009120481,6.716059462311,8.243431832771,8.243431832771,7.880444407181,8.243431832181,5.721616848481,8.243431832781,8.243431832781,8.243431832781,7.346851472081,5.657103935981,6.823114294581,2.45433124816,1.07765749167,0,1.595934786,1.697666911,4.6594025203,2.9868166393,5.1912274608,5.1912274608,5.1912274607,5.1912274607,5.1912274607,5.1912274607,5.13703819286,5.1912274606,5.1912274607,5.1912274605,3.9725839046,5.19122746095,5.19122746095,5.19122746094,5.19122746096,5.19122746104,5.19122746104,6.30415697327,6.31418284827,6.31418284822,6.31418284822,6.31418284826,6.31418284836,6.24849475072,6.31418284776,6.21435601903,6.3141828478,6.31418284774,6.31418284774,6.31418284778,6.31418284778,6.314182847805,6.314182847805,6.34554426371,6.42310710371,6.42310710371,5.90312564835,6.42310710371,6.42310710371,6.42310710333,6.42310710333,6.423107103771,6.423107103771,6.423107103771,6.42310710381,4.90795443924,6.42310710367,6.42310710367,6.4231071036334,6.4231071036334,5.82795190287,6.42310710387,6.42310710387,6.42310710387,6.42310710387,6.42310710377,6.42310710377,6.42310710377,6.02350267657,6.42310710377,6.42310710377,4.54564853251,6.42310710341,6.42310710341,6.42310710341,6.42310710341,4.982828766881,6.151384409581,6.438844559081,6.438844559123,6.438844559123,6.438844559123,6.438844559123,6.438844559281,6.438844559281,6.438844559451,6.438844559251,6.438844559251,6.438844559251,6.438844559181,6.438844559181,6.438844559141,6.438844559151,6.438844559151,6.292923943551,4.664084937981,6.438844559351,5.624570766051,6.438844558741,6.438844558741,6.132753958351,6.438844559151,3.991771025991,3.993788180111,6.438844559151,6.43884455913,6.43884455913,6.438844559131,6.438844559141,6.438844559141,6.438844559121,6.438844559121,6.438844559211,6.069937647781,6.438844559541,6.438844559541,6.438844559551,6.438844559361,6.028253162261,6.438844559431,5.016236261091,5.943159201231,6.438844559331,4.512268743551,3.263592312151,3.108162829681,8.613591099481,8.613591099481,7.427736438381,7.123739841081
"t32",7.465206947481,8.048257289311,9.575629659771,9.575629659771,9.212642234181,9.575629659181,7.053814675481,9.575629659781,9.575629659781,9.575629659781,8.679049299081,6.989301762981,8.155312121581,3.78652907516,2.40985531867,1.595934786,0,2.127101205,5.9916003473,4.3190144663,6.5234252878,6.5234252878,6.5234252877,6.5234252877,6.5234252877,6.5234252877,6.46923601986,6.5234252876,6.5234252877,6.5234252875,5.3047817316,6.52342528795,6.52342528795,6.52342528794,6.52342528796,6.52342528804,6.52342528804,7.63635480027,7.64638067527,7.64638067522,7.64638067522,7.64638067526,7.64638067536,7.58069257772,7.64638067476,7.54655384603,7.6463806748,7.64638067474,7.64638067474,7.64638067478,7.64638067478,7.646380674805,7.646380674805,7.67774209071,7.75530493071,7.75530493071,7.23532347535,7.75530493071,7.75530493071,7.75530493033,7.75530493033,7.755304930771,7.755304930771,7.755304930771,7.75530493081,6.24015226624,7.75530493067,7.75530493067,7.7553049306334,7.7553049306334,7.16014972987,7.75530493087,7.75530493087,7.75530493087,7.75530493087,7.75530493077,7.75530493077,7.75530493077,7.35570050357,7.75530493077,7.75530493077,5.87784635951,7.75530493041,7.75530493041,7.75530493041,7.75530493041,6.315026593881,7.483582236581,7.771042386081,7.771042386123,7.771042386123,7.771042386123,7.771042386123,7.771042386281,7.771042386281,7.771042386451,7.771042386251,7.771042386251,7.771042386251,7.771042386181,7.771042386181,7.771042386141,7.771042386151,7.771042386151,7.625121770551,5.996282764981,7.771042386351,6.956768593051,7.771042385741,7.771042385741,7.464951785351,7.771042386151,5.323968852991,5.325986007111,7.771042386151,7.77104238613,7.77104238613,7.771042386131,7.771042386141,7.771042386141,7.771042386121,7.771042386121,7.771042386211,7.402135474781,7.771042386541,7.771042386541,7.771042386551,7.771042386361,7.360450989261,7.771042386431,6.348434088091,7.275357028231,7.771042386331,5.844466570551,4.595790139151,4.440360656681,9.945788926481,9.945788926481,8.759934265381,8.455937668081
"t33",7.566939072481,8.149989414311,9.677361784771,9.677361784771,9.314374359181,9.677361784181,7.155546800481,9.677361784781,9.677361784781,9.677361784781,8.780781424081,7.091033887981,8.257044246581,3.88826120016,2.51158744367,1.697666911,2.127101205,0,6.0933324723,4.4207465913,6.6251574128,6.6251574128,6.6251574127,6.6251574127,6.6251574127,6.6251574127,6.57096814486,6.6251574126,6.6251574127,6.6251574125,5.4065138566,6.62515741295,6.62515741295,6.62515741294,6.62515741296,6.62515741304,6.62515741304,7.73808692527,7.74811280027,7.74811280022,7.74811280022,7.74811280026,7.74811280036,7.68242470272,7.74811279976,7.64828597103,7.7481127998,7.74811279974,7.74811279974,7.74811279978,7.74811279978,7.748112799805,7.748112799805,7.77947421571,7.85703705571,7.85703705571,7.33705560035,7.85703705571,7.85703705571,7.85703705533,7.85703705533,7.857037055771,7.857037055771,7.857037055771,7.85703705581,6.34188439124,7.85703705567,7.85703705567,7.8570370556334,7.8570370556334,7.26188185487,7.85703705587,7.85703705587,7.85703705587,7.85703705587,7.85703705577,7.85703705577,7.85703705577,7.45743262857,7.85703705577,7.85703705577,5.97957848451,7.85703705541,7.85703705541,7.85703705541,7.85703705541,6.416758718881,7.585314361581,7.872774511081,7.872774511123,7.872774511123,7.872774511123,7.872774511123,7.872774511281,7.872774511281,7.872774511451,7.872774511251,7.872774511251,7.872774511251,7.872774511181,7.872774511181,7.872774511141,7.872774511151,7.872774511151,7.726853895551,6.098014889981,7.872774511351,7.058500718051,7.872774510741,7.872774510741,7.566683910351,7.872774511151,5.425700977991,5.427718132111,7.872774511151,7.87277451113,7.87277451113,7.872774511131,7.872774511141,7.872774511141,7.872774511121,7.872774511121,7.872774511211,7.503867599781,7.872774511541,7.872774511541,7.872774511551,7.872774511361,7.462183114261,7.872774511431,6.450166213091,7.377089153231,7.872774511331,5.946198695551,4.697522264151,4.542092781681,10.047521051481,10.047521051481,8.861666390381,8.557669793081
"t9",7.566939072981,8.149989414811,9.677361785271,9.677361785271,9.314374359681,9.677361784681,7.155546800981,9.677361785281,9.677361785281,9.677361785281,8.780781424581,7.091033888481,8.257044247081,3.88826120066,3.68798584577,4.6594025203,5.9916003473,6.0933324723,0,3.811740579,6.6251574133,6.6251574133,6.6251574132,6.6251574132,6.6251574132,6.6251574132,6.57096814536,6.6251574131,6.6251574132,6.625157413,5.4065138571,6.62515741345,6.62515741345,6.62515741344,6.62515741346,6.62515741354,6.62515741354,7.73808692577,7.74811280077,7.74811280072,7.74811280072,7.74811280076,7.74811280086,7.68242470322,7.74811280026,7.64828597153,7.7481128003,7.74811280024,7.74811280024,7.74811280028,7.74811280028,7.748112800305,7.748112800305,7.77947421621,7.85703705621,7.85703705621,7.33705560085,7.85703705621,7.85703705621,7.85703705583,7.85703705583,7.857037056271,7.857037056271,7.857037056271,7.85703705631,6.34188439174,7.85703705617,7.85703705617,7.8570370561334,7.8570370561334,7.26188185537,7.85703705637,7.85703705637,7.85703705637,7.85703705637,7.85703705627,7.85703705627,7.85703705627,7.45743262907,7.85703705627,7.85703705627,5.97957848501,7.85703705591,7.85703705591,7.85703705591,7.85703705591,6.416758719381,7.585314362081,7.872774511581,7.872774511623,7.872774511623,7.872774511623,7.872774511623,7.872774511781,7.872774511781,7.872774511951,7.872774511751,7.872774511751,7.872774511751,7.872774511681,7.872774511681,7.872774511641,7.872774511651,7.872774511651,7.726853896051,6.098014890481,7.872774511851,7.058500718551,7.872774511241,7.872774511241,7.566683910851,7.872774511651,5.425700978491,5.427718132611,7.872774511651,7.87277451163,7.87277451163,7.872774511631,7.872774511641,7.872774511641,7.872774511621,7.872774511621,7.872774511711,7.503867600281,7.872774512041,7.872774512041,7.872774512051,7.872774511861,7.462183114761,7.872774511931,6.450166213591,7.377089153731,7.872774511831,5.946198696051,4.697522264651,4.542092782181,10.047521051981,10.047521051981,8.861666390881,8.557669793581
