"","t34","t47","t48","t1","t13","t14","t31","t97","t98","t63","t64","t25","t90","t91","t67","t92","t93","t39","t43","t44","t68","t69","t40","t23","t65","t66","t54","t55","t8","t22","t72","t73","t36","t86","t87","t35","t19","t41","t42","t49","t74","t75","t95","t96","t94","t20","t16","t27","t82","t83","t78","t79","t70","t24","t56","t57","t10","t11","t21","t45","t46","t26","t50","t51","t32","t33","t4","t3","t59","t60","t88","t89","t52","t53","t9","t7","t37","t38","t99","t100","t58","t17","t18","t61","t62","t30","t80","t81","t84","t85","t5","t6","t15","t76","t77","t71","t12","t28","t29","t2"
"t34",0,0.8752609544,0.8752609544,4.2234479242,6.28773185644,6.28773185644,6.287731855713,6.287731855773,6.287731855773,6.28773185574,6.28773185574,6.28773185591,6.28773185589,6.28773185589,6.287731855875,6.287731855895,6.287731855895,6.28773185591,6.28773185591,6.28773185591,6.28773185594,6.28773185594,6.28773185584,6.28773185591,6.28773185591,6.28773185591,6.28773185594,6.28773185594,6.28773185604,6.28773185584,6.28773185589,6.28773185589,6.28773185589,6.2877318559,6.2877318559,6.28773185595,6.28773185594,6.28773185594,6.28773185594,6.28773185604,6.28773185594,6.28773185594,6.287731855983,6.287731855983,6.28773185599,6.28773185594,6.28773185594,6.28773185594,6.28773185593,6.28773185593,6.2877318559,6.2877318559,6.28773185594,6.28773185594,6.28773185594,6.28773185594,6.28773185584,6.28773185548,6.28773185588,6.28773185598,6.28773185598,6.28773185592,6.287731855932,6.287731855932,6.287731855902,6.287731855902,6.28773185564,6.28773185554,6.28773185594,6.28773185594,6.28773185597,6.28773185597,6.28773185594,6.28773185594,6.28773185574,6.28773185554,6.28773185594,6.28773185594,6.287731855888,6.287731855888,6.28773185594,6.28773185594,6.28773185594,6.28773185594,6.28773185594,6.28773185598,6.28773185598,6.28773185598,6.28773185577,6.28773185577,6.28773185616,6.28773185616,6.28773185596,6.287731855872,6.287731855872,6.28773185596,6.28773185586,6.28773185596,6.28773185596,6.28773185576
"t47",0.8752609544,0,0.5863282212,4.2234479242,6.28773185644,6.28773185644,6.287731855713,6.287731855773,6.287731855773,6.28773185574,6.28773185574,6.28773185591,6.28773185589,6.28773185589,6.287731855875,6.287731855895,6.287731855895,6.28773185591,6.28773185591,6.28773185591,6.28773185594,6.28773185594,6.28773185584,6.28773185591,6.28773185591,6.28773185591,6.28773185594,6.28773185594,6.28773185604,6.28773185584,6.28773185589,6.28773185589,6.28773185589,6.2877318559,6.2877318559,6.28773185595,6.28773185594,6.28773185594,6.28773185594,6.28773185604,6.28773185594,6.28773185594,6.287731855983,6.287731855983,6.28773185599,6.28773185594,6.28773185594,6.28773185594,6.28773185593,6.28773185593,6.2877318559,6.2877318559,6.28773185594,6.28773185594,6.28773185594,6.28773185594,6.28773185584,6.28773185548,6.28773185588,6.28773185598,6.28773185598,6.28773185592,6.287731855932,6.287731855932,6.287731855902,6.287731855902,6.28773185564,6.28773185554,6.28773185594,6.28773185594,6.28773185597,6.28773185597,6.28773185594,6.28773185594,6.28773185574,6.28773185554,6.28773185594,6.28773185594,6.287731855888,6.287731855888,6.28773185594,6.28773185594,6.28773185594,6.28773185594,6.28773185594,6.28773185598,6.28773185598,6.28773185598,6.28773185577,6.28773185577,6.28773185616,6.28773185616,6.28773185596,6.287731855872,6.287731855872,6.28773185596,6.28773185586,6.28773185596,6.28773185596,6.28773185576
"t48",0.8752609544,0.5863282212,0,4.2234479242,6.28773185644,6.28773185644,6.287731855713,6.287731855773,6.287731855773,6.28773185574,6.28773185574,6.28773185591,6.28773185589,6.28773185589,6.287731855875,6.287731855895,6.287731855895,6.28773185591,6.28773185591,6.28773185591,6.28773185594,6.28773185594,6.28773185584,6.28773185591,6.28773185591,6.28773185591,6.28773185594,6.28773185594,6.28773185604,6.28773185584,6.28773185589,6.28773185589,6.28773185589,6.2877318559,6.2877318559,6.28773185595,6.28773185594,6.28773185594,6.28773185594,6.28773185604,6.28773185594,6.28773185594,6.287731855983,6.287731855983,6.28773185599,6.28773185594,6.28773185594,6.28773185594,6.28773185593,6.28773185593,6.2877318559,6.2877318559,6.28773185594,6.28773185594,6.28773185594,6.28773185594,6.28773185584,6.28773185548,6.28773185588,6.28773185598,6.28773185598,6.28773185592,6.287731855932,6.287731855932,6.287731855902,6.287731855902,6.28773185564,6.28773185554,6.28773185594,6.28773185594,6.28773185597,6.28773185597,6.28773185594,6.28773185594,6.28773185574,6.28773185554,6.28773185594,6.28773185594,6.287731855888,6.287731855888,6.28773185594,6.28773185594,6.28773185594,6.28773185594,6.28773185594,6.28773185598,6.28773185598,6.28773185598,6.28773185577,6.28773185577,6.28773185616,6.28773185616,6.28773185596,6.287731855872,6.287731855872,6.28773185596,6.28773185586,6.28773185596,6.28773185596,6.28773185576
"t1",4.2234479242,4.2234479242,4.2234479242,0,6.28773185624,6.28773185624,6.287731855513,6.287731855573,6.287731855573,6.28773185554,6.28773185554,6.28773185571,6.28773185569,6.28773185569,6.287731855675,6.287731855695,6.287731855695,6.28773185571,6.28773185571,6.28773185571,6.28773185574,6.28773185574,6.28773185564,6.28773185571,6.28773185571,6.28773185571,6.28773185574,6.28773185574,6.28773185584,6.28773185564,6.28773185569,6.28773185569,6.28773185569,6.2877318557,6.2877318557,6.28773185575,6.28773185574,6.28773185574,6.28773185574,6.28773185584,6.28773185574,6.28773185574,6.287731855783,6.287731855783,6.28773185579,6.28773185574,6.28773185574,6.28773185574,6.28773185573,6.28773185573,6.2877318557,6.2877318557,6.28773185574,6.28773185574,6.28773185574,6.28773185574,6.28773185564,6.28773185528,6.28773185568,6.28773185578,6.28773185578,6.28773185572,6.287731855732,6.287731855732,6.287731855702,6.287731855702,6.28773185544,6.28773185534,6.28773185574,6.28773185574,6.28773185577,6.28773185577,6.28773185574,6.28773185574,6.28773185554,6.28773185534,6.28773185574,6.28773185574,6.287731855688,6.287731855688,6.28773185574,6.28773185574,6.28773185574,6.28773185574,6.28773185574,6.28773185578,6.28773185578,6.28773185578,6.28773185557,6.28773185557,6.28773185596,6.28773185596,6.28773185576,6.287731855672,6.287731855672,6.28773185576,6.28773185566,6.28773185576,6.28773185576,6.28773185556
"t13",6.28773185644,6.28773185644,6.28773185644,6.28773185624,0,1.8018239022,3.818538021473,3.818538021533,3.818538021533,3.8185380215,3.8185380215,4.06733591427,4.06733591425,4.06733591425,4.067335914235,4.067335914255,4.067335914255,4.06733591427,4.06733591427,4.06733591427,4.0673359143,4.0673359143,4.0673359142,4.06733591427,4.06733591427,4.06733591427,4.0673359143,4.0673359143,4.0673359144,4.0673359142,4.06733591425,4.06733591425,4.06733591425,4.06733591426,4.06733591426,4.06733591431,4.0673359143,4.0673359143,4.0673359143,4.0673359144,4.0673359143,4.0673359143,4.067335914343,4.067335914343,4.06733591435,4.0673359143,4.0673359143,4.0673359143,4.06733591429,4.06733591429,4.06733591426,4.06733591426,4.0673359143,4.0673359143,4.0673359143,4.0673359143,4.6379810554,4.63798105504,4.63798105544,4.63798105554,4.63798105554,4.63798105548,4.637981055492,4.637981055492,4.637981055462,4.637981055462,4.6379810552,4.6379810551,4.6379810555,4.6379810555,4.63798105553,4.63798105553,4.6379810555,4.6379810555,4.6379810553,4.6379810551,4.6379810555,4.6379810555,4.637981055448,4.637981055448,4.6379810555,4.6379810555,4.6379810555,4.6379810555,4.6379810555,4.70096075762,4.70096075762,4.70096075762,4.70096075741,4.70096075741,4.7009607578,4.7009607578,4.7009607576,4.700960757512,4.700960757512,4.7009607576,4.7009607575,4.7009607576,4.7009607576,4.7009607574
"t14",6.28773185644,6.28773185644,6.28773185644,6.28773185624,1.8018239022,0,3.818538021473,3.818538021533,3.818538021533,3.8185380215,3.8185380215,4.06733591427,4.06733591425,4.06733591425,4.067335914235,4.067335914255,4.067335914255,4.06733591427,4.06733591427,4.06733591427,4.0673359143,4.0673359143,4.0673359142,4.06733591427,4.06733591427,4.06733591427,4.0673359143,4.0673359143,4.0673359144,4.0673359142,4.06733591425,4.06733591425,4.06733591425,4.06733591426,4.06733591426,4.06733591431,4.0673359143,4.0673359143,4.0673359143,4.0673359144,4.0673359143,4.0673359143,4.067335914343,4.067335914343,4.06733591435,4.0673359143,4.0673359143,4.0673359143,4.06733591429,4.06733591429,4.06733591426,4.06733591426,4.0673359143,4.0673359143,4.0673359143,4.0673359143,4.6379810554,4.63798105504,4.63798105544,4.63798105554,4.63798105554,4.63798105548,4.637981055492,4.637981055492,4.637981055462,4.637981055462,4.6379810552,4.6379810551,4.6379810555,4.6379810555,4.63798105553,4.63798105553,4.6379810555,4.6379810555,4.6379810553,4.6379810551,4.6379810555,4.6379810555,4.637981055448,4.637981055448,4.6379810555,4.6379810555,4.6379810555,4.6379810555,4.6379810555,4.70096075762,4.70096075762,4.70096075762,4.70096075741,4.70096075741,4.7009607578,4.7009607578,4.7009607576,4.700960757512,4.700960757512,4.7009607576,4.7009607575,4.7009607576,4.7009607576,4.7009607574
"t31",6.287731855713,6.287731855713,6.287731855713,6.287731855513,3.818538021473,3.818538021473,0,0.90707653146,0.90707653146,0.920204910773,0.920204910773,4.067335913543,4.067335913523,4.067335913523,4.067335913508,4.067335913528,4.067335913528,4.067335913543,4.067335913543,4.067335913543,4.067335913573,4.067335913573,4.067335913473,4.067335913543,4.067335913543,4.067335913543,4.067335913573,4.067335913573,4.067335913673,4.067335913473,4.067335913523,4.067335913523,4.067335913523,4.067335913533,4.067335913533,4.067335913583,4.067335913573,4.067335913573,4.067335913573,4.067335913673,4.067335913573,4.067335913573,4.067335913616,4.067335913616,4.067335913623,4.067335913573,4.067335913573,4.067335913573,4.067335913563,4.067335913563,4.067335913533,4.067335913533,4.067335913573,4.067335913573,4.067335913573,4.067335913573,4.637981054673,4.637981054313,4.637981054713,4.637981054813,4.637981054813,4.637981054753,4.637981054765,4.637981054765,4.637981054735,4.637981054735,4.637981054473,4.637981054373,4.637981054773,4.637981054773,4.637981054803,4.637981054803,4.637981054773,4.637981054773,4.637981054573,4.637981054373,4.637981054773,4.637981054773,4.637981054721,4.637981054721,4.637981054773,4.637981054773,4.637981054773,4.637981054773,4.637981054773,4.700960756893,4.700960756893,4.700960756893,4.700960756683,4.700960756683,4.700960757073,4.700960757073,4.700960756873,4.700960756785,4.700960756785,4.700960756873,4.700960756773,4.700960756873,4.700960756873,4.700960756673
"t97",6.287731855773,6.287731855773,6.287731855773,6.287731855573,3.818538021533,3.818538021533,0.90707653146,0,0.02920916892,0.920204910833,0.920204910833,4.067335913603,4.067335913583,4.067335913583,4.067335913568,4.067335913588,4.067335913588,4.067335913603,4.067335913603,4.067335913603,4.067335913633,4.067335913633,4.067335913533,4.067335913603,4.067335913603,4.067335913603,4.067335913633,4.067335913633,4.067335913733,4.067335913533,4.067335913583,4.067335913583,4.067335913583,4.067335913593,4.067335913593,4.067335913643,4.067335913633,4.067335913633,4.067335913633,4.067335913733,4.067335913633,4.067335913633,4.067335913676,4.067335913676,4.067335913683,4.067335913633,4.067335913633,4.067335913633,4.067335913623,4.067335913623,4.067335913593,4.067335913593,4.067335913633,4.067335913633,4.067335913633,4.067335913633,4.637981054733,4.637981054373,4.637981054773,4.637981054873,4.637981054873,4.637981054813,4.637981054825,4.637981054825,4.637981054795,4.637981054795,4.637981054533,4.637981054433,4.637981054833,4.637981054833,4.637981054863,4.637981054863,4.637981054833,4.637981054833,4.637981054633,4.637981054433,4.637981054833,4.637981054833,4.637981054781,4.637981054781,4.637981054833,4.637981054833,4.637981054833,4.637981054833,4.637981054833,4.700960756953,4.700960756953,4.700960756953,4.700960756743,4.700960756743,4.700960757133,4.700960757133,4.700960756933,4.700960756845,4.700960756845,4.700960756933,4.700960756833,4.700960756933,4.700960756933,4.700960756733
"t98",6.287731855773,6.287731855773,6.287731855773,6.287731855573,3.818538021533,3.818538021533,0.90707653146,0.02920916892,0,0.920204910833,0.920204910833,4.067335913603,4.067335913583,4.067335913583,4.067335913568,4.067335913588,4.067335913588,4.067335913603,4.067335913603,4.067335913603,4.067335913633,4.067335913633,4.067335913533,4.067335913603,4.067335913603,4.067335913603,4.067335913633,4.067335913633,4.067335913733,4.067335913533,4.067335913583,4.067335913583,4.067335913583,4.067335913593,4.067335913593,4.067335913643,4.067335913633,4.067335913633,4.067335913633,4.067335913733,4.067335913633,4.067335913633,4.067335913676,4.067335913676,4.067335913683,4.067335913633,4.067335913633,4.067335913633,4.067335913623,4.067335913623,4.067335913593,4.067335913593,4.067335913633,4.067335913633,4.067335913633,4.067335913633,4.637981054733,4.637981054373,4.637981054773,4.637981054873,4.637981054873,4.637981054813,4.637981054825,4.637981054825,4.637981054795,4.637981054795,4.637981054533,4.637981054433,4.637981054833,4.637981054833,4.637981054863,4.637981054863,4.637981054833,4.637981054833,4.637981054633,4.637981054433,4.637981054833,4.637981054833,4.637981054781,4.637981054781,4.637981054833,4.637981054833,4.637981054833,4.637981054833,4.637981054833,4.700960756953,4.700960756953,4.700960756953,4.700960756743,4.700960756743,4.700960757133,4.700960757133,4.700960756933,4.700960756845,4.700960756845,4.700960756933,4.700960756833,4.700960756933,4.700960756933,4.700960756733
"t63",6.28773185574,6.28773185574,6.28773185574,6.28773185554,3.8185380215,3.8185380215,0.920204910773,0.920204910833,0.920204910833,0,0.335121606,4.06733591357,4.06733591355,4.06733591355,4.067335913535,4.067335913555,4.067335913555,4.06733591357,4.06733591357,4.06733591357,4.0673359136,4.0673359136,4.0673359135,4.06733591357,4.06733591357,4.06733591357,4.0673359136,4.0673359136,4.0673359137,4.0673359135,4.06733591355,4.06733591355,4.06733591355,4.06733591356,4.06733591356,4.06733591361,4.0673359136,4.0673359136,4.0673359136,4.0673359137,4.0673359136,4.0673359136,4.067335913643,4.067335913643,4.06733591365,4.0673359136,4.0673359136,4.0673359136,4.06733591359,4.06733591359,4.06733591356,4.06733591356,4.0673359136,4.0673359136,4.0673359136,4.0673359136,4.6379810547,4.63798105434,4.63798105474,4.63798105484,4.63798105484,4.63798105478,4.637981054792,4.637981054792,4.637981054762,4.637981054762,4.6379810545,4.6379810544,4.6379810548,4.6379810548,4.63798105483,4.63798105483,4.6379810548,4.6379810548,4.6379810546,4.6379810544,4.6379810548,4.6379810548,4.637981054748,4.637981054748,4.6379810548,4.6379810548,4.6379810548,4.6379810548,4.6379810548,4.70096075692,4.70096075692,4.70096075692,4.70096075671,4.70096075671,4.7009607571,4.7009607571,4.7009607569,4.700960756812,4.700960756812,4.7009607569,4.7009607568,4.7009607569,4.7009607569,4.7009607567
"t64",6.28773185574,6.28773185574,6.28773185574,6.28773185554,3.8185380215,3.8185380215,0.920204910773,0.920204910833,0.920204910833,0.335121606,0,4.06733591357,4.06733591355,4.06733591355,4.067335913535,4.067335913555,4.067335913555,4.06733591357,4.06733591357,4.06733591357,4.0673359136,4.0673359136,4.0673359135,4.06733591357,4.06733591357,4.06733591357,4.0673359136,4.0673359136,4.0673359137,4.0673359135,4.06733591355,4.06733591355,4.06733591355,4.06733591356,4.06733591356,4.06733591361,4.0673359136,4.0673359136,4.0673359136,4.0673359137,4.0673359136,4.0673359136,4.067335913643,4.067335913643,4.06733591365,4.0673359136,4.0673359136,4.0673359136,4.06733591359,4.06733591359,4.06733591356,4.06733591356,4.0673359136,4.0673359136,4.0673359136,4.0673359136,4.6379810547,4.63798105434,4.63798105474,4.63798105484,4.63798105484,4.63798105478,4.637981054792,4.637981054792,4.637981054762,4.637981054762,4.6379810545,4.6379810544,4.6379810548,4.6379810548,4.63798105483,4.63798105483,4.6379810548,4.6379810548,4.6379810546,4.6379810544,4.6379810548,4.6379810548,4.637981054748,4.637981054748,4.6379810548,4.6379810548,4.6379810548,4.6379810548,4.6379810548,4.70096075692,4.70096075692,4.70096075692,4.70096075671,4.70096075671,4.7009607571,4.7009607571,4.7009607569,4.700960756812,4.700960756812,4.7009607569,4.7009607568,4.7009607569,4.7009607569,4.7009607567
"t25",6.28773185591,6.28773185591,6.28773185591,6.28773185571,4.06733591427,4.06733591427,4.067335913543,4.067335913603,4.067335913603,4.06733591357,4.06733591357,0,1.09349516878,1.09349516878,1.093495168765,1.093495168785,1.093495168785,1.0934951688,1.9112463842,1.9112463842,2.04853854637,2.04853854637,2.04853854627,2.04853854634,2.04853854634,2.04853854634,2.04853854637,2.04853854637,2.54887865187,3.46873377867,3.46873377872,3.46873377872,3.46873377872,3.46873377873,3.46873377873,3.46873377878,3.46873377877,3.46873377877,3.46873377877,3.46873377887,3.46873377877,3.46873377877,3.468733778813,3.468733778813,3.46873377882,3.46873377877,3.46873377877,3.46873377877,3.46873377876,3.46873377876,3.46873377873,3.46873377873,3.46873377877,3.46873377877,3.46873377877,3.46873377877,4.63798105487,4.63798105451,4.63798105491,4.63798105501,4.63798105501,4.63798105495,4.637981054962,4.637981054962,4.637981054932,4.637981054932,4.63798105467,4.63798105457,4.63798105497,4.63798105497,4.637981055,4.637981055,4.63798105497,4.63798105497,4.63798105477,4.63798105457,4.63798105497,4.63798105497,4.637981054918,4.637981054918,4.63798105497,4.63798105497,4.63798105497,4.63798105497,4.63798105497,4.70096075709,4.70096075709,4.70096075709,4.70096075688,4.70096075688,4.70096075727,4.70096075727,4.70096075707,4.700960756982,4.700960756982,4.70096075707,4.70096075697,4.70096075707,4.70096075707,4.70096075687
"t90",6.28773185589,6.28773185589,6.28773185589,6.28773185569,4.06733591425,4.06733591425,4.067335913523,4.067335913583,4.067335913583,4.06733591355,4.06733591355,1.09349516878,0,0.08877133756,0.324424345345,0.324424345365,0.324424345365,0.77925345718,1.91124638418,1.91124638418,2.04853854635,2.04853854635,2.04853854625,2.04853854632,2.04853854632,2.04853854632,2.04853854635,2.04853854635,2.54887865185,3.46873377865,3.4687337787,3.4687337787,3.4687337787,3.46873377871,3.46873377871,3.46873377876,3.46873377875,3.46873377875,3.46873377875,3.46873377885,3.46873377875,3.46873377875,3.468733778793,3.468733778793,3.4687337788,3.46873377875,3.46873377875,3.46873377875,3.46873377874,3.46873377874,3.46873377871,3.46873377871,3.46873377875,3.46873377875,3.46873377875,3.46873377875,4.63798105485,4.63798105449,4.63798105489,4.63798105499,4.63798105499,4.63798105493,4.637981054942,4.637981054942,4.637981054912,4.637981054912,4.63798105465,4.63798105455,4.63798105495,4.63798105495,4.63798105498,4.63798105498,4.63798105495,4.63798105495,4.63798105475,4.63798105455,4.63798105495,4.63798105495,4.637981054898,4.637981054898,4.63798105495,4.63798105495,4.63798105495,4.63798105495,4.63798105495,4.70096075707,4.70096075707,4.70096075707,4.70096075686,4.70096075686,4.70096075725,4.70096075725,4.70096075705,4.700960756962,4.700960756962,4.70096075705,4.70096075695,4.70096075705,4.70096075705,4.70096075685
"t91",6.28773185589,6.28773185589,6.28773185589,6.28773185569,4.06733591425,4.06733591425,4.067335913523,4.067335913583,4.067335913583,4.06733591355,4.06733591355,1.09349516878,0.08877133756,0,0.324424345345,0.324424345365,0.324424345365,0.77925345718,1.91124638418,1.91124638418,2.04853854635,2.04853854635,2.04853854625,2.04853854632,2.04853854632,2.04853854632,2.04853854635,2.04853854635,2.54887865185,3.46873377865,3.4687337787,3.4687337787,3.4687337787,3.46873377871,3.46873377871,3.46873377876,3.46873377875,3.46873377875,3.46873377875,3.46873377885,3.46873377875,3.46873377875,3.468733778793,3.468733778793,3.4687337788,3.46873377875,3.46873377875,3.46873377875,3.46873377874,3.46873377874,3.46873377871,3.46873377871,3.46873377875,3.46873377875,3.46873377875,3.46873377875,4.63798105485,4.63798105449,4.63798105489,4.63798105499,4.63798105499,4.63798105493,4.637981054942,4.637981054942,4.637981054912,4.637981054912,4.63798105465,4.63798105455,4.63798105495,4.63798105495,4.63798105498,4.63798105498,4.63798105495,4.63798105495,4.63798105475,4.63798105455,4.63798105495,4.63798105495,4.637981054898,4.637981054898,4.63798105495,4.63798105495,4.63798105495,4.63798105495,4.63798105495,4.70096075707,4.70096075707,4.70096075707,4.70096075686,4.70096075686,4.70096075725,4.70096075725,4.70096075705,4.700960756962,4.700960756962,4.70096075705,4.70096075695,4.70096075705,4.70096075705,4.70096075685
"t67",6.287731855875,6.287731855875,6.287731855875,6.287731855675,4.067335914235,4.067335914235,4.067335913508,4.067335913568,4.067335913568,4.067335913535,4.067335913535,1.093495168765,0.324424345345,0.324424345345,0,0.31127774142,0.31127774142,0.779253457165,1.911246384165,1.911246384165,2.048538546335,2.048538546335,2.048538546235,2.048538546305,2.048538546305,2.048538546305,2.048538546335,2.048538546335,2.548878651835,3.468733778635,3.468733778685,3.468733778685,3.468733778685,3.468733778695,3.468733778695,3.468733778745,3.468733778735,3.468733778735,3.468733778735,3.468733778835,3.468733778735,3.468733778735,3.468733778778,3.468733778778,3.468733778785,3.468733778735,3.468733778735,3.468733778735,3.468733778725,3.468733778725,3.468733778695,3.468733778695,3.468733778735,3.468733778735,3.468733778735,3.468733778735,4.637981054835,4.637981054475,4.637981054875,4.637981054975,4.637981054975,4.637981054915,4.637981054927,4.637981054927,4.637981054897,4.637981054897,4.637981054635,4.637981054535,4.637981054935,4.637981054935,4.637981054965,4.637981054965,4.637981054935,4.637981054935,4.637981054735,4.637981054535,4.637981054935,4.637981054935,4.637981054883,4.637981054883,4.637981054935,4.637981054935,4.637981054935,4.637981054935,4.637981054935,4.700960757055,4.700960757055,4.700960757055,4.700960756845,4.700960756845,4.700960757235,4.700960757235,4.700960757035,4.700960756947,4.700960756947,4.700960757035,4.700960756935,4.700960757035,4.700960757035,4.700960756835
"t92",6.287731855895,6.287731855895,6.287731855895,6.287731855695,4.067335914255,4.067335914255,4.067335913528,4.067335913588,4.067335913588,4.067335913555,4.067335913555,1.093495168785,0.324424345365,0.324424345365,0.31127774142,0,0.08848381064,0.779253457185,1.911246384185,1.911246384185,2.048538546355,2.048538546355,2.048538546255,2.048538546325,2.048538546325,2.048538546325,2.048538546355,2.048538546355,2.548878651855,3.468733778655,3.468733778705,3.468733778705,3.468733778705,3.468733778715,3.468733778715,3.468733778765,3.468733778755,3.468733778755,3.468733778755,3.468733778855,3.468733778755,3.468733778755,3.468733778798,3.468733778798,3.468733778805,3.468733778755,3.468733778755,3.468733778755,3.468733778745,3.468733778745,3.468733778715,3.468733778715,3.468733778755,3.468733778755,3.468733778755,3.468733778755,4.637981054855,4.637981054495,4.637981054895,4.637981054995,4.637981054995,4.637981054935,4.637981054947,4.637981054947,4.637981054917,4.637981054917,4.637981054655,4.637981054555,4.637981054955,4.637981054955,4.637981054985,4.637981054985,4.637981054955,4.637981054955,4.637981054755,4.637981054555,4.637981054955,4.637981054955,4.637981054903,4.637981054903,4.637981054955,4.637981054955,4.637981054955,4.637981054955,4.637981054955,4.700960757075,4.700960757075,4.700960757075,4.700960756865,4.700960756865,4.700960757255,4.700960757255,4.700960757055,4.700960756967,4.700960756967,4.700960757055,4.700960756955,4.700960757055,4.700960757055,4.700960756855
"t93",6.287731855895,6.287731855895,6.287731855895,6.287731855695,4.067335914255,4.067335914255,4.067335913528,4.067335913588,4.067335913588,4.067335913555,4.067335913555,1.093495168785,0.324424345365,0.324424345365,0.31127774142,0.08848381064,0,0.779253457185,1.911246384185,1.911246384185,2.048538546355,2.048538546355,2.048538546255,2.048538546325,2.048538546325,2.048538546325,2.048538546355,2.048538546355,2.548878651855,3.468733778655,3.468733778705,3.468733778705,3.468733778705,3.468733778715,3.468733778715,3.468733778765,3.468733778755,3.468733778755,3.468733778755,3.468733778855,3.468733778755,3.468733778755,3.468733778798,3.468733778798,3.468733778805,3.468733778755,3.468733778755,3.468733778755,3.468733778745,3.468733778745,3.468733778715,3.468733778715,3.468733778755,3.468733778755,3.468733778755,3.468733778755,4.637981054855,4.637981054495,4.637981054895,4.637981054995,4.637981054995,4.637981054935,4.637981054947,4.637981054947,4.637981054917,4.637981054917,4.637981054655,4.637981054555,4.637981054955,4.637981054955,4.637981054985,4.637981054985,4.637981054955,4.637981054955,4.637981054755,4.637981054555,4.637981054955,4.637981054955,4.637981054903,4.637981054903,4.637981054955,4.637981054955,4.637981054955,4.637981054955,4.637981054955,4.700960757075,4.700960757075,4.700960757075,4.700960756865,4.700960756865,4.700960757255,4.700960757255,4.700960757055,4.700960756967,4.700960756967,4.700960757055,4.700960756955,4.700960757055,4.700960757055,4.700960756855
"t39",6.28773185591,6.28773185591,6.28773185591,6.28773185571,4.06733591427,4.06733591427,4.067335913543,4.067335913603,4.067335913603,4.06733591357,4.06733591357,1.0934951688,0.77925345718,0.77925345718,0.779253457165,0.779253457185,0.779253457185,0,1.9112463842,1.9112463842,2.04853854637,2.04853854637,2.04853854627,2.04853854634,2.04853854634,2.04853854634,2.04853854637,2.04853854637,2.54887865187,3.46873377867,3.46873377872,3.46873377872,3.46873377872,3.46873377873,3.46873377873,3.46873377878,3.46873377877,3.46873377877,3.46873377877,3.46873377887,3.46873377877,3.46873377877,3.468733778813,3.468733778813,3.46873377882,3.46873377877,3.46873377877,3.46873377877,3.46873377876,3.46873377876,3.46873377873,3.46873377873,3.46873377877,3.46873377877,3.46873377877,3.46873377877,4.63798105487,4.63798105451,4.63798105491,4.63798105501,4.63798105501,4.63798105495,4.637981054962,4.637981054962,4.637981054932,4.637981054932,4.63798105467,4.63798105457,4.63798105497,4.63798105497,4.637981055,4.637981055,4.63798105497,4.63798105497,4.63798105477,4.63798105457,4.63798105497,4.63798105497,4.637981054918,4.637981054918,4.63798105497,4.63798105497,4.63798105497,4.63798105497,4.63798105497,4.70096075709,4.70096075709,4.70096075709,4.70096075688,4.70096075688,4.70096075727,4.70096075727,4.70096075707,4.700960756982,4.700960756982,4.70096075707,4.70096075697,4.70096075707,4.70096075707,4.70096075687
"t43",6.28773185591,6.28773185591,6.28773185591,6.28773185571,4.06733591427,4.06733591427,4.067335913543,4.067335913603,4.067335913603,4.06733591357,4.06733591357,1.9112463842,1.91124638418,1.91124638418,1.911246384165,1.911246384185,1.911246384185,1.9112463842,0,0.6741973978,2.04853854637,2.04853854637,2.04853854627,2.04853854634,2.04853854634,2.04853854634,2.04853854637,2.04853854637,2.54887865187,3.46873377867,3.46873377872,3.46873377872,3.46873377872,3.46873377873,3.46873377873,3.46873377878,3.46873377877,3.46873377877,3.46873377877,3.46873377887,3.46873377877,3.46873377877,3.468733778813,3.468733778813,3.46873377882,3.46873377877,3.46873377877,3.46873377877,3.46873377876,3.46873377876,3.46873377873,3.46873377873,3.46873377877,3.46873377877,3.46873377877,3.46873377877,4.63798105487,4.63798105451,4.63798105491,4.63798105501,4.63798105501,4.63798105495,4.637981054962,4.637981054962,4.637981054932,4.637981054932,4.63798105467,4.63798105457,4.63798105497,4.63798105497,4.637981055,4.637981055,4.63798105497,4.63798105497,4.63798105477,4.63798105457,4.63798105497,4.63798105497,4.637981054918,4.637981054918,4.63798105497,4.63798105497,4.63798105497,4.63798105497,4.63798105497,4.70096075709,4.70096075709,4.70096075709,4.70096075688,4.70096075688,4.70096075727,4.70096075727,4.70096075707,4.700960756982,4.700960756982,4.70096075707,4.70096075697,4.70096075707,4.70096075707,4.70096075687
"t44",6.28773185591,6.28773185591,6.28773185591,6.28773185571,4.06733591427,4.06733591427,4.067335913543,4.067335913603,4.067335913603,4.06733591357,4.06733591357,1.9112463842,1.91124638418,1.91124638418,1.911246384165,1.911246384185,1.911246384185,1.9112463842,0.6741973978,0,2.04853854637,2.04853854637,2.04853854627,2.04853854634,2.04853854634,2.04853854634,2.04853854637,2.04853854637,2.54887865187,3.46873377867,3.46873377872,3.46873377872,3.46873377872,3.46873377873,3.46873377873,3.46873377878,3.46873377877,3.46873377877,3.46873377877,3.46873377887,3.46873377877,3.46873377877,3.468733778813,3.468733778813,3.46873377882,3.46873377877,3.46873377877,3.46873377877,3.46873377876,3.46873377876,3.46873377873,3.46873377873,3.46873377877,3.46873377877,3.46873377877,3.46873377877,4.63798105487,4.63798105451,4.63798105491,4.63798105501,4.63798105501,4.63798105495,4.637981054962,4.637981054962,4.637981054932,4.637981054932,4.63798105467,4.63798105457,4.63798105497,4.63798105497,4.637981055,4.637981055,4.63798105497,4.63798105497,4.63798105477,4.63798105457,4.63798105497,4.63798105497,4.637981054918,4.637981054918,4.63798105497,4.63798105497,4.63798105497,4.63798105497,4.63798105497,4.70096075709,4.70096075709,4.70096075709,4.70096075688,4.70096075688,4.70096075727,4.70096075727,4.70096075707,4.700960756982,4.700960756982,4.70096075707,4.70096075697,4.70096075707,4.70096075707,4.70096075687
"t68",6.28773185594,6.28773185594,6.28773185594,6.28773185574,4.0673359143,4.0673359143,4.067335913573,4.067335913633,4.067335913633,4.0673359136,4.0673359136,2.04853854637,2.04853854635,2.04853854635,2.048538546335,2.048538546355,2.048538546355,2.04853854637,2.04853854637,2.04853854637,0,0.27715719,0.7666064821,1.35255698917,1.35255698917,1.35255698917,1.7319596824,1.7319596824,2.5488786519,3.4687337787,3.46873377875,3.46873377875,3.46873377875,3.46873377876,3.46873377876,3.46873377881,3.4687337788,3.4687337788,3.4687337788,3.4687337789,3.4687337788,3.4687337788,3.468733778843,3.468733778843,3.46873377885,3.4687337788,3.4687337788,3.4687337788,3.46873377879,3.46873377879,3.46873377876,3.46873377876,3.4687337788,3.4687337788,3.4687337788,3.4687337788,4.6379810549,4.63798105454,4.63798105494,4.63798105504,4.63798105504,4.63798105498,4.637981054992,4.637981054992,4.637981054962,4.637981054962,4.6379810547,4.6379810546,4.637981055,4.637981055,4.63798105503,4.63798105503,4.637981055,4.637981055,4.6379810548,4.6379810546,4.637981055,4.637981055,4.637981054948,4.637981054948,4.637981055,4.637981055,4.637981055,4.637981055,4.637981055,4.70096075712,4.70096075712,4.70096075712,4.70096075691,4.70096075691,4.7009607573,4.7009607573,4.7009607571,4.700960757012,4.700960757012,4.7009607571,4.700960757,4.7009607571,4.7009607571,4.7009607569
"t69",6.28773185594,6.28773185594,6.28773185594,6.28773185574,4.0673359143,4.0673359143,4.067335913573,4.067335913633,4.067335913633,4.0673359136,4.0673359136,2.04853854637,2.04853854635,2.04853854635,2.048538546335,2.048538546355,2.048538546355,2.04853854637,2.04853854637,2.04853854637,0.27715719,0,0.7666064821,1.35255698917,1.35255698917,1.35255698917,1.7319596824,1.7319596824,2.5488786519,3.4687337787,3.46873377875,3.46873377875,3.46873377875,3.46873377876,3.46873377876,3.46873377881,3.4687337788,3.4687337788,3.4687337788,3.4687337789,3.4687337788,3.4687337788,3.468733778843,3.468733778843,3.46873377885,3.4687337788,3.4687337788,3.4687337788,3.46873377879,3.46873377879,3.46873377876,3.46873377876,3.4687337788,3.4687337788,3.4687337788,3.4687337788,4.6379810549,4.63798105454,4.63798105494,4.63798105504,4.63798105504,4.63798105498,4.637981054992,4.637981054992,4.637981054962,4.637981054962,4.6379810547,4.6379810546,4.637981055,4.637981055,4.63798105503,4.63798105503,4.637981055,4.637981055,4.6379810548,4.6379810546,4.637981055,4.637981055,4.637981054948,4.637981054948,4.637981055,4.637981055,4.637981055,4.637981055,4.637981055,4.70096075712,4.70096075712,4.70096075712,4.70096075691,4.70096075691,4.7009607573,4.7009607573,4.7009607571,4.700960757012,4.700960757012,4.7009607571,4.700960757,4.7009607571,4.7009607571,4.7009607569
"t40",6.28773185584,6.28773185584,6.28773185584,6.28773185564,4.0673359142,4.0673359142,4.067335913473,4.067335913533,4.067335913533,4.0673359135,4.0673359135,2.04853854627,2.04853854625,2.04853854625,2.048538546235,2.048538546255,2.048538546255,2.04853854627,2.04853854627,2.04853854627,0.7666064821,0.7666064821,0,1.35255698907,1.35255698907,1.35255698907,1.7319596823,1.7319596823,2.5488786518,3.4687337786,3.46873377865,3.46873377865,3.46873377865,3.46873377866,3.46873377866,3.46873377871,3.4687337787,3.4687337787,3.4687337787,3.4687337788,3.4687337787,3.4687337787,3.468733778743,3.468733778743,3.46873377875,3.4687337787,3.4687337787,3.4687337787,3.46873377869,3.46873377869,3.46873377866,3.46873377866,3.4687337787,3.4687337787,3.4687337787,3.4687337787,4.6379810548,4.63798105444,4.63798105484,4.63798105494,4.63798105494,4.63798105488,4.637981054892,4.637981054892,4.637981054862,4.637981054862,4.6379810546,4.6379810545,4.6379810549,4.6379810549,4.63798105493,4.63798105493,4.6379810549,4.6379810549,4.6379810547,4.6379810545,4.6379810549,4.6379810549,4.637981054848,4.637981054848,4.6379810549,4.6379810549,4.6379810549,4.6379810549,4.6379810549,4.70096075702,4.70096075702,4.70096075702,4.70096075681,4.70096075681,4.7009607572,4.7009607572,4.700960757,4.700960756912,4.700960756912,4.700960757,4.7009607569,4.700960757,4.700960757,4.7009607568
"t23",6.28773185591,6.28773185591,6.28773185591,6.28773185571,4.06733591427,4.06733591427,4.067335913543,4.067335913603,4.067335913603,4.06733591357,4.06733591357,2.04853854634,2.04853854632,2.04853854632,2.048538546305,2.048538546325,2.048538546325,2.04853854634,2.04853854634,2.04853854634,1.35255698917,1.35255698917,1.35255698907,0,1.1855448414,1.1855448414,1.73195968237,1.73195968237,2.54887865187,3.46873377867,3.46873377872,3.46873377872,3.46873377872,3.46873377873,3.46873377873,3.46873377878,3.46873377877,3.46873377877,3.46873377877,3.46873377887,3.46873377877,3.46873377877,3.468733778813,3.468733778813,3.46873377882,3.46873377877,3.46873377877,3.46873377877,3.46873377876,3.46873377876,3.46873377873,3.46873377873,3.46873377877,3.46873377877,3.46873377877,3.46873377877,4.63798105487,4.63798105451,4.63798105491,4.63798105501,4.63798105501,4.63798105495,4.637981054962,4.637981054962,4.637981054932,4.637981054932,4.63798105467,4.63798105457,4.63798105497,4.63798105497,4.637981055,4.637981055,4.63798105497,4.63798105497,4.63798105477,4.63798105457,4.63798105497,4.63798105497,4.637981054918,4.637981054918,4.63798105497,4.63798105497,4.63798105497,4.63798105497,4.63798105497,4.70096075709,4.70096075709,4.70096075709,4.70096075688,4.70096075688,4.70096075727,4.70096075727,4.70096075707,4.700960756982,4.700960756982,4.70096075707,4.70096075697,4.70096075707,4.70096075707,4.70096075687
"t65",6.28773185591,6.28773185591,6.28773185591,6.28773185571,4.06733591427,4.06733591427,4.067335913543,4.067335913603,4.067335913603,4.06733591357,4.06733591357,2.04853854634,2.04853854632,2.04853854632,2.048538546305,2.048538546325,2.048538546325,2.04853854634,2.04853854634,2.04853854634,1.35255698917,1.35255698917,1.35255698907,1.1855448414,0,0.3144771222,1.73195968237,1.73195968237,2.54887865187,3.46873377867,3.46873377872,3.46873377872,3.46873377872,3.46873377873,3.46873377873,3.46873377878,3.46873377877,3.46873377877,3.46873377877,3.46873377887,3.46873377877,3.46873377877,3.468733778813,3.468733778813,3.46873377882,3.46873377877,3.46873377877,3.46873377877,3.46873377876,3.46873377876,3.46873377873,3.46873377873,3.46873377877,3.46873377877,3.46873377877,3.46873377877,4.63798105487,4.63798105451,4.63798105491,4.63798105501,4.63798105501,4.63798105495,4.637981054962,4.637981054962,4.637981054932,4.637981054932,4.63798105467,4.63798105457,4.63798105497,4.63798105497,4.637981055,4.637981055,4.63798105497,4.63798105497,4.63798105477,4.63798105457,4.63798105497,4.63798105497,4.637981054918,4.637981054918,4.63798105497,4.63798105497,4.63798105497,4.63798105497,4.63798105497,4.70096075709,4.70096075709,4.70096075709,4.70096075688,4.70096075688,4.70096075727,4.70096075727,4.70096075707,4.700960756982,4.700960756982,4.70096075707,4.70096075697,4.70096075707,4.70096075707,4.70096075687
"t66",6.28773185591,6.28773185591,6.28773185591,6.28773185571,4.06733591427,4.06733591427,4.067335913543,4.067335913603,4.067335913603,4.06733591357,4.06733591357,2.04853854634,2.04853854632,2.04853854632,2.048538546305,2.048538546325,2.048538546325,2.04853854634,2.04853854634,2.04853854634,1.35255698917,1.35255698917,1.35255698907,1.1855448414,0.3144771222,0,1.73195968237,1.73195968237,2.54887865187,3.46873377867,3.46873377872,3.46873377872,3.46873377872,3.46873377873,3.46873377873,3.46873377878,3.46873377877,3.46873377877,3.46873377877,3.46873377887,3.46873377877,3.46873377877,3.468733778813,3.468733778813,3.46873377882,3.46873377877,3.46873377877,3.46873377877,3.46873377876,3.46873377876,3.46873377873,3.46873377873,3.46873377877,3.46873377877,3.46873377877,3.46873377877,4.63798105487,4.63798105451,4.63798105491,4.63798105501,4.63798105501,4.63798105495,4.637981054962,4.637981054962,4.637981054932,4.637981054932,4.63798105467,4.63798105457,4.63798105497,4.63798105497,4.637981055,4.637981055,4.63798105497,4.63798105497,4.63798105477,4.63798105457,4.63798105497,4.63798105497,4.637981054918,4.637981054918,4.63798105497,4.63798105497,4.63798105497,4.63798105497,4.63798105497,4.70096075709,4.70096075709,4.70096075709,4.70096075688,4.70096075688,4.70096075727,4.70096075727,4.70096075707,4.700960756982,4.700960756982,4.70096075707,4.70096075697,4.70096075707,4.70096075707,4.70096075687
"t54",6.28773185594,6.28773185594,6.28773185594,6.28773185574,4.0673359143,4.0673359143,4.067335913573,4.067335913633,4.067335913633,4.0673359136,4.0673359136,2.04853854637,2.04853854635,2.04853854635,2.048538546335,2.048538546355,2.048538546355,2.04853854637,2.04853854637,2.04853854637,1.7319596824,1.7319596824,1.7319596823,1.73195968237,1.73195968237,1.73195968237,0,0.4691062958,2.5488786519,3.4687337787,3.46873377875,3.46873377875,3.46873377875,3.46873377876,3.46873377876,3.46873377881,3.4687337788,3.4687337788,3.4687337788,3.4687337789,3.4687337788,3.4687337788,3.468733778843,3.468733778843,3.46873377885,3.4687337788,3.4687337788,3.4687337788,3.46873377879,3.46873377879,3.46873377876,3.46873377876,3.4687337788,3.4687337788,3.4687337788,3.4687337788,4.6379810549,4.63798105454,4.63798105494,4.63798105504,4.63798105504,4.63798105498,4.637981054992,4.637981054992,4.637981054962,4.637981054962,4.6379810547,4.6379810546,4.637981055,4.637981055,4.63798105503,4.63798105503,4.637981055,4.637981055,4.6379810548,4.6379810546,4.637981055,4.637981055,4.637981054948,4.637981054948,4.637981055,4.637981055,4.637981055,4.637981055,4.637981055,4.70096075712,4.70096075712,4.70096075712,4.70096075691,4.70096075691,4.7009607573,4.7009607573,4.7009607571,4.700960757012,4.700960757012,4.7009607571,4.700960757,4.7009607571,4.7009607571,4.7009607569
"t55",6.28773185594,6.28773185594,6.28773185594,6.28773185574,4.0673359143,4.0673359143,4.067335913573,4.067335913633,4.067335913633,4.0673359136,4.0673359136,2.04853854637,2.04853854635,2.04853854635,2.048538546335,2.048538546355,2.048538546355,2.04853854637,2.04853854637,2.04853854637,1.7319596824,1.7319596824,1.7319596823,1.73195968237,1.73195968237,1.73195968237,0.4691062958,0,2.5488786519,3.4687337787,3.46873377875,3.46873377875,3.46873377875,3.46873377876,3.46873377876,3.46873377881,3.4687337788,3.4687337788,3.4687337788,3.4687337789,3.4687337788,3.4687337788,3.468733778843,3.468733778843,3.46873377885,3.4687337788,3.4687337788,3.4687337788,3.46873377879,3.46873377879,3.46873377876,3.46873377876,3.4687337788,3.4687337788,3.4687337788,3.4687337788,4.6379810549,4.63798105454,4.63798105494,4.63798105504,4.63798105504,4.63798105498,4.637981054992,4.637981054992,4.637981054962,4.637981054962,4.6379810547,4.6379810546,4.637981055,4.637981055,4.63798105503,4.63798105503,4.637981055,4.637981055,4.6379810548,4.6379810546,4.637981055,4.637981055,4.637981054948,4.637981054948,4.637981055,4.637981055,4.637981055,4.637981055,4.637981055,4.70096075712,4.70096075712,4.70096075712,4.70096075691,4.70096075691,4.7009607573,4.7009607573,4.7009607571,4.700960757012,4.700960757012,4.7009607571,4.700960757,4.7009607571,4.7009607571,4.7009607569
