"","t80","t81","t121","t122","t62","t90","t91","t115","t116","t108","t111","t112","t30","t19","t4","t70","t71","t8","t2","t1","t21","t77","t85","t86","t87","t41","t44","t45","t51","t119","t120","t102","t94","t95","t26","t125","t126","t22","t113","t114","t38","t109","t110","t58","t98","t99","t18","t53","t54","t59","t60","t42","t43","t31","t32","t5","t6","t82","t83","t34","t74","t75","t12","t28","t29","t78","t79","t15","t23","t24","t88","t89","t56","t57","t100","t101","t96","t52","t117","t118","t25","t16","t3","t68","t69","t35","t36","t11","t13","t14","t7","t72","t73","t92","t93","t61","t127","t128","t97","t39","t40","t27","t63","t64","t55","t76","t104","t105","t84","t17","t33","t49","t50","t37","t66","t67","t65","t48","t46","t47","t103","t106","t107","t20","t10","t123","t124","t9"
"t80",0,0.6378617398,2.22842976899,2.22842976899,2.7085212206,2.7085212206,2.7085212206,2.70852122054,2.70852122054,4.9743046722,4.97430467222,4.97430467222,4.257937806,4.9743046723,4.4616878704,6.2333955407,6.2333955407,5.1376034954,4.2904310895,8.9464268742,12.3683045512,12.36830455151,12.36830455143,12.368304551487,12.368304551487,12.36830455151,12.3683045515,12.3683045515,12.3683045516,12.36830455153,12.36830455153,12.3683045516,12.20111344524,12.3683045515,11.7090977551,12.368304550995,12.368304550995,12.3683045511,12.36830455151,12.36830455151,12.36830455151,12.36830455145,12.36830455145,12.36830455141,12.36830455151,12.36830455151,11.82790112273,12.36830455143,12.36830455143,12.36830455143,12.36830455143,12.3683045513,12.3683045513,12.3683045512,11.6249774708,10.4567583501,10.6335186392,12.31803203947,12.36830455117,12.36830455147,12.36830455147,12.36830455147,10.86673199137,12.36830455147,12.36830455147,12.36830455147,12.36830455147,10.82353894707,12.36830455107,12.36830455107,12.36830455147,12.36830455147,12.36830455147,12.36830455147,12.36830455141,12.36830455141,12.36830455147,12.3683045515,12.36830455145,12.36830455145,12.3683045515,11.0192517927,9.9247156101,12.04089571847,12.36830455127,12.36830455137,11.70062270327,12.36830455107,11.69256385281,12.35157472581,11.61275006757,12.368304551168,12.368304551168,12.368304551068,12.368304551068,12.368304551168,12.368304551095,12.368304551095,12.368304551168,12.322052503968,12.368304550968,12.368304551768,12.368304551768,12.368304551768,12.368304551668,12.368304551668,12.368304551668,12.368304551668,12.368304551568,12.368304551468,11.538248744838,12.368304551468,12.368304551468,12.368304551668,12.368304551638,11.928917830458,12.368304551668,11.749791538188,11.801473214378,12.368304551478,12.368304551508,12.368304551498,12.368304551498,11.965421236008,12.368304551708,12.368304551566,12.368304551566,10.81646600707
"t81",0.6378617398,0,2.22842976899,2.22842976899,2.7085212206,2.7085212206,2.7085212206,2.70852122054,2.70852122054,4.9743046722,4.97430467222,4.97430467222,4.257937806,4.9743046723,4.4616878704,6.2333955407,6.2333955407,5.1376034954,4.2904310895,8.9464268742,12.3683045512,12.36830455151,12.36830455143,12.368304551487,12.368304551487,12.36830455151,12.3683045515,12.3683045515,12.3683045516,12.36830455153,12.36830455153,12.3683045516,12.20111344524,12.3683045515,11.7090977551,12.368304550995,12.368304550995,12.3683045511,12.36830455151,12.36830455151,12.36830455151,12.36830455145,12.36830455145,12.36830455141,12.36830455151,12.36830455151,11.82790112273,12.36830455143,12.36830455143,12.36830455143,12.36830455143,12.3683045513,12.3683045513,12.3683045512,11.6249774708,10.4567583501,10.6335186392,12.31803203947,12.36830455117,12.36830455147,12.36830455147,12.36830455147,10.86673199137,12.36830455147,12.36830455147,12.36830455147,12.36830455147,10.82353894707,12.36830455107,12.36830455107,12.36830455147,12.36830455147,12.36830455147,12.36830455147,12.36830455141,12.36830455141,12.36830455147,12.3683045515,12.36830455145,12.36830455145,12.3683045515,11.0192517927,9.9247156101,12.04089571847,12.36830455127,12.36830455137,11.70062270327,12.36830455107,11.69256385281,12.35157472581,11.61275006757,12.368304551168,12.368304551168,12.368304551068,12.368304551068,12.368304551168,12.368304551095,12.368304551095,12.368304551168,12.322052503968,12.368304550968,12.368304551768,12.368304551768,12.368304551768,12.368304551668,12.368304551668,12.368304551668,12.368304551668,12.368304551568,12.368304551468,11.538248744838,12.368304551468,12.368304551468,12.368304551668,12.368304551638,11.928917830458,12.368304551668,11.749791538188,11.801473214378,12.368304551478,12.368304551508,12.368304551498,12.368304551498,11.965421236008,12.368304551708,12.368304551566,12.368304551566,10.81646600707
"t121",2.22842976899,2.22842976899,0,0.02793124258,2.70852122019,2.70852122019,2.70852122019,2.70852122013,2.70852122013,4.97430467179,4.97430467181,4.97430467181,4.25793780559,4.97430467189,4.46168786999,6.23339554029,6.23339554029,5.13760349499,4.29043108909,8.94642687379,12.36830455079,12.3683045511,12.36830455102,12.368304551077,12.368304551077,12.3683045511,12.36830455109,12.36830455109,12.36830455119,12.36830455112,12.36830455112,12.36830455119,12.20111344483,12.36830455109,11.70909775469,12.368304550585,12.368304550585,12.36830455069,12.3683045511,12.3683045511,12.3683045511,12.36830455104,12.36830455104,12.368304551,12.3683045511,12.3683045511,11.82790112232,12.36830455102,12.36830455102,12.36830455102,12.36830455102,12.36830455089,12.36830455089,12.36830455079,11.62497747039,10.45675834969,10.63351863879,12.31803203906,12.36830455076,12.36830455106,12.36830455106,12.36830455106,10.86673199096,12.36830455106,12.36830455106,12.36830455106,12.36830455106,10.82353894666,12.36830455066,12.36830455066,12.36830455106,12.36830455106,12.36830455106,12.36830455106,12.368304551,12.368304551,12.36830455106,12.36830455109,12.36830455104,12.36830455104,12.36830455109,11.01925179229,9.92471560969,12.04089571806,12.36830455086,12.36830455096,11.70062270286,12.36830455066,11.6925638524,12.3515747254,11.61275006716,12.368304550758,12.368304550758,12.368304550658,12.368304550658,12.368304550758,12.368304550685,12.368304550685,12.368304550758,12.322052503558,12.368304550558,12.368304551358,12.368304551358,12.368304551358,12.368304551258,12.368304551258,12.368304551258,12.368304551258,12.368304551158,12.368304551058,11.538248744428,12.368304551058,12.368304551058,12.368304551258,12.368304551228,11.928917830048,12.368304551258,11.749791537778,11.801473213968,12.368304551068,12.368304551098,12.368304551088,12.368304551088,11.965421235598,12.368304551298,12.368304551156,12.368304551156,10.81646600666
"t122",2.22842976899,2.22842976899,0.02793124258,0,2.70852122019,2.70852122019,2.70852122019,2.70852122013,2.70852122013,4.97430467179,4.97430467181,4.97430467181,4.25793780559,4.97430467189,4.46168786999,6.23339554029,6.23339554029,5.13760349499,4.29043108909,8.94642687379,12.36830455079,12.3683045511,12.36830455102,12.368304551077,12.368304551077,12.3683045511,12.36830455109,12.36830455109,12.36830455119,12.36830455112,12.36830455112,12.36830455119,12.20111344483,12.36830455109,11.70909775469,12.368304550585,12.368304550585,12.36830455069,12.3683045511,12.3683045511,12.3683045511,12.36830455104,12.36830455104,12.368304551,12.3683045511,12.3683045511,11.82790112232,12.36830455102,12.36830455102,12.36830455102,12.36830455102,12.36830455089,12.36830455089,12.36830455079,11.62497747039,10.45675834969,10.63351863879,12.31803203906,12.36830455076,12.36830455106,12.36830455106,12.36830455106,10.86673199096,12.36830455106,12.36830455106,12.36830455106,12.36830455106,10.82353894666,12.36830455066,12.36830455066,12.36830455106,12.36830455106,12.36830455106,12.36830455106,12.368304551,12.368304551,12.36830455106,12.36830455109,12.36830455104,12.36830455104,12.36830455109,11.01925179229,9.92471560969,12.04089571806,12.36830455086,12.36830455096,11.70062270286,12.36830455066,11.6925638524,12.3515747254,11.61275006716,12.368304550758,12.368304550758,12.368304550658,12.368304550658,12.368304550758,12.368304550685,12.368304550685,12.368304550758,12.322052503558,12.368304550558,12.368304551358,12.368304551358,12.368304551358,12.368304551258,12.368304551258,12.368304551258,12.368304551258,12.368304551158,12.368304551058,11.538248744428,12.368304551058,12.368304551058,12.368304551258,12.368304551228,11.928917830048,12.368304551258,11.749791537778,11.801473213968,12.368304551068,12.368304551098,12.368304551088,12.368304551088,11.965421235598,12.368304551298,12.368304551156,12.368304551156,10.81646600666
"t62",2.7085212206,2.7085212206,2.70852122019,2.70852122019,0,1.0680081602,1.0680081602,1.06800816014,1.06800816014,4.9743046722,4.97430467222,4.97430467222,4.257937806,4.9743046723,4.4616878704,6.2333955407,6.2333955407,5.1376034954,4.2904310895,8.9464268742,12.3683045512,12.36830455151,12.36830455143,12.368304551487,12.368304551487,12.36830455151,12.3683045515,12.3683045515,12.3683045516,12.36830455153,12.36830455153,12.3683045516,12.20111344524,12.3683045515,11.7090977551,12.368304550995,12.368304550995,12.3683045511,12.36830455151,12.36830455151,12.36830455151,12.36830455145,12.36830455145,12.36830455141,12.36830455151,12.36830455151,11.82790112273,12.36830455143,12.36830455143,12.36830455143,12.36830455143,12.3683045513,12.3683045513,12.3683045512,11.6249774708,10.4567583501,10.6335186392,12.31803203947,12.36830455117,12.36830455147,12.36830455147,12.36830455147,10.86673199137,12.36830455147,12.36830455147,12.36830455147,12.36830455147,10.82353894707,12.36830455107,12.36830455107,12.36830455147,12.36830455147,12.36830455147,12.36830455147,12.36830455141,12.36830455141,12.36830455147,12.3683045515,12.36830455145,12.36830455145,12.3683045515,11.0192517927,9.9247156101,12.04089571847,12.36830455127,12.36830455137,11.70062270327,12.36830455107,11.69256385281,12.35157472581,11.61275006757,12.368304551168,12.368304551168,12.368304551068,12.368304551068,12.368304551168,12.368304551095,12.368304551095,12.368304551168,12.322052503968,12.368304550968,12.368304551768,12.368304551768,12.368304551768,12.368304551668,12.368304551668,12.368304551668,12.368304551668,12.368304551568,12.368304551468,11.538248744838,12.368304551468,12.368304551468,12.368304551668,12.368304551638,11.928917830458,12.368304551668,11.749791538188,11.801473214378,12.368304551478,12.368304551508,12.368304551498,12.368304551498,11.965421236008,12.368304551708,12.368304551566,12.368304551566,10.81646600707
"t90",2.7085212206,2.7085212206,2.70852122019,2.70852122019,1.0680081602,0,0.509578716,0.76034404474,0.76034404474,4.9743046722,4.97430467222,4.97430467222,4.257937806,4.9743046723,4.4616878704,6.2333955407,6.2333955407,5.1376034954,4.2904310895,8.9464268742,12.3683045512,12.36830455151,12.36830455143,12.368304551487,12.368304551487,12.36830455151,12.3683045515,12.3683045515,12.3683045516,12.36830455153,12.36830455153,12.3683045516,12.20111344524,12.3683045515,11.7090977551,12.368304550995,12.368304550995,12.3683045511,12.36830455151,12.36830455151,12.36830455151,12.36830455145,12.36830455145,12.36830455141,12.36830455151,12.36830455151,11.82790112273,12.36830455143,12.36830455143,12.36830455143,12.36830455143,12.3683045513,12.3683045513,12.3683045512,11.6249774708,10.4567583501,10.6335186392,12.31803203947,12.36830455117,12.36830455147,12.36830455147,12.36830455147,10.86673199137,12.36830455147,12.36830455147,12.36830455147,12.36830455147,10.82353894707,12.36830455107,12.36830455107,12.36830455147,12.36830455147,12.36830455147,12.36830455147,12.36830455141,12.36830455141,12.36830455147,12.3683045515,12.36830455145,12.36830455145,12.3683045515,11.0192517927,9.9247156101,12.04089571847,12.36830455127,12.36830455137,11.70062270327,12.36830455107,11.69256385281,12.35157472581,11.61275006757,12.368304551168,12.368304551168,12.368304551068,12.368304551068,12.368304551168,12.368304551095,12.368304551095,12.368304551168,12.322052503968,12.368304550968,12.368304551768,12.368304551768,12.368304551768,12.368304551668,12.368304551668,12.368304551668,12.368304551668,12.368304551568,12.368304551468,11.538248744838,12.368304551468,12.368304551468,12.368304551668,12.368304551638,11.928917830458,12.368304551668,11.749791538188,11.801473214378,12.368304551478,12.368304551508,12.368304551498,12.368304551498,11.965421236008,12.368304551708,12.368304551566,12.368304551566,10.81646600707
"t91",2.7085212206,2.7085212206,2.70852122019,2.70852122019,1.0680081602,0.509578716,0,0.76034404474,0.76034404474,4.9743046722,4.97430467222,4.97430467222,4.257937806,4.9743046723,4.4616878704,6.2333955407,6.2333955407,5.1376034954,4.2904310895,8.9464268742,12.3683045512,12.36830455151,12.36830455143,12.368304551487,12.368304551487,12.36830455151,12.3683045515,12.3683045515,12.3683045516,12.36830455153,12.36830455153,12.3683045516,12.20111344524,12.3683045515,11.7090977551,12.368304550995,12.368304550995,12.3683045511,12.36830455151,12.36830455151,12.36830455151,12.36830455145,12.36830455145,12.36830455141,12.36830455151,12.36830455151,11.82790112273,12.36830455143,12.36830455143,12.36830455143,12.36830455143,12.3683045513,12.3683045513,12.3683045512,11.6249774708,10.4567583501,10.6335186392,12.31803203947,12.36830455117,12.36830455147,12.36830455147,12.36830455147,10.86673199137,12.36830455147,12.36830455147,12.36830455147,12.36830455147,10.82353894707,12.36830455107,12.36830455107,12.36830455147,12.36830455147,12.36830455147,12.36830455147,12.36830455141,12.36830455141,12.36830455147,12.3683045515,12.36830455145,12.36830455145,12.3683045515,11.0192517927,9.9247156101,12.04089571847,12.36830455127,12.36830455137,11.70062270327,12.36830455107,11.69256385281,12.35157472581,11.61275006757,12.368304551168,12.368304551168,12.368304551068,12.368304551068,12.368304551168,12.368304551095,12.368304551095,12.368304551168,12.322052503968,12.368304550968,12.368304551768,12.368304551768,12.368304551768,12.368304551668,12.368304551668,12.368304551668,12.368304551668,12.368304551568,12.368304551468,11.538248744838,12.368304551468,12.368304551468,12.368304551668,12.368304551638,11.928917830458,12.368304551668,11.749791538188,11.801473214378,12.368304551478,12.368304551508,12.368304551498,12.368304551498,11.965421236008,12.368304551708,12.368304551566,12.368304551566,10.81646600707
"t115",2.70852122054,2.70852122054,2.70852122013,2.70852122013,1.06800816014,0.76034404474,0.76034404474,0,0.06916279528,4.97430467214,4.97430467216,4.97430467216,4.25793780594,4.97430467224,4.46168787034,6.23339554064,6.23339554064,5.13760349534,4.29043108944,8.94642687414,12.36830455114,12.36830455145,12.36830455137,12.368304551427,12.368304551427,12.36830455145,12.36830455144,12.36830455144,12.36830455154,12.36830455147,12.36830455147,12.36830455154,12.20111344518,12.36830455144,11.70909775504,12.368304550935,12.368304550935,12.36830455104,12.36830455145,12.36830455145,12.36830455145,12.36830455139,12.36830455139,12.36830455135,12.36830455145,12.36830455145,11.82790112267,12.36830455137,12.36830455137,12.36830455137,12.36830455137,12.36830455124,12.36830455124,12.36830455114,11.62497747074,10.45675835004,10.63351863914,12.31803203941,12.36830455111,12.36830455141,12.36830455141,12.36830455141,10.86673199131,12.36830455141,12.36830455141,12.36830455141,12.36830455141,10.82353894701,12.36830455101,12.36830455101,12.36830455141,12.36830455141,12.36830455141,12.36830455141,12.36830455135,12.36830455135,12.36830455141,12.36830455144,12.36830455139,12.36830455139,12.36830455144,11.01925179264,9.92471561004,12.04089571841,12.36830455121,12.36830455131,11.70062270321,12.36830455101,11.69256385275,12.35157472575,11.61275006751,12.368304551108,12.368304551108,12.368304551008,12.368304551008,12.368304551108,12.368304551035,12.368304551035,12.368304551108,12.322052503908,12.368304550908,12.368304551708,12.368304551708,12.368304551708,12.368304551608,12.368304551608,12.368304551608,12.368304551608,12.368304551508,12.368304551408,11.538248744778,12.368304551408,12.368304551408,12.368304551608,12.368304551578,11.928917830398,12.368304551608,11.749791538128,11.801473214318,12.368304551418,12.368304551448,12.368304551438,12.368304551438,11.965421235948,12.368304551648,12.368304551506,12.368304551506,10.81646600701
"t116",2.70852122054,2.70852122054,2.70852122013,2.70852122013,1.06800816014,0.76034404474,0.76034404474,0.06916279528,0,4.97430467214,4.97430467216,4.97430467216,4.25793780594,4.97430467224,4.46168787034,6.23339554064,6.23339554064,5.13760349534,4.29043108944,8.94642687414,12.36830455114,12.36830455145,12.36830455137,12.368304551427,12.368304551427,12.36830455145,12.36830455144,12.36830455144,12.36830455154,12.36830455147,12.36830455147,12.36830455154,12.20111344518,12.36830455144,11.70909775504,12.368304550935,12.368304550935,12.36830455104,12.36830455145,12.36830455145,12.36830455145,12.36830455139,12.36830455139,12.36830455135,12.36830455145,12.36830455145,11.82790112267,12.36830455137,12.36830455137,12.36830455137,12.36830455137,12.36830455124,12.36830455124,12.36830455114,11.62497747074,10.45675835004,10.63351863914,12.31803203941,12.36830455111,12.36830455141,12.36830455141,12.36830455141,10.86673199131,12.36830455141,12.36830455141,12.36830455141,12.36830455141,10.82353894701,12.36830455101,12.36830455101,12.36830455141,12.36830455141,12.36830455141,12.36830455141,12.36830455135,12.36830455135,12.36830455141,12.36830455144,12.36830455139,12.36830455139,12.36830455144,11.01925179264,9.92471561004,12.04089571841,12.36830455121,12.36830455131,11.70062270321,12.36830455101,11.69256385275,12.35157472575,11.61275006751,12.368304551108,12.368304551108,12.368304551008,12.368304551008,12.368304551108,12.368304551035,12.368304551035,12.368304551108,12.322052503908,12.368304550908,12.368304551708,12.368304551708,12.368304551708,12.368304551608,12.368304551608,12.368304551608,12.368304551608,12.368304551508,12.368304551408,11.538248744778,12.368304551408,12.368304551408,12.368304551608,12.368304551578,11.928917830398,12.368304551608,11.749791538128,11.801473214318,12.368304551418,12.368304551448,12.368304551438,12.368304551438,11.965421235948,12.368304551648,12.368304551506,12.368304551506,10.81646600701
"t108",4.9743046722,4.9743046722,4.97430467179,4.97430467179,4.9743046722,4.9743046722,4.9743046722,4.97430467214,4.97430467214,0,0.23771493042,0.23771493042,1.128789164,2.5509226239,4.46168787,6.2333955403,6.2333955403,5.137603495,4.2904310891,8.9464268738,12.3683045508,12.36830455111,12.36830455103,12.368304551087,12.368304551087,12.36830455111,12.3683045511,12.3683045511,12.3683045512,12.36830455113,12.36830455113,12.3683045512,12.20111344484,12.3683045511,11.7090977547,12.368304550595,12.368304550595,12.3683045507,12.36830455111,12.36830455111,12.36830455111,12.36830455105,12.36830455105,12.36830455101,12.36830455111,12.36830455111,11.82790112233,12.36830455103,12.36830455103,12.36830455103,12.36830455103,12.3683045509,12.3683045509,12.3683045508,11.6249774704,10.4567583497,10.6335186388,12.31803203907,12.36830455077,12.36830455107,12.36830455107,12.36830455107,10.86673199097,12.36830455107,12.36830455107,12.36830455107,12.36830455107,10.82353894667,12.36830455067,12.36830455067,12.36830455107,12.36830455107,12.36830455107,12.36830455107,12.36830455101,12.36830455101,12.36830455107,12.3683045511,12.36830455105,12.36830455105,12.3683045511,11.0192517923,9.9247156097,12.04089571807,12.36830455087,12.36830455097,11.70062270287,12.36830455067,11.69256385241,12.35157472541,11.61275006717,12.368304550768,12.368304550768,12.368304550668,12.368304550668,12.368304550768,12.368304550695,12.368304550695,12.368304550768,12.322052503568,12.368304550568,12.368304551368,12.368304551368,12.368304551368,12.368304551268,12.368304551268,12.368304551268,12.368304551268,12.368304551168,12.368304551068,11.538248744438,12.368304551068,12.368304551068,12.368304551268,12.368304551238,11.928917830058,12.368304551268,11.749791537788,11.801473213978,12.368304551078,12.368304551108,12.368304551098,12.368304551098,11.965421235608,12.368304551308,12.368304551166,12.368304551166,10.81646600667
"t111",4.97430467222,4.97430467222,4.97430467181,4.97430467181,4.97430467222,4.97430467222,4.97430467222,4.97430467216,4.97430467216,0.23771493042,0,0.14194855882,1.12878916402,2.55092262392,4.46168787002,6.23339554032,6.23339554032,5.13760349502,4.29043108912,8.94642687382,12.36830455082,12.36830455113,12.36830455105,12.368304551107,12.368304551107,12.36830455113,12.36830455112,12.36830455112,12.36830455122,12.36830455115,12.36830455115,12.36830455122,12.20111344486,12.36830455112,11.70909775472,12.368304550615,12.368304550615,12.36830455072,12.36830455113,12.36830455113,12.36830455113,12.36830455107,12.36830455107,12.36830455103,12.36830455113,12.36830455113,11.82790112235,12.36830455105,12.36830455105,12.36830455105,12.36830455105,12.36830455092,12.36830455092,12.36830455082,11.62497747042,10.45675834972,10.63351863882,12.31803203909,12.36830455079,12.36830455109,12.36830455109,12.36830455109,10.86673199099,12.36830455109,12.36830455109,12.36830455109,12.36830455109,10.82353894669,12.36830455069,12.36830455069,12.36830455109,12.36830455109,12.36830455109,12.36830455109,12.36830455103,12.36830455103,12.36830455109,12.36830455112,12.36830455107,12.36830455107,12.36830455112,11.01925179232,9.92471560972,12.04089571809,12.36830455089,12.36830455099,11.70062270289,12.36830455069,11.69256385243,12.35157472543,11.61275006719,12.368304550788,12.368304550788,12.368304550688,12.368304550688,12.368304550788,12.368304550715,12.368304550715,12.368304550788,12.322052503588,12.368304550588,12.368304551388,12.368304551388,12.368304551388,12.368304551288,12.368304551288,12.368304551288,12.368304551288,12.368304551188,12.368304551088,11.538248744458,12.368304551088,12.368304551088,12.368304551288,12.368304551258,11.928917830078,12.368304551288,11.749791537808,11.801473213998,12.368304551098,12.368304551128,12.368304551118,12.368304551118,11.965421235628,12.368304551328,12.368304551186,12.368304551186,10.81646600669
"t112",4.97430467222,4.97430467222,4.97430467181,4.97430467181,4.97430467222,4.97430467222,4.97430467222,4.97430467216,4.97430467216,0.23771493042,0.14194855882,0,1.12878916402,2.55092262392,4.46168787002,6.23339554032,6.23339554032,5.13760349502,4.29043108912,8.94642687382,12.36830455082,12.36830455113,12.36830455105,12.368304551107,12.368304551107,12.36830455113,12.36830455112,12.36830455112,12.36830455122,12.36830455115,12.36830455115,12.36830455122,12.20111344486,12.36830455112,11.70909775472,12.368304550615,12.368304550615,12.36830455072,12.36830455113,12.36830455113,12.36830455113,12.36830455107,12.36830455107,12.36830455103,12.36830455113,12.36830455113,11.82790112235,12.36830455105,12.36830455105,12.36830455105,12.36830455105,12.36830455092,12.36830455092,12.36830455082,11.62497747042,10.45675834972,10.63351863882,12.31803203909,12.36830455079,12.36830455109,12.36830455109,12.36830455109,10.86673199099,12.36830455109,12.36830455109,12.36830455109,12.36830455109,10.82353894669,12.36830455069,12.36830455069,12.36830455109,12.36830455109,12.36830455109,12.36830455109,12.36830455103,12.36830455103,12.36830455109,12.36830455112,12.36830455107,12.36830455107,12.36830455112,11.01925179232,9.92471560972,12.04089571809,12.36830455089,12.36830455099,11.70062270289,12.36830455069,11.69256385243,12.35157472543,11.61275006719,12.368304550788,12.368304550788,12.368304550688,12.368304550688,12.368304550788,12.368304550715,12.368304550715,12.368304550788,12.322052503588,12.368304550588,12.368304551388,12.368304551388,12.368304551388,12.368304551288,12.368304551288,12.368304551288,12.368304551288,12.368304551188,12.368304551088,11.538248744458,12.368304551088,12.368304551088,12.368304551288,12.368304551258,11.928917830078,12.368304551288,11.749791537808,11.801473213998,12.368304551098,12.368304551128,12.368304551118,12.368304551118,11.965421235628,12.368304551328,12.368304551186,12.368304551186,10.81646600669
"t30",4.257937806,4.257937806,4.25793780559,4.25793780559,4.257937806,4.257937806,4.257937806,4.25793780594,4.25793780594,1.128789164,1.12878916402,1.12878916402,0,1.8345557577,3.7453210038,5.5170286741,5.5170286741,4.4212366288,3.5740642229,8.2300600076,11.6519376846,11.65193768491,11.65193768483,11.651937684887,11.651937684887,11.65193768491,11.6519376849,11.6519376849,11.651937685,11.65193768493,11.65193768493,11.651937685,11.48474657864,11.6519376849,10.9927308885,11.651937684395,11.651937684395,11.6519376845,11.65193768491,11.65193768491,11.65193768491,11.65193768485,11.65193768485,11.65193768481,11.65193768491,11.65193768491,11.11153425613,11.65193768483,11.65193768483,11.65193768483,11.65193768483,11.6519376847,11.6519376847,11.6519376846,10.9086106042,9.7403914835,9.9171517726,11.60166517287,11.65193768457,11.65193768487,11.65193768487,11.65193768487,10.15036512477,11.65193768487,11.65193768487,11.65193768487,11.65193768487,10.10717208047,11.65193768447,11.65193768447,11.65193768487,11.65193768487,11.65193768487,11.65193768487,11.65193768481,11.65193768481,11.65193768487,11.6519376849,11.65193768485,11.65193768485,11.6519376849,10.3028849261,9.2083487435,11.32452885187,11.65193768467,11.65193768477,10.98425583667,11.65193768447,10.97619698621,11.63520785921,10.89638320097,11.651937684568,11.651937684568,11.651937684468,11.651937684468,11.651937684568,11.651937684495,11.651937684495,11.651937684568,11.605685637368,11.651937684368,11.651937685168,11.651937685168,11.651937685168,11.651937685068,11.651937685068,11.651937685068,11.651937685068,11.651937684968,11.651937684868,10.821881878238,11.651937684868,11.651937684868,11.651937685068,11.651937685038,11.212550963858,11.651937685068,11.033424671588,11.085106347778,11.651937684878,11.651937684908,11.651937684898,11.651937684898,11.249054369408,11.651937685108,11.651937684966,11.651937684966,10.10009914047
"t19",4.9743046723,4.9743046723,4.97430467189,4.97430467189,4.9743046723,4.9743046723,4.9743046723,4.97430467224,4.97430467224,2.5509226239,2.55092262392,2.55092262392,1.8345557577,0,4.4616878701,6.2333955404,6.2333955404,5.1376034951,4.2904310892,8.9464268739,12.3683045509,12.36830455121,12.36830455113,12.368304551187,12.368304551187,12.36830455121,12.3683045512,12.3683045512,12.3683045513,12.36830455123,12.36830455123,12.3683045513,12.20111344494,12.3683045512,11.7090977548,12.368304550695,12.368304550695,12.3683045508,12.36830455121,12.36830455121,12.36830455121,12.36830455115,12.36830455115,12.36830455111,12.36830455121,12.36830455121,11.82790112243,12.36830455113,12.36830455113,12.36830455113,12.36830455113,12.368304551,12.368304551,12.3683045509,11.6249774705,10.4567583498,10.6335186389,12.31803203917,12.36830455087,12.36830455117,12.36830455117,12.36830455117,10.86673199107,12.36830455117,12.36830455117,12.36830455117,12.36830455117,10.82353894677,12.36830455077,12.36830455077,12.36830455117,12.36830455117,12.36830455117,12.36830455117,12.36830455111,12.36830455111,12.36830455117,12.3683045512,12.36830455115,12.36830455115,12.3683045512,11.0192517924,9.9247156098,12.04089571817,12.36830455097,12.36830455107,11.70062270297,12.36830455077,11.69256385251,12.35157472551,11.61275006727,12.368304550868,12.368304550868,12.368304550768,12.368304550768,12.368304550868,12.368304550795,12.368304550795,12.368304550868,12.322052503668,12.368304550668,12.368304551468,12.368304551468,12.368304551468,12.368304551368,12.368304551368,12.368304551368,12.368304551368,12.368304551268,12.368304551168,11.538248744538,12.368304551168,12.368304551168,12.368304551368,12.368304551338,11.928917830158,12.368304551368,11.749791537888,11.801473214078,12.368304551178,12.368304551208,12.368304551198,12.368304551198,11.965421235708,12.368304551408,12.368304551266,12.368304551266,10.81646600677
"t4",4.4616878704,4.4616878704,4.46168786999,4.46168786999,4.4616878704,4.4616878704,4.4616878704,4.46168787034,4.46168787034,4.46168787,4.46168787002,4.46168787002,3.7453210038,4.4616878701,0,5.3935115843,5.3935115843,4.297719539,3.4505471331,8.1065429178,11.5284205948,11.52842059511,11.52842059503,11.528420595087,11.528420595087,11.52842059511,11.5284205951,11.5284205951,11.5284205952,11.52842059513,11.52842059513,11.5284205952,11.36122948884,11.5284205951,10.8692137987,11.528420594595,11.528420594595,11.5284205947,11.52842059511,11.52842059511,11.52842059511,11.52842059505,11.52842059505,11.52842059501,11.52842059511,11.52842059511,10.98801716633,11.52842059503,11.52842059503,11.52842059503,11.52842059503,11.5284205949,11.5284205949,11.5284205948,10.7850935144,9.6168743937,9.7936346828,11.47814808307,11.52842059477,11.52842059507,11.52842059507,11.52842059507,10.02684803497,11.52842059507,11.52842059507,11.52842059507,11.52842059507,9.98365499067,11.52842059467,11.52842059467,11.52842059507,11.52842059507,11.52842059507,11.52842059507,11.52842059501,11.52842059501,11.52842059507,11.5284205951,11.52842059505,11.52842059505,11.5284205951,10.1793678363,9.0848316537,11.20101176207,11.52842059487,11.52842059497,10.86073874687,11.52842059467,10.85267989641,11.51169076941,10.77286611117,11.528420594768,11.528420594768,11.528420594668,11.528420594668,11.528420594768,11.528420594695,11.528420594695,11.528420594768,11.482168547568,11.528420594568,11.528420595368,11.528420595368,11.528420595368,11.528420595268,11.528420595268,11.528420595268,11.528420595268,11.528420595168,11.528420595068,10.698364788438,11.528420595068,11.528420595068,11.528420595268,11.528420595238,11.089033874058,11.528420595268,10.909907581788,10.961589257978,11.528420595078,11.528420595108,11.528420595098,11.528420595098,11.125537279608,11.528420595308,11.528420595166,11.528420595166,9.97658205067
"t70",6.2333955407,6.2333955407,6.23339554029,6.23339554029,6.2333955407,6.2333955407,6.2333955407,6.23339554064,6.23339554064,6.2333955403,6.23339554032,6.23339554032,5.5170286741,6.2333955404,5.3935115843,0,0.8853913986,3.1186026733,4.2904310894,8.9464268741,12.3683045511,12.36830455141,12.36830455133,12.368304551387,12.368304551387,12.36830455141,12.3683045514,12.3683045514,12.3683045515,12.36830455143,12.36830455143,12.3683045515,12.20111344514,12.3683045514,11.709097755,12.368304550895,12.368304550895,12.368304551,12.36830455141,12.36830455141,12.36830455141,12.36830455135,12.36830455135,12.36830455131,12.36830455141,12.36830455141,11.82790112263,12.36830455133,12.36830455133,12.36830455133,12.36830455133,12.3683045512,12.3683045512,12.3683045511,11.6249774707,10.45675835,10.6335186391,12.31803203937,12.36830455107,12.36830455137,12.36830455137,12.36830455137,10.86673199127,12.36830455137,12.36830455137,12.36830455137,12.36830455137,10.82353894697,12.36830455097,12.36830455097,12.36830455137,12.36830455137,12.36830455137,12.36830455137,12.36830455131,12.36830455131,12.36830455137,12.3683045514,12.36830455135,12.36830455135,12.3683045514,11.0192517926,9.92471561,12.04089571837,12.36830455117,12.36830455127,11.70062270317,12.36830455097,11.69256385271,12.35157472571,11.61275006747,12.368304551068,12.368304551068,12.368304550968,12.368304550968,12.368304551068,12.368304550995,12.368304550995,12.368304551068,12.322052503868,12.368304550868,12.368304551668,12.368304551668,12.368304551668,12.368304551568,12.368304551568,12.368304551568,12.368304551568,12.368304551468,12.368304551368,11.538248744738,12.368304551368,12.368304551368,12.368304551568,12.368304551538,11.928917830358,12.368304551568,11.749791538088,11.801473214278,12.368304551378,12.368304551408,12.368304551398,12.368304551398,11.965421235908,12.368304551608,12.368304551466,12.368304551466,10.81646600697
"t71",6.2333955407,6.2333955407,6.23339554029,6.23339554029,6.2333955407,6.2333955407,6.2333955407,6.23339554064,6.23339554064,6.2333955403,6.23339554032,6.23339554032,5.5170286741,6.2333955404,5.3935115843,0.8853913986,0,3.1186026733,4.2904310894,8.9464268741,12.3683045511,12.36830455141,12.36830455133,12.368304551387,12.368304551387,12.36830455141,12.3683045514,12.3683045514,12.3683045515,12.36830455143,12.36830455143,12.3683045515,12.20111344514,12.3683045514,11.709097755,12.368304550895,12.368304550895,12.368304551,12.36830455141,12.36830455141,12.36830455141,12.36830455135,12.36830455135,12.36830455131,12.36830455141,12.36830455141,11.82790112263,12.36830455133,12.36830455133,12.36830455133,12.36830455133,12.3683045512,12.3683045512,12.3683045511,11.6249774707,10.45675835,10.6335186391,12.31803203937,12.36830455107,12.36830455137,12.36830455137,12.36830455137,10.86673199127,12.36830455137,12.36830455137,12.36830455137,12.36830455137,10.82353894697,12.36830455097,12.36830455097,12.36830455137,12.36830455137,12.36830455137,12.36830455137,12.36830455131,12.36830455131,12.36830455137,12.3683045514,12.36830455135,12.36830455135,12.3683045514,11.0192517926,9.92471561,12.04089571837,12.36830455117,12.36830455127,11.70062270317,12.36830455097,11.69256385271,12.35157472571,11.61275006747,12.368304551068,12.368304551068,12.368304550968,12.368304550968,12.368304551068,12.368304550995,12.368304550995,12.368304551068,12.322052503868,12.368304550868,12.368304551668,12.368304551668,12.368304551668,12.368304551568,12.368304551568,12.368304551568,12.368304551568,12.368304551468,12.368304551368,11.538248744738,12.368304551368,12.368304551368,12.368304551568,12.368304551538,11.928917830358,12.368304551568,11.749791538088,11.801473214278,12.368304551378,12.368304551408,12.368304551398,12.368304551398,11.965421235908,12.368304551608,12.368304551466,12.368304551466,10.81646600697
"t8",5.1376034954,5.1376034954,5.13760349499,5.13760349499,5.1376034954,5.1376034954,5.1376034954,5.13760349534,5.13760349534,5.137603495,5.13760349502,5.13760349502,4.4212366288,5.1376034951,4.297719539,3.1186026733,3.1186026733,0,3.1946390441,7.8506348288,11.2725125058,11.27251250611,11.27251250603,11.272512506087,11.272512506087,11.27251250611,11.2725125061,11.2725125061,11.2725125062,11.27251250613,11.27251250613,11.2725125062,11.10532139984,11.2725125061,10.6133057097,11.272512505595,11.272512505595,11.2725125057,11.27251250611,11.27251250611,11.27251250611,11.27251250605,11.27251250605,11.27251250601,11.27251250611,11.27251250611,10.73210907733,11.27251250603,11.27251250603,11.27251250603,11.27251250603,11.2725125059,11.2725125059,11.2725125058,10.5291854254,9.3609663047,9.5377265938,11.22223999407,11.27251250577,11.27251250607,11.27251250607,11.27251250607,9.77093994597,11.27251250607,11.27251250607,11.27251250607,11.27251250607,9.72774690167,11.27251250567,11.27251250567,11.27251250607,11.27251250607,11.27251250607,11.27251250607,11.27251250601,11.27251250601,11.27251250607,11.2725125061,11.27251250605,11.27251250605,11.2725125061,9.9234597473,8.8289235647,10.94510367307,11.27251250587,11.27251250597,10.60483065787,11.27251250567,10.59677180741,11.25578268041,10.51695802217,11.272512505768,11.272512505768,11.272512505668,11.272512505668,11.272512505768,11.272512505695,11.272512505695,11.272512505768,11.226260458568,11.272512505568,11.272512506368,11.272512506368,11.272512506368,11.272512506268,11.272512506268,11.272512506268,11.272512506268,11.272512506168,11.272512506068,10.442456699438,11.272512506068,11.272512506068,11.272512506268,11.272512506238,10.833125785058,11.272512506268,10.653999492788,10.705681168978,11.272512506078,11.272512506108,11.272512506098,11.272512506098,10.869629190608,11.272512506308,11.272512506166,11.272512506166,9.72067396167
"t2",4.2904310895,4.2904310895,4.29043108909,4.29043108909,4.2904310895,4.2904310895,4.2904310895,4.29043108944,4.29043108944,4.2904310891,4.29043108912,4.29043108912,3.5740642229,4.2904310892,3.4505471331,4.2904310894,4.2904310894,3.1946390441,0,4.8761282889,8.2980059659,8.29800596621,8.29800596613,8.298005966187,8.298005966187,8.29800596621,8.2980059662,8.2980059662,8.2980059663,8.29800596623,8.29800596623,8.2980059663,8.13081485994,8.2980059662,7.6387991698,8.298005965695,8.298005965695,8.2980059658,8.29800596621,8.29800596621,8.29800596621,8.29800596615,8.29800596615,8.29800596611,8.29800596621,8.29800596621,7.75760253743,8.29800596613,8.29800596613,8.29800596613,8.29800596613,8.298005966,8.298005966,8.2980059659,7.5546788855,6.3864597648,6.5632200539,8.24773345417,8.29800596587,8.29800596617,8.29800596617,8.29800596617,6.79643340607,8.29800596617,8.29800596617,8.29800596617,8.29800596617,6.75324036177,8.29800596577,8.29800596577,8.29800596617,8.29800596617,8.29800596617,8.29800596617,8.29800596611,8.29800596611,8.29800596617,8.2980059662,8.29800596615,8.29800596615,8.2980059662,6.9489532074,5.8544170248,7.97059713317,8.29800596597,8.29800596607,7.63032411797,8.29800596577,7.62226526751,8.28127614051,7.54245148227,8.298005965868,8.298005965868,8.298005965768,8.298005965768,8.298005965868,8.298005965795,8.298005965795,8.298005965868,8.251753918668,8.298005965668,8.298005966468,8.298005966468,8.298005966468,8.298005966368,8.298005966368,8.298005966368,8.298005966368,8.298005966268,8.298005966168,7.467950159538,8.298005966168,8.298005966168,8.298005966368,8.298005966338,7.858619245158,8.298005966368,7.679492952888,7.731174629078,8.298005966178,8.298005966208,8.298005966198,8.298005966198,7.895122650708,8.298005966408,8.298005966266,8.298005966266,6.74616742177
"t1",8.9464268742,8.9464268742,8.94642687379,8.94642687379,8.9464268742,8.9464268742,8.9464268742,8.94642687414,8.94642687414,8.9464268738,8.94642687382,8.94642687382,8.2300600076,8.9464268739,8.1065429178,8.9464268741,8.9464268741,7.8506348288,4.8761282889,0,7.245053251,7.24505325131,7.24505325123,7.245053251287,7.245053251287,7.24505325131,7.2450532513,7.2450532513,7.2450532514,7.24505325133,7.24505325133,7.2450532514,7.07786214504,7.2450532513,6.5858464549,7.245053250795,7.245053250795,7.2450532509,7.24505325131,7.24505325131,7.24505325131,7.24505325125,7.24505325125,7.24505325121,7.24505325131,7.24505325131,6.70464982253,7.24505325123,7.24505325123,7.24505325123,7.24505325123,7.2450532511,7.2450532511,7.245053251,6.5017261706,5.3335070499,5.510267339,7.19478073927,7.24505325097,7.24505325127,7.24505325127,7.24505325127,5.74348069117,7.24505325127,7.24505325127,7.24505325127,7.24505325127,5.70028764687,7.24505325087,7.24505325087,7.24505325127,7.24505325127,7.24505325127,7.24505325127,7.24505325121,7.24505325121,7.24505325127,7.2450532513,7.24505325125,7.24505325125,7.2450532513,5.8960004925,4.8014643099,6.91764441827,7.24505325107,7.24505325117,6.57737140307,7.24505325087,6.56931255261,7.22832342561,6.48949876737,7.245053250968,7.245053250968,7.245053250868,7.245053250868,7.245053250968,7.245053250895,7.245053250895,7.245053250968,7.198801203768,7.245053250768,7.245053251568,7.245053251568,7.245053251568,7.245053251468,7.245053251468,7.245053251468,7.245053251468,7.245053251368,7.245053251268,6.414997444638,7.245053251268,7.245053251268,7.245053251468,7.245053251438,6.805666530258,7.245053251468,6.626540237988,6.678221914178,7.245053251278,7.245053251308,7.245053251298,7.245053251298,6.842169935808,7.245053251508,7.245053251366,7.245053251366,5.69321470687
