"","t11","t87","t88","t57","t65","t66","t35","t36","t10","t67","t68","t79","t80","t6","t15","t16","t42","t43","t30","t38","t39","t89","t90","t74","t75","t50","t73","t93","t94","t28","t29","t44","t45","t81","t82","t25","t22","t23","t41","t71","t72","t95","t96","t56","t51","t52","t4","t1","t12","t58","t59","t60","t19","t2","t21","t46","t47","t5","t18","t31","t32","t48","t49","t14","t13","t54","t55","t99","t100","t7","t85","t86","t40","t97","t98","t37","t61","t62","t77","t78","t76","t26","t20","t24","t83","t84","t17","t27","t33","t34","t91","t92","t3","t8","t9","t53","t63","t64","t69","t70"
"t11",0,1.87564270499,1.87564270499,2.9821915428,2.98219154283,2.98219154283,2.982191542878,2.982191542878,7.3338071787,7.333807179,7.333807179,7.3338071789,7.3338071789,7.333807179,7.3338071789,7.3338071789,7.3338071789,7.3338071789,7.3338071789,7.3338071789,7.33380717892,7.33380717893,7.33380717893,7.33380717975,7.33380717975,7.3338071797,7.3338071798,7.3338071798,7.3338071798,7.33380717983,7.33380717983,7.33380717967,7.33380717967,7.33380717958,7.33380717958,7.33380717957,7.33380717957,7.33380717957,7.3338071795,7.3338071795,7.3338071795,7.33380717963,7.33380717963,7.3338071796,7.3338071796,7.3338071796,7.3338071794,9.9216672164,9.9216672166,9.9216672166,9.921667216579,9.921667216579,9.9216672166,9.9216672166,9.9216672165,9.9216672166,9.9216672166,9.9216672167,9.92166721637,9.92166721637,9.92166721637,9.92166721635,9.92166721635,9.92166721635,9.92166721644,9.92166721634,9.92166721634,9.921667216394,9.921667216394,9.9216672162,9.92166721595,9.92166721595,9.92166721635,9.92166721641,9.92166721641,9.9216672164,9.9216672165,9.9216672165,9.9216672164,9.9216672164,9.9216672164,9.92166721647,9.92166721647,9.9216672169,9.92166721685,9.92166721685,9.9216672165,9.9216672165,9.92166721648,9.92166721651,9.92166721646,9.92166721646,9.9216672167,9.92166721645,9.92166721645,9.92166721639,9.9216672164,9.9216672164,9.92166721639,9.92166721639
"t87",1.87564270499,0,0.05749756258,2.98219154279,2.98219154282,2.98219154282,2.982191542868,2.982191542868,7.33380717869,7.33380717899,7.33380717899,7.33380717889,7.33380717889,7.33380717899,7.33380717889,7.33380717889,7.33380717889,7.33380717889,7.33380717889,7.33380717889,7.33380717891,7.33380717892,7.33380717892,7.33380717974,7.33380717974,7.33380717969,7.33380717979,7.33380717979,7.33380717979,7.33380717982,7.33380717982,7.33380717966,7.33380717966,7.33380717957,7.33380717957,7.33380717956,7.33380717956,7.33380717956,7.33380717949,7.33380717949,7.33380717949,7.33380717962,7.33380717962,7.33380717959,7.33380717959,7.33380717959,7.33380717939,9.92166721639,9.92166721659,9.92166721659,9.921667216569,9.921667216569,9.92166721659,9.92166721659,9.92166721649,9.92166721659,9.92166721659,9.92166721669,9.92166721636,9.92166721636,9.92166721636,9.92166721634,9.92166721634,9.92166721634,9.92166721643,9.92166721633,9.92166721633,9.921667216384,9.921667216384,9.92166721619,9.92166721594,9.92166721594,9.92166721634,9.9216672164,9.9216672164,9.92166721639,9.92166721649,9.92166721649,9.92166721639,9.92166721639,9.92166721639,9.92166721646,9.92166721646,9.92166721689,9.92166721684,9.92166721684,9.92166721649,9.92166721649,9.92166721647,9.9216672165,9.92166721645,9.92166721645,9.92166721669,9.92166721644,9.92166721644,9.92166721638,9.92166721639,9.92166721639,9.92166721638,9.92166721638
"t88",1.87564270499,0.05749756258,0,2.98219154279,2.98219154282,2.98219154282,2.982191542868,2.982191542868,7.33380717869,7.33380717899,7.33380717899,7.33380717889,7.33380717889,7.33380717899,7.33380717889,7.33380717889,7.33380717889,7.33380717889,7.33380717889,7.33380717889,7.33380717891,7.33380717892,7.33380717892,7.33380717974,7.33380717974,7.33380717969,7.33380717979,7.33380717979,7.33380717979,7.33380717982,7.33380717982,7.33380717966,7.33380717966,7.33380717957,7.33380717957,7.33380717956,7.33380717956,7.33380717956,7.33380717949,7.33380717949,7.33380717949,7.33380717962,7.33380717962,7.33380717959,7.33380717959,7.33380717959,7.33380717939,9.92166721639,9.92166721659,9.92166721659,9.921667216569,9.921667216569,9.92166721659,9.92166721659,9.92166721649,9.92166721659,9.92166721659,9.92166721669,9.92166721636,9.92166721636,9.92166721636,9.92166721634,9.92166721634,9.92166721634,9.92166721643,9.92166721633,9.92166721633,9.921667216384,9.921667216384,9.92166721619,9.92166721594,9.92166721594,9.92166721634,9.9216672164,9.9216672164,9.92166721639,9.92166721649,9.92166721649,9.92166721639,9.92166721639,9.92166721639,9.92166721646,9.92166721646,9.92166721689,9.92166721684,9.92166721684,9.92166721649,9.92166721649,9.92166721647,9.9216672165,9.92166721645,9.92166721645,9.92166721669,9.92166721644,9.92166721644,9.92166721638,9.92166721639,9.92166721639,9.92166721638,9.92166721638
"t57",2.9821915428,2.98219154279,2.98219154279,0,0.47540485563,0.47540485563,1.111462700278,1.111462700278,7.3338071787,7.333807179,7.333807179,7.3338071789,7.3338071789,7.333807179,7.3338071789,7.3338071789,7.3338071789,7.3338071789,7.3338071789,7.3338071789,7.33380717892,7.33380717893,7.33380717893,7.33380717975,7.33380717975,7.3338071797,7.3338071798,7.3338071798,7.3338071798,7.33380717983,7.33380717983,7.33380717967,7.33380717967,7.33380717958,7.33380717958,7.33380717957,7.33380717957,7.33380717957,7.3338071795,7.3338071795,7.3338071795,7.33380717963,7.33380717963,7.3338071796,7.3338071796,7.3338071796,7.3338071794,9.9216672164,9.9216672166,9.9216672166,9.921667216579,9.921667216579,9.9216672166,9.9216672166,9.9216672165,9.9216672166,9.9216672166,9.9216672167,9.92166721637,9.92166721637,9.92166721637,9.92166721635,9.92166721635,9.92166721635,9.92166721644,9.92166721634,9.92166721634,9.921667216394,9.921667216394,9.9216672162,9.92166721595,9.92166721595,9.92166721635,9.92166721641,9.92166721641,9.9216672164,9.9216672165,9.9216672165,9.9216672164,9.9216672164,9.9216672164,9.92166721647,9.92166721647,9.9216672169,9.92166721685,9.92166721685,9.9216672165,9.9216672165,9.92166721648,9.92166721651,9.92166721646,9.92166721646,9.9216672167,9.92166721645,9.92166721645,9.92166721639,9.9216672164,9.9216672164,9.92166721639,9.92166721639
"t65",2.98219154283,2.98219154282,2.98219154282,0.47540485563,0,0.3051389696,1.111462700308,1.111462700308,7.33380717873,7.33380717903,7.33380717903,7.33380717893,7.33380717893,7.33380717903,7.33380717893,7.33380717893,7.33380717893,7.33380717893,7.33380717893,7.33380717893,7.33380717895,7.33380717896,7.33380717896,7.33380717978,7.33380717978,7.33380717973,7.33380717983,7.33380717983,7.33380717983,7.33380717986,7.33380717986,7.3338071797,7.3338071797,7.33380717961,7.33380717961,7.3338071796,7.3338071796,7.3338071796,7.33380717953,7.33380717953,7.33380717953,7.33380717966,7.33380717966,7.33380717963,7.33380717963,7.33380717963,7.33380717943,9.92166721643,9.92166721663,9.92166721663,9.921667216609,9.921667216609,9.92166721663,9.92166721663,9.92166721653,9.92166721663,9.92166721663,9.92166721673,9.9216672164,9.9216672164,9.9216672164,9.92166721638,9.92166721638,9.92166721638,9.92166721647,9.92166721637,9.92166721637,9.921667216424,9.921667216424,9.92166721623,9.92166721598,9.92166721598,9.92166721638,9.92166721644,9.92166721644,9.92166721643,9.92166721653,9.92166721653,9.92166721643,9.92166721643,9.92166721643,9.9216672165,9.9216672165,9.92166721693,9.92166721688,9.92166721688,9.92166721653,9.92166721653,9.92166721651,9.92166721654,9.92166721649,9.92166721649,9.92166721673,9.92166721648,9.92166721648,9.92166721642,9.92166721643,9.92166721643,9.92166721642,9.92166721642
"t66",2.98219154283,2.98219154282,2.98219154282,0.47540485563,0.3051389696,0,1.111462700308,1.111462700308,7.33380717873,7.33380717903,7.33380717903,7.33380717893,7.33380717893,7.33380717903,7.33380717893,7.33380717893,7.33380717893,7.33380717893,7.33380717893,7.33380717893,7.33380717895,7.33380717896,7.33380717896,7.33380717978,7.33380717978,7.33380717973,7.33380717983,7.33380717983,7.33380717983,7.33380717986,7.33380717986,7.3338071797,7.3338071797,7.33380717961,7.33380717961,7.3338071796,7.3338071796,7.3338071796,7.33380717953,7.33380717953,7.33380717953,7.33380717966,7.33380717966,7.33380717963,7.33380717963,7.33380717963,7.33380717943,9.92166721643,9.92166721663,9.92166721663,9.921667216609,9.921667216609,9.92166721663,9.92166721663,9.92166721653,9.92166721663,9.92166721663,9.92166721673,9.9216672164,9.9216672164,9.9216672164,9.92166721638,9.92166721638,9.92166721638,9.92166721647,9.92166721637,9.92166721637,9.921667216424,9.921667216424,9.92166721623,9.92166721598,9.92166721598,9.92166721638,9.92166721644,9.92166721644,9.92166721643,9.92166721653,9.92166721653,9.92166721643,9.92166721643,9.92166721643,9.9216672165,9.9216672165,9.92166721693,9.92166721688,9.92166721688,9.92166721653,9.92166721653,9.92166721651,9.92166721654,9.92166721649,9.92166721649,9.92166721673,9.92166721648,9.92166721648,9.92166721642,9.92166721643,9.92166721643,9.92166721642,9.92166721642
"t35",2.982191542878,2.982191542868,2.982191542868,1.111462700278,1.111462700308,1.111462700308,0,1.097674433,7.333807178778,7.333807179078,7.333807179078,7.333807178978,7.333807178978,7.333807179078,7.333807178978,7.333807178978,7.333807178978,7.333807178978,7.333807178978,7.333807178978,7.333807178998,7.333807179008,7.333807179008,7.333807179828,7.333807179828,7.333807179778,7.333807179878,7.333807179878,7.333807179878,7.333807179908,7.333807179908,7.333807179748,7.333807179748,7.333807179658,7.333807179658,7.333807179648,7.333807179648,7.333807179648,7.333807179578,7.333807179578,7.333807179578,7.333807179708,7.333807179708,7.333807179678,7.333807179678,7.333807179678,7.333807179478,9.921667216478,9.921667216678,9.921667216678,9.921667216657,9.921667216657,9.921667216678,9.921667216678,9.921667216578,9.921667216678,9.921667216678,9.921667216778,9.921667216448,9.921667216448,9.921667216448,9.921667216428,9.921667216428,9.921667216428,9.921667216518,9.921667216418,9.921667216418,9.921667216472,9.921667216472,9.921667216278,9.921667216028,9.921667216028,9.921667216428,9.921667216488,9.921667216488,9.921667216478,9.921667216578,9.921667216578,9.921667216478,9.921667216478,9.921667216478,9.921667216548,9.921667216548,9.921667216978,9.921667216928,9.921667216928,9.921667216578,9.921667216578,9.921667216558,9.921667216588,9.921667216538,9.921667216538,9.921667216778,9.921667216528,9.921667216528,9.921667216468,9.921667216478,9.921667216478,9.921667216468,9.921667216468
"t36",2.982191542878,2.982191542868,2.982191542868,1.111462700278,1.111462700308,1.111462700308,1.097674433,0,7.333807178778,7.333807179078,7.333807179078,7.333807178978,7.333807178978,7.333807179078,7.333807178978,7.333807178978,7.333807178978,7.333807178978,7.333807178978,7.333807178978,7.333807178998,7.333807179008,7.333807179008,7.333807179828,7.333807179828,7.333807179778,7.333807179878,7.333807179878,7.333807179878,7.333807179908,7.333807179908,7.333807179748,7.333807179748,7.333807179658,7.333807179658,7.333807179648,7.333807179648,7.333807179648,7.333807179578,7.333807179578,7.333807179578,7.333807179708,7.333807179708,7.333807179678,7.333807179678,7.333807179678,7.333807179478,9.921667216478,9.921667216678,9.921667216678,9.921667216657,9.921667216657,9.921667216678,9.921667216678,9.921667216578,9.921667216678,9.921667216678,9.921667216778,9.921667216448,9.921667216448,9.921667216448,9.921667216428,9.921667216428,9.921667216428,9.921667216518,9.921667216418,9.921667216418,9.921667216472,9.921667216472,9.921667216278,9.921667216028,9.921667216028,9.921667216428,9.921667216488,9.921667216488,9.921667216478,9.921667216578,9.921667216578,9.921667216478,9.921667216478,9.921667216478,9.921667216548,9.921667216548,9.921667216978,9.921667216928,9.921667216928,9.921667216578,9.921667216578,9.921667216558,9.921667216588,9.921667216538,9.921667216538,9.921667216778,9.921667216528,9.921667216528,9.921667216468,9.921667216478,9.921667216478,9.921667216468,9.921667216468
"t10",7.3338071787,7.33380717869,7.33380717869,7.3338071787,7.33380717873,7.33380717873,7.333807178778,7.333807178778,0,2.0210917863,2.0210917863,2.0210917862,2.0210917862,4.6762070463,4.6762070462,4.6762070462,4.6762070462,4.6762070462,4.6762070462,4.6762070462,4.67620704622,4.67620704623,4.67620704623,6.67569773865,6.67569773865,6.6756977386,6.6756977387,6.6756977387,6.6756977387,6.67569773873,6.67569773873,6.67569773857,6.67569773857,6.67569773848,6.67569773848,6.67569773847,6.67569773847,6.67569773847,6.6756977384,6.6756977384,6.6756977384,6.67569773853,6.67569773853,6.6756977385,6.6756977385,6.6756977385,6.6756977383,9.9216672163,9.9216672165,9.9216672165,9.921667216479,9.921667216479,9.9216672165,9.9216672165,9.9216672164,9.9216672165,9.9216672165,9.9216672166,9.92166721627,9.92166721627,9.92166721627,9.92166721625,9.92166721625,9.92166721625,9.92166721634,9.92166721624,9.92166721624,9.921667216294,9.921667216294,9.9216672161,9.92166721585,9.92166721585,9.92166721625,9.92166721631,9.92166721631,9.9216672163,9.9216672164,9.9216672164,9.9216672163,9.9216672163,9.9216672163,9.92166721637,9.92166721637,9.9216672168,9.92166721675,9.92166721675,9.9216672164,9.9216672164,9.92166721638,9.92166721641,9.92166721636,9.92166721636,9.9216672166,9.92166721635,9.92166721635,9.92166721629,9.9216672163,9.9216672163,9.92166721629,9.92166721629
"t67",7.333807179,7.33380717899,7.33380717899,7.333807179,7.33380717903,7.33380717903,7.333807179078,7.333807179078,2.0210917863,0,0.2570819682,0.6997125031,0.6997125031,4.6762070466,4.6762070465,4.6762070465,4.6762070465,4.6762070465,4.6762070465,4.6762070465,4.67620704652,4.67620704653,4.67620704653,6.67569773895,6.67569773895,6.6756977389,6.675697739,6.675697739,6.675697739,6.67569773903,6.67569773903,6.67569773887,6.67569773887,6.67569773878,6.67569773878,6.67569773877,6.67569773877,6.67569773877,6.6756977387,6.6756977387,6.6756977387,6.67569773883,6.67569773883,6.6756977388,6.6756977388,6.6756977388,6.6756977386,9.9216672166,9.9216672168,9.9216672168,9.921667216779,9.921667216779,9.9216672168,9.9216672168,9.9216672167,9.9216672168,9.9216672168,9.9216672169,9.92166721657,9.92166721657,9.92166721657,9.92166721655,9.92166721655,9.92166721655,9.92166721664,9.92166721654,9.92166721654,9.921667216594,9.921667216594,9.9216672164,9.92166721615,9.92166721615,9.92166721655,9.92166721661,9.92166721661,9.9216672166,9.9216672167,9.9216672167,9.9216672166,9.9216672166,9.9216672166,9.92166721667,9.92166721667,9.9216672171,9.92166721705,9.92166721705,9.9216672167,9.9216672167,9.92166721668,9.92166721671,9.92166721666,9.92166721666,9.9216672169,9.92166721665,9.92166721665,9.92166721659,9.9216672166,9.9216672166,9.92166721659,9.92166721659
"t68",7.333807179,7.33380717899,7.33380717899,7.333807179,7.33380717903,7.33380717903,7.333807179078,7.333807179078,2.0210917863,0.2570819682,0,0.6997125031,0.6997125031,4.6762070466,4.6762070465,4.6762070465,4.6762070465,4.6762070465,4.6762070465,4.6762070465,4.67620704652,4.67620704653,4.67620704653,6.67569773895,6.67569773895,6.6756977389,6.675697739,6.675697739,6.675697739,6.67569773903,6.67569773903,6.67569773887,6.67569773887,6.67569773878,6.67569773878,6.67569773877,6.67569773877,6.67569773877,6.6756977387,6.6756977387,6.6756977387,6.67569773883,6.67569773883,6.6756977388,6.6756977388,6.6756977388,6.6756977386,9.9216672166,9.9216672168,9.9216672168,9.921667216779,9.921667216779,9.9216672168,9.9216672168,9.9216672167,9.9216672168,9.9216672168,9.9216672169,9.92166721657,9.92166721657,9.92166721657,9.92166721655,9.92166721655,9.92166721655,9.92166721664,9.92166721654,9.92166721654,9.921667216594,9.921667216594,9.9216672164,9.92166721615,9.92166721615,9.92166721655,9.92166721661,9.92166721661,9.9216672166,9.9216672167,9.9216672167,9.9216672166,9.9216672166,9.9216672166,9.92166721667,9.92166721667,9.9216672171,9.92166721705,9.92166721705,9.9216672167,9.9216672167,9.92166721668,9.92166721671,9.92166721666,9.92166721666,9.9216672169,9.92166721665,9.92166721665,9.92166721659,9.9216672166,9.9216672166,9.92166721659,9.92166721659
"t79",7.3338071789,7.33380717889,7.33380717889,7.3338071789,7.33380717893,7.33380717893,7.333807178978,7.333807178978,2.0210917862,0.6997125031,0.6997125031,0,0.0900494304,4.6762070465,4.6762070464,4.6762070464,4.6762070464,4.6762070464,4.6762070464,4.6762070464,4.67620704642,4.67620704643,4.67620704643,6.67569773885,6.67569773885,6.6756977388,6.6756977389,6.6756977389,6.6756977389,6.67569773893,6.67569773893,6.67569773877,6.67569773877,6.67569773868,6.67569773868,6.67569773867,6.67569773867,6.67569773867,6.6756977386,6.6756977386,6.6756977386,6.67569773873,6.67569773873,6.6756977387,6.6756977387,6.6756977387,6.6756977385,9.9216672165,9.9216672167,9.9216672167,9.921667216679,9.921667216679,9.9216672167,9.9216672167,9.9216672166,9.9216672167,9.9216672167,9.9216672168,9.92166721647,9.92166721647,9.92166721647,9.92166721645,9.92166721645,9.92166721645,9.92166721654,9.92166721644,9.92166721644,9.921667216494,9.921667216494,9.9216672163,9.92166721605,9.92166721605,9.92166721645,9.92166721651,9.92166721651,9.9216672165,9.9216672166,9.9216672166,9.9216672165,9.9216672165,9.9216672165,9.92166721657,9.92166721657,9.921667217,9.92166721695,9.92166721695,9.9216672166,9.9216672166,9.92166721658,9.92166721661,9.92166721656,9.92166721656,9.9216672168,9.92166721655,9.92166721655,9.92166721649,9.9216672165,9.9216672165,9.92166721649,9.92166721649
"t80",7.3338071789,7.33380717889,7.33380717889,7.3338071789,7.33380717893,7.33380717893,7.333807178978,7.333807178978,2.0210917862,0.6997125031,0.6997125031,0.0900494304,0,4.6762070465,4.6762070464,4.6762070464,4.6762070464,4.6762070464,4.6762070464,4.6762070464,4.67620704642,4.67620704643,4.67620704643,6.67569773885,6.67569773885,6.6756977388,6.6756977389,6.6756977389,6.6756977389,6.67569773893,6.67569773893,6.67569773877,6.67569773877,6.67569773868,6.67569773868,6.67569773867,6.67569773867,6.67569773867,6.6756977386,6.6756977386,6.6756977386,6.67569773873,6.67569773873,6.6756977387,6.6756977387,6.6756977387,6.6756977385,9.9216672165,9.9216672167,9.9216672167,9.921667216679,9.921667216679,9.9216672167,9.9216672167,9.9216672166,9.9216672167,9.9216672167,9.9216672168,9.92166721647,9.92166721647,9.92166721647,9.92166721645,9.92166721645,9.92166721645,9.92166721654,9.92166721644,9.92166721644,9.921667216494,9.921667216494,9.9216672163,9.92166721605,9.92166721605,9.92166721645,9.92166721651,9.92166721651,9.9216672165,9.9216672166,9.9216672166,9.9216672165,9.9216672165,9.9216672165,9.92166721657,9.92166721657,9.921667217,9.92166721695,9.92166721695,9.9216672166,9.9216672166,9.92166721658,9.92166721661,9.92166721656,9.92166721656,9.9216672168,9.92166721655,9.92166721655,9.92166721649,9.9216672165,9.9216672165,9.92166721649,9.92166721649
"t6",7.333807179,7.33380717899,7.33380717899,7.333807179,7.33380717903,7.33380717903,7.333807179078,7.333807179078,4.6762070463,4.6762070466,4.6762070466,4.6762070465,4.6762070465,0,2.2440270379,2.2440270379,2.5892765145,2.5892765145,2.5892765145,2.5892765145,2.58927651452,2.58927651453,2.58927651453,6.67569773895,6.67569773895,6.6756977389,6.675697739,6.675697739,6.675697739,6.67569773903,6.67569773903,6.67569773887,6.67569773887,6.67569773878,6.67569773878,6.67569773877,6.67569773877,6.67569773877,6.6756977387,6.6756977387,6.6756977387,6.67569773883,6.67569773883,6.6756977388,6.6756977388,6.6756977388,6.6756977386,9.9216672166,9.9216672168,9.9216672168,9.921667216779,9.921667216779,9.9216672168,9.9216672168,9.9216672167,9.9216672168,9.9216672168,9.9216672169,9.92166721657,9.92166721657,9.92166721657,9.92166721655,9.92166721655,9.92166721655,9.92166721664,9.92166721654,9.92166721654,9.921667216594,9.921667216594,9.9216672164,9.92166721615,9.92166721615,9.92166721655,9.92166721661,9.92166721661,9.9216672166,9.9216672167,9.9216672167,9.9216672166,9.9216672166,9.9216672166,9.92166721667,9.92166721667,9.9216672171,9.92166721705,9.92166721705,9.9216672167,9.9216672167,9.92166721668,9.92166721671,9.92166721666,9.92166721666,9.9216672169,9.92166721665,9.92166721665,9.92166721659,9.9216672166,9.9216672166,9.92166721659,9.92166721659
"t15",7.3338071789,7.33380717889,7.33380717889,7.3338071789,7.33380717893,7.33380717893,7.333807178978,7.333807178978,4.6762070462,4.6762070465,4.6762070465,4.6762070464,4.6762070464,2.2440270379,0,1.7188388736,2.5892765144,2.5892765144,2.5892765144,2.5892765144,2.58927651442,2.58927651443,2.58927651443,6.67569773885,6.67569773885,6.6756977388,6.6756977389,6.6756977389,6.6756977389,6.67569773893,6.67569773893,6.67569773877,6.67569773877,6.67569773868,6.67569773868,6.67569773867,6.67569773867,6.67569773867,6.6756977386,6.6756977386,6.6756977386,6.67569773873,6.67569773873,6.6756977387,6.6756977387,6.6756977387,6.6756977385,9.9216672165,9.9216672167,9.9216672167,9.921667216679,9.921667216679,9.9216672167,9.9216672167,9.9216672166,9.9216672167,9.9216672167,9.9216672168,9.92166721647,9.92166721647,9.92166721647,9.92166721645,9.92166721645,9.92166721645,9.92166721654,9.92166721644,9.92166721644,9.921667216494,9.921667216494,9.9216672163,9.92166721605,9.92166721605,9.92166721645,9.92166721651,9.92166721651,9.9216672165,9.9216672166,9.9216672166,9.9216672165,9.9216672165,9.9216672165,9.92166721657,9.92166721657,9.921667217,9.92166721695,9.92166721695,9.9216672166,9.9216672166,9.92166721658,9.92166721661,9.92166721656,9.92166721656,9.9216672168,9.92166721655,9.92166721655,9.92166721649,9.9216672165,9.9216672165,9.92166721649,9.92166721649
"t16",7.3338071789,7.33380717889,7.33380717889,7.3338071789,7.33380717893,7.33380717893,7.333807178978,7.333807178978,4.6762070462,4.6762070465,4.6762070465,4.6762070464,4.6762070464,2.2440270379,1.7188388736,0,2.5892765144,2.5892765144,2.5892765144,2.5892765144,2.58927651442,2.58927651443,2.58927651443,6.67569773885,6.67569773885,6.6756977388,6.6756977389,6.6756977389,6.6756977389,6.67569773893,6.67569773893,6.67569773877,6.67569773877,6.67569773868,6.67569773868,6.67569773867,6.67569773867,6.67569773867,6.6756977386,6.6756977386,6.6756977386,6.67569773873,6.67569773873,6.6756977387,6.6756977387,6.6756977387,6.6756977385,9.9216672165,9.9216672167,9.9216672167,9.921667216679,9.921667216679,9.9216672167,9.9216672167,9.9216672166,9.9216672167,9.9216672167,9.9216672168,9.92166721647,9.92166721647,9.92166721647,9.92166721645,9.92166721645,9.92166721645,9.92166721654,9.92166721644,9.92166721644,9.921667216494,9.921667216494,9.9216672163,9.92166721605,9.92166721605,9.92166721645,9.92166721651,9.92166721651,9.9216672165,9.9216672166,9.9216672166,9.9216672165,9.9216672165,9.9216672165,9.92166721657,9.92166721657,9.921667217,9.92166721695,9.92166721695,9.9216672166,9.9216672166,9.92166721658,9.92166721661,9.92166721656,9.92166721656,9.9216672168,9.92166721655,9.92166721655,9.92166721649,9.9216672165,9.9216672165,9.92166721649,9.92166721649
"t42",7.3338071789,7.33380717889,7.33380717889,7.3338071789,7.33380717893,7.33380717893,7.333807178978,7.333807178978,4.6762070462,4.6762070465,4.6762070465,4.6762070464,4.6762070464,2.5892765145,2.5892765144,2.5892765144,0,0.6738482108,1.2219643842,2.2180556444,2.21805564442,2.21805564443,2.21805564443,6.67569773885,6.67569773885,6.6756977388,6.6756977389,6.6756977389,6.6756977389,6.67569773893,6.67569773893,6.67569773877,6.67569773877,6.67569773868,6.67569773868,6.67569773867,6.67569773867,6.67569773867,6.6756977386,6.6756977386,6.6756977386,6.67569773873,6.67569773873,6.6756977387,6.6756977387,6.6756977387,6.6756977385,9.9216672165,9.9216672167,9.9216672167,9.921667216679,9.921667216679,9.9216672167,9.9216672167,9.9216672166,9.9216672167,9.9216672167,9.9216672168,9.92166721647,9.92166721647,9.92166721647,9.92166721645,9.92166721645,9.92166721645,9.92166721654,9.92166721644,9.92166721644,9.921667216494,9.921667216494,9.9216672163,9.92166721605,9.92166721605,9.92166721645,9.92166721651,9.92166721651,9.9216672165,9.9216672166,9.9216672166,9.9216672165,9.9216672165,9.9216672165,9.92166721657,9.92166721657,9.921667217,9.92166721695,9.92166721695,9.9216672166,9.9216672166,9.92166721658,9.92166721661,9.92166721656,9.92166721656,9.9216672168,9.92166721655,9.92166721655,9.92166721649,9.9216672165,9.9216672165,9.92166721649,9.92166721649
"t43",7.3338071789,7.33380717889,7.33380717889,7.3338071789,7.33380717893,7.33380717893,7.333807178978,7.333807178978,4.6762070462,4.6762070465,4.6762070465,4.6762070464,4.6762070464,2.5892765145,2.5892765144,2.5892765144,0.6738482108,0,1.2219643842,2.2180556444,2.21805564442,2.21805564443,2.21805564443,6.67569773885,6.67569773885,6.6756977388,6.6756977389,6.6756977389,6.6756977389,6.67569773893,6.67569773893,6.67569773877,6.67569773877,6.67569773868,6.67569773868,6.67569773867,6.67569773867,6.67569773867,6.6756977386,6.6756977386,6.6756977386,6.67569773873,6.67569773873,6.6756977387,6.6756977387,6.6756977387,6.6756977385,9.9216672165,9.9216672167,9.9216672167,9.921667216679,9.921667216679,9.9216672167,9.9216672167,9.9216672166,9.9216672167,9.9216672167,9.9216672168,9.92166721647,9.92166721647,9.92166721647,9.92166721645,9.92166721645,9.92166721645,9.92166721654,9.92166721644,9.92166721644,9.921667216494,9.921667216494,9.9216672163,9.92166721605,9.92166721605,9.92166721645,9.92166721651,9.92166721651,9.9216672165,9.9216672166,9.9216672166,9.9216672165,9.9216672165,9.9216672165,9.92166721657,9.92166721657,9.921667217,9.92166721695,9.92166721695,9.9216672166,9.9216672166,9.92166721658,9.92166721661,9.92166721656,9.92166721656,9.9216672168,9.92166721655,9.92166721655,9.92166721649,9.9216672165,9.9216672165,9.92166721649,9.92166721649
"t30",7.3338071789,7.33380717889,7.33380717889,7.3338071789,7.33380717893,7.33380717893,7.333807178978,7.333807178978,4.6762070462,4.6762070465,4.6762070465,4.6762070464,4.6762070464,2.5892765145,2.5892765144,2.5892765144,1.2219643842,1.2219643842,0,2.2180556444,2.21805564442,2.21805564443,2.21805564443,6.67569773885,6.67569773885,6.6756977388,6.6756977389,6.6756977389,6.6756977389,6.67569773893,6.67569773893,6.67569773877,6.67569773877,6.67569773868,6.67569773868,6.67569773867,6.67569773867,6.67569773867,6.6756977386,6.6756977386,6.6756977386,6.67569773873,6.67569773873,6.6756977387,6.6756977387,6.6756977387,6.6756977385,9.9216672165,9.9216672167,9.9216672167,9.921667216679,9.921667216679,9.9216672167,9.9216672167,9.9216672166,9.9216672167,9.9216672167,9.9216672168,9.92166721647,9.92166721647,9.92166721647,9.92166721645,9.92166721645,9.92166721645,9.92166721654,9.92166721644,9.92166721644,9.921667216494,9.921667216494,9.9216672163,9.92166721605,9.92166721605,9.92166721645,9.92166721651,9.92166721651,9.9216672165,9.9216672166,9.9216672166,9.9216672165,9.9216672165,9.9216672165,9.92166721657,9.92166721657,9.921667217,9.92166721695,9.92166721695,9.9216672166,9.9216672166,9.92166721658,9.92166721661,9.92166721656,9.92166721656,9.9216672168,9.92166721655,9.92166721655,9.92166721649,9.9216672165,9.9216672165,9.92166721649,9.92166721649
"t38",7.3338071789,7.33380717889,7.33380717889,7.3338071789,7.33380717893,7.33380717893,7.333807178978,7.333807178978,4.6762070462,4.6762070465,4.6762070465,4.6762070464,4.6762070464,2.5892765145,2.5892765144,2.5892765144,2.2180556444,2.2180556444,2.2180556444,0,1.07244461162,1.07244461163,1.07244461163,6.67569773885,6.67569773885,6.6756977388,6.6756977389,6.6756977389,6.6756977389,6.67569773893,6.67569773893,6.67569773877,6.67569773877,6.67569773868,6.67569773868,6.67569773867,6.67569773867,6.67569773867,6.6756977386,6.6756977386,6.6756977386,6.67569773873,6.67569773873,6.6756977387,6.6756977387,6.6756977387,6.6756977385,9.9216672165,9.9216672167,9.9216672167,9.921667216679,9.921667216679,9.9216672167,9.9216672167,9.9216672166,9.9216672167,9.9216672167,9.9216672168,9.92166721647,9.92166721647,9.92166721647,9.92166721645,9.92166721645,9.92166721645,9.92166721654,9.92166721644,9.92166721644,9.921667216494,9.921667216494,9.9216672163,9.92166721605,9.92166721605,9.92166721645,9.92166721651,9.92166721651,9.9216672165,9.9216672166,9.9216672166,9.9216672165,9.9216672165,9.9216672165,9.92166721657,9.92166721657,9.921667217,9.92166721695,9.92166721695,9.9216672166,9.9216672166,9.92166721658,9.92166721661,9.92166721656,9.92166721656,9.9216672168,9.92166721655,9.92166721655,9.92166721649,9.9216672165,9.9216672165,9.92166721649,9.92166721649
"t39",7.33380717892,7.33380717891,7.33380717891,7.33380717892,7.33380717895,7.33380717895,7.333807178998,7.333807178998,4.67620704622,4.67620704652,4.67620704652,4.67620704642,4.67620704642,2.58927651452,2.58927651442,2.58927651442,2.21805564442,2.21805564442,2.21805564442,1.07244461162,0,1.02896351161,1.02896351161,6.67569773887,6.67569773887,6.67569773882,6.67569773892,6.67569773892,6.67569773892,6.67569773895,6.67569773895,6.67569773879,6.67569773879,6.6756977387,6.6756977387,6.67569773869,6.67569773869,6.67569773869,6.67569773862,6.67569773862,6.67569773862,6.67569773875,6.67569773875,6.67569773872,6.67569773872,6.67569773872,6.67569773852,9.92166721652,9.92166721672,9.92166721672,9.921667216699,9.921667216699,9.92166721672,9.92166721672,9.92166721662,9.92166721672,9.92166721672,9.92166721682,9.92166721649,9.92166721649,9.92166721649,9.92166721647,9.92166721647,9.92166721647,9.92166721656,9.92166721646,9.92166721646,9.921667216514,9.921667216514,9.92166721632,9.92166721607,9.92166721607,9.92166721647,9.92166721653,9.92166721653,9.92166721652,9.92166721662,9.92166721662,9.92166721652,9.92166721652,9.92166721652,9.92166721659,9.92166721659,9.92166721702,9.92166721697,9.92166721697,9.92166721662,9.92166721662,9.9216672166,9.92166721663,9.92166721658,9.92166721658,9.92166721682,9.92166721657,9.92166721657,9.92166721651,9.92166721652,9.92166721652,9.92166721651,9.92166721651
"t89",7.33380717893,7.33380717892,7.33380717892,7.33380717893,7.33380717896,7.33380717896,7.333807179008,7.333807179008,4.67620704623,4.67620704653,4.67620704653,4.67620704643,4.67620704643,2.58927651453,2.58927651443,2.58927651443,2.21805564443,2.21805564443,2.21805564443,1.07244461163,1.02896351161,0,0.05442862082,6.67569773888,6.67569773888,6.67569773883,6.67569773893,6.67569773893,6.67569773893,6.67569773896,6.67569773896,6.6756977388,6.6756977388,6.67569773871,6.67569773871,6.6756977387,6.6756977387,6.6756977387,6.67569773863,6.67569773863,6.67569773863,6.67569773876,6.67569773876,6.67569773873,6.67569773873,6.67569773873,6.67569773853,9.92166721653,9.92166721673,9.92166721673,9.921667216709,9.921667216709,9.92166721673,9.92166721673,9.92166721663,9.92166721673,9.92166721673,9.92166721683,9.9216672165,9.9216672165,9.9216672165,9.92166721648,9.92166721648,9.92166721648,9.92166721657,9.92166721647,9.92166721647,9.921667216524,9.921667216524,9.92166721633,9.92166721608,9.92166721608,9.92166721648,9.92166721654,9.92166721654,9.92166721653,9.92166721663,9.92166721663,9.92166721653,9.92166721653,9.92166721653,9.9216672166,9.9216672166,9.92166721703,9.92166721698,9.92166721698,9.92166721663,9.92166721663,9.92166721661,9.92166721664,9.92166721659,9.92166721659,9.92166721683,9.92166721658,9.92166721658,9.92166721652,9.92166721653,9.92166721653,9.92166721652,9.92166721652
"t90",7.33380717893,7.33380717892,7.33380717892,7.33380717893,7.33380717896,7.33380717896,7.333807179008,7.333807179008,4.67620704623,4.67620704653,4.67620704653,4.67620704643,4.67620704643,2.58927651453,2.58927651443,2.58927651443,2.21805564443,2.21805564443,2.21805564443,1.07244461163,1.02896351161,0.05442862082,0,6.67569773888,6.67569773888,6.67569773883,6.67569773893,6.67569773893,6.67569773893,6.67569773896,6.67569773896,6.6756977388,6.6756977388,6.67569773871,6.67569773871,6.6756977387,6.6756977387,6.6756977387,6.67569773863,6.67569773863,6.67569773863,6.67569773876,6.67569773876,6.67569773873,6.67569773873,6.67569773873,6.67569773853,9.92166721653,9.92166721673,9.92166721673,9.921667216709,9.921667216709,9.92166721673,9.92166721673,9.92166721663,9.92166721673,9.92166721673,9.92166721683,9.9216672165,9.9216672165,9.9216672165,9.92166721648,9.92166721648,9.92166721648,9.92166721657,9.92166721647,9.92166721647,9.921667216524,9.921667216524,9.92166721633,9.92166721608,9.92166721608,9.92166721648,9.92166721654,9.92166721654,9.92166721653,9.92166721663,9.92166721663,9.92166721653,9.92166721653,9.92166721653,9.9216672166,9.9216672166,9.92166721703,9.92166721698,9.92166721698,9.92166721663,9.92166721663,9.92166721661,9.92166721664,9.92166721659,9.92166721659,9.92166721683,9.92166721658,9.92166721658,9.92166721652,9.92166721653,9.92166721653,9.92166721652,9.92166721652
"t74",7.33380717975,7.33380717974,7.33380717974,7.33380717975,7.33380717978,7.33380717978,7.333807179828,7.333807179828,6.67569773865,6.67569773895,6.67569773895,6.67569773885,6.67569773885,6.67569773895,6.67569773885,6.67569773885,6.67569773885,6.67569773885,6.67569773885,6.67569773885,6.67569773887,6.67569773888,6.67569773888,0,0.1982636477,0.57814192045,3.82935878455,3.82935878455,3.82935878455,3.82935878458,3.82935878458,4.20907455562,4.20907455562,4.20907455553,4.20907455553,4.20907455552,4.20907455552,4.20907455552,4.20907455545,4.20907455545,4.20907455545,4.20907455558,4.20907455558,4.20907455555,4.20907455555,4.20907455555,4.20907455535,9.92166721735,9.92166721755,9.92166721755,9.921667217529,9.921667217529,9.92166721755,9.92166721755,9.92166721745,9.92166721755,9.92166721755,9.92166721765,9.92166721732,9.92166721732,9.92166721732,9.9216672173,9.9216672173,9.9216672173,9.92166721739,9.92166721729,9.92166721729,9.921667217344,9.921667217344,9.92166721715,9.9216672169,9.9216672169,9.9216672173,9.92166721736,9.92166721736,9.92166721735,9.92166721745,9.92166721745,9.92166721735,9.92166721735,9.92166721735,9.92166721742,9.92166721742,9.92166721785,9.9216672178,9.9216672178,9.92166721745,9.92166721745,9.92166721743,9.92166721746,9.92166721741,9.92166721741,9.92166721765,9.9216672174,9.9216672174,9.92166721734,9.92166721735,9.92166721735,9.92166721734,9.92166721734
"t75",7.33380717975,7.33380717974,7.33380717974,7.33380717975,7.33380717978,7.33380717978,7.333807179828,7.333807179828,6.67569773865,6.67569773895,6.67569773895,6.67569773885,6.67569773885,6.67569773895,6.67569773885,6.67569773885,6.67569773885,6.67569773885,6.67569773885,6.67569773885,6.67569773887,6.67569773888,6.67569773888,0.1982636477,0,0.57814192045,3.82935878455,3.82935878455,3.82935878455,3.82935878458,3.82935878458,4.20907455562,4.20907455562,4.20907455553,4.20907455553,4.20907455552,4.20907455552,4.20907455552,4.20907455545,4.20907455545,4.20907455545,4.20907455558,4.20907455558,4.20907455555,4.20907455555,4.20907455555,4.20907455535,9.92166721735,9.92166721755,9.92166721755,9.921667217529,9.921667217529,9.92166721755,9.92166721755,9.92166721745,9.92166721755,9.92166721755,9.92166721765,9.92166721732,9.92166721732,9.92166721732,9.9216672173,9.9216672173,9.9216672173,9.92166721739,9.92166721729,9.92166721729,9.921667217344,9.921667217344,9.92166721715,9.9216672169,9.9216672169,9.9216672173,9.92166721736,9.92166721736,9.92166721735,9.92166721745,9.92166721745,9.92166721735,9.92166721735,9.92166721735,9.92166721742,9.92166721742,9.92166721785,9.9216672178,9.9216672178,9.92166721745,9.92166721745,9.92166721743,9.92166721746,9.92166721741,9.92166721741,9.92166721765,9.9216672174,9.9216672174,9.92166721734,9.92166721735,9.92166721735,9.92166721734,9.92166721734
"t50",7.3338071797,7.33380717969,7.33380717969,7.3338071797,7.33380717973,7.33380717973,7.333807179778,7.333807179778,6.6756977386,6.6756977389,6.6756977389,6.6756977388,6.6756977388,6.6756977389,6.6756977388,6.6756977388,6.6756977388,6.6756977388,6.6756977388,6.6756977388,6.67569773882,6.67569773883,6.67569773883,0.57814192045,0.57814192045,0,3.8293587845,3.8293587845,3.8293587845,3.82935878453,3.82935878453,4.20907455557,4.20907455557,4.20907455548,4.20907455548,4.20907455547,4.20907455547,4.20907455547,4.2090745554,4.2090745554,4.2090745554,4.20907455553,4.20907455553,4.2090745555,4.2090745555,4.2090745555,4.2090745553,9.9216672173,9.9216672175,9.9216672175,9.921667217479,9.921667217479,9.9216672175,9.9216672175,9.9216672174,9.9216672175,9.9216672175,9.9216672176,9.92166721727,9.92166721727,9.92166721727,9.92166721725,9.92166721725,9.92166721725,9.92166721734,9.92166721724,9.92166721724,9.921667217294,9.921667217294,9.9216672171,9.92166721685,9.92166721685,9.92166721725,9.92166721731,9.92166721731,9.9216672173,9.9216672174,9.9216672174,9.9216672173,9.9216672173,9.9216672173,9.92166721737,9.92166721737,9.9216672178,9.92166721775,9.92166721775,9.9216672174,9.9216672174,9.92166721738,9.92166721741,9.92166721736,9.92166721736,9.9216672176,9.92166721735,9.92166721735,9.92166721729,9.9216672173,9.9216672173,9.92166721729,9.92166721729
"t73",7.3338071798,7.33380717979,7.33380717979,7.3338071798,7.33380717983,7.33380717983,7.333807179878,7.333807179878,6.6756977387,6.675697739,6.675697739,6.6756977389,6.6756977389,6.675697739,6.6756977389,6.6756977389,6.6756977389,6.6756977389,6.6756977389,6.6756977389,6.67569773892,6.67569773893,6.67569773893,3.82935878455,3.82935878455,3.8293587845,0,0.2125833236,0.2125833236,1.31579564863,1.31579564863,4.20907455567,4.20907455567,4.20907455558,4.20907455558,4.20907455557,4.20907455557,4.20907455557,4.2090745555,4.2090745555,4.2090745555,4.20907455563,4.20907455563,4.2090745556,4.2090745556,4.2090745556,4.2090745554,9.9216672174,9.9216672176,9.9216672176,9.921667217579,9.921667217579,9.9216672176,9.9216672176,9.9216672175,9.9216672176,9.9216672176,9.9216672177,9.92166721737,9.92166721737,9.92166721737,9.92166721735,9.92166721735,9.92166721735,9.92166721744,9.92166721734,9.92166721734,9.921667217394,9.921667217394,9.9216672172,9.92166721695,9.92166721695,9.92166721735,9.92166721741,9.92166721741,9.9216672174,9.9216672175,9.9216672175,9.9216672174,9.9216672174,9.9216672174,9.92166721747,9.92166721747,9.9216672179,9.92166721785,9.92166721785,9.9216672175,9.9216672175,9.92166721748,9.92166721751,9.92166721746,9.92166721746,9.9216672177,9.92166721745,9.92166721745,9.92166721739,9.9216672174,9.9216672174,9.92166721739,9.92166721739
"t93",7.3338071798,7.33380717979,7.33380717979,7.3338071798,7.33380717983,7.33380717983,7.333807179878,7.333807179878,6.6756977387,6.675697739,6.675697739,6.6756977389,6.6756977389,6.675697739,6.6756977389,6.6756977389,6.6756977389,6.6756977389,6.6756977389,6.6756977389,6.67569773892,6.67569773893,6.67569773893,3.82935878455,3.82935878455,3.8293587845,0.2125833236,0,0.03704509842,1.31579564863,1.31579564863,4.20907455567,4.20907455567,4.20907455558,4.20907455558,4.20907455557,4.20907455557,4.20907455557,4.2090745555,4.2090745555,4.2090745555,4.20907455563,4.20907455563,4.2090745556,4.2090745556,4.2090745556,4.2090745554,9.9216672174,9.9216672176,9.9216672176,9.921667217579,9.921667217579,9.9216672176,9.9216672176,9.9216672175,9.9216672176,9.9216672176,9.9216672177,9.92166721737,9.92166721737,9.92166721737,9.92166721735,9.92166721735,9.92166721735,9.92166721744,9.92166721734,9.92166721734,9.921667217394,9.921667217394,9.9216672172,9.92166721695,9.92166721695,9.92166721735,9.92166721741,9.92166721741,9.9216672174,9.9216672175,9.9216672175,9.9216672174,9.9216672174,9.9216672174,9.92166721747,9.92166721747,9.9216672179,9.92166721785,9.92166721785,9.9216672175,9.9216672175,9.92166721748,9.92166721751,9.92166721746,9.92166721746,9.9216672177,9.92166721745,9.92166721745,9.92166721739,9.9216672174,9.9216672174,9.92166721739,9.92166721739
