"","t1","t6","t7","t53","t134","t135","t144","t145","t36","t33","t137","t138","t8","t4","t54","t55","t26","t30","t37","t141","t142","t39","t98","t99","t31","t12","t57","t58","t27","t19","t20","t3","t101","t102","t89","t148","t149","t62","t18","t25","t114","t115","t45","t103","t104","t59","t108","t109","t96","t67","t119","t120","t87","t130","t131","t21","t22","t17","t92","t93","t68","t50","t51","t74","t75","t112","t113","t100","t63","t116","t121","t154","t155","t90","t86","t122","t123","t38","t52","t97","t110","t111","t158","t159","t128","t71","t72","t132","t133","t41","t46","t146","t147","t126","t127","t106","t107","t91","t84","t69","t70","t49","t5","t47","t48","t42","t43","t85","t124","t125","t105","t139","t140","t136","t66","t129","t143","t152","t153","t83","t94","t95","t56","t80","t117","t118","t77","t44","t60","t61","t73","t150","t151","t88","t65","t81","t82","t32","t9","t10","t15","t16","t34","t35","t64","t78","t79","t76","t156","t157","t40","t23","t24","t11","t28","t29","t13","t14","t2"
"t1",0,3.8641700058,3.40651720522,6.7110114140727,6.7110114138727,6.7110114138727,6.7110114138227,6.7110114138227,5.6418055473727,6.7110114135727,6.7110114141727,6.7110114141727,4.2938283658727,4.1230943700627,6.0688463240627,6.7110114142627,5.5732640157627,5.5205281423627,5.2584436308727,6.7110114145927,6.7110114145927,5.3666597972227,6.7110114146627,6.7110114146627,5.1630782135627,6.7110114141627,6.7110114138627,5.8503605850827,4.5098341761627,4.9817038438627,4.5158176617627,3.4106015060627,6.7110114142627,6.7110114142627,6.7110114142427,6.7110114142527,6.7110114142527,6.1980889118627,6.2567077837627,5.3169709219727,6.5161623379727,6.7110114149727,6.7110114149827,6.7110114145827,6.7110114145827,6.7110114145727,6.7110114145427,6.7110114145427,6.7110114145727,6.7110114145727,6.7110114145727,6.7110114145727,6.7110114145727,6.7110114147727,6.7110114147727,4.9762474780727,6.7110114142727,5.0043311333727,6.7110114146727,6.7110114146727,6.7110114146727,5.5669618916127,6.7110114150727,6.6223216870727,6.7110114146727,6.7110114146427,6.5574669404427,6.7110114146227,6.7110114146227,6.7110114145627,6.4582669010427,6.7110114145267,6.7110114145267,6.7110114145627,6.4428071160227,6.7110114146227,6.7110114146227,6.7110114146227,5.6540526480127,6.5829449996027,6.7110114146527,6.7110114146527,6.7110114145895,6.7110114145895,6.7110114146127,6.5793717045227,6.0737612460927,6.7110114148227,6.7110114148227,6.7110114146727,6.7110114147027,6.7110114143527,6.7110114143527,6.7110114150727,6.7110114150727,6.7110114145827,6.4406486566127,6.7110114145727,6.7110114145727,6.3628536570727,6.7110114145727,6.7110114147727,4.7659852074727,6.1428265887727,6.3594393187727,6.1488579173727,5.6853565383727,6.7110114144727,6.7110114144727,6.7110114144727,6.7110114145727,6.7110114145427,6.7110114145427,6.7110114145727,6.4174932955727,6.7110114145727,6.7110114145727,6.7110114145827,6.7110114145827,6.5480925167177,6.7110114145177,6.3288157362177,6.7110114145727,6.7110114145627,6.7110114145627,6.7110114145627,6.5621219035727,5.9656578258727,6.7110114139627,6.2934099956627,6.7110114139727,6.7110114139027,6.7110114139027,6.7110114139727,6.7110114139727,6.7110114139727,6.7110114139727,5.4280765253727,6.7110114148727,4.0156374186727,4.1261971904727,6.7110114143727,6.7110114138727,5.8657017434727,5.9373646284527,6.7110114141727,6.7110114141727,6.7110114141727,6.7110114141567,6.7110114141567,5.6810885121727,4.5983860134727,5.4475286314727,3.8990856367727,4.9884481559727,5.0693424502727,6.0752354994727,3.8457117570727,1.2031641734
"t6",3.8641700058,0,0.57670245842,8.0020792852727,8.0020792850727,8.0020792850727,8.0020792850227,8.0020792850227,6.9328734185727,8.0020792847727,8.0020792853727,8.0020792853727,5.5848962370727,5.4141622412627,7.3599141952627,8.0020792854627,6.8643318869627,6.8115960135627,6.5495115020727,8.0020792857927,8.0020792857927,6.6577276684227,8.0020792858627,8.0020792858627,6.4541460847627,8.0020792853627,8.0020792850627,7.1414284562827,5.8009020473627,6.2727717150627,5.8068855329627,4.7016693772627,8.0020792854627,8.0020792854627,8.0020792854427,8.0020792854527,8.0020792854527,7.4891567830627,7.5477756549627,6.6080387931727,7.8072302091727,8.0020792861727,8.0020792861827,8.0020792857827,8.0020792857827,8.0020792857727,8.0020792857427,8.0020792857427,8.0020792857727,8.0020792857727,8.0020792857727,8.0020792857727,8.0020792857727,8.0020792859727,8.0020792859727,6.2673153492727,8.0020792854727,6.2953990045727,8.0020792858727,8.0020792858727,8.0020792858727,6.8580297628127,8.0020792862727,7.9133895582727,8.0020792858727,8.0020792858427,7.8485348116427,8.0020792858227,8.0020792858227,8.0020792857627,7.7493347722427,8.0020792857267,8.0020792857267,8.0020792857627,7.7338749872227,8.0020792858227,8.0020792858227,8.0020792858227,6.9451205192127,7.8740128708027,8.0020792858527,8.0020792858527,8.0020792857895,8.0020792857895,8.0020792858127,7.8704395757227,7.3648291172927,8.0020792860227,8.0020792860227,8.0020792858727,8.0020792859027,8.0020792855527,8.0020792855527,8.0020792862727,8.0020792862727,8.0020792857827,7.7317165278127,8.0020792857727,8.0020792857727,7.6539215282727,8.0020792857727,8.0020792859727,6.0570530786727,7.4338944599727,7.6505071899727,7.4399257885727,6.9764244095727,8.0020792856727,8.0020792856727,8.0020792856727,8.0020792857727,8.0020792857427,8.0020792857427,8.0020792857727,7.7085611667727,8.0020792857727,8.0020792857727,8.0020792857827,8.0020792857827,7.8391603879177,8.0020792857177,7.6198836074177,8.0020792857727,8.0020792857627,8.0020792857627,8.0020792857627,7.8531897747727,7.2567256970727,8.0020792851627,7.5844778668627,8.0020792851727,8.0020792851027,8.0020792851027,8.0020792851727,8.0020792851727,8.0020792851727,8.0020792851727,6.7191443965727,8.0020792860727,5.3067052898727,5.4172650616727,8.0020792855727,8.0020792850727,7.1567696146727,7.2284324996527,8.0020792853727,8.0020792853727,8.0020792853727,8.0020792853567,8.0020792853567,6.9721563833727,5.8894538846727,6.7385965026727,5.1901535079727,6.2795160271727,6.3604103214727,7.3663033706727,5.1367796282727,3.6124505494
"t7",3.40651720522,0.57670245842,0,7.5444264846927,7.5444264844927,7.5444264844927,7.5444264844427,7.5444264844427,6.4752206179927,7.5444264841927,7.5444264847927,7.5444264847927,5.1272434364927,4.9565094406827,6.9022613946827,7.5444264848827,6.4066790863827,6.3539432129827,6.0918587014927,7.5444264852127,7.5444264852127,6.2000748678427,7.5444264852827,7.5444264852827,5.9964932841827,7.5444264847827,7.5444264844827,6.6837756557027,5.3432492467827,5.8151189144827,5.3492327323827,4.2440165766827,7.5444264848827,7.5444264848827,7.5444264848627,7.5444264848727,7.5444264848727,7.0315039824827,7.0901228543827,6.1503859925927,7.3495774085927,7.5444264855927,7.5444264856027,7.5444264852027,7.5444264852027,7.5444264851927,7.5444264851627,7.5444264851627,7.5444264851927,7.5444264851927,7.5444264851927,7.5444264851927,7.5444264851927,7.5444264853927,7.5444264853927,5.8096625486927,7.5444264848927,5.8377462039927,7.5444264852927,7.5444264852927,7.5444264852927,6.4003769622327,7.5444264856927,7.4557367576927,7.5444264852927,7.5444264852627,7.3908820110627,7.5444264852427,7.5444264852427,7.5444264851827,7.2916819716627,7.5444264851467,7.5444264851467,7.5444264851827,7.2762221866427,7.5444264852427,7.5444264852427,7.5444264852427,6.4874677186327,7.4163600702227,7.5444264852727,7.5444264852727,7.5444264852095,7.5444264852095,7.5444264852327,7.4127867751427,6.9071763167127,7.5444264854427,7.5444264854427,7.5444264852927,7.5444264853227,7.5444264849727,7.5444264849727,7.5444264856927,7.5444264856927,7.5444264852027,7.2740637272327,7.5444264851927,7.5444264851927,7.1962687276927,7.5444264851927,7.5444264853927,5.5994002780927,6.9762416593927,7.1928543893927,6.9822729879927,6.5187716089927,7.5444264850927,7.5444264850927,7.5444264850927,7.5444264851927,7.5444264851627,7.5444264851627,7.5444264851927,7.2509083661927,7.5444264851927,7.5444264851927,7.5444264852027,7.5444264852027,7.3815075873377,7.5444264851377,7.1622308068377,7.5444264851927,7.5444264851827,7.5444264851827,7.5444264851827,7.3955369741927,6.7990728964927,7.5444264845827,7.1268250662827,7.5444264845927,7.5444264845227,7.5444264845227,7.5444264845927,7.5444264845927,7.5444264845927,7.5444264845927,6.2614915959927,7.5444264854927,4.8490524892927,4.9596122610927,7.5444264849927,7.5444264844927,6.6991168140927,6.7707796990727,7.5444264847927,7.5444264847927,7.5444264847927,7.5444264847767,7.5444264847767,6.5145035827927,5.4318010840927,6.2809437020927,4.7325007073927,5.8218632265927,5.9027575208927,6.9086505700927,4.6791268276927,3.15479774882
"t53",6.7110114140727,8.0020792852727,7.5444264846927,0,2.2213374318,2.2213374318,2.22133743175,2.22133743175,1.9531660357,6.8589863259,6.8589863265,6.8589863265,4.4418032782,7.40704325439,9.35279520839,9.99496029859,8.85721290009,8.80447702669,8.5423925152,9.99496029892,9.99496029892,8.65060868155,9.99496029899,9.99496029899,8.44702709789,9.99496029849,9.99496029819,9.13430946941,7.79378306049,8.26565272819,7.79976654609,6.69455039039,9.99496029859,9.99496029859,9.99496029857,9.99496029858,9.99496029858,9.48203779619,9.54065666809,8.6009198063,9.8001112223,9.9949602993,9.99496029931,9.99496029891,9.99496029891,9.9949602989,9.99496029887,9.99496029887,9.9949602989,9.9949602989,9.9949602989,9.9949602989,9.9949602989,9.9949602991,9.9949602991,8.2601963624,9.9949602986,8.2882800177,9.994960299,9.994960299,9.994960299,8.85091077594,9.9949602994,9.9062705714,9.994960299,9.99496029897,9.84141582477,9.99496029895,9.99496029895,9.99496029889,9.74221578537,9.994960298854,9.994960298854,9.99496029889,9.72675600035,9.99496029895,9.99496029895,9.99496029895,8.93800153234,9.86689388393,9.99496029898,9.99496029898,9.9949602989168,9.9949602989168,9.99496029894,9.86332058885,9.35771013042,9.99496029915,9.99496029915,9.994960299,9.99496029903,9.99496029868,9.99496029868,9.9949602994,9.9949602994,9.99496029891,9.72459754094,9.9949602989,9.9949602989,9.6468025414,9.9949602989,9.9949602991,8.0499340918,10.2795510869,10.4961638169,10.2855824155,9.8220810365,10.8477359126,10.8477359126,10.8477359126,10.8477359127,10.84773591267,10.84773591267,10.8477359127,10.5542177937,10.8477359127,10.8477359127,10.84773591271,10.84773591271,10.684817014845,10.847735912645,10.465540234345,10.8477359127,10.84773591269,10.84773591269,10.84773591269,10.6988464017,10.102382324,10.84773591209,10.43013449379,10.8477359121,10.84773591203,10.84773591203,10.8477359121,10.8477359121,10.8477359121,10.8477359121,9.5648010235,10.847735913,8.1523619168,8.2629216886,10.8477359125,10.847735912,10.0024262416,10.07408912658,10.8477359123,10.8477359123,10.8477359123,10.847735912284,10.847735912284,9.8178130103,8.7351105116,9.5842531296,8.0358101349,9.1251726541,9.2060669484,10.2119599976,7.9824362552,6.4592919576727
"t134",6.7110114138727,8.0020792850727,7.5444264844927,2.2213374318,0,0.3471228396,1.60592569895,1.60592569895,1.9531660355,6.8589863257,6.8589863263,6.8589863263,4.441803278,7.40704325419,9.35279520819,9.99496029839,8.85721289989,8.80447702649,8.542392515,9.99496029872,9.99496029872,8.65060868135,9.99496029879,9.99496029879,8.44702709769,9.99496029829,9.99496029799,9.13430946921,7.79378306029,8.26565272799,7.79976654589,6.69455039019,9.99496029839,9.99496029839,9.99496029837,9.99496029838,9.99496029838,9.48203779599,9.54065666789,8.6009198061,9.8001112221,9.9949602991,9.99496029911,9.99496029871,9.99496029871,9.9949602987,9.99496029867,9.99496029867,9.9949602987,9.9949602987,9.9949602987,9.9949602987,9.9949602987,9.9949602989,9.9949602989,8.2601963622,9.9949602984,8.2882800175,9.9949602988,9.9949602988,9.9949602988,8.85091077574,9.9949602992,9.9062705712,9.9949602988,9.99496029877,9.84141582457,9.99496029875,9.99496029875,9.99496029869,9.74221578517,9.994960298654,9.994960298654,9.99496029869,9.72675600015,9.99496029875,9.99496029875,9.99496029875,8.93800153214,9.86689388373,9.99496029878,9.99496029878,9.9949602987168,9.9949602987168,9.99496029874,9.86332058865,9.35771013022,9.99496029895,9.99496029895,9.9949602988,9.99496029883,9.99496029848,9.99496029848,9.9949602992,9.9949602992,9.99496029871,9.72459754074,9.9949602987,9.9949602987,9.6468025412,9.9949602987,9.9949602989,8.0499340916,10.2795510867,10.4961638167,10.2855824153,9.8220810363,10.8477359124,10.8477359124,10.8477359124,10.8477359125,10.84773591247,10.84773591247,10.8477359125,10.5542177935,10.8477359125,10.8477359125,10.84773591251,10.84773591251,10.684817014645,10.847735912445,10.465540234145,10.8477359125,10.84773591249,10.84773591249,10.84773591249,10.6988464015,10.1023823238,10.84773591189,10.43013449359,10.8477359119,10.84773591183,10.84773591183,10.8477359119,10.8477359119,10.8477359119,10.8477359119,9.5648010233,10.8477359128,8.1523619166,8.2629216884,10.8477359123,10.8477359118,10.0024262414,10.07408912638,10.8477359121,10.8477359121,10.8477359121,10.847735912084,10.847735912084,9.8178130101,8.7351105114,9.5842531294,8.0358101347,9.1251726539,9.2060669482,10.2119599974,7.982436255,6.4592919574727
"t135",6.7110114138727,8.0020792850727,7.5444264844927,2.2213374318,0.3471228396,0,1.60592569895,1.60592569895,1.9531660355,6.8589863257,6.8589863263,6.8589863263,4.441803278,7.40704325419,9.35279520819,9.99496029839,8.85721289989,8.80447702649,8.542392515,9.99496029872,9.99496029872,8.65060868135,9.99496029879,9.99496029879,8.44702709769,9.99496029829,9.99496029799,9.13430946921,7.79378306029,8.26565272799,7.79976654589,6.69455039019,9.99496029839,9.99496029839,9.99496029837,9.99496029838,9.99496029838,9.48203779599,9.54065666789,8.6009198061,9.8001112221,9.9949602991,9.99496029911,9.99496029871,9.99496029871,9.9949602987,9.99496029867,9.99496029867,9.9949602987,9.9949602987,9.9949602987,9.9949602987,9.9949602987,9.9949602989,9.9949602989,8.2601963622,9.9949602984,8.2882800175,9.9949602988,9.9949602988,9.9949602988,8.85091077574,9.9949602992,9.9062705712,9.9949602988,9.99496029877,9.84141582457,9.99496029875,9.99496029875,9.99496029869,9.74221578517,9.994960298654,9.994960298654,9.99496029869,9.72675600015,9.99496029875,9.99496029875,9.99496029875,8.93800153214,9.86689388373,9.99496029878,9.99496029878,9.9949602987168,9.9949602987168,9.99496029874,9.86332058865,9.35771013022,9.99496029895,9.99496029895,9.9949602988,9.99496029883,9.99496029848,9.99496029848,9.9949602992,9.9949602992,9.99496029871,9.72459754074,9.9949602987,9.9949602987,9.6468025412,9.9949602987,9.9949602989,8.0499340916,10.2795510867,10.4961638167,10.2855824153,9.8220810363,10.8477359124,10.8477359124,10.8477359124,10.8477359125,10.84773591247,10.84773591247,10.8477359125,10.5542177935,10.8477359125,10.8477359125,10.84773591251,10.84773591251,10.684817014645,10.847735912445,10.465540234145,10.8477359125,10.84773591249,10.84773591249,10.84773591249,10.6988464015,10.1023823238,10.84773591189,10.43013449359,10.8477359119,10.84773591183,10.84773591183,10.8477359119,10.8477359119,10.8477359119,10.8477359119,9.5648010233,10.8477359128,8.1523619166,8.2629216884,10.8477359123,10.8477359118,10.0024262414,10.07408912638,10.8477359121,10.8477359121,10.8477359121,10.847735912084,10.847735912084,9.8178130101,8.7351105114,9.5842531294,8.0358101347,9.1251726539,9.2060669482,10.2119599974,7.982436255,6.4592919574727
"t144",6.7110114138227,8.0020792850227,7.5444264844427,2.22133743175,1.60592569895,1.60592569895,0,0.1261061107,1.95316603545,6.85898632565,6.85898632625,6.85898632625,4.44180327795,7.40704325414,9.35279520814,9.99496029834,8.85721289984,8.80447702644,8.54239251495,9.99496029867,9.99496029867,8.6506086813,9.99496029874,9.99496029874,8.44702709764,9.99496029824,9.99496029794,9.13430946916,7.79378306024,8.26565272794,7.79976654584,6.69455039014,9.99496029834,9.99496029834,9.99496029832,9.99496029833,9.99496029833,9.48203779594,9.54065666784,8.60091980605,9.80011122205,9.99496029905,9.99496029906,9.99496029866,9.99496029866,9.99496029865,9.99496029862,9.99496029862,9.99496029865,9.99496029865,9.99496029865,9.99496029865,9.99496029865,9.99496029885,9.99496029885,8.26019636215,9.99496029835,8.28828001745,9.99496029875,9.99496029875,9.99496029875,8.85091077569,9.99496029915,9.90627057115,9.99496029875,9.99496029872,9.84141582452,9.9949602987,9.9949602987,9.99496029864,9.74221578512,9.994960298604,9.994960298604,9.99496029864,9.7267560001,9.9949602987,9.9949602987,9.9949602987,8.93800153209,9.86689388368,9.99496029873,9.99496029873,9.9949602986668,9.9949602986668,9.99496029869,9.8633205886,9.35771013017,9.9949602989,9.9949602989,9.99496029875,9.99496029878,9.99496029843,9.99496029843,9.99496029915,9.99496029915,9.99496029866,9.72459754069,9.99496029865,9.99496029865,9.64680254115,9.99496029865,9.99496029885,8.04993409155,10.27955108665,10.49616381665,10.28558241525,9.82208103625,10.84773591235,10.84773591235,10.84773591235,10.84773591245,10.84773591242,10.84773591242,10.84773591245,10.55421779345,10.84773591245,10.84773591245,10.84773591246,10.84773591246,10.684817014595,10.847735912395,10.465540234095,10.84773591245,10.84773591244,10.84773591244,10.84773591244,10.69884640145,10.10238232375,10.84773591184,10.43013449354,10.84773591185,10.84773591178,10.84773591178,10.84773591185,10.84773591185,10.84773591185,10.84773591185,9.56480102325,10.84773591275,8.15236191655,8.26292168835,10.84773591225,10.84773591175,10.00242624135,10.07408912633,10.84773591205,10.84773591205,10.84773591205,10.847735912034,10.847735912034,9.81781301005,8.73511051135,9.58425312935,8.03581013465,9.12517265385,9.20606694815,10.21195999735,7.98243625495,6.4592919574227
"t145",6.7110114138227,8.0020792850227,7.5444264844427,2.22133743175,1.60592569895,1.60592569895,0.1261061107,0,1.95316603545,6.85898632565,6.85898632625,6.85898632625,4.44180327795,7.40704325414,9.35279520814,9.99496029834,8.85721289984,8.80447702644,8.54239251495,9.99496029867,9.99496029867,8.6506086813,9.99496029874,9.99496029874,8.44702709764,9.99496029824,9.99496029794,9.13430946916,7.79378306024,8.26565272794,7.79976654584,6.69455039014,9.99496029834,9.99496029834,9.99496029832,9.99496029833,9.99496029833,9.48203779594,9.54065666784,8.60091980605,9.80011122205,9.99496029905,9.99496029906,9.99496029866,9.99496029866,9.99496029865,9.99496029862,9.99496029862,9.99496029865,9.99496029865,9.99496029865,9.99496029865,9.99496029865,9.99496029885,9.99496029885,8.26019636215,9.99496029835,8.28828001745,9.99496029875,9.99496029875,9.99496029875,8.85091077569,9.99496029915,9.90627057115,9.99496029875,9.99496029872,9.84141582452,9.9949602987,9.9949602987,9.99496029864,9.74221578512,9.994960298604,9.994960298604,9.99496029864,9.7267560001,9.9949602987,9.9949602987,9.9949602987,8.93800153209,9.86689388368,9.99496029873,9.99496029873,9.9949602986668,9.9949602986668,9.99496029869,9.8633205886,9.35771013017,9.9949602989,9.9949602989,9.99496029875,9.99496029878,9.99496029843,9.99496029843,9.99496029915,9.99496029915,9.99496029866,9.72459754069,9.99496029865,9.99496029865,9.64680254115,9.99496029865,9.99496029885,8.04993409155,10.27955108665,10.49616381665,10.28558241525,9.82208103625,10.84773591235,10.84773591235,10.84773591235,10.84773591245,10.84773591242,10.84773591242,10.84773591245,10.55421779345,10.84773591245,10.84773591245,10.84773591246,10.84773591246,10.684817014595,10.847735912395,10.465540234095,10.84773591245,10.84773591244,10.84773591244,10.84773591244,10.69884640145,10.10238232375,10.84773591184,10.43013449354,10.84773591185,10.84773591178,10.84773591178,10.84773591185,10.84773591185,10.84773591185,10.84773591185,9.56480102325,10.84773591275,8.15236191655,8.26292168835,10.84773591225,10.84773591175,10.00242624135,10.07408912633,10.84773591205,10.84773591205,10.84773591205,10.847735912034,10.847735912034,9.81781301005,8.73511051135,9.58425312935,8.03581013465,9.12517265385,9.20606694815,10.21195999735,7.98243625495,6.4592919574227
"t36",5.6418055473727,6.9328734185727,6.4752206179927,1.9531660357,1.9531660355,1.9531660355,1.95316603545,1.95316603545,0,5.7897804592,5.7897804598,5.7897804598,3.3725974115,6.33783738769,8.28358934169,8.92575443189,7.78800703339,7.73527115999,7.4731866485,8.92575443222,8.92575443222,7.58140281485,8.92575443229,8.92575443229,7.37782123119,8.92575443179,8.92575443149,8.06510360271,6.72457719379,7.19644686149,6.73056067939,5.62534452369,8.92575443189,8.92575443189,8.92575443187,8.92575443188,8.92575443188,8.41283192949,8.47145080139,7.5317139396,8.7309053556,8.9257544326,8.92575443261,8.92575443221,8.92575443221,8.9257544322,8.92575443217,8.92575443217,8.9257544322,8.9257544322,8.9257544322,8.9257544322,8.9257544322,8.9257544324,8.9257544324,7.1909904957,8.9257544319,7.219074151,8.9257544323,8.9257544323,8.9257544323,7.78170490924,8.9257544327,8.8370647047,8.9257544323,8.92575443227,8.77220995807,8.92575443225,8.92575443225,8.92575443219,8.67300991867,8.925754432154,8.925754432154,8.92575443219,8.65755013365,8.92575443225,8.92575443225,8.92575443225,7.86879566564,8.79768801723,8.92575443228,8.92575443228,8.9257544322168,8.9257544322168,8.92575443224,8.79411472215,8.28850426372,8.92575443245,8.92575443245,8.9257544323,8.92575443233,8.92575443198,8.92575443198,8.9257544327,8.9257544327,8.92575443221,8.65539167424,8.9257544322,8.9257544322,8.5775966747,8.9257544322,8.9257544324,6.9807282251,9.2103452202,9.4269579502,9.2163765488,8.7528751698,9.7785300459,9.7785300459,9.7785300459,9.778530046,9.77853004597,9.77853004597,9.778530046,9.485011927,9.778530046,9.778530046,9.77853004601,9.77853004601,9.615611148145,9.778530045945,9.396334367645,9.778530046,9.77853004599,9.77853004599,9.77853004599,9.629640535,9.0331764573,9.77853004539,9.36092862709,9.7785300454,9.77853004533,9.77853004533,9.7785300454,9.7785300454,9.7785300454,9.7785300454,8.4955951568,9.7785300463,7.0831560501,7.1937158219,9.7785300458,9.7785300453,8.9332203749,9.00488325988,9.7785300456,9.7785300456,9.7785300456,9.778530045584,9.778530045584,8.7486071436,7.6659046449,8.5150472629,6.9666042682,8.0559667874,8.1368610817,9.1427541309,6.9132303885,5.3900860909727
"t33",6.7110114135727,8.0020792847727,7.5444264841927,6.8589863259,6.8589863257,6.8589863257,6.85898632565,6.85898632565,5.7897804592,0,3.2757712546,3.2757712546,4.1009576483,7.40704325389,9.35279520789,9.99496029809,8.85721289959,8.80447702619,8.5423925147,9.99496029842,9.99496029842,8.65060868105,9.99496029849,9.99496029849,8.44702709739,9.99496029799,9.99496029769,9.13430946891,7.79378305999,8.26565272769,7.79976654559,6.69455038989,9.99496029809,9.99496029809,9.99496029807,9.99496029808,9.99496029808,9.48203779569,9.54065666759,8.6009198058,9.8001112218,9.9949602988,9.99496029881,9.99496029841,9.99496029841,9.9949602984,9.99496029837,9.99496029837,9.9949602984,9.9949602984,9.9949602984,9.9949602984,9.9949602984,9.9949602986,9.9949602986,8.2601963619,9.9949602981,8.2882800172,9.9949602985,9.9949602985,9.9949602985,8.85091077544,9.9949602989,9.9062705709,9.9949602985,9.99496029847,9.84141582427,9.99496029845,9.99496029845,9.99496029839,9.74221578487,9.994960298354,9.994960298354,9.99496029839,9.72675599985,9.99496029845,9.99496029845,9.99496029845,8.93800153184,9.86689388343,9.99496029848,9.99496029848,9.9949602984168,9.9949602984168,9.99496029844,9.86332058835,9.35771012992,9.99496029865,9.99496029865,9.9949602985,9.99496029853,9.99496029818,9.99496029818,9.9949602989,9.9949602989,9.99496029841,9.72459754044,9.9949602984,9.9949602984,9.6468025409,9.9949602984,9.9949602986,8.0499340913,10.2795510864,10.4961638164,10.285582415,9.822081036,10.8477359121,10.8477359121,10.8477359121,10.8477359122,10.84773591217,10.84773591217,10.8477359122,10.5542177932,10.8477359122,10.8477359122,10.84773591221,10.84773591221,10.684817014345,10.847735912145,10.465540233845,10.8477359122,10.84773591219,10.84773591219,10.84773591219,10.6988464012,10.1023823235,10.84773591159,10.43013449329,10.8477359116,10.84773591153,10.84773591153,10.8477359116,10.8477359116,10.8477359116,10.8477359116,9.564801023,10.8477359125,8.1523619163,8.2629216881,10.847735912,10.8477359115,10.0024262411,10.07408912608,10.8477359118,10.8477359118,10.8477359118,10.847735911784,10.847735911784,9.8178130098,8.7351105111,9.5842531291,8.0358101344,9.1251726536,9.2060669479,10.2119599971,7.9824362547,6.4592919571727
"t137",6.7110114141727,8.0020792853727,7.5444264847927,6.8589863265,6.8589863263,6.8589863263,6.85898632625,6.85898632625,5.7897804598,3.2757712546,0,0.2438519132,4.1009576489,7.40704325449,9.35279520849,9.99496029869,8.85721290019,8.80447702679,8.5423925153,9.99496029902,9.99496029902,8.65060868165,9.99496029909,9.99496029909,8.44702709799,9.99496029859,9.99496029829,9.13430946951,7.79378306059,8.26565272829,7.79976654619,6.69455039049,9.99496029869,9.99496029869,9.99496029867,9.99496029868,9.99496029868,9.48203779629,9.54065666819,8.6009198064,9.8001112224,9.9949602994,9.99496029941,9.99496029901,9.99496029901,9.994960299,9.99496029897,9.99496029897,9.994960299,9.994960299,9.994960299,9.994960299,9.994960299,9.9949602992,9.9949602992,8.2601963625,9.9949602987,8.2882800178,9.9949602991,9.9949602991,9.9949602991,8.85091077604,9.9949602995,9.9062705715,9.9949602991,9.99496029907,9.84141582487,9.99496029905,9.99496029905,9.99496029899,9.74221578547,9.994960298954,9.994960298954,9.99496029899,9.72675600045,9.99496029905,9.99496029905,9.99496029905,8.93800153244,9.86689388403,9.99496029908,9.99496029908,9.9949602990168,9.9949602990168,9.99496029904,9.86332058895,9.35771013052,9.99496029925,9.99496029925,9.9949602991,9.99496029913,9.99496029878,9.99496029878,9.9949602995,9.9949602995,9.99496029901,9.72459754104,9.994960299,9.994960299,9.6468025415,9.994960299,9.9949602992,8.0499340919,10.279551087,10.496163817,10.2855824156,9.8220810366,10.8477359127,10.8477359127,10.8477359127,10.8477359128,10.84773591277,10.84773591277,10.8477359128,10.5542177938,10.8477359128,10.8477359128,10.84773591281,10.84773591281,10.684817014945,10.847735912745,10.465540234445,10.8477359128,10.84773591279,10.84773591279,10.84773591279,10.6988464018,10.1023823241,10.84773591219,10.43013449389,10.8477359122,10.84773591213,10.84773591213,10.8477359122,10.8477359122,10.8477359122,10.8477359122,9.5648010236,10.8477359131,8.1523619169,8.2629216887,10.8477359126,10.8477359121,10.0024262417,10.07408912668,10.8477359124,10.8477359124,10.8477359124,10.847735912384,10.847735912384,9.8178130104,8.7351105117,9.5842531297,8.035810135,9.1251726542,9.2060669485,10.2119599977,7.9824362553,6.4592919577727
"t138",6.7110114141727,8.0020792853727,7.5444264847927,6.8589863265,6.8589863263,6.8589863263,6.85898632625,6.85898632625,5.7897804598,3.2757712546,0.2438519132,0,4.1009576489,7.40704325449,9.35279520849,9.99496029869,8.85721290019,8.80447702679,8.5423925153,9.99496029902,9.99496029902,8.65060868165,9.99496029909,9.99496029909,8.44702709799,9.99496029859,9.99496029829,9.13430946951,7.79378306059,8.26565272829,7.79976654619,6.69455039049,9.99496029869,9.99496029869,9.99496029867,9.99496029868,9.99496029868,9.48203779629,9.54065666819,8.6009198064,9.8001112224,9.9949602994,9.99496029941,9.99496029901,9.99496029901,9.994960299,9.99496029897,9.99496029897,9.994960299,9.994960299,9.994960299,9.994960299,9.994960299,9.9949602992,9.9949602992,8.2601963625,9.9949602987,8.2882800178,9.9949602991,9.9949602991,9.9949602991,8.85091077604,9.9949602995,9.9062705715,9.9949602991,9.99496029907,9.84141582487,9.99496029905,9.99496029905,9.99496029899,9.74221578547,9.994960298954,9.994960298954,9.99496029899,9.72675600045,9.99496029905,9.99496029905,9.99496029905,8.93800153244,9.86689388403,9.99496029908,9.99496029908,9.9949602990168,9.9949602990168,9.99496029904,9.86332058895,9.35771013052,9.99496029925,9.99496029925,9.9949602991,9.99496029913,9.99496029878,9.99496029878,9.9949602995,9.9949602995,9.99496029901,9.72459754104,9.994960299,9.994960299,9.6468025415,9.994960299,9.9949602992,8.0499340919,10.279551087,10.496163817,10.2855824156,9.8220810366,10.8477359127,10.8477359127,10.8477359127,10.8477359128,10.84773591277,10.84773591277,10.8477359128,10.5542177938,10.8477359128,10.8477359128,10.84773591281,10.84773591281,10.684817014945,10.847735912745,10.465540234445,10.8477359128,10.84773591279,10.84773591279,10.84773591279,10.6988464018,10.1023823241,10.84773591219,10.43013449389,10.8477359122,10.84773591213,10.84773591213,10.8477359122,10.8477359122,10.8477359122,10.8477359122,9.5648010236,10.8477359131,8.1523619169,8.2629216887,10.8477359126,10.8477359121,10.0024262417,10.07408912668,10.8477359124,10.8477359124,10.8477359124,10.847735912384,10.847735912384,9.8178130104,8.7351105117,9.5842531297,8.035810135,9.1251726542,9.2060669485,10.2119599977,7.9824362553,6.4592919577727
"t8",4.2938283658727,5.5848962370727,5.1272434364927,4.4418032782,4.441803278,4.441803278,4.44180327795,4.44180327795,3.3725974115,4.1009576483,4.1009576489,4.1009576489,0,4.98986020619,6.93561216019,7.57777725039,6.44002985189,6.38729397849,6.125209467,7.57777725072,7.57777725072,6.23342563335,7.57777725079,7.57777725079,6.02984404969,7.57777725029,7.57777724999,6.71712642121,5.37660001229,5.84846967999,5.38258349789,4.27736734219,7.57777725039,7.57777725039,7.57777725037,7.57777725038,7.57777725038,7.06485474799,7.12347361989,6.1837367581,7.3829281741,7.5777772511,7.57777725111,7.57777725071,7.57777725071,7.5777772507,7.57777725067,7.57777725067,7.5777772507,7.5777772507,7.5777772507,7.5777772507,7.5777772507,7.5777772509,7.5777772509,5.8430133142,7.5777772504,5.8710969695,7.5777772508,7.5777772508,7.5777772508,6.43372772774,7.5777772512,7.4890875232,7.5777772508,7.57777725077,7.42423277657,7.57777725075,7.57777725075,7.57777725069,7.32503273717,7.577777250654,7.577777250654,7.57777725069,7.30957295215,7.57777725075,7.57777725075,7.57777725075,6.52081848414,7.44971083573,7.57777725078,7.57777725078,7.5777772507168,7.5777772507168,7.57777725074,7.44613754065,6.94052708222,7.57777725095,7.57777725095,7.5777772508,7.57777725083,7.57777725048,7.57777725048,7.5777772512,7.5777772512,7.57777725071,7.30741449274,7.5777772507,7.5777772507,7.2296194932,7.5777772507,7.5777772509,5.6327510436,7.8623680387,8.0789807687,7.8683993673,7.4048979883,8.4305528644,8.4305528644,8.4305528644,8.4305528645,8.43055286447,8.43055286447,8.4305528645,8.1370347455,8.4305528645,8.4305528645,8.43055286451,8.43055286451,8.267633966645,8.430552864445,8.048357186145,8.4305528645,8.43055286449,8.43055286449,8.43055286449,8.2816633535,7.6851992758,8.43055286389,8.01295144559,8.4305528639,8.43055286383,8.43055286383,8.4305528639,8.4305528639,8.4305528639,8.4305528639,7.1476179753,8.4305528648,5.7351788686,5.8457386404,8.4305528643,8.4305528638,7.5852431934,7.65690607838,8.4305528641,8.4305528641,8.4305528641,8.430552864084,8.430552864084,7.4006299621,6.3179274634,7.1670700814,5.6186270867,6.7079896059,6.7888839002,7.7947769494,5.565253207,4.0421089094727
"t4",4.1230943700627,5.4141622412627,4.9565094406827,7.40704325439,7.40704325419,7.40704325419,7.40704325414,7.40704325414,6.33783738769,7.40704325389,7.40704325449,7.40704325449,4.98986020619,0,3.68170286,4.3238679502,3.1861205517,3.1333846783,2.87130016681,4.32386795053,4.32386795053,2.97951633316,4.3238679506,4.3238679506,2.7759347495,4.3238679501,4.9037441794,4.04309335062,2.7025669417,3.1744366094,2.7085504273,1.8669162208,5.8034786788,5.8034786788,5.80347867878,5.80347867879,5.80347867879,5.2905561764,5.3491750483,4.58349306869,5.78268448469,5.97753356169,5.9775335617,5.9775335613,5.9775335613,5.97753356129,5.97753356126,5.97753356126,5.97753356129,5.97753356129,5.97753356129,5.97753356129,5.97753356129,5.97753356149,5.97753356149,4.24276962479,5.97753356099,4.27085328009,5.97753356139,5.97753356139,5.97753356139,4.83348403833,5.97753356179,5.88884383379,5.97753356139,5.97753356136,5.82398908716,5.97753356134,5.97753356134,5.97753356128,5.72478904776,5.977533561244,5.977533561244,5.97753356128,5.70932926274,5.97753356134,5.97753356134,5.97753356134,4.92057479473,5.84946714632,5.97753356137,5.97753356137,5.9775335613068,5.9775335613068,5.97753356133,5.84589385124,5.34028339281,5.97753356154,5.97753356154,5.97753356139,5.97753356142,5.97753356107,5.97753356107,5.97753356179,5.97753356179,5.9775335613,5.70717080333,5.97753356129,5.97753356129,5.62937580379,5.97753356129,5.97753356149,4.03250735419,7.69163404289,7.90824677289,7.69766537149,7.23416399249,8.25981886859,8.25981886859,8.25981886859,8.25981886869,8.25981886866,8.25981886866,8.25981886869,7.96630074969,8.25981886869,8.25981886869,8.2598188687,8.2598188687,8.096899970835,8.259818868635,7.877623190335,8.25981886869,8.25981886868,8.25981886868,8.25981886868,8.11092935769,7.51446527999,8.25981886808,7.84221744978,8.25981886809,8.25981886802,8.25981886802,8.25981886809,8.25981886809,8.25981886809,8.25981886809,6.97688397949,8.25981886899,5.56444487279,5.67500464459,8.25981886849,8.25981886799,7.41450919759,7.48617208257,8.25981886829,8.25981886829,8.25981886829,8.259818868274,8.259818868274,7.22989596629,6.14719346759,6.99633608559,5.44789309089,6.53725561009,6.61814990439,7.62404295359,5.39451921119,3.8713749136627
"t54",6.0688463240627,7.3599141952627,6.9022613946827,9.35279520839,9.35279520819,9.35279520819,9.35279520814,9.35279520814,8.28358934169,9.35279520789,9.35279520849,9.35279520849,6.93561216019,3.68170286,0,1.3799848598,3.7662930153,3.7135571419,3.45147263041,4.90404041413,4.90404041413,3.55968879676,4.9040404142,4.9040404142,3.3561072131,5.4567494059,6.8494961334,5.98884530462,4.6483188957,5.1201885634,4.6543023813,3.8126681748,7.7492306328,7.7492306328,7.74923063278,7.74923063279,7.74923063279,7.2363081304,7.2949270023,6.52924502269,7.72843643869,7.92328551569,7.9232855157,7.9232855153,7.9232855153,7.92328551529,7.92328551526,7.92328551526,7.92328551529,7.92328551529,7.92328551529,7.92328551529,7.92328551529,7.92328551549,7.92328551549,6.18852157879,7.92328551499,6.21660523409,7.92328551539,7.92328551539,7.92328551539,6.77923599233,7.92328551579,7.83459578779,7.92328551539,7.92328551536,7.76974104116,7.92328551534,7.92328551534,7.92328551528,7.67054100176,7.923285515244,7.923285515244,7.92328551528,7.65508121674,7.92328551534,7.92328551534,7.92328551534,6.86632674873,7.79521910032,7.92328551537,7.92328551537,7.9232855153068,7.9232855153068,7.92328551533,7.79164580524,7.28603534681,7.92328551554,7.92328551554,7.92328551539,7.92328551542,7.92328551507,7.92328551507,7.92328551579,7.92328551579,7.9232855153,7.65292275733,7.92328551529,7.92328551529,7.57512775779,7.92328551529,7.92328551549,5.97825930819,9.63738599689,9.85399872689,9.64341732549,9.17991594649,10.20557082259,10.20557082259,10.20557082259,10.20557082269,10.20557082266,10.20557082266,10.20557082269,9.91205270369,10.20557082269,10.20557082269,10.2055708227,10.2055708227,10.042651924835,10.205570822635,9.823375144335,10.20557082269,10.20557082268,10.20557082268,10.20557082268,10.05668131169,9.46021723399,10.20557082208,9.78796940378,10.20557082209,10.20557082202,10.20557082202,10.20557082209,10.20557082209,10.20557082209,10.20557082209,8.92263593349,10.20557082299,7.51019682679,7.62075659859,10.20557082249,10.20557082199,9.36026115159,9.43192403657,10.20557082229,10.20557082229,10.20557082229,10.205570822274,10.205570822274,9.17564792029,8.09294542159,8.94208803959,7.39364504489,8.48300756409,8.56390185839,9.56979490759,7.34027116519,5.8171268676627
"t55",6.7110114142627,8.0020792854627,7.5444264848827,9.99496029859,9.99496029839,9.99496029839,9.99496029834,9.99496029834,8.92575443189,9.99496029809,9.99496029869,9.99496029869,7.57777725039,4.3238679502,1.3799848598,0,4.4084581055,4.3557222321,4.09363772061,5.54620550433,5.54620550433,4.20185388696,5.5462055044,5.5462055044,3.9982723033,6.0989144961,7.4916612236,6.63101039482,5.2904839859,5.7623536536,5.2964674715,4.454833265,8.391395723,8.391395723,8.39139572298,8.39139572299,8.39139572299,7.8784732206,7.9370920925,7.17141011289,8.37060152889,8.56545060589,8.5654506059,8.5654506055,8.5654506055,8.56545060549,8.56545060546,8.56545060546,8.56545060549,8.56545060549,8.56545060549,8.56545060549,8.56545060549,8.56545060569,8.56545060569,6.83068666899,8.56545060519,6.85877032429,8.56545060559,8.56545060559,8.56545060559,7.42140108253,8.56545060599,8.47676087799,8.56545060559,8.56545060556,8.41190613136,8.56545060554,8.56545060554,8.56545060548,8.31270609196,8.565450605444,8.565450605444,8.56545060548,8.29724630694,8.56545060554,8.56545060554,8.56545060554,7.50849183893,8.43738419052,8.56545060557,8.56545060557,8.5654506055068,8.5654506055068,8.56545060553,8.43381089544,7.92820043701,8.56545060574,8.56545060574,8.56545060559,8.56545060562,8.56545060527,8.56545060527,8.56545060599,8.56545060599,8.5654506055,8.29508784753,8.56545060549,8.56545060549,8.21729284799,8.56545060549,8.56545060569,6.62042439839,10.27955108709,10.49616381709,10.28558241569,9.82208103669,10.84773591279,10.84773591279,10.84773591279,10.84773591289,10.84773591286,10.84773591286,10.84773591289,10.55421779389,10.84773591289,10.84773591289,10.8477359129,10.8477359129,10.684817015035,10.847735912835,10.465540234535,10.84773591289,10.84773591288,10.84773591288,10.84773591288,10.69884640189,10.10238232419,10.84773591228,10.43013449398,10.84773591229,10.84773591222,10.84773591222,10.84773591229,10.84773591229,10.84773591229,10.84773591229,9.56480102369,10.84773591319,8.15236191699,8.26292168879,10.84773591269,10.84773591219,10.00242624179,10.07408912677,10.84773591249,10.84773591249,10.84773591249,10.847735912474,10.847735912474,9.81781301049,8.73511051179,9.58425312979,8.03581013509,9.12517265429,9.20606694859,10.21195999779,7.98243625539,6.4592919578627
"t26",5.5732640157627,6.8643318869627,6.4066790863827,8.85721290009,8.85721289989,8.85721289989,8.85721289984,8.85721289984,7.78800703339,8.85721289959,8.85721290019,8.85721290019,6.44002985189,3.1861205517,3.7662930153,4.4084581055,0,2.2078813366,1.94579682511,3.39836460883,3.39836460883,2.05401299146,3.7459666959,3.7459666959,2.1980334948,4.9611670976,6.3539138251,5.49326299632,4.1527365874,4.6246062551,4.158720073,3.3170858665,7.2536483245,7.2536483245,7.25364832448,7.25364832449,7.25364832449,6.7407258221,6.799344694,6.03366271439,7.23285413039,7.42770320739,7.4277032074,7.427703207,7.427703207,7.42770320699,7.42770320696,7.42770320696,7.42770320699,7.42770320699,7.42770320699,7.42770320699,7.42770320699,7.42770320719,7.42770320719,5.69293927049,7.42770320669,5.72102292579,7.42770320709,7.42770320709,7.42770320709,6.28365368403,7.42770320749,7.33901347949,7.42770320709,7.42770320706,7.27415873286,7.42770320704,7.42770320704,7.42770320698,7.17495869346,7.427703206944,7.427703206944,7.42770320698,7.15949890844,7.42770320704,7.42770320704,7.42770320704,6.37074444043,7.29963679202,7.42770320707,7.42770320707,7.4277032070068,7.4277032070068,7.42770320703,7.29606349694,6.79045303851,7.42770320724,7.42770320724,7.42770320709,7.42770320712,7.42770320677,7.42770320677,7.42770320749,7.42770320749,7.427703207,7.15734044903,7.42770320699,7.42770320699,7.07954544949,7.42770320699,7.42770320719,5.48267699989,9.14180368859,9.35841641859,9.14783501719,8.68433363819,9.70998851429,9.70998851429,9.70998851429,9.70998851439,9.70998851436,9.70998851436,9.70998851439,9.41647039539,9.70998851439,9.70998851439,9.7099885144,9.7099885144,9.547069616535,9.709988514335,9.327792836035,9.70998851439,9.70998851438,9.70998851438,9.70998851438,9.56109900339,8.96463492569,9.70998851378,9.29238709548,9.70998851379,9.70998851372,9.70998851372,9.70998851379,9.70998851379,9.70998851379,9.70998851379,8.42705362519,9.70998851469,7.01461451849,7.12517429029,9.70998851419,9.70998851369,8.86467884329,8.93634172827,9.70998851399,9.70998851399,9.70998851399,9.709988513974,9.709988513974,8.68006561199,7.59736311329,8.44650573129,6.89806273659,7.98742525579,8.06831955009,9.07421259929,6.84468885689,5.3215445593627
