"","t5","t40","t52","t53","t122","t123","t21","t25","t26","t36","t107","t128","t129","t35","t9","t39","t80","t126","t127","t94","t95","t20","t50","t51","t46","t59","t114","t115","t70","t29","t16","t32","t104","t105","t17","t102","t103","t112","t113","t10","t4","t2","t3","t48","t100","t101","t45","t65","t93","t98","t99","t67","t58","t64","t118","t119","t91","t92","t83","t89","t90","t30","t23","t13","t34","t60","t106","t110","t111","t6","t7","t8","t38","t116","t117","t68","t69","t15","t11","t31","t74","t75","t44","t87","t88","t22","t47","t120","t121","t62","t63","t14","t42","t43","t33","t18","t81","t82","t12","t37","t56","t57","t24","t54","t55","t49","t1","t76","t77","t78","t79","t61","t71","t72","t96","t97","t41","t27","t28","t19","t84","t124","t125","t108","t109","t66","t85","t86","t73"
"t5",0,4.73876357302,4.73876357302,4.73876357302,4.73876357238,4.73876357238,3.56395369592,4.16548247242,4.54588598992,4.73876357281,4.73876357271,4.7387635727152,4.7387635727152,4.73876357272,4.73876357232,4.73876357252,4.73876357252,4.738763572507,4.738763572507,4.73876357272,4.73876357272,4.73876357252,4.73876357234,4.73876357234,4.73876357237,4.73876357267,4.73876357263,4.73876357263,4.73876357267,4.73876357277,3.45180875107,6.85442729182,6.85442729172,6.85442729172,6.85442729182,7.21740228819,7.21740228819,7.21740228825,7.21740228825,7.21740228819,3.65706729119,2.60136337629,3.52651665329,7.21740228881,7.21740228881,7.21740228881,7.21740228879,6.80757534905,7.217402288771,7.217402288751,7.217402288751,7.217402288771,7.17161918669,7.21740228889,7.2174022889,7.2174022889,7.21740228872,7.21740228872,7.21740228868,7.21740228868,7.21740228868,7.21740228908,6.14419457866,7.21740228889,6.42481604029,6.85399116529,7.21740228849,7.21740228847,7.1952265512,3.30263791984,5.66810298799,4.34882718249,6.62062506229,7.2174022888,7.2174022888,7.21740228859,6.93060678979,6.02841761249,5.01736119378,7.21740228764,7.21740228814,7.21740228814,7.21740228814,7.21740228804,7.21740228804,6.44523742749,7.21740228901,7.21740228897,7.21740228897,7.21740228899,7.21740228899,7.2174022887,7.2174022888,7.2174022888,6.9363988049,6.7553574685,7.21740228824,7.21740228824,7.21740228874,6.83471900134,7.21740228874,7.21740228874,7.21740228904,6.9477686331,7.2174022888,7.21740228874,2.00128046425,7.21740228802,7.21740228802,7.21740228832,7.21740228832,7.21740228882,7.21740228882,7.21740228882,7.21740228882,7.21740228882,7.21740228882,7.21740228842,6.99163933132,6.41430710422,7.21740228902,7.21740228894,7.21740228894,7.21740228888,7.21740228888,7.21740228882,7.21740228895,7.21740228895,7.21740228885
"t40",4.73876357302,0,1.3224456158,1.3224456158,5.34234750916,5.34234750916,4.1675376327,4.7690664092,5.1494699267,5.34234750959,5.34234750949,5.3423475094952,5.3423475094952,5.3423475095,6.0790130817,6.0790130819,6.0790130819,6.079013081887,6.079013081887,6.0790130821,6.0790130821,6.0790130819,6.07901308172,6.07901308172,6.07901308175,6.07901308205,6.07901308201,6.07901308201,6.07901308205,6.07901308215,4.79205826045,11.4568936612,11.4568936611,11.4568936611,11.4568936612,11.81986865757,11.81986865757,11.81986865763,11.81986865763,11.81986865757,8.25953366057,7.20382974567,8.12898302267,11.81986865819,11.81986865819,11.81986865819,11.81986865817,11.41004171843,11.819868658151,11.819868658131,11.819868658131,11.819868658151,11.77408555607,11.81986865827,11.81986865828,11.81986865828,11.8198686581,11.8198686581,11.81986865806,11.81986865806,11.81986865806,11.81986865846,10.74666094804,11.81986865827,11.02728240967,11.45645753467,11.81986865787,11.81986865785,11.79769292058,7.90510428922,10.27056935737,8.95129355187,11.22309143167,11.81986865818,11.81986865818,11.81986865797,11.53307315917,10.63088398187,9.61982756316,11.81986865702,11.81986865752,11.81986865752,11.81986865752,11.81986865742,11.81986865742,11.04770379687,11.81986865839,11.81986865835,11.81986865835,11.81986865837,11.81986865837,11.81986865808,11.81986865818,11.81986865818,11.53886517428,11.35782383788,11.81986865762,11.81986865762,11.81986865812,11.43718537072,11.81986865812,11.81986865812,11.81986865842,11.55023500248,11.81986865818,11.81986865812,6.60374683363,11.8198686574,11.8198686574,11.8198686577,11.8198686577,11.8198686582,11.8198686582,11.8198686582,11.8198686582,11.8198686582,11.8198686582,11.8198686578,11.5941057007,11.0167734736,11.8198686584,11.81986865832,11.81986865832,11.81986865826,11.81986865826,11.8198686582,11.81986865833,11.81986865833,11.81986865823
"t52",4.73876357302,1.3224456158,0,1.1093722778,5.34234750916,5.34234750916,4.1675376327,4.7690664092,5.1494699267,5.34234750959,5.34234750949,5.3423475094952,5.3423475094952,5.3423475095,6.0790130817,6.0790130819,6.0790130819,6.079013081887,6.079013081887,6.0790130821,6.0790130821,6.0790130819,6.07901308172,6.07901308172,6.07901308175,6.07901308205,6.07901308201,6.07901308201,6.07901308205,6.07901308215,4.79205826045,11.4568936612,11.4568936611,11.4568936611,11.4568936612,11.81986865757,11.81986865757,11.81986865763,11.81986865763,11.81986865757,8.25953366057,7.20382974567,8.12898302267,11.81986865819,11.81986865819,11.81986865819,11.81986865817,11.41004171843,11.819868658151,11.819868658131,11.819868658131,11.819868658151,11.77408555607,11.81986865827,11.81986865828,11.81986865828,11.8198686581,11.8198686581,11.81986865806,11.81986865806,11.81986865806,11.81986865846,10.74666094804,11.81986865827,11.02728240967,11.45645753467,11.81986865787,11.81986865785,11.79769292058,7.90510428922,10.27056935737,8.95129355187,11.22309143167,11.81986865818,11.81986865818,11.81986865797,11.53307315917,10.63088398187,9.61982756316,11.81986865702,11.81986865752,11.81986865752,11.81986865752,11.81986865742,11.81986865742,11.04770379687,11.81986865839,11.81986865835,11.81986865835,11.81986865837,11.81986865837,11.81986865808,11.81986865818,11.81986865818,11.53886517428,11.35782383788,11.81986865762,11.81986865762,11.81986865812,11.43718537072,11.81986865812,11.81986865812,11.81986865842,11.55023500248,11.81986865818,11.81986865812,6.60374683363,11.8198686574,11.8198686574,11.8198686577,11.8198686577,11.8198686582,11.8198686582,11.8198686582,11.8198686582,11.8198686582,11.8198686582,11.8198686578,11.5941057007,11.0167734736,11.8198686584,11.81986865832,11.81986865832,11.81986865826,11.81986865826,11.8198686582,11.81986865833,11.81986865833,11.81986865823
"t53",4.73876357302,1.3224456158,1.1093722778,0,5.34234750916,5.34234750916,4.1675376327,4.7690664092,5.1494699267,5.34234750959,5.34234750949,5.3423475094952,5.3423475094952,5.3423475095,6.0790130817,6.0790130819,6.0790130819,6.079013081887,6.079013081887,6.0790130821,6.0790130821,6.0790130819,6.07901308172,6.07901308172,6.07901308175,6.07901308205,6.07901308201,6.07901308201,6.07901308205,6.07901308215,4.79205826045,11.4568936612,11.4568936611,11.4568936611,11.4568936612,11.81986865757,11.81986865757,11.81986865763,11.81986865763,11.81986865757,8.25953366057,7.20382974567,8.12898302267,11.81986865819,11.81986865819,11.81986865819,11.81986865817,11.41004171843,11.819868658151,11.819868658131,11.819868658131,11.819868658151,11.77408555607,11.81986865827,11.81986865828,11.81986865828,11.8198686581,11.8198686581,11.81986865806,11.81986865806,11.81986865806,11.81986865846,10.74666094804,11.81986865827,11.02728240967,11.45645753467,11.81986865787,11.81986865785,11.79769292058,7.90510428922,10.27056935737,8.95129355187,11.22309143167,11.81986865818,11.81986865818,11.81986865797,11.53307315917,10.63088398187,9.61982756316,11.81986865702,11.81986865752,11.81986865752,11.81986865752,11.81986865742,11.81986865742,11.04770379687,11.81986865839,11.81986865835,11.81986865835,11.81986865837,11.81986865837,11.81986865808,11.81986865818,11.81986865818,11.53886517428,11.35782383788,11.81986865762,11.81986865762,11.81986865812,11.43718537072,11.81986865812,11.81986865812,11.81986865842,11.55023500248,11.81986865818,11.81986865812,6.60374683363,11.8198686574,11.8198686574,11.8198686577,11.8198686577,11.8198686582,11.8198686582,11.8198686582,11.8198686582,11.8198686582,11.8198686582,11.8198686578,11.5941057007,11.0167734736,11.8198686584,11.81986865832,11.81986865832,11.81986865826,11.81986865826,11.8198686582,11.81986865833,11.81986865833,11.81986865823
"t122",4.73876357238,5.34234750916,5.34234750916,5.34234750916,0,0.04767341672,1.41907971426,2.94130335996,3.32170687746,3.51458446035,3.51458446025,3.5145844602552,3.5145844602552,3.51458446026,6.07901308106,6.07901308126,6.07901308126,6.079013081247,6.079013081247,6.07901308146,6.07901308146,6.07901308126,6.07901308108,6.07901308108,6.07901308111,6.07901308141,6.07901308137,6.07901308137,6.07901308141,6.07901308151,4.79205825981,11.45689366056,11.45689366046,11.45689366046,11.45689366056,11.81986865693,11.81986865693,11.81986865699,11.81986865699,11.81986865693,8.25953365993,7.20382974503,8.12898302203,11.81986865755,11.81986865755,11.81986865755,11.81986865753,11.41004171779,11.819868657511,11.819868657491,11.819868657491,11.819868657511,11.77408555543,11.81986865763,11.81986865764,11.81986865764,11.81986865746,11.81986865746,11.81986865742,11.81986865742,11.81986865742,11.81986865782,10.7466609474,11.81986865763,11.02728240903,11.45645753403,11.81986865723,11.81986865721,11.79769291994,7.90510428858,10.27056935673,8.95129355123,11.22309143103,11.81986865754,11.81986865754,11.81986865733,11.53307315853,10.63088398123,9.61982756252,11.81986865638,11.81986865688,11.81986865688,11.81986865688,11.81986865678,11.81986865678,11.04770379623,11.81986865775,11.81986865771,11.81986865771,11.81986865773,11.81986865773,11.81986865744,11.81986865754,11.81986865754,11.53886517364,11.35782383724,11.81986865698,11.81986865698,11.81986865748,11.43718537008,11.81986865748,11.81986865748,11.81986865778,11.55023500184,11.81986865754,11.81986865748,6.60374683299,11.81986865676,11.81986865676,11.81986865706,11.81986865706,11.81986865756,11.81986865756,11.81986865756,11.81986865756,11.81986865756,11.81986865756,11.81986865716,11.59410570006,11.01677347296,11.81986865776,11.81986865768,11.81986865768,11.81986865762,11.81986865762,11.81986865756,11.81986865769,11.81986865769,11.81986865759
"t123",4.73876357238,5.34234750916,5.34234750916,5.34234750916,0.04767341672,0,1.41907971426,2.94130335996,3.32170687746,3.51458446035,3.51458446025,3.5145844602552,3.5145844602552,3.51458446026,6.07901308106,6.07901308126,6.07901308126,6.079013081247,6.079013081247,6.07901308146,6.07901308146,6.07901308126,6.07901308108,6.07901308108,6.07901308111,6.07901308141,6.07901308137,6.07901308137,6.07901308141,6.07901308151,4.79205825981,11.45689366056,11.45689366046,11.45689366046,11.45689366056,11.81986865693,11.81986865693,11.81986865699,11.81986865699,11.81986865693,8.25953365993,7.20382974503,8.12898302203,11.81986865755,11.81986865755,11.81986865755,11.81986865753,11.41004171779,11.819868657511,11.819868657491,11.819868657491,11.819868657511,11.77408555543,11.81986865763,11.81986865764,11.81986865764,11.81986865746,11.81986865746,11.81986865742,11.81986865742,11.81986865742,11.81986865782,10.7466609474,11.81986865763,11.02728240903,11.45645753403,11.81986865723,11.81986865721,11.79769291994,7.90510428858,10.27056935673,8.95129355123,11.22309143103,11.81986865754,11.81986865754,11.81986865733,11.53307315853,10.63088398123,9.61982756252,11.81986865638,11.81986865688,11.81986865688,11.81986865688,11.81986865678,11.81986865678,11.04770379623,11.81986865775,11.81986865771,11.81986865771,11.81986865773,11.81986865773,11.81986865744,11.81986865754,11.81986865754,11.53886517364,11.35782383724,11.81986865698,11.81986865698,11.81986865748,11.43718537008,11.81986865748,11.81986865748,11.81986865778,11.55023500184,11.81986865754,11.81986865748,6.60374683299,11.81986865676,11.81986865676,11.81986865706,11.81986865706,11.81986865756,11.81986865756,11.81986865756,11.81986865756,11.81986865756,11.81986865756,11.81986865716,11.59410570006,11.01677347296,11.81986865776,11.81986865768,11.81986865768,11.81986865762,11.81986865762,11.81986865756,11.81986865769,11.81986865769,11.81986865759
"t21",3.56395369592,4.1675376327,4.1675376327,4.1675376327,1.41907971426,1.41907971426,0,1.7664934835,2.146897001,2.33977458389,2.33977458379,2.3397745837952,2.3397745837952,2.3397745838,4.9042032046,4.9042032048,4.9042032048,4.904203204787,4.904203204787,4.904203205,4.904203205,4.9042032048,4.90420320462,4.90420320462,4.90420320465,4.90420320495,4.90420320491,4.90420320491,4.90420320495,4.90420320505,3.61724838335,10.2820837841,10.282083784,10.282083784,10.2820837841,10.64505878047,10.64505878047,10.64505878053,10.64505878053,10.64505878047,7.08472378347,6.02901986857,6.95417314557,10.64505878109,10.64505878109,10.64505878109,10.64505878107,10.23523184133,10.645058781051,10.645058781031,10.645058781031,10.645058781051,10.59927567897,10.64505878117,10.64505878118,10.64505878118,10.645058781,10.645058781,10.64505878096,10.64505878096,10.64505878096,10.64505878136,9.57185107094,10.64505878117,9.85247253257,10.28164765757,10.64505878077,10.64505878075,10.62288304348,6.73029441212,9.09575948027,7.77648367477,10.04828155457,10.64505878108,10.64505878108,10.64505878087,10.35826328207,9.45607410477,8.44501768606,10.64505877992,10.64505878042,10.64505878042,10.64505878042,10.64505878032,10.64505878032,9.87289391977,10.64505878129,10.64505878125,10.64505878125,10.64505878127,10.64505878127,10.64505878098,10.64505878108,10.64505878108,10.36405529718,10.18301396078,10.64505878052,10.64505878052,10.64505878102,10.26237549362,10.64505878102,10.64505878102,10.64505878132,10.37542512538,10.64505878108,10.64505878102,5.42893695653,10.6450587803,10.6450587803,10.6450587806,10.6450587806,10.6450587811,10.6450587811,10.6450587811,10.6450587811,10.6450587811,10.6450587811,10.6450587807,10.4192958236,9.8419635965,10.6450587813,10.64505878122,10.64505878122,10.64505878116,10.64505878116,10.6450587811,10.64505878123,10.64505878123,10.64505878113
"t25",4.16548247242,4.7690664092,4.7690664092,4.7690664092,2.94130335996,2.94130335996,1.7664934835,0,1.3548756381,1.98804514859,1.98804514849,1.9880451484952,1.9880451484952,1.9880451485,5.5057319811,5.5057319813,5.5057319813,5.505731981287,5.505731981287,5.5057319815,5.5057319815,5.5057319813,5.50573198112,5.50573198112,5.50573198115,5.50573198145,5.50573198141,5.50573198141,5.50573198145,5.50573198155,4.21877715985,10.8836125606,10.8836125605,10.8836125605,10.8836125606,11.24658755697,11.24658755697,11.24658755703,11.24658755703,11.24658755697,7.68625255997,6.63054864507,7.55570192207,11.24658755759,11.24658755759,11.24658755759,11.24658755757,10.83676061783,11.246587557551,11.246587557531,11.246587557531,11.246587557551,11.20080445547,11.24658755767,11.24658755768,11.24658755768,11.2465875575,11.2465875575,11.24658755746,11.24658755746,11.24658755746,11.24658755786,10.17337984744,11.24658755767,10.45400130907,10.88317643407,11.24658755727,11.24658755725,11.22441181998,7.33182318862,9.69728825677,8.37801245127,10.64981033107,11.24658755758,11.24658755758,11.24658755737,10.95979205857,10.05760288127,9.04654646256,11.24658755642,11.24658755692,11.24658755692,11.24658755692,11.24658755682,11.24658755682,10.47442269627,11.24658755779,11.24658755775,11.24658755775,11.24658755777,11.24658755777,11.24658755748,11.24658755758,11.24658755758,10.96558407368,10.78454273728,11.24658755702,11.24658755702,11.24658755752,10.86390427012,11.24658755752,11.24658755752,11.24658755782,10.97695390188,11.24658755758,11.24658755752,6.03046573303,11.2465875568,11.2465875568,11.2465875571,11.2465875571,11.2465875576,11.2465875576,11.2465875576,11.2465875576,11.2465875576,11.2465875576,11.2465875572,11.0208246001,10.443492373,11.2465875578,11.24658755772,11.24658755772,11.24658755766,11.24658755766,11.2465875576,11.24658755773,11.24658755773,11.24658755763
"t26",4.54588598992,5.1494699267,5.1494699267,5.1494699267,3.32170687746,3.32170687746,2.146897001,1.3548756381,0,2.36844866609,2.36844866599,2.3684486659952,2.3684486659952,2.368448666,5.8861354986,5.8861354988,5.8861354988,5.886135498787,5.886135498787,5.886135499,5.886135499,5.8861354988,5.88613549862,5.88613549862,5.88613549865,5.88613549895,5.88613549891,5.88613549891,5.88613549895,5.88613549905,4.59918067735,11.2640160781,11.264016078,11.264016078,11.2640160781,11.62699107447,11.62699107447,11.62699107453,11.62699107453,11.62699107447,8.06665607747,7.01095216257,7.93610543957,11.62699107509,11.62699107509,11.62699107509,11.62699107507,11.21716413533,11.626991075051,11.626991075031,11.626991075031,11.626991075051,11.58120797297,11.62699107517,11.62699107518,11.62699107518,11.626991075,11.626991075,11.62699107496,11.62699107496,11.62699107496,11.62699107536,10.55378336494,11.62699107517,10.83440482657,11.26357995157,11.62699107477,11.62699107475,11.60481533748,7.71222670612,10.07769177427,8.75841596877,11.03021384857,11.62699107508,11.62699107508,11.62699107487,11.34019557607,10.43800639877,9.42694998006,11.62699107392,11.62699107442,11.62699107442,11.62699107442,11.62699107432,11.62699107432,10.85482621377,11.62699107529,11.62699107525,11.62699107525,11.62699107527,11.62699107527,11.62699107498,11.62699107508,11.62699107508,11.34598759118,11.16494625478,11.62699107452,11.62699107452,11.62699107502,11.24430778762,11.62699107502,11.62699107502,11.62699107532,11.35735741938,11.62699107508,11.62699107502,6.41086925053,11.6269910743,11.6269910743,11.6269910746,11.6269910746,11.6269910751,11.6269910751,11.6269910751,11.6269910751,11.6269910751,11.6269910751,11.6269910747,11.4012281176,10.8238958905,11.6269910753,11.62699107522,11.62699107522,11.62699107516,11.62699107516,11.6269910751,11.62699107523,11.62699107523,11.62699107513
"t36",4.73876357281,5.34234750959,5.34234750959,5.34234750959,3.51458446035,3.51458446035,2.33977458389,1.98804514859,2.36844866609,0,1.7438662525,1.7438662525052,1.7438662525052,1.78835706269,6.07901308149,6.07901308169,6.07901308169,6.079013081677,6.079013081677,6.07901308189,6.07901308189,6.07901308169,6.07901308151,6.07901308151,6.07901308154,6.07901308184,6.0790130818,6.0790130818,6.07901308184,6.07901308194,4.79205826024,11.45689366099,11.45689366089,11.45689366089,11.45689366099,11.81986865736,11.81986865736,11.81986865742,11.81986865742,11.81986865736,8.25953366036,7.20382974546,8.12898302246,11.81986865798,11.81986865798,11.81986865798,11.81986865796,11.41004171822,11.819868657941,11.819868657921,11.819868657921,11.819868657941,11.77408555586,11.81986865806,11.81986865807,11.81986865807,11.81986865789,11.81986865789,11.81986865785,11.81986865785,11.81986865785,11.81986865825,10.74666094783,11.81986865806,11.02728240946,11.45645753446,11.81986865766,11.81986865764,11.79769292037,7.90510428901,10.27056935716,8.95129355166,11.22309143146,11.81986865797,11.81986865797,11.81986865776,11.53307315896,10.63088398166,9.61982756295,11.81986865681,11.81986865731,11.81986865731,11.81986865731,11.81986865721,11.81986865721,11.04770379666,11.81986865818,11.81986865814,11.81986865814,11.81986865816,11.81986865816,11.81986865787,11.81986865797,11.81986865797,11.53886517407,11.35782383767,11.81986865741,11.81986865741,11.81986865791,11.43718537051,11.81986865791,11.81986865791,11.81986865821,11.55023500227,11.81986865797,11.81986865791,6.60374683342,11.81986865719,11.81986865719,11.81986865749,11.81986865749,11.81986865799,11.81986865799,11.81986865799,11.81986865799,11.81986865799,11.81986865799,11.81986865759,11.59410570049,11.01677347339,11.81986865819,11.81986865811,11.81986865811,11.81986865805,11.81986865805,11.81986865799,11.81986865812,11.81986865812,11.81986865802
"t107",4.73876357271,5.34234750949,5.34234750949,5.34234750949,3.51458446025,3.51458446025,2.33977458379,1.98804514849,2.36844866599,1.7438662525,0,0.1955820710052,0.1955820710052,1.78835706259,6.07901308139,6.07901308159,6.07901308159,6.079013081577,6.079013081577,6.07901308179,6.07901308179,6.07901308159,6.07901308141,6.07901308141,6.07901308144,6.07901308174,6.0790130817,6.0790130817,6.07901308174,6.07901308184,4.79205826014,11.45689366089,11.45689366079,11.45689366079,11.45689366089,11.81986865726,11.81986865726,11.81986865732,11.81986865732,11.81986865726,8.25953366026,7.20382974536,8.12898302236,11.81986865788,11.81986865788,11.81986865788,11.81986865786,11.41004171812,11.819868657841,11.819868657821,11.819868657821,11.819868657841,11.77408555576,11.81986865796,11.81986865797,11.81986865797,11.81986865779,11.81986865779,11.81986865775,11.81986865775,11.81986865775,11.81986865815,10.74666094773,11.81986865796,11.02728240936,11.45645753436,11.81986865756,11.81986865754,11.79769292027,7.90510428891,10.27056935706,8.95129355156,11.22309143136,11.81986865787,11.81986865787,11.81986865766,11.53307315886,10.63088398156,9.61982756285,11.81986865671,11.81986865721,11.81986865721,11.81986865721,11.81986865711,11.81986865711,11.04770379656,11.81986865808,11.81986865804,11.81986865804,11.81986865806,11.81986865806,11.81986865777,11.81986865787,11.81986865787,11.53886517397,11.35782383757,11.81986865731,11.81986865731,11.81986865781,11.43718537041,11.81986865781,11.81986865781,11.81986865811,11.55023500217,11.81986865787,11.81986865781,6.60374683332,11.81986865709,11.81986865709,11.81986865739,11.81986865739,11.81986865789,11.81986865789,11.81986865789,11.81986865789,11.81986865789,11.81986865789,11.81986865749,11.59410570039,11.01677347329,11.81986865809,11.81986865801,11.81986865801,11.81986865795,11.81986865795,11.81986865789,11.81986865802,11.81986865802,11.81986865792
"t128",4.7387635727152,5.3423475094952,5.3423475094952,5.3423475094952,3.5145844602552,3.5145844602552,2.3397745837952,1.9880451484952,2.3684486659952,1.7438662525052,0.1955820710052,0,0.0016651681304,1.7883570625952,6.0790130813952,6.0790130815952,6.0790130815952,6.0790130815822,6.0790130815822,6.0790130817952,6.0790130817952,6.0790130815952,6.0790130814152,6.0790130814152,6.0790130814452,6.0790130817452,6.0790130817052,6.0790130817052,6.0790130817452,6.0790130818452,4.7920582601452,11.4568936608952,11.4568936607952,11.4568936607952,11.4568936608952,11.8198686572652,11.8198686572652,11.8198686573252,11.8198686573252,11.8198686572652,8.2595336602652,7.2038297453652,8.1289830223652,11.8198686578852,11.8198686578852,11.8198686578852,11.8198686578652,11.4100417181252,11.8198686578462,11.8198686578262,11.8198686578262,11.8198686578462,11.7740855557652,11.8198686579652,11.8198686579752,11.8198686579752,11.8198686577952,11.8198686577952,11.8198686577552,11.8198686577552,11.8198686577552,11.8198686581552,10.7466609477352,11.8198686579652,11.0272824093652,11.4564575343652,11.8198686575652,11.8198686575452,11.7976929202752,7.9051042889152,10.2705693570652,8.9512935515652,11.2230914313652,11.8198686578752,11.8198686578752,11.8198686576652,11.5330731588652,10.6308839815652,9.6198275628552,11.8198686567152,11.8198686572152,11.8198686572152,11.8198686572152,11.8198686571152,11.8198686571152,11.0477037965652,11.8198686580852,11.8198686580452,11.8198686580452,11.8198686580652,11.8198686580652,11.8198686577752,11.8198686578752,11.8198686578752,11.5388651739752,11.3578238375752,11.8198686573152,11.8198686573152,11.8198686578152,11.4371853704152,11.8198686578152,11.8198686578152,11.8198686581152,11.5502350021752,11.8198686578752,11.8198686578152,6.6037468333252,11.8198686570952,11.8198686570952,11.8198686573952,11.8198686573952,11.8198686578952,11.8198686578952,11.8198686578952,11.8198686578952,11.8198686578952,11.8198686578952,11.8198686574952,11.5941057003952,11.0167734732952,11.8198686580952,11.8198686580152,11.8198686580152,11.8198686579552,11.8198686579552,11.8198686578952,11.8198686580252,11.8198686580252,11.8198686579252
"t129",4.7387635727152,5.3423475094952,5.3423475094952,5.3423475094952,3.5145844602552,3.5145844602552,2.3397745837952,1.9880451484952,2.3684486659952,1.7438662525052,0.1955820710052,0.0016651681304,0,1.7883570625952,6.0790130813952,6.0790130815952,6.0790130815952,6.0790130815822,6.0790130815822,6.0790130817952,6.0790130817952,6.0790130815952,6.0790130814152,6.0790130814152,6.0790130814452,6.0790130817452,6.0790130817052,6.0790130817052,6.0790130817452,6.0790130818452,4.7920582601452,11.4568936608952,11.4568936607952,11.4568936607952,11.4568936608952,11.8198686572652,11.8198686572652,11.8198686573252,11.8198686573252,11.8198686572652,8.2595336602652,7.2038297453652,8.1289830223652,11.8198686578852,11.8198686578852,11.8198686578852,11.8198686578652,11.4100417181252,11.8198686578462,11.8198686578262,11.8198686578262,11.8198686578462,11.7740855557652,11.8198686579652,11.8198686579752,11.8198686579752,11.8198686577952,11.8198686577952,11.8198686577552,11.8198686577552,11.8198686577552,11.8198686581552,10.7466609477352,11.8198686579652,11.0272824093652,11.4564575343652,11.8198686575652,11.8198686575452,11.7976929202752,7.9051042889152,10.2705693570652,8.9512935515652,11.2230914313652,11.8198686578752,11.8198686578752,11.8198686576652,11.5330731588652,10.6308839815652,9.6198275628552,11.8198686567152,11.8198686572152,11.8198686572152,11.8198686572152,11.8198686571152,11.8198686571152,11.0477037965652,11.8198686580852,11.8198686580452,11.8198686580452,11.8198686580652,11.8198686580652,11.8198686577752,11.8198686578752,11.8198686578752,11.5388651739752,11.3578238375752,11.8198686573152,11.8198686573152,11.8198686578152,11.4371853704152,11.8198686578152,11.8198686578152,11.8198686581152,11.5502350021752,11.8198686578752,11.8198686578152,6.6037468333252,11.8198686570952,11.8198686570952,11.8198686573952,11.8198686573952,11.8198686578952,11.8198686578952,11.8198686578952,11.8198686578952,11.8198686578952,11.8198686578952,11.8198686574952,11.5941057003952,11.0167734732952,11.8198686580952,11.8198686580152,11.8198686580152,11.8198686579552,11.8198686579552,11.8198686578952,11.8198686580252,11.8198686580252,11.8198686579252
"t35",4.73876357272,5.3423475095,5.3423475095,5.3423475095,3.51458446026,3.51458446026,2.3397745838,1.9880451485,2.368448666,1.78835706269,1.78835706259,1.7883570625952,1.7883570625952,0,6.0790130814,6.0790130816,6.0790130816,6.079013081587,6.079013081587,6.0790130818,6.0790130818,6.0790130816,6.07901308142,6.07901308142,6.07901308145,6.07901308175,6.07901308171,6.07901308171,6.07901308175,6.07901308185,4.79205826015,11.4568936609,11.4568936608,11.4568936608,11.4568936609,11.81986865727,11.81986865727,11.81986865733,11.81986865733,11.81986865727,8.25953366027,7.20382974537,8.12898302237,11.81986865789,11.81986865789,11.81986865789,11.81986865787,11.41004171813,11.819868657851,11.819868657831,11.819868657831,11.819868657851,11.77408555577,11.81986865797,11.81986865798,11.81986865798,11.8198686578,11.8198686578,11.81986865776,11.81986865776,11.81986865776,11.81986865816,10.74666094774,11.81986865797,11.02728240937,11.45645753437,11.81986865757,11.81986865755,11.79769292028,7.90510428892,10.27056935707,8.95129355157,11.22309143137,11.81986865788,11.81986865788,11.81986865767,11.53307315887,10.63088398157,9.61982756286,11.81986865672,11.81986865722,11.81986865722,11.81986865722,11.81986865712,11.81986865712,11.04770379657,11.81986865809,11.81986865805,11.81986865805,11.81986865807,11.81986865807,11.81986865778,11.81986865788,11.81986865788,11.53886517398,11.35782383758,11.81986865732,11.81986865732,11.81986865782,11.43718537042,11.81986865782,11.81986865782,11.81986865812,11.55023500218,11.81986865788,11.81986865782,6.60374683333,11.8198686571,11.8198686571,11.8198686574,11.8198686574,11.8198686579,11.8198686579,11.8198686579,11.8198686579,11.8198686579,11.8198686579,11.8198686575,11.5941057004,11.0167734733,11.8198686581,11.81986865802,11.81986865802,11.81986865796,11.81986865796,11.8198686579,11.81986865803,11.81986865803,11.81986865793
"t9",4.73876357232,6.0790130817,6.0790130817,6.0790130817,6.07901308106,6.07901308106,4.9042032046,5.5057319811,5.8861354986,6.07901308149,6.07901308139,6.0790130813952,6.0790130813952,6.0790130814,0,5.7654761002,5.7654761002,5.765476100187,5.765476100187,5.7654761004,5.7654761004,5.7654761002,5.76547610002,5.76547610002,5.76547610005,5.76547610035,5.76547610031,5.76547610031,5.76547610035,5.76547610045,4.47852127875,11.4568936605,11.4568936604,11.4568936604,11.4568936605,11.81986865687,11.81986865687,11.81986865693,11.81986865693,11.81986865687,8.25953365987,7.20382974497,8.12898302197,11.81986865749,11.81986865749,11.81986865749,11.81986865747,11.41004171773,11.819868657451,11.819868657431,11.819868657431,11.819868657451,11.77408555537,11.81986865757,11.81986865758,11.81986865758,11.8198686574,11.8198686574,11.81986865736,11.81986865736,11.81986865736,11.81986865776,10.74666094734,11.81986865757,11.02728240897,11.45645753397,11.81986865717,11.81986865715,11.79769291988,7.90510428852,10.27056935667,8.95129355117,11.22309143097,11.81986865748,11.81986865748,11.81986865727,11.53307315847,10.63088398117,9.61982756246,11.81986865632,11.81986865682,11.81986865682,11.81986865682,11.81986865672,11.81986865672,11.04770379617,11.81986865769,11.81986865765,11.81986865765,11.81986865767,11.81986865767,11.81986865738,11.81986865748,11.81986865748,11.53886517358,11.35782383718,11.81986865692,11.81986865692,11.81986865742,11.43718537002,11.81986865742,11.81986865742,11.81986865772,11.55023500178,11.81986865748,11.81986865742,6.60374683293,11.8198686567,11.8198686567,11.819868657,11.819868657,11.8198686575,11.8198686575,11.8198686575,11.8198686575,11.8198686575,11.8198686575,11.8198686571,11.5941057,11.0167734729,11.8198686577,11.81986865762,11.81986865762,11.81986865756,11.81986865756,11.8198686575,11.81986865763,11.81986865763,11.81986865753
"t39",4.73876357252,6.0790130819,6.0790130819,6.0790130819,6.07901308126,6.07901308126,4.9042032048,5.5057319813,5.8861354988,6.07901308169,6.07901308159,6.0790130815952,6.0790130815952,6.0790130816,5.7654761002,0,1.4781001138,1.478100113787,1.478100113787,2.4673092738,2.4673092738,2.674311942,4.16344410302,4.16344410302,4.16344410305,4.16344410335,4.16344410331,4.16344410331,4.16344410335,4.16344410345,2.87648928175,11.4568936607,11.4568936606,11.4568936606,11.4568936607,11.81986865707,11.81986865707,11.81986865713,11.81986865713,11.81986865707,8.25953366007,7.20382974517,8.12898302217,11.81986865769,11.81986865769,11.81986865769,11.81986865767,11.41004171793,11.819868657651,11.819868657631,11.819868657631,11.819868657651,11.77408555557,11.81986865777,11.81986865778,11.81986865778,11.8198686576,11.8198686576,11.81986865756,11.81986865756,11.81986865756,11.81986865796,10.74666094754,11.81986865777,11.02728240917,11.45645753417,11.81986865737,11.81986865735,11.79769292008,7.90510428872,10.27056935687,8.95129355137,11.22309143117,11.81986865768,11.81986865768,11.81986865747,11.53307315867,10.63088398137,9.61982756266,11.81986865652,11.81986865702,11.81986865702,11.81986865702,11.81986865692,11.81986865692,11.04770379637,11.81986865789,11.81986865785,11.81986865785,11.81986865787,11.81986865787,11.81986865758,11.81986865768,11.81986865768,11.53886517378,11.35782383738,11.81986865712,11.81986865712,11.81986865762,11.43718537022,11.81986865762,11.81986865762,11.81986865792,11.55023500198,11.81986865768,11.81986865762,6.60374683313,11.8198686569,11.8198686569,11.8198686572,11.8198686572,11.8198686577,11.8198686577,11.8198686577,11.8198686577,11.8198686577,11.8198686577,11.8198686573,11.5941057002,11.0167734731,11.8198686579,11.81986865782,11.81986865782,11.81986865776,11.81986865776,11.8198686577,11.81986865783,11.81986865783,11.81986865773
"t80",4.73876357252,6.0790130819,6.0790130819,6.0790130819,6.07901308126,6.07901308126,4.9042032048,5.5057319813,5.8861354988,6.07901308169,6.07901308159,6.0790130815952,6.0790130815952,6.0790130816,5.7654761002,1.4781001138,0,0.689832321387,0.689832321387,2.4673092738,2.4673092738,2.674311942,4.16344410302,4.16344410302,4.16344410305,4.16344410335,4.16344410331,4.16344410331,4.16344410335,4.16344410345,2.87648928175,11.4568936607,11.4568936606,11.4568936606,11.4568936607,11.81986865707,11.81986865707,11.81986865713,11.81986865713,11.81986865707,8.25953366007,7.20382974517,8.12898302217,11.81986865769,11.81986865769,11.81986865769,11.81986865767,11.41004171793,11.819868657651,11.819868657631,11.819868657631,11.819868657651,11.77408555557,11.81986865777,11.81986865778,11.81986865778,11.8198686576,11.8198686576,11.81986865756,11.81986865756,11.81986865756,11.81986865796,10.74666094754,11.81986865777,11.02728240917,11.45645753417,11.81986865737,11.81986865735,11.79769292008,7.90510428872,10.27056935687,8.95129355137,11.22309143117,11.81986865768,11.81986865768,11.81986865747,11.53307315867,10.63088398137,9.61982756266,11.81986865652,11.81986865702,11.81986865702,11.81986865702,11.81986865692,11.81986865692,11.04770379637,11.81986865789,11.81986865785,11.81986865785,11.81986865787,11.81986865787,11.81986865758,11.81986865768,11.81986865768,11.53886517378,11.35782383738,11.81986865712,11.81986865712,11.81986865762,11.43718537022,11.81986865762,11.81986865762,11.81986865792,11.55023500198,11.81986865768,11.81986865762,6.60374683313,11.8198686569,11.8198686569,11.8198686572,11.8198686572,11.8198686577,11.8198686577,11.8198686577,11.8198686577,11.8198686577,11.8198686577,11.8198686573,11.5941057002,11.0167734731,11.8198686579,11.81986865782,11.81986865782,11.81986865776,11.81986865776,11.8198686577,11.81986865783,11.81986865783,11.81986865773
"t126",4.738763572507,6.079013081887,6.079013081887,6.079013081887,6.079013081247,6.079013081247,4.904203204787,5.505731981287,5.886135498787,6.079013081677,6.079013081577,6.0790130815822,6.0790130815822,6.079013081587,5.765476100187,1.478100113787,0.689832321387,0,0.006233132974,2.467309273787,2.467309273787,2.674311941987,4.163444103007,4.163444103007,4.163444103037,4.163444103337,4.163444103297,4.163444103297,4.163444103337,4.163444103437,2.876489281737,11.456893660687,11.456893660587,11.456893660587,11.456893660687,11.819868657057,11.819868657057,11.819868657117,11.819868657117,11.819868657057,8.259533660057,7.203829745157,8.128983022157,11.819868657677,11.819868657677,11.819868657677,11.819868657657,11.410041717917,11.819868657638,11.819868657618,11.819868657618,11.819868657638,11.774085555557,11.819868657757,11.819868657767,11.819868657767,11.819868657587,11.819868657587,11.819868657547,11.819868657547,11.819868657547,11.819868657947,10.746660947527,11.819868657757,11.027282409157,11.456457534157,11.819868657357,11.819868657337,11.797692920067,7.905104288707,10.270569356857,8.951293551357,11.223091431157,11.819868657667,11.819868657667,11.819868657457,11.533073158657,10.630883981357,9.619827562647,11.819868656507,11.819868657007,11.819868657007,11.819868657007,11.819868656907,11.819868656907,11.047703796357,11.819868657877,11.819868657837,11.819868657837,11.819868657857,11.819868657857,11.819868657567,11.819868657667,11.819868657667,11.538865173767,11.357823837367,11.819868657107,11.819868657107,11.819868657607,11.437185370207,11.819868657607,11.819868657607,11.819868657907,11.550235001967,11.819868657667,11.819868657607,6.603746833117,11.819868656887,11.819868656887,11.819868657187,11.819868657187,11.819868657687,11.819868657687,11.819868657687,11.819868657687,11.819868657687,11.819868657687,11.819868657287,11.594105700187,11.016773473087,11.819868657887,11.819868657807,11.819868657807,11.819868657747,11.819868657747,11.819868657687,11.819868657817,11.819868657817,11.819868657717
"t127",4.738763572507,6.079013081887,6.079013081887,6.079013081887,6.079013081247,6.079013081247,4.904203204787,5.505731981287,5.886135498787,6.079013081677,6.079013081577,6.0790130815822,6.0790130815822,6.079013081587,5.765476100187,1.478100113787,0.689832321387,0.006233132974,0,2.467309273787,2.467309273787,2.674311941987,4.163444103007,4.163444103007,4.163444103037,4.163444103337,4.163444103297,4.163444103297,4.163444103337,4.163444103437,2.876489281737,11.456893660687,11.456893660587,11.456893660587,11.456893660687,11.819868657057,11.819868657057,11.819868657117,11.819868657117,11.819868657057,8.259533660057,7.203829745157,8.128983022157,11.819868657677,11.819868657677,11.819868657677,11.819868657657,11.410041717917,11.819868657638,11.819868657618,11.819868657618,11.819868657638,11.774085555557,11.819868657757,11.819868657767,11.819868657767,11.819868657587,11.819868657587,11.819868657547,11.819868657547,11.819868657547,11.819868657947,10.746660947527,11.819868657757,11.027282409157,11.456457534157,11.819868657357,11.819868657337,11.797692920067,7.905104288707,10.270569356857,8.951293551357,11.223091431157,11.819868657667,11.819868657667,11.819868657457,11.533073158657,10.630883981357,9.619827562647,11.819868656507,11.819868657007,11.819868657007,11.819868657007,11.819868656907,11.819868656907,11.047703796357,11.819868657877,11.819868657837,11.819868657837,11.819868657857,11.819868657857,11.819868657567,11.819868657667,11.819868657667,11.538865173767,11.357823837367,11.819868657107,11.819868657107,11.819868657607,11.437185370207,11.819868657607,11.819868657607,11.819868657907,11.550235001967,11.819868657667,11.819868657607,6.603746833117,11.819868656887,11.819868656887,11.819868657187,11.819868657187,11.819868657687,11.819868657687,11.819868657687,11.819868657687,11.819868657687,11.819868657687,11.819868657287,11.594105700187,11.016773473087,11.819868657887,11.819868657807,11.819868657807,11.819868657747,11.819868657747,11.819868657687,11.819868657817,11.819868657817,11.819868657717
"t94",4.73876357272,6.0790130821,6.0790130821,6.0790130821,6.07901308146,6.07901308146,4.904203205,5.5057319815,5.886135499,6.07901308189,6.07901308179,6.0790130817952,6.0790130817952,6.0790130818,5.7654761004,2.4673092738,2.4673092738,2.467309273787,2.467309273787,0,0.412484264,2.6743119422,4.16344410322,4.16344410322,4.16344410325,4.16344410355,4.16344410351,4.16344410351,4.16344410355,4.16344410365,2.87648928195,11.4568936609,11.4568936608,11.4568936608,11.4568936609,11.81986865727,11.81986865727,11.81986865733,11.81986865733,11.81986865727,8.25953366027,7.20382974537,8.12898302237,11.81986865789,11.81986865789,11.81986865789,11.81986865787,11.41004171813,11.819868657851,11.819868657831,11.819868657831,11.819868657851,11.77408555577,11.81986865797,11.81986865798,11.81986865798,11.8198686578,11.8198686578,11.81986865776,11.81986865776,11.81986865776,11.81986865816,10.74666094774,11.81986865797,11.02728240937,11.45645753437,11.81986865757,11.81986865755,11.79769292028,7.90510428892,10.27056935707,8.95129355157,11.22309143137,11.81986865788,11.81986865788,11.81986865767,11.53307315887,10.63088398157,9.61982756286,11.81986865672,11.81986865722,11.81986865722,11.81986865722,11.81986865712,11.81986865712,11.04770379657,11.81986865809,11.81986865805,11.81986865805,11.81986865807,11.81986865807,11.81986865778,11.81986865788,11.81986865788,11.53886517398,11.35782383758,11.81986865732,11.81986865732,11.81986865782,11.43718537042,11.81986865782,11.81986865782,11.81986865812,11.55023500218,11.81986865788,11.81986865782,6.60374683333,11.8198686571,11.8198686571,11.8198686574,11.8198686574,11.8198686579,11.8198686579,11.8198686579,11.8198686579,11.8198686579,11.8198686579,11.8198686575,11.5941057004,11.0167734733,11.8198686581,11.81986865802,11.81986865802,11.81986865796,11.81986865796,11.8198686579,11.81986865803,11.81986865803,11.81986865793
