"","t47","t48","t66","t67","t85","t86","t31","t32","t81","t82","t36","t30","t72","t73","t99","t100","t71","t54","t55","t19","t10","t24","t25","t58","t59","t29","t60","t61","t4","t33","t97","t98","t70","t20","t21","t13","t14","t79","t80","t38","t44","t45","t34","t35","t28","t1","t5","t89","t90","t11","t7","t83","t84","t74","t75","t95","t96","t78","t39","t2","t6","t22","t23","t9","t87","t88","t26","t27","t3","t40","t41","t12","t17","t53","t93","t94","t68","t62","t63","t8","t18","t37","t49","t50","t76","t77","t42","t43","t69","t91","t92","t16","t15","t56","t57","t51","t52","t46","t64","t65"
"t47",0,0.5512946274,1.7024401216,1.7024401216,1.70244012168,1.70244012168,4.9980560922,4.9980560922,6.84413120877,6.84413120877,6.8441312088,6.84413120883,6.84413120876,6.84413120876,6.844131208621,6.844131208621,6.8441312086,6.8441312084,6.8441312084,6.8441312084,6.844131208,6.8441312083,6.8441312083,6.84413120838,6.84413120838,6.84413120838,6.84413120858,6.84413120858,6.8441312088,6.8441312079,6.844131207896,6.844131207896,6.8441312079,6.84413120834,6.84413120834,6.84413120804,6.84413120804,6.84413120835,6.84413120835,6.84413120834,6.84413120844,6.84413120844,6.84413120844,6.84413120844,6.84413120844,6.84413120874,6.84413120876,6.84413120888,6.84413120888,6.84413120836,6.84413120866,6.84413120864,6.84413120864,6.84413120864,6.84413120864,6.84413120862,6.84413120862,6.84413120863,6.84413120856,6.84413120836,6.84413120866,6.84413120856,6.84413120856,6.84413120806,6.84413120846,6.84413120846,6.84413120851,6.84413120851,7.5587526565,7.5587526566,7.5587526566,7.5587526564,7.5587526562,7.5587526562,7.55875265616,7.55875265616,7.55875265616,7.5587526561,7.5587526561,7.5587526564,7.5587526566,7.5587526566,7.5587526566,7.5587526566,7.55875265653,7.55875265653,7.5587526566,7.5587526566,7.5587526566,7.55875265663,7.55875265663,7.5587526567,7.5587526566,7.55875265659,7.55875265659,7.5587526565,7.5587526565,7.55875265659,7.5587526566,7.5587526566
"t48",0.5512946274,0,1.7024401216,1.7024401216,1.70244012168,1.70244012168,4.9980560922,4.9980560922,6.84413120877,6.84413120877,6.8441312088,6.84413120883,6.84413120876,6.84413120876,6.844131208621,6.844131208621,6.8441312086,6.8441312084,6.8441312084,6.8441312084,6.844131208,6.8441312083,6.8441312083,6.84413120838,6.84413120838,6.84413120838,6.84413120858,6.84413120858,6.8441312088,6.8441312079,6.844131207896,6.844131207896,6.8441312079,6.84413120834,6.84413120834,6.84413120804,6.84413120804,6.84413120835,6.84413120835,6.84413120834,6.84413120844,6.84413120844,6.84413120844,6.84413120844,6.84413120844,6.84413120874,6.84413120876,6.84413120888,6.84413120888,6.84413120836,6.84413120866,6.84413120864,6.84413120864,6.84413120864,6.84413120864,6.84413120862,6.84413120862,6.84413120863,6.84413120856,6.84413120836,6.84413120866,6.84413120856,6.84413120856,6.84413120806,6.84413120846,6.84413120846,6.84413120851,6.84413120851,7.5587526565,7.5587526566,7.5587526566,7.5587526564,7.5587526562,7.5587526562,7.55875265616,7.55875265616,7.55875265616,7.5587526561,7.5587526561,7.5587526564,7.5587526566,7.5587526566,7.5587526566,7.5587526566,7.55875265653,7.55875265653,7.5587526566,7.5587526566,7.5587526566,7.55875265663,7.55875265663,7.5587526567,7.5587526566,7.55875265659,7.55875265659,7.5587526565,7.5587526565,7.55875265659,7.5587526566,7.5587526566
"t66",1.7024401216,1.7024401216,0,0.2718015318,0.94045891468,0.94045891468,4.9980560922,4.9980560922,6.84413120877,6.84413120877,6.8441312088,6.84413120883,6.84413120876,6.84413120876,6.844131208621,6.844131208621,6.8441312086,6.8441312084,6.8441312084,6.8441312084,6.844131208,6.8441312083,6.8441312083,6.84413120838,6.84413120838,6.84413120838,6.84413120858,6.84413120858,6.8441312088,6.8441312079,6.844131207896,6.844131207896,6.8441312079,6.84413120834,6.84413120834,6.84413120804,6.84413120804,6.84413120835,6.84413120835,6.84413120834,6.84413120844,6.84413120844,6.84413120844,6.84413120844,6.84413120844,6.84413120874,6.84413120876,6.84413120888,6.84413120888,6.84413120836,6.84413120866,6.84413120864,6.84413120864,6.84413120864,6.84413120864,6.84413120862,6.84413120862,6.84413120863,6.84413120856,6.84413120836,6.84413120866,6.84413120856,6.84413120856,6.84413120806,6.84413120846,6.84413120846,6.84413120851,6.84413120851,7.5587526565,7.5587526566,7.5587526566,7.5587526564,7.5587526562,7.5587526562,7.55875265616,7.55875265616,7.55875265616,7.5587526561,7.5587526561,7.5587526564,7.5587526566,7.5587526566,7.5587526566,7.5587526566,7.55875265653,7.55875265653,7.5587526566,7.5587526566,7.5587526566,7.55875265663,7.55875265663,7.5587526567,7.5587526566,7.55875265659,7.55875265659,7.5587526565,7.5587526565,7.55875265659,7.5587526566,7.5587526566
"t67",1.7024401216,1.7024401216,0.2718015318,0,0.94045891468,0.94045891468,4.9980560922,4.9980560922,6.84413120877,6.84413120877,6.8441312088,6.84413120883,6.84413120876,6.84413120876,6.844131208621,6.844131208621,6.8441312086,6.8441312084,6.8441312084,6.8441312084,6.844131208,6.8441312083,6.8441312083,6.84413120838,6.84413120838,6.84413120838,6.84413120858,6.84413120858,6.8441312088,6.8441312079,6.844131207896,6.844131207896,6.8441312079,6.84413120834,6.84413120834,6.84413120804,6.84413120804,6.84413120835,6.84413120835,6.84413120834,6.84413120844,6.84413120844,6.84413120844,6.84413120844,6.84413120844,6.84413120874,6.84413120876,6.84413120888,6.84413120888,6.84413120836,6.84413120866,6.84413120864,6.84413120864,6.84413120864,6.84413120864,6.84413120862,6.84413120862,6.84413120863,6.84413120856,6.84413120836,6.84413120866,6.84413120856,6.84413120856,6.84413120806,6.84413120846,6.84413120846,6.84413120851,6.84413120851,7.5587526565,7.5587526566,7.5587526566,7.5587526564,7.5587526562,7.5587526562,7.55875265616,7.55875265616,7.55875265616,7.5587526561,7.5587526561,7.5587526564,7.5587526566,7.5587526566,7.5587526566,7.5587526566,7.55875265653,7.55875265653,7.5587526566,7.5587526566,7.5587526566,7.55875265663,7.55875265663,7.5587526567,7.5587526566,7.55875265659,7.55875265659,7.5587526565,7.5587526565,7.55875265659,7.5587526566,7.5587526566
"t85",1.70244012168,1.70244012168,0.94045891468,0.94045891468,0,0.11300327396,4.99805609228,4.99805609228,6.84413120885,6.84413120885,6.84413120888,6.84413120891,6.84413120884,6.84413120884,6.844131208701,6.844131208701,6.84413120868,6.84413120848,6.84413120848,6.84413120848,6.84413120808,6.84413120838,6.84413120838,6.84413120846,6.84413120846,6.84413120846,6.84413120866,6.84413120866,6.84413120888,6.84413120798,6.844131207976,6.844131207976,6.84413120798,6.84413120842,6.84413120842,6.84413120812,6.84413120812,6.84413120843,6.84413120843,6.84413120842,6.84413120852,6.84413120852,6.84413120852,6.84413120852,6.84413120852,6.84413120882,6.84413120884,6.84413120896,6.84413120896,6.84413120844,6.84413120874,6.84413120872,6.84413120872,6.84413120872,6.84413120872,6.8441312087,6.8441312087,6.84413120871,6.84413120864,6.84413120844,6.84413120874,6.84413120864,6.84413120864,6.84413120814,6.84413120854,6.84413120854,6.84413120859,6.84413120859,7.55875265658,7.55875265668,7.55875265668,7.55875265648,7.55875265628,7.55875265628,7.55875265624,7.55875265624,7.55875265624,7.55875265618,7.55875265618,7.55875265648,7.55875265668,7.55875265668,7.55875265668,7.55875265668,7.55875265661,7.55875265661,7.55875265668,7.55875265668,7.55875265668,7.55875265671,7.55875265671,7.55875265678,7.55875265668,7.55875265667,7.55875265667,7.55875265658,7.55875265658,7.55875265667,7.55875265668,7.55875265668
"t86",1.70244012168,1.70244012168,0.94045891468,0.94045891468,0.11300327396,0,4.99805609228,4.99805609228,6.84413120885,6.84413120885,6.84413120888,6.84413120891,6.84413120884,6.84413120884,6.844131208701,6.844131208701,6.84413120868,6.84413120848,6.84413120848,6.84413120848,6.84413120808,6.84413120838,6.84413120838,6.84413120846,6.84413120846,6.84413120846,6.84413120866,6.84413120866,6.84413120888,6.84413120798,6.844131207976,6.844131207976,6.84413120798,6.84413120842,6.84413120842,6.84413120812,6.84413120812,6.84413120843,6.84413120843,6.84413120842,6.84413120852,6.84413120852,6.84413120852,6.84413120852,6.84413120852,6.84413120882,6.84413120884,6.84413120896,6.84413120896,6.84413120844,6.84413120874,6.84413120872,6.84413120872,6.84413120872,6.84413120872,6.8441312087,6.8441312087,6.84413120871,6.84413120864,6.84413120844,6.84413120874,6.84413120864,6.84413120864,6.84413120814,6.84413120854,6.84413120854,6.84413120859,6.84413120859,7.55875265658,7.55875265668,7.55875265668,7.55875265648,7.55875265628,7.55875265628,7.55875265624,7.55875265624,7.55875265624,7.55875265618,7.55875265618,7.55875265648,7.55875265668,7.55875265668,7.55875265668,7.55875265668,7.55875265661,7.55875265661,7.55875265668,7.55875265668,7.55875265668,7.55875265671,7.55875265671,7.55875265678,7.55875265668,7.55875265667,7.55875265667,7.55875265658,7.55875265658,7.55875265667,7.55875265668,7.55875265668
"t31",4.9980560922,4.9980560922,4.9980560922,4.9980560922,4.99805609228,4.99805609228,0,1.1274457288,6.84413120937,6.84413120937,6.8441312094,6.84413120943,6.84413120936,6.84413120936,6.844131209221,6.844131209221,6.8441312092,6.844131209,6.844131209,6.844131209,6.8441312086,6.8441312089,6.8441312089,6.84413120898,6.84413120898,6.84413120898,6.84413120918,6.84413120918,6.8441312094,6.8441312085,6.844131208496,6.844131208496,6.8441312085,6.84413120894,6.84413120894,6.84413120864,6.84413120864,6.84413120895,6.84413120895,6.84413120894,6.84413120904,6.84413120904,6.84413120904,6.84413120904,6.84413120904,6.84413120934,6.84413120936,6.84413120948,6.84413120948,6.84413120896,6.84413120926,6.84413120924,6.84413120924,6.84413120924,6.84413120924,6.84413120922,6.84413120922,6.84413120923,6.84413120916,6.84413120896,6.84413120926,6.84413120916,6.84413120916,6.84413120866,6.84413120906,6.84413120906,6.84413120911,6.84413120911,7.5587526571,7.5587526572,7.5587526572,7.558752657,7.5587526568,7.5587526568,7.55875265676,7.55875265676,7.55875265676,7.5587526567,7.5587526567,7.558752657,7.5587526572,7.5587526572,7.5587526572,7.5587526572,7.55875265713,7.55875265713,7.5587526572,7.5587526572,7.5587526572,7.55875265723,7.55875265723,7.5587526573,7.5587526572,7.55875265719,7.55875265719,7.5587526571,7.5587526571,7.55875265719,7.5587526572,7.5587526572
"t32",4.9980560922,4.9980560922,4.9980560922,4.9980560922,4.99805609228,4.99805609228,1.1274457288,0,6.84413120937,6.84413120937,6.8441312094,6.84413120943,6.84413120936,6.84413120936,6.844131209221,6.844131209221,6.8441312092,6.844131209,6.844131209,6.844131209,6.8441312086,6.8441312089,6.8441312089,6.84413120898,6.84413120898,6.84413120898,6.84413120918,6.84413120918,6.8441312094,6.8441312085,6.844131208496,6.844131208496,6.8441312085,6.84413120894,6.84413120894,6.84413120864,6.84413120864,6.84413120895,6.84413120895,6.84413120894,6.84413120904,6.84413120904,6.84413120904,6.84413120904,6.84413120904,6.84413120934,6.84413120936,6.84413120948,6.84413120948,6.84413120896,6.84413120926,6.84413120924,6.84413120924,6.84413120924,6.84413120924,6.84413120922,6.84413120922,6.84413120923,6.84413120916,6.84413120896,6.84413120926,6.84413120916,6.84413120916,6.84413120866,6.84413120906,6.84413120906,6.84413120911,6.84413120911,7.5587526571,7.5587526572,7.5587526572,7.558752657,7.5587526568,7.5587526568,7.55875265676,7.55875265676,7.55875265676,7.5587526567,7.5587526567,7.558752657,7.5587526572,7.5587526572,7.5587526572,7.5587526572,7.55875265713,7.55875265713,7.5587526572,7.5587526572,7.5587526572,7.55875265723,7.55875265723,7.5587526573,7.5587526572,7.55875265719,7.55875265719,7.5587526571,7.5587526571,7.55875265719,7.5587526572,7.5587526572
"t81",6.84413120877,6.84413120877,6.84413120877,6.84413120877,6.84413120885,6.84413120885,6.84413120937,6.84413120937,0,0.15192761454,0.88867386557,1.248487999,1.24848799893,1.24848799893,4.762015184791,4.762015184791,4.76201518477,4.76201518457,4.76201518457,4.76201518457,5.39049096437,5.39049096467,5.39049096467,5.39049096475,5.39049096475,5.39049096475,5.39049096495,5.39049096495,5.39049096517,5.39049096427,5.390490964266,5.390490964266,5.39049096427,5.39049096471,5.39049096471,5.39049096441,5.39049096441,5.39049096472,5.39049096472,5.39049096471,5.39049096481,5.39049096481,5.39049096481,5.39049096481,5.39049096481,5.39049096511,5.95451558373,5.95451558385,5.95451558385,5.95451558333,5.95451558363,5.95451558361,5.95451558361,5.95451558361,5.95451558361,5.95451558359,5.95451558359,5.9545155836,5.95451558353,5.95451558333,5.95451558363,5.95451558353,5.95451558353,5.95451558303,5.95451558343,5.95451558343,5.95451558348,5.95451558348,7.55875265727,7.55875265737,7.55875265737,7.55875265717,7.55875265697,7.55875265697,7.55875265693,7.55875265693,7.55875265693,7.55875265687,7.55875265687,7.55875265717,7.55875265737,7.55875265737,7.55875265737,7.55875265737,7.5587526573,7.5587526573,7.55875265737,7.55875265737,7.55875265737,7.5587526574,7.5587526574,7.55875265747,7.55875265737,7.55875265736,7.55875265736,7.55875265727,7.55875265727,7.55875265736,7.55875265737,7.55875265737
"t82",6.84413120877,6.84413120877,6.84413120877,6.84413120877,6.84413120885,6.84413120885,6.84413120937,6.84413120937,0.15192761454,0,0.88867386557,1.248487999,1.24848799893,1.24848799893,4.762015184791,4.762015184791,4.76201518477,4.76201518457,4.76201518457,4.76201518457,5.39049096437,5.39049096467,5.39049096467,5.39049096475,5.39049096475,5.39049096475,5.39049096495,5.39049096495,5.39049096517,5.39049096427,5.390490964266,5.390490964266,5.39049096427,5.39049096471,5.39049096471,5.39049096441,5.39049096441,5.39049096472,5.39049096472,5.39049096471,5.39049096481,5.39049096481,5.39049096481,5.39049096481,5.39049096481,5.39049096511,5.95451558373,5.95451558385,5.95451558385,5.95451558333,5.95451558363,5.95451558361,5.95451558361,5.95451558361,5.95451558361,5.95451558359,5.95451558359,5.9545155836,5.95451558353,5.95451558333,5.95451558363,5.95451558353,5.95451558353,5.95451558303,5.95451558343,5.95451558343,5.95451558348,5.95451558348,7.55875265727,7.55875265737,7.55875265737,7.55875265717,7.55875265697,7.55875265697,7.55875265693,7.55875265693,7.55875265693,7.55875265687,7.55875265687,7.55875265717,7.55875265737,7.55875265737,7.55875265737,7.55875265737,7.5587526573,7.5587526573,7.55875265737,7.55875265737,7.55875265737,7.5587526574,7.5587526574,7.55875265747,7.55875265737,7.55875265736,7.55875265736,7.55875265727,7.55875265727,7.55875265736,7.55875265737,7.55875265737
"t36",6.8441312088,6.8441312088,6.8441312088,6.8441312088,6.84413120888,6.84413120888,6.8441312094,6.8441312094,0.88867386557,0.88867386557,0,1.24848799903,1.24848799896,1.24848799896,4.762015184821,4.762015184821,4.7620151848,4.7620151846,4.7620151846,4.7620151846,5.3904909644,5.3904909647,5.3904909647,5.39049096478,5.39049096478,5.39049096478,5.39049096498,5.39049096498,5.3904909652,5.3904909643,5.390490964296,5.390490964296,5.3904909643,5.39049096474,5.39049096474,5.39049096444,5.39049096444,5.39049096475,5.39049096475,5.39049096474,5.39049096484,5.39049096484,5.39049096484,5.39049096484,5.39049096484,5.39049096514,5.95451558376,5.95451558388,5.95451558388,5.95451558336,5.95451558366,5.95451558364,5.95451558364,5.95451558364,5.95451558364,5.95451558362,5.95451558362,5.95451558363,5.95451558356,5.95451558336,5.95451558366,5.95451558356,5.95451558356,5.95451558306,5.95451558346,5.95451558346,5.95451558351,5.95451558351,7.5587526573,7.5587526574,7.5587526574,7.5587526572,7.558752657,7.558752657,7.55875265696,7.55875265696,7.55875265696,7.5587526569,7.5587526569,7.5587526572,7.5587526574,7.5587526574,7.5587526574,7.5587526574,7.55875265733,7.55875265733,7.5587526574,7.5587526574,7.5587526574,7.55875265743,7.55875265743,7.5587526575,7.5587526574,7.55875265739,7.55875265739,7.5587526573,7.5587526573,7.55875265739,7.5587526574,7.5587526574
"t30",6.84413120883,6.84413120883,6.84413120883,6.84413120883,6.84413120891,6.84413120891,6.84413120943,6.84413120943,1.248487999,1.248487999,1.24848799903,0,1.17318813853,1.17318813853,4.762015184851,4.762015184851,4.76201518483,4.76201518463,4.76201518463,4.76201518463,5.39049096443,5.39049096473,5.39049096473,5.39049096481,5.39049096481,5.39049096481,5.39049096501,5.39049096501,5.39049096523,5.39049096433,5.390490964326,5.390490964326,5.39049096433,5.39049096477,5.39049096477,5.39049096447,5.39049096447,5.39049096478,5.39049096478,5.39049096477,5.39049096487,5.39049096487,5.39049096487,5.39049096487,5.39049096487,5.39049096517,5.95451558379,5.95451558391,5.95451558391,5.95451558339,5.95451558369,5.95451558367,5.95451558367,5.95451558367,5.95451558367,5.95451558365,5.95451558365,5.95451558366,5.95451558359,5.95451558339,5.95451558369,5.95451558359,5.95451558359,5.95451558309,5.95451558349,5.95451558349,5.95451558354,5.95451558354,7.55875265733,7.55875265743,7.55875265743,7.55875265723,7.55875265703,7.55875265703,7.55875265699,7.55875265699,7.55875265699,7.55875265693,7.55875265693,7.55875265723,7.55875265743,7.55875265743,7.55875265743,7.55875265743,7.55875265736,7.55875265736,7.55875265743,7.55875265743,7.55875265743,7.55875265746,7.55875265746,7.55875265753,7.55875265743,7.55875265742,7.55875265742,7.55875265733,7.55875265733,7.55875265742,7.55875265743,7.55875265743
"t72",6.84413120876,6.84413120876,6.84413120876,6.84413120876,6.84413120884,6.84413120884,6.84413120936,6.84413120936,1.24848799893,1.24848799893,1.24848799896,1.17318813853,0,0.19786894066,4.762015184781,4.762015184781,4.76201518476,4.76201518456,4.76201518456,4.76201518456,5.39049096436,5.39049096466,5.39049096466,5.39049096474,5.39049096474,5.39049096474,5.39049096494,5.39049096494,5.39049096516,5.39049096426,5.390490964256,5.390490964256,5.39049096426,5.3904909647,5.3904909647,5.3904909644,5.3904909644,5.39049096471,5.39049096471,5.3904909647,5.3904909648,5.3904909648,5.3904909648,5.3904909648,5.3904909648,5.3904909651,5.95451558372,5.95451558384,5.95451558384,5.95451558332,5.95451558362,5.9545155836,5.9545155836,5.9545155836,5.9545155836,5.95451558358,5.95451558358,5.95451558359,5.95451558352,5.95451558332,5.95451558362,5.95451558352,5.95451558352,5.95451558302,5.95451558342,5.95451558342,5.95451558347,5.95451558347,7.55875265726,7.55875265736,7.55875265736,7.55875265716,7.55875265696,7.55875265696,7.55875265692,7.55875265692,7.55875265692,7.55875265686,7.55875265686,7.55875265716,7.55875265736,7.55875265736,7.55875265736,7.55875265736,7.55875265729,7.55875265729,7.55875265736,7.55875265736,7.55875265736,7.55875265739,7.55875265739,7.55875265746,7.55875265736,7.55875265735,7.55875265735,7.55875265726,7.55875265726,7.55875265735,7.55875265736,7.55875265736
"t73",6.84413120876,6.84413120876,6.84413120876,6.84413120876,6.84413120884,6.84413120884,6.84413120936,6.84413120936,1.24848799893,1.24848799893,1.24848799896,1.17318813853,0.19786894066,0,4.762015184781,4.762015184781,4.76201518476,4.76201518456,4.76201518456,4.76201518456,5.39049096436,5.39049096466,5.39049096466,5.39049096474,5.39049096474,5.39049096474,5.39049096494,5.39049096494,5.39049096516,5.39049096426,5.390490964256,5.390490964256,5.39049096426,5.3904909647,5.3904909647,5.3904909644,5.3904909644,5.39049096471,5.39049096471,5.3904909647,5.3904909648,5.3904909648,5.3904909648,5.3904909648,5.3904909648,5.3904909651,5.95451558372,5.95451558384,5.95451558384,5.95451558332,5.95451558362,5.9545155836,5.9545155836,5.9545155836,5.9545155836,5.95451558358,5.95451558358,5.95451558359,5.95451558352,5.95451558332,5.95451558362,5.95451558352,5.95451558352,5.95451558302,5.95451558342,5.95451558342,5.95451558347,5.95451558347,7.55875265726,7.55875265736,7.55875265736,7.55875265716,7.55875265696,7.55875265696,7.55875265692,7.55875265692,7.55875265692,7.55875265686,7.55875265686,7.55875265716,7.55875265736,7.55875265736,7.55875265736,7.55875265736,7.55875265729,7.55875265729,7.55875265736,7.55875265736,7.55875265736,7.55875265739,7.55875265739,7.55875265746,7.55875265736,7.55875265735,7.55875265735,7.55875265726,7.55875265726,7.55875265735,7.55875265736,7.55875265736
"t99",6.844131208621,6.844131208621,6.844131208621,6.844131208621,6.844131208701,6.844131208701,6.844131209221,6.844131209221,4.762015184791,4.762015184791,4.762015184821,4.762015184851,4.762015184781,4.762015184781,0,0.004521363042,0.215039450621,3.605546392421,3.605546392421,3.605546392421,5.390490964221,5.390490964521,5.390490964521,5.390490964601,5.390490964601,5.390490964601,5.390490964801,5.390490964801,5.390490965021,5.390490964121,5.390490964117,5.390490964117,5.390490964121,5.390490964561,5.390490964561,5.390490964261,5.390490964261,5.390490964571,5.390490964571,5.390490964561,5.390490964661,5.390490964661,5.390490964661,5.390490964661,5.390490964661,5.390490964961,5.954515583581,5.954515583701,5.954515583701,5.954515583181,5.954515583481,5.954515583461,5.954515583461,5.954515583461,5.954515583461,5.954515583441,5.954515583441,5.954515583451,5.954515583381,5.954515583181,5.954515583481,5.954515583381,5.954515583381,5.954515582881,5.954515583281,5.954515583281,5.954515583331,5.954515583331,7.558752657121,7.558752657221,7.558752657221,7.558752657021,7.558752656821,7.558752656821,7.558752656781,7.558752656781,7.558752656781,7.558752656721,7.558752656721,7.558752657021,7.558752657221,7.558752657221,7.558752657221,7.558752657221,7.558752657151,7.558752657151,7.558752657221,7.558752657221,7.558752657221,7.558752657251,7.558752657251,7.558752657321,7.558752657221,7.558752657211,7.558752657211,7.558752657121,7.558752657121,7.558752657211,7.558752657221,7.558752657221
"t100",6.844131208621,6.844131208621,6.844131208621,6.844131208621,6.844131208701,6.844131208701,6.844131209221,6.844131209221,4.762015184791,4.762015184791,4.762015184821,4.762015184851,4.762015184781,4.762015184781,0.004521363042,0,0.215039450621,3.605546392421,3.605546392421,3.605546392421,5.390490964221,5.390490964521,5.390490964521,5.390490964601,5.390490964601,5.390490964601,5.390490964801,5.390490964801,5.390490965021,5.390490964121,5.390490964117,5.390490964117,5.390490964121,5.390490964561,5.390490964561,5.390490964261,5.390490964261,5.390490964571,5.390490964571,5.390490964561,5.390490964661,5.390490964661,5.390490964661,5.390490964661,5.390490964661,5.390490964961,5.954515583581,5.954515583701,5.954515583701,5.954515583181,5.954515583481,5.954515583461,5.954515583461,5.954515583461,5.954515583461,5.954515583441,5.954515583441,5.954515583451,5.954515583381,5.954515583181,5.954515583481,5.954515583381,5.954515583381,5.954515582881,5.954515583281,5.954515583281,5.954515583331,5.954515583331,7.558752657121,7.558752657221,7.558752657221,7.558752657021,7.558752656821,7.558752656821,7.558752656781,7.558752656781,7.558752656781,7.558752656721,7.558752656721,7.558752657021,7.558752657221,7.558752657221,7.558752657221,7.558752657221,7.558752657151,7.558752657151,7.558752657221,7.558752657221,7.558752657221,7.558752657251,7.558752657251,7.558752657321,7.558752657221,7.558752657211,7.558752657211,7.558752657121,7.558752657121,7.558752657211,7.558752657221,7.558752657221
"t71",6.8441312086,6.8441312086,6.8441312086,6.8441312086,6.84413120868,6.84413120868,6.8441312092,6.8441312092,4.76201518477,4.76201518477,4.7620151848,4.76201518483,4.76201518476,4.76201518476,0.215039450621,0.215039450621,0,3.6055463924,3.6055463924,3.6055463924,5.3904909642,5.3904909645,5.3904909645,5.39049096458,5.39049096458,5.39049096458,5.39049096478,5.39049096478,5.390490965,5.3904909641,5.390490964096,5.390490964096,5.3904909641,5.39049096454,5.39049096454,5.39049096424,5.39049096424,5.39049096455,5.39049096455,5.39049096454,5.39049096464,5.39049096464,5.39049096464,5.39049096464,5.39049096464,5.39049096494,5.95451558356,5.95451558368,5.95451558368,5.95451558316,5.95451558346,5.95451558344,5.95451558344,5.95451558344,5.95451558344,5.95451558342,5.95451558342,5.95451558343,5.95451558336,5.95451558316,5.95451558346,5.95451558336,5.95451558336,5.95451558286,5.95451558326,5.95451558326,5.95451558331,5.95451558331,7.5587526571,7.5587526572,7.5587526572,7.558752657,7.5587526568,7.5587526568,7.55875265676,7.55875265676,7.55875265676,7.5587526567,7.5587526567,7.558752657,7.5587526572,7.5587526572,7.5587526572,7.5587526572,7.55875265713,7.55875265713,7.5587526572,7.5587526572,7.5587526572,7.55875265723,7.55875265723,7.5587526573,7.5587526572,7.55875265719,7.55875265719,7.5587526571,7.5587526571,7.55875265719,7.5587526572,7.5587526572
"t54",6.8441312084,6.8441312084,6.8441312084,6.8441312084,6.84413120848,6.84413120848,6.844131209,6.844131209,4.76201518457,4.76201518457,4.7620151846,4.76201518463,4.76201518456,4.76201518456,3.605546392421,3.605546392421,3.6055463924,0,0.3749775624,1.669426098,5.390490964,5.3904909643,5.3904909643,5.39049096438,5.39049096438,5.39049096438,5.39049096458,5.39049096458,5.3904909648,5.3904909639,5.390490963896,5.390490963896,5.3904909639,5.39049096434,5.39049096434,5.39049096404,5.39049096404,5.39049096435,5.39049096435,5.39049096434,5.39049096444,5.39049096444,5.39049096444,5.39049096444,5.39049096444,5.39049096474,5.95451558336,5.95451558348,5.95451558348,5.95451558296,5.95451558326,5.95451558324,5.95451558324,5.95451558324,5.95451558324,5.95451558322,5.95451558322,5.95451558323,5.95451558316,5.95451558296,5.95451558326,5.95451558316,5.95451558316,5.95451558266,5.95451558306,5.95451558306,5.95451558311,5.95451558311,7.5587526569,7.558752657,7.558752657,7.5587526568,7.5587526566,7.5587526566,7.55875265656,7.55875265656,7.55875265656,7.5587526565,7.5587526565,7.5587526568,7.558752657,7.558752657,7.558752657,7.558752657,7.55875265693,7.55875265693,7.558752657,7.558752657,7.558752657,7.55875265703,7.55875265703,7.5587526571,7.558752657,7.55875265699,7.55875265699,7.5587526569,7.5587526569,7.55875265699,7.558752657,7.558752657
"t55",6.8441312084,6.8441312084,6.8441312084,6.8441312084,6.84413120848,6.84413120848,6.844131209,6.844131209,4.76201518457,4.76201518457,4.7620151846,4.76201518463,4.76201518456,4.76201518456,3.605546392421,3.605546392421,3.6055463924,0.3749775624,0,1.669426098,5.390490964,5.3904909643,5.3904909643,5.39049096438,5.39049096438,5.39049096438,5.39049096458,5.39049096458,5.3904909648,5.3904909639,5.390490963896,5.390490963896,5.3904909639,5.39049096434,5.39049096434,5.39049096404,5.39049096404,5.39049096435,5.39049096435,5.39049096434,5.39049096444,5.39049096444,5.39049096444,5.39049096444,5.39049096444,5.39049096474,5.95451558336,5.95451558348,5.95451558348,5.95451558296,5.95451558326,5.95451558324,5.95451558324,5.95451558324,5.95451558324,5.95451558322,5.95451558322,5.95451558323,5.95451558316,5.95451558296,5.95451558326,5.95451558316,5.95451558316,5.95451558266,5.95451558306,5.95451558306,5.95451558311,5.95451558311,7.5587526569,7.558752657,7.558752657,7.5587526568,7.5587526566,7.5587526566,7.55875265656,7.55875265656,7.55875265656,7.5587526565,7.5587526565,7.5587526568,7.558752657,7.558752657,7.558752657,7.558752657,7.55875265693,7.55875265693,7.558752657,7.558752657,7.558752657,7.55875265703,7.55875265703,7.5587526571,7.558752657,7.55875265699,7.55875265699,7.5587526569,7.5587526569,7.55875265699,7.558752657,7.558752657
"t19",6.8441312084,6.8441312084,6.8441312084,6.8441312084,6.84413120848,6.84413120848,6.844131209,6.844131209,4.76201518457,4.76201518457,4.7620151846,4.76201518463,4.76201518456,4.76201518456,3.605546392421,3.605546392421,3.6055463924,1.669426098,1.669426098,0,5.390490964,5.3904909643,5.3904909643,5.39049096438,5.39049096438,5.39049096438,5.39049096458,5.39049096458,5.3904909648,5.3904909639,5.390490963896,5.390490963896,5.3904909639,5.39049096434,5.39049096434,5.39049096404,5.39049096404,5.39049096435,5.39049096435,5.39049096434,5.39049096444,5.39049096444,5.39049096444,5.39049096444,5.39049096444,5.39049096474,5.95451558336,5.95451558348,5.95451558348,5.95451558296,5.95451558326,5.95451558324,5.95451558324,5.95451558324,5.95451558324,5.95451558322,5.95451558322,5.95451558323,5.95451558316,5.95451558296,5.95451558326,5.95451558316,5.95451558316,5.95451558266,5.95451558306,5.95451558306,5.95451558311,5.95451558311,7.5587526569,7.558752657,7.558752657,7.5587526568,7.5587526566,7.5587526566,7.55875265656,7.55875265656,7.55875265656,7.5587526565,7.5587526565,7.5587526568,7.558752657,7.558752657,7.558752657,7.558752657,7.55875265693,7.55875265693,7.558752657,7.558752657,7.558752657,7.55875265703,7.55875265703,7.5587526571,7.558752657,7.55875265699,7.55875265699,7.5587526569,7.5587526569,7.55875265699,7.558752657,7.558752657
"t10",6.844131208,6.844131208,6.844131208,6.844131208,6.84413120808,6.84413120808,6.8441312086,6.8441312086,5.39049096437,5.39049096437,5.3904909644,5.39049096443,5.39049096436,5.39049096436,5.390490964221,5.390490964221,5.3904909642,5.390490964,5.390490964,5.390490964,0,2.3753710823,2.3753710823,2.59420329758,2.59420329758,2.59420329758,2.59420329778,2.59420329778,3.2006822192,3.8795094479,3.879509447896,3.879509447896,3.8795094479,5.07616381874,5.07616381874,5.07616381844,5.07616381844,5.07616381875,5.07616381875,5.07616381874,5.07616381884,5.07616381884,5.07616381884,5.07616381884,5.07616381884,5.07616381914,5.95451558296,5.95451558308,5.95451558308,5.95451558256,5.95451558286,5.95451558284,5.95451558284,5.95451558284,5.95451558284,5.95451558282,5.95451558282,5.95451558283,5.95451558276,5.95451558256,5.95451558286,5.95451558276,5.95451558276,5.95451558226,5.95451558266,5.95451558266,5.95451558271,5.95451558271,7.5587526565,7.5587526566,7.5587526566,7.5587526564,7.5587526562,7.5587526562,7.55875265616,7.55875265616,7.55875265616,7.5587526561,7.5587526561,7.5587526564,7.5587526566,7.5587526566,7.5587526566,7.5587526566,7.55875265653,7.55875265653,7.5587526566,7.5587526566,7.5587526566,7.55875265663,7.55875265663,7.5587526567,7.5587526566,7.55875265659,7.55875265659,7.5587526565,7.5587526565,7.55875265659,7.5587526566,7.5587526566
"t24",6.8441312083,6.8441312083,6.8441312083,6.8441312083,6.84413120838,6.84413120838,6.8441312089,6.8441312089,5.39049096467,5.39049096467,5.3904909647,5.39049096473,5.39049096466,5.39049096466,5.390490964521,5.390490964521,5.3904909645,5.3904909643,5.3904909643,5.3904909643,2.3753710823,0,1.491027752,2.59420329788,2.59420329788,2.59420329788,2.59420329808,2.59420329808,3.2006822195,3.8795094482,3.879509448196,3.879509448196,3.8795094482,5.07616381904,5.07616381904,5.07616381874,5.07616381874,5.07616381905,5.07616381905,5.07616381904,5.07616381914,5.07616381914,5.07616381914,5.07616381914,5.07616381914,5.07616381944,5.95451558326,5.95451558338,5.95451558338,5.95451558286,5.95451558316,5.95451558314,5.95451558314,5.95451558314,5.95451558314,5.95451558312,5.95451558312,5.95451558313,5.95451558306,5.95451558286,5.95451558316,5.95451558306,5.95451558306,5.95451558256,5.95451558296,5.95451558296,5.95451558301,5.95451558301,7.5587526568,7.5587526569,7.5587526569,7.5587526567,7.5587526565,7.5587526565,7.55875265646,7.55875265646,7.55875265646,7.5587526564,7.5587526564,7.5587526567,7.5587526569,7.5587526569,7.5587526569,7.5587526569,7.55875265683,7.55875265683,7.5587526569,7.5587526569,7.5587526569,7.55875265693,7.55875265693,7.558752657,7.5587526569,7.55875265689,7.55875265689,7.5587526568,7.5587526568,7.55875265689,7.5587526569,7.5587526569
"t25",6.8441312083,6.8441312083,6.8441312083,6.8441312083,6.84413120838,6.84413120838,6.8441312089,6.8441312089,5.39049096467,5.39049096467,5.3904909647,5.39049096473,5.39049096466,5.39049096466,5.390490964521,5.390490964521,5.3904909645,5.3904909643,5.3904909643,5.3904909643,2.3753710823,1.491027752,0,2.59420329788,2.59420329788,2.59420329788,2.59420329808,2.59420329808,3.2006822195,3.8795094482,3.879509448196,3.879509448196,3.8795094482,5.07616381904,5.07616381904,5.07616381874,5.07616381874,5.07616381905,5.07616381905,5.07616381904,5.07616381914,5.07616381914,5.07616381914,5.07616381914,5.07616381914,5.07616381944,5.95451558326,5.95451558338,5.95451558338,5.95451558286,5.95451558316,5.95451558314,5.95451558314,5.95451558314,5.95451558314,5.95451558312,5.95451558312,5.95451558313,5.95451558306,5.95451558286,5.95451558316,5.95451558306,5.95451558306,5.95451558256,5.95451558296,5.95451558296,5.95451558301,5.95451558301,7.5587526568,7.5587526569,7.5587526569,7.5587526567,7.5587526565,7.5587526565,7.55875265646,7.55875265646,7.55875265646,7.5587526564,7.5587526564,7.5587526567,7.5587526569,7.5587526569,7.5587526569,7.5587526569,7.55875265683,7.55875265683,7.5587526569,7.5587526569,7.5587526569,7.55875265693,7.55875265693,7.558752657,7.5587526569,7.55875265689,7.55875265689,7.5587526568,7.5587526568,7.55875265689,7.5587526569,7.5587526569
"t58",6.84413120838,6.84413120838,6.84413120838,6.84413120838,6.84413120846,6.84413120846,6.84413120898,6.84413120898,5.39049096475,5.39049096475,5.39049096478,5.39049096481,5.39049096474,5.39049096474,5.390490964601,5.390490964601,5.39049096458,5.39049096438,5.39049096438,5.39049096438,2.59420329758,2.59420329788,2.59420329788,0,0.3460438562,1.223539647,2.4137874068,2.4137874068,3.20068221958,3.87950944828,3.879509448276,3.879509448276,3.87950944828,5.07616381912,5.07616381912,5.07616381882,5.07616381882,5.07616381913,5.07616381913,5.07616381912,5.07616381922,5.07616381922,5.07616381922,5.07616381922,5.07616381922,5.07616381952,5.95451558334,5.95451558346,5.95451558346,5.95451558294,5.95451558324,5.95451558322,5.95451558322,5.95451558322,5.95451558322,5.9545155832,5.9545155832,5.95451558321,5.95451558314,5.95451558294,5.95451558324,5.95451558314,5.95451558314,5.95451558264,5.95451558304,5.95451558304,5.95451558309,5.95451558309,7.55875265688,7.55875265698,7.55875265698,7.55875265678,7.55875265658,7.55875265658,7.55875265654,7.55875265654,7.55875265654,7.55875265648,7.55875265648,7.55875265678,7.55875265698,7.55875265698,7.55875265698,7.55875265698,7.55875265691,7.55875265691,7.55875265698,7.55875265698,7.55875265698,7.55875265701,7.55875265701,7.55875265708,7.55875265698,7.55875265697,7.55875265697,7.55875265688,7.55875265688,7.55875265697,7.55875265698,7.55875265698
"t59",6.84413120838,6.84413120838,6.84413120838,6.84413120838,6.84413120846,6.84413120846,6.84413120898,6.84413120898,5.39049096475,5.39049096475,5.39049096478,5.39049096481,5.39049096474,5.39049096474,5.390490964601,5.390490964601,5.39049096458,5.39049096438,5.39049096438,5.39049096438,2.59420329758,2.59420329788,2.59420329788,0.3460438562,0,1.223539647,2.4137874068,2.4137874068,3.20068221958,3.87950944828,3.879509448276,3.879509448276,3.87950944828,5.07616381912,5.07616381912,5.07616381882,5.07616381882,5.07616381913,5.07616381913,5.07616381912,5.07616381922,5.07616381922,5.07616381922,5.07616381922,5.07616381922,5.07616381952,5.95451558334,5.95451558346,5.95451558346,5.95451558294,5.95451558324,5.95451558322,5.95451558322,5.95451558322,5.95451558322,5.9545155832,5.9545155832,5.95451558321,5.95451558314,5.95451558294,5.95451558324,5.95451558314,5.95451558314,5.95451558264,5.95451558304,5.95451558304,5.95451558309,5.95451558309,7.55875265688,7.55875265698,7.55875265698,7.55875265678,7.55875265658,7.55875265658,7.55875265654,7.55875265654,7.55875265654,7.55875265648,7.55875265648,7.55875265678,7.55875265698,7.55875265698,7.55875265698,7.55875265698,7.55875265691,7.55875265691,7.55875265698,7.55875265698,7.55875265698,7.55875265701,7.55875265701,7.55875265708,7.55875265698,7.55875265697,7.55875265697,7.55875265688,7.55875265688,7.55875265697,7.55875265698,7.55875265698
"t29",6.84413120838,6.84413120838,6.84413120838,6.84413120838,6.84413120846,6.84413120846,6.84413120898,6.84413120898,5.39049096475,5.39049096475,5.39049096478,5.39049096481,5.39049096474,5.39049096474,5.390490964601,5.390490964601,5.39049096458,5.39049096438,5.39049096438,5.39049096438,2.59420329758,2.59420329788,2.59420329788,1.223539647,1.223539647,0,2.4137874068,2.4137874068,3.20068221958,3.87950944828,3.879509448276,3.879509448276,3.87950944828,5.07616381912,5.07616381912,5.07616381882,5.07616381882,5.07616381913,5.07616381913,5.07616381912,5.07616381922,5.07616381922,5.07616381922,5.07616381922,5.07616381922,5.07616381952,5.95451558334,5.95451558346,5.95451558346,5.95451558294,5.95451558324,5.95451558322,5.95451558322,5.95451558322,5.95451558322,5.9545155832,5.9545155832,5.95451558321,5.95451558314,5.95451558294,5.95451558324,5.95451558314,5.95451558314,5.95451558264,5.95451558304,5.95451558304,5.95451558309,5.95451558309,7.55875265688,7.55875265698,7.55875265698,7.55875265678,7.55875265658,7.55875265658,7.55875265654,7.55875265654,7.55875265654,7.55875265648,7.55875265648,7.55875265678,7.55875265698,7.55875265698,7.55875265698,7.55875265698,7.55875265691,7.55875265691,7.55875265698,7.55875265698,7.55875265698,7.55875265701,7.55875265701,7.55875265708,7.55875265698,7.55875265697,7.55875265697,7.55875265688,7.55875265688,7.55875265697,7.55875265698,7.55875265698
"t60",6.84413120858,6.84413120858,6.84413120858,6.84413120858,6.84413120866,6.84413120866,6.84413120918,6.84413120918,5.39049096495,5.39049096495,5.39049096498,5.39049096501,5.39049096494,5.39049096494,5.390490964801,5.390490964801,5.39049096478,5.39049096458,5.39049096458,5.39049096458,2.59420329778,2.59420329808,2.59420329808,2.4137874068,2.4137874068,2.4137874068,0,0.323560037,3.20068221978,3.87950944848,3.879509448476,3.879509448476,3.87950944848,5.07616381932,5.07616381932,5.07616381902,5.07616381902,5.07616381933,5.07616381933,5.07616381932,5.07616381942,5.07616381942,5.07616381942,5.07616381942,5.07616381942,5.07616381972,5.95451558354,5.95451558366,5.95451558366,5.95451558314,5.95451558344,5.95451558342,5.95451558342,5.95451558342,5.95451558342,5.9545155834,5.9545155834,5.95451558341,5.95451558334,5.95451558314,5.95451558344,5.95451558334,5.95451558334,5.95451558284,5.95451558324,5.95451558324,5.95451558329,5.95451558329,7.55875265708,7.55875265718,7.55875265718,7.55875265698,7.55875265678,7.55875265678,7.55875265674,7.55875265674,7.55875265674,7.55875265668,7.55875265668,7.55875265698,7.55875265718,7.55875265718,7.55875265718,7.55875265718,7.55875265711,7.55875265711,7.55875265718,7.55875265718,7.55875265718,7.55875265721,7.55875265721,7.55875265728,7.55875265718,7.55875265717,7.55875265717,7.55875265708,7.55875265708,7.55875265717,7.55875265718,7.55875265718
"t61",6.84413120858,6.84413120858,6.84413120858,6.84413120858,6.84413120866,6.84413120866,6.84413120918,6.84413120918,5.39049096495,5.39049096495,5.39049096498,5.39049096501,5.39049096494,5.39049096494,5.390490964801,5.390490964801,5.39049096478,5.39049096458,5.39049096458,5.39049096458,2.59420329778,2.59420329808,2.59420329808,2.4137874068,2.4137874068,2.4137874068,0.323560037,0,3.20068221978,3.87950944848,3.879509448476,3.879509448476,3.87950944848,5.07616381932,5.07616381932,5.07616381902,5.07616381902,5.07616381933,5.07616381933,5.07616381932,5.07616381942,5.07616381942,5.07616381942,5.07616381942,5.07616381942,5.07616381972,5.95451558354,5.95451558366,5.95451558366,5.95451558314,5.95451558344,5.95451558342,5.95451558342,5.95451558342,5.95451558342,5.9545155834,5.9545155834,5.95451558341,5.95451558334,5.95451558314,5.95451558344,5.95451558334,5.95451558334,5.95451558284,5.95451558324,5.95451558324,5.95451558329,5.95451558329,7.55875265708,7.55875265718,7.55875265718,7.55875265698,7.55875265678,7.55875265678,7.55875265674,7.55875265674,7.55875265674,7.55875265668,7.55875265668,7.55875265698,7.55875265718,7.55875265718,7.55875265718,7.55875265718,7.55875265711,7.55875265711,7.55875265718,7.55875265718,7.55875265718,7.55875265721,7.55875265721,7.55875265728,7.55875265718,7.55875265717,7.55875265717,7.55875265708,7.55875265708,7.55875265717,7.55875265718,7.55875265718
