"","t14","t16","t45","t46","t47","t81","t82","t73","t95","t96","t60","t97","t98","t83","t84","t39","t29","t36","t37","t1","t56","t57","t74","t93","t94","t48","t38","t10","t17","t25","t34","t35","t99","t100","t80","t91","t92","t70","t71","t13","t7","t21","t22","t5","t3","t4","t2","t18","t19","t15","t32","t33","t53","t85","t86","t79","t28","t54","t55","t51","t52","t58","t59","t63","t64","t6","t49","t50","t30","t31","t77","t78","t69","t72","t75","t76","t9","t23","t67","t68","t43","t87","t88","t61","t62","t40","t24","t20","t65","t66","t41","t42","t26","t27","t11","t12","t8","t44","t89","t90"
"t14",0,2.3373639401,2.337363940099,2.337363940099,2.33736394014,2.33736394021,2.33736394021,2.33736394017,2.33736394021,2.33736394021,2.33736394014,2.33736394007,2.33736394007,2.33736394008,2.33736394008,2.3373639401,2.33736394009,2.33736394008,2.33736394008,4.084983206,6.71252096419,6.71252096419,6.71252096416,6.71252096415,6.71252096415,6.7125209642,6.7125209642,6.7125209644,6.7125209642,6.7125209642,6.71252096419,6.71252096419,6.712520964608,6.712520964608,6.7125209646,6.71252096461,6.71252096461,6.712520964,6.712520964,6.7125209645,7.8049440456,7.8049440458,7.8049440458,7.8049440463,7.80494404558,7.80494404558,7.8049440461,7.8049440457,7.8049440457,7.8049440463,7.8049440463,7.8049440463,7.8049440462,7.80494404626,7.80494404626,7.8049440463,7.8049440463,7.8049440458,7.8049440458,7.8049440459,7.8049440459,7.8049440458,7.804944045841,7.804944045851,7.804944045851,7.8049440457,7.8049440461,7.8049440461,7.80494404603,7.80494404603,7.80494404611,7.80494404611,7.80494404607,7.80494404607,7.80494404613,7.80494404613,10.7271122376,10.7271122375,10.72711223757,10.72711223757,10.72711223747,10.72711223745,10.72711223745,10.7271122375,10.7271122375,10.7271122375,10.7271122376,10.7271122376,10.7271122367,10.7271122367,10.72711223661,10.72711223661,10.7271122371,10.7271122371,10.72711223679,10.72711223679,10.7271122373,10.7271122374,10.72711223735,10.72711223735
"t16",2.3373639401,0,1.993253182799,1.993253182799,1.99325318284,1.99325318291,1.99325318291,1.99325318287,1.99325318291,1.99325318291,1.99325318284,2.08970438237,2.08970438237,2.08970438238,2.08970438238,2.0897043824,2.08970438239,2.08970438238,2.08970438238,4.0849832061,6.71252096429,6.71252096429,6.71252096426,6.71252096425,6.71252096425,6.7125209643,6.7125209643,6.7125209645,6.7125209643,6.7125209643,6.71252096429,6.71252096429,6.712520964708,6.712520964708,6.7125209647,6.71252096471,6.71252096471,6.7125209641,6.7125209641,6.7125209646,7.8049440457,7.8049440459,7.8049440459,7.8049440464,7.80494404568,7.80494404568,7.8049440462,7.8049440458,7.8049440458,7.8049440464,7.8049440464,7.8049440464,7.8049440463,7.80494404636,7.80494404636,7.8049440464,7.8049440464,7.8049440459,7.8049440459,7.804944046,7.804944046,7.8049440459,7.804944045941,7.804944045951,7.804944045951,7.8049440458,7.8049440462,7.8049440462,7.80494404613,7.80494404613,7.80494404621,7.80494404621,7.80494404617,7.80494404617,7.80494404623,7.80494404623,10.7271122377,10.7271122376,10.72711223767,10.72711223767,10.72711223757,10.72711223755,10.72711223755,10.7271122376,10.7271122376,10.7271122376,10.7271122377,10.7271122377,10.7271122368,10.7271122368,10.72711223671,10.72711223671,10.7271122372,10.7271122372,10.72711223689,10.72711223689,10.7271122374,10.7271122375,10.72711223745,10.72711223745
"t45",2.337363940099,1.993253182799,0,0.7943658584,0.798867413639,0.798867413709,0.798867413709,0.798867413669,0.798867413709,0.798867413709,0.798867413639,2.089704382369,2.089704382369,2.089704382379,2.089704382379,2.089704382399,2.089704382389,2.089704382379,2.089704382379,4.084983206099,6.712520964289,6.712520964289,6.712520964259,6.712520964249,6.712520964249,6.712520964299,6.712520964299,6.712520964499,6.712520964299,6.712520964299,6.712520964289,6.712520964289,6.712520964707,6.712520964707,6.712520964699,6.712520964709,6.712520964709,6.712520964099,6.712520964099,6.712520964599,7.804944045699,7.804944045899,7.804944045899,7.804944046399,7.804944045679,7.804944045679,7.804944046199,7.804944045799,7.804944045799,7.804944046399,7.804944046399,7.804944046399,7.804944046299,7.804944046359,7.804944046359,7.804944046399,7.804944046399,7.804944045899,7.804944045899,7.804944045999,7.804944045999,7.804944045899,7.80494404594,7.80494404595,7.80494404595,7.804944045799,7.804944046199,7.804944046199,7.804944046129,7.804944046129,7.804944046209,7.804944046209,7.804944046169,7.804944046169,7.804944046229,7.804944046229,10.727112237699,10.727112237599,10.727112237669,10.727112237669,10.727112237569,10.727112237549,10.727112237549,10.727112237599,10.727112237599,10.727112237599,10.727112237699,10.727112237699,10.727112236799,10.727112236799,10.727112236709,10.727112236709,10.727112237199,10.727112237199,10.727112236889,10.727112236889,10.727112237399,10.727112237499,10.727112237449,10.727112237449
"t46",2.337363940099,1.993253182799,0.7943658584,0,0.798867413639,0.798867413709,0.798867413709,0.798867413669,0.798867413709,0.798867413709,0.798867413639,2.089704382369,2.089704382369,2.089704382379,2.089704382379,2.089704382399,2.089704382389,2.089704382379,2.089704382379,4.084983206099,6.712520964289,6.712520964289,6.712520964259,6.712520964249,6.712520964249,6.712520964299,6.712520964299,6.712520964499,6.712520964299,6.712520964299,6.712520964289,6.712520964289,6.712520964707,6.712520964707,6.712520964699,6.712520964709,6.712520964709,6.712520964099,6.712520964099,6.712520964599,7.804944045699,7.804944045899,7.804944045899,7.804944046399,7.804944045679,7.804944045679,7.804944046199,7.804944045799,7.804944045799,7.804944046399,7.804944046399,7.804944046399,7.804944046299,7.804944046359,7.804944046359,7.804944046399,7.804944046399,7.804944045899,7.804944045899,7.804944045999,7.804944045999,7.804944045899,7.80494404594,7.80494404595,7.80494404595,7.804944045799,7.804944046199,7.804944046199,7.804944046129,7.804944046129,7.804944046209,7.804944046209,7.804944046169,7.804944046169,7.804944046229,7.804944046229,10.727112237699,10.727112237599,10.727112237669,10.727112237669,10.727112237569,10.727112237549,10.727112237549,10.727112237599,10.727112237599,10.727112237599,10.727112237699,10.727112237699,10.727112236799,10.727112236799,10.727112236709,10.727112236709,10.727112237199,10.727112237199,10.727112236889,10.727112236889,10.727112237399,10.727112237499,10.727112237449,10.727112237449
"t47",2.33736394014,1.99325318284,0.798867413639,0.798867413639,0,0.71775852727,0.71775852727,0.71775852723,0.71775852727,0.71775852727,0.7177585272,2.08970438241,2.08970438241,2.08970438242,2.08970438242,2.08970438244,2.08970438243,2.08970438242,2.08970438242,4.08498320614,6.71252096433,6.71252096433,6.7125209643,6.71252096429,6.71252096429,6.71252096434,6.71252096434,6.71252096454,6.71252096434,6.71252096434,6.71252096433,6.71252096433,6.712520964748,6.712520964748,6.71252096474,6.71252096475,6.71252096475,6.71252096414,6.71252096414,6.71252096464,7.80494404574,7.80494404594,7.80494404594,7.80494404644,7.80494404572,7.80494404572,7.80494404624,7.80494404584,7.80494404584,7.80494404644,7.80494404644,7.80494404644,7.80494404634,7.8049440464,7.8049440464,7.80494404644,7.80494404644,7.80494404594,7.80494404594,7.80494404604,7.80494404604,7.80494404594,7.804944045981,7.804944045991,7.804944045991,7.80494404584,7.80494404624,7.80494404624,7.80494404617,7.80494404617,7.80494404625,7.80494404625,7.80494404621,7.80494404621,7.80494404627,7.80494404627,10.72711223774,10.72711223764,10.72711223771,10.72711223771,10.72711223761,10.72711223759,10.72711223759,10.72711223764,10.72711223764,10.72711223764,10.72711223774,10.72711223774,10.72711223684,10.72711223684,10.72711223675,10.72711223675,10.72711223724,10.72711223724,10.72711223693,10.72711223693,10.72711223744,10.72711223754,10.72711223749,10.72711223749
"t81",2.33736394021,1.99325318291,0.798867413709,0.798867413709,0.71775852727,0,0.221081786,0.29741443224,0.4591333292,0.4591333292,0.49407701467,2.08970438248,2.08970438248,2.08970438249,2.08970438249,2.08970438251,2.0897043825,2.08970438249,2.08970438249,4.08498320621,6.7125209644,6.7125209644,6.71252096437,6.71252096436,6.71252096436,6.71252096441,6.71252096441,6.71252096461,6.71252096441,6.71252096441,6.7125209644,6.7125209644,6.712520964818,6.712520964818,6.71252096481,6.71252096482,6.71252096482,6.71252096421,6.71252096421,6.71252096471,7.80494404581,7.80494404601,7.80494404601,7.80494404651,7.80494404579,7.80494404579,7.80494404631,7.80494404591,7.80494404591,7.80494404651,7.80494404651,7.80494404651,7.80494404641,7.80494404647,7.80494404647,7.80494404651,7.80494404651,7.80494404601,7.80494404601,7.80494404611,7.80494404611,7.80494404601,7.804944046051,7.804944046061,7.804944046061,7.80494404591,7.80494404631,7.80494404631,7.80494404624,7.80494404624,7.80494404632,7.80494404632,7.80494404628,7.80494404628,7.80494404634,7.80494404634,10.72711223781,10.72711223771,10.72711223778,10.72711223778,10.72711223768,10.72711223766,10.72711223766,10.72711223771,10.72711223771,10.72711223771,10.72711223781,10.72711223781,10.72711223691,10.72711223691,10.72711223682,10.72711223682,10.72711223731,10.72711223731,10.727112237,10.727112237,10.72711223751,10.72711223761,10.72711223756,10.72711223756
"t82",2.33736394021,1.99325318291,0.798867413709,0.798867413709,0.71775852727,0.221081786,0,0.29741443224,0.4591333292,0.4591333292,0.49407701467,2.08970438248,2.08970438248,2.08970438249,2.08970438249,2.08970438251,2.0897043825,2.08970438249,2.08970438249,4.08498320621,6.7125209644,6.7125209644,6.71252096437,6.71252096436,6.71252096436,6.71252096441,6.71252096441,6.71252096461,6.71252096441,6.71252096441,6.7125209644,6.7125209644,6.712520964818,6.712520964818,6.71252096481,6.71252096482,6.71252096482,6.71252096421,6.71252096421,6.71252096471,7.80494404581,7.80494404601,7.80494404601,7.80494404651,7.80494404579,7.80494404579,7.80494404631,7.80494404591,7.80494404591,7.80494404651,7.80494404651,7.80494404651,7.80494404641,7.80494404647,7.80494404647,7.80494404651,7.80494404651,7.80494404601,7.80494404601,7.80494404611,7.80494404611,7.80494404601,7.804944046051,7.804944046061,7.804944046061,7.80494404591,7.80494404631,7.80494404631,7.80494404624,7.80494404624,7.80494404632,7.80494404632,7.80494404628,7.80494404628,7.80494404634,7.80494404634,10.72711223781,10.72711223771,10.72711223778,10.72711223778,10.72711223768,10.72711223766,10.72711223766,10.72711223771,10.72711223771,10.72711223771,10.72711223781,10.72711223781,10.72711223691,10.72711223691,10.72711223682,10.72711223682,10.72711223731,10.72711223731,10.727112237,10.727112237,10.72711223751,10.72711223761,10.72711223756,10.72711223756
"t73",2.33736394017,1.99325318287,0.798867413669,0.798867413669,0.71775852723,0.29741443224,0.29741443224,0,0.45913332916,0.45913332916,0.49407701463,2.08970438244,2.08970438244,2.08970438245,2.08970438245,2.08970438247,2.08970438246,2.08970438245,2.08970438245,4.08498320617,6.71252096436,6.71252096436,6.71252096433,6.71252096432,6.71252096432,6.71252096437,6.71252096437,6.71252096457,6.71252096437,6.71252096437,6.71252096436,6.71252096436,6.712520964778,6.712520964778,6.71252096477,6.71252096478,6.71252096478,6.71252096417,6.71252096417,6.71252096467,7.80494404577,7.80494404597,7.80494404597,7.80494404647,7.80494404575,7.80494404575,7.80494404627,7.80494404587,7.80494404587,7.80494404647,7.80494404647,7.80494404647,7.80494404637,7.80494404643,7.80494404643,7.80494404647,7.80494404647,7.80494404597,7.80494404597,7.80494404607,7.80494404607,7.80494404597,7.804944046011,7.804944046021,7.804944046021,7.80494404587,7.80494404627,7.80494404627,7.8049440462,7.8049440462,7.80494404628,7.80494404628,7.80494404624,7.80494404624,7.8049440463,7.8049440463,10.72711223777,10.72711223767,10.72711223774,10.72711223774,10.72711223764,10.72711223762,10.72711223762,10.72711223767,10.72711223767,10.72711223767,10.72711223777,10.72711223777,10.72711223687,10.72711223687,10.72711223678,10.72711223678,10.72711223727,10.72711223727,10.72711223696,10.72711223696,10.72711223747,10.72711223757,10.72711223752,10.72711223752
"t95",2.33736394021,1.99325318291,0.798867413709,0.798867413709,0.71775852727,0.4591333292,0.4591333292,0.45913332916,0,0.0534165718,0.49407701467,2.08970438248,2.08970438248,2.08970438249,2.08970438249,2.08970438251,2.0897043825,2.08970438249,2.08970438249,4.08498320621,6.7125209644,6.7125209644,6.71252096437,6.71252096436,6.71252096436,6.71252096441,6.71252096441,6.71252096461,6.71252096441,6.71252096441,6.7125209644,6.7125209644,6.712520964818,6.712520964818,6.71252096481,6.71252096482,6.71252096482,6.71252096421,6.71252096421,6.71252096471,7.80494404581,7.80494404601,7.80494404601,7.80494404651,7.80494404579,7.80494404579,7.80494404631,7.80494404591,7.80494404591,7.80494404651,7.80494404651,7.80494404651,7.80494404641,7.80494404647,7.80494404647,7.80494404651,7.80494404651,7.80494404601,7.80494404601,7.80494404611,7.80494404611,7.80494404601,7.804944046051,7.804944046061,7.804944046061,7.80494404591,7.80494404631,7.80494404631,7.80494404624,7.80494404624,7.80494404632,7.80494404632,7.80494404628,7.80494404628,7.80494404634,7.80494404634,10.72711223781,10.72711223771,10.72711223778,10.72711223778,10.72711223768,10.72711223766,10.72711223766,10.72711223771,10.72711223771,10.72711223771,10.72711223781,10.72711223781,10.72711223691,10.72711223691,10.72711223682,10.72711223682,10.72711223731,10.72711223731,10.727112237,10.727112237,10.72711223751,10.72711223761,10.72711223756,10.72711223756
"t96",2.33736394021,1.99325318291,0.798867413709,0.798867413709,0.71775852727,0.4591333292,0.4591333292,0.45913332916,0.0534165718,0,0.49407701467,2.08970438248,2.08970438248,2.08970438249,2.08970438249,2.08970438251,2.0897043825,2.08970438249,2.08970438249,4.08498320621,6.7125209644,6.7125209644,6.71252096437,6.71252096436,6.71252096436,6.71252096441,6.71252096441,6.71252096461,6.71252096441,6.71252096441,6.7125209644,6.7125209644,6.712520964818,6.712520964818,6.71252096481,6.71252096482,6.71252096482,6.71252096421,6.71252096421,6.71252096471,7.80494404581,7.80494404601,7.80494404601,7.80494404651,7.80494404579,7.80494404579,7.80494404631,7.80494404591,7.80494404591,7.80494404651,7.80494404651,7.80494404651,7.80494404641,7.80494404647,7.80494404647,7.80494404651,7.80494404651,7.80494404601,7.80494404601,7.80494404611,7.80494404611,7.80494404601,7.804944046051,7.804944046061,7.804944046061,7.80494404591,7.80494404631,7.80494404631,7.80494404624,7.80494404624,7.80494404632,7.80494404632,7.80494404628,7.80494404628,7.80494404634,7.80494404634,10.72711223781,10.72711223771,10.72711223778,10.72711223778,10.72711223768,10.72711223766,10.72711223766,10.72711223771,10.72711223771,10.72711223771,10.72711223781,10.72711223781,10.72711223691,10.72711223691,10.72711223682,10.72711223682,10.72711223731,10.72711223731,10.727112237,10.727112237,10.72711223751,10.72711223761,10.72711223756,10.72711223756
"t60",2.33736394014,1.99325318284,0.798867413639,0.798867413639,0.7177585272,0.49407701467,0.49407701467,0.49407701463,0.49407701467,0.49407701467,0,2.08970438241,2.08970438241,2.08970438242,2.08970438242,2.08970438244,2.08970438243,2.08970438242,2.08970438242,4.08498320614,6.71252096433,6.71252096433,6.7125209643,6.71252096429,6.71252096429,6.71252096434,6.71252096434,6.71252096454,6.71252096434,6.71252096434,6.71252096433,6.71252096433,6.712520964748,6.712520964748,6.71252096474,6.71252096475,6.71252096475,6.71252096414,6.71252096414,6.71252096464,7.80494404574,7.80494404594,7.80494404594,7.80494404644,7.80494404572,7.80494404572,7.80494404624,7.80494404584,7.80494404584,7.80494404644,7.80494404644,7.80494404644,7.80494404634,7.8049440464,7.8049440464,7.80494404644,7.80494404644,7.80494404594,7.80494404594,7.80494404604,7.80494404604,7.80494404594,7.804944045981,7.804944045991,7.804944045991,7.80494404584,7.80494404624,7.80494404624,7.80494404617,7.80494404617,7.80494404625,7.80494404625,7.80494404621,7.80494404621,7.80494404627,7.80494404627,10.72711223774,10.72711223764,10.72711223771,10.72711223771,10.72711223761,10.72711223759,10.72711223759,10.72711223764,10.72711223764,10.72711223764,10.72711223774,10.72711223774,10.72711223684,10.72711223684,10.72711223675,10.72711223675,10.72711223724,10.72711223724,10.72711223693,10.72711223693,10.72711223744,10.72711223754,10.72711223749,10.72711223749
"t97",2.33736394007,2.08970438237,2.089704382369,2.089704382369,2.08970438241,2.08970438248,2.08970438248,2.08970438244,2.08970438248,2.08970438248,2.08970438241,0,0.04219817674,1.49249773455,1.49249773455,1.49249773457,1.49249773456,1.49249773455,1.49249773455,4.08498320607,6.71252096426,6.71252096426,6.71252096423,6.71252096422,6.71252096422,6.71252096427,6.71252096427,6.71252096447,6.71252096427,6.71252096427,6.71252096426,6.71252096426,6.712520964678,6.712520964678,6.71252096467,6.71252096468,6.71252096468,6.71252096407,6.71252096407,6.71252096457,7.80494404567,7.80494404587,7.80494404587,7.80494404637,7.80494404565,7.80494404565,7.80494404617,7.80494404577,7.80494404577,7.80494404637,7.80494404637,7.80494404637,7.80494404627,7.80494404633,7.80494404633,7.80494404637,7.80494404637,7.80494404587,7.80494404587,7.80494404597,7.80494404597,7.80494404587,7.804944045911,7.804944045921,7.804944045921,7.80494404577,7.80494404617,7.80494404617,7.8049440461,7.8049440461,7.80494404618,7.80494404618,7.80494404614,7.80494404614,7.8049440462,7.8049440462,10.72711223767,10.72711223757,10.72711223764,10.72711223764,10.72711223754,10.72711223752,10.72711223752,10.72711223757,10.72711223757,10.72711223757,10.72711223767,10.72711223767,10.72711223677,10.72711223677,10.72711223668,10.72711223668,10.72711223717,10.72711223717,10.72711223686,10.72711223686,10.72711223737,10.72711223747,10.72711223742,10.72711223742
"t98",2.33736394007,2.08970438237,2.089704382369,2.089704382369,2.08970438241,2.08970438248,2.08970438248,2.08970438244,2.08970438248,2.08970438248,2.08970438241,0.04219817674,0,1.49249773455,1.49249773455,1.49249773457,1.49249773456,1.49249773455,1.49249773455,4.08498320607,6.71252096426,6.71252096426,6.71252096423,6.71252096422,6.71252096422,6.71252096427,6.71252096427,6.71252096447,6.71252096427,6.71252096427,6.71252096426,6.71252096426,6.712520964678,6.712520964678,6.71252096467,6.71252096468,6.71252096468,6.71252096407,6.71252096407,6.71252096457,7.80494404567,7.80494404587,7.80494404587,7.80494404637,7.80494404565,7.80494404565,7.80494404617,7.80494404577,7.80494404577,7.80494404637,7.80494404637,7.80494404637,7.80494404627,7.80494404633,7.80494404633,7.80494404637,7.80494404637,7.80494404587,7.80494404587,7.80494404597,7.80494404597,7.80494404587,7.804944045911,7.804944045921,7.804944045921,7.80494404577,7.80494404617,7.80494404617,7.8049440461,7.8049440461,7.80494404618,7.80494404618,7.80494404614,7.80494404614,7.8049440462,7.8049440462,10.72711223767,10.72711223757,10.72711223764,10.72711223764,10.72711223754,10.72711223752,10.72711223752,10.72711223757,10.72711223757,10.72711223757,10.72711223767,10.72711223767,10.72711223677,10.72711223677,10.72711223668,10.72711223668,10.72711223717,10.72711223717,10.72711223686,10.72711223686,10.72711223737,10.72711223747,10.72711223742,10.72711223742
"t83",2.33736394008,2.08970438238,2.089704382379,2.089704382379,2.08970438242,2.08970438249,2.08970438249,2.08970438245,2.08970438249,2.08970438249,2.08970438242,1.49249773455,1.49249773455,0,0.19783678096,1.10302225178,1.24763150659,1.36260455762,1.36260455762,4.08498320608,6.71252096427,6.71252096427,6.71252096424,6.71252096423,6.71252096423,6.71252096428,6.71252096428,6.71252096448,6.71252096428,6.71252096428,6.71252096427,6.71252096427,6.712520964688,6.712520964688,6.71252096468,6.71252096469,6.71252096469,6.71252096408,6.71252096408,6.71252096458,7.80494404568,7.80494404588,7.80494404588,7.80494404638,7.80494404566,7.80494404566,7.80494404618,7.80494404578,7.80494404578,7.80494404638,7.80494404638,7.80494404638,7.80494404628,7.80494404634,7.80494404634,7.80494404638,7.80494404638,7.80494404588,7.80494404588,7.80494404598,7.80494404598,7.80494404588,7.804944045921,7.804944045931,7.804944045931,7.80494404578,7.80494404618,7.80494404618,7.80494404611,7.80494404611,7.80494404619,7.80494404619,7.80494404615,7.80494404615,7.80494404621,7.80494404621,10.72711223768,10.72711223758,10.72711223765,10.72711223765,10.72711223755,10.72711223753,10.72711223753,10.72711223758,10.72711223758,10.72711223758,10.72711223768,10.72711223768,10.72711223678,10.72711223678,10.72711223669,10.72711223669,10.72711223718,10.72711223718,10.72711223687,10.72711223687,10.72711223738,10.72711223748,10.72711223743,10.72711223743
"t84",2.33736394008,2.08970438238,2.089704382379,2.089704382379,2.08970438242,2.08970438249,2.08970438249,2.08970438245,2.08970438249,2.08970438249,2.08970438242,1.49249773455,1.49249773455,0.19783678096,0,1.10302225178,1.24763150659,1.36260455762,1.36260455762,4.08498320608,6.71252096427,6.71252096427,6.71252096424,6.71252096423,6.71252096423,6.71252096428,6.71252096428,6.71252096448,6.71252096428,6.71252096428,6.71252096427,6.71252096427,6.712520964688,6.712520964688,6.71252096468,6.71252096469,6.71252096469,6.71252096408,6.71252096408,6.71252096458,7.80494404568,7.80494404588,7.80494404588,7.80494404638,7.80494404566,7.80494404566,7.80494404618,7.80494404578,7.80494404578,7.80494404638,7.80494404638,7.80494404638,7.80494404628,7.80494404634,7.80494404634,7.80494404638,7.80494404638,7.80494404588,7.80494404588,7.80494404598,7.80494404598,7.80494404588,7.804944045921,7.804944045931,7.804944045931,7.80494404578,7.80494404618,7.80494404618,7.80494404611,7.80494404611,7.80494404619,7.80494404619,7.80494404615,7.80494404615,7.80494404621,7.80494404621,10.72711223768,10.72711223758,10.72711223765,10.72711223765,10.72711223755,10.72711223753,10.72711223753,10.72711223758,10.72711223758,10.72711223758,10.72711223768,10.72711223768,10.72711223678,10.72711223678,10.72711223669,10.72711223669,10.72711223718,10.72711223718,10.72711223687,10.72711223687,10.72711223738,10.72711223748,10.72711223743,10.72711223743
"t39",2.3373639401,2.0897043824,2.089704382399,2.089704382399,2.08970438244,2.08970438251,2.08970438251,2.08970438247,2.08970438251,2.08970438251,2.08970438244,1.49249773457,1.49249773457,1.10302225178,1.10302225178,0,1.24763150661,1.36260455764,1.36260455764,4.0849832061,6.71252096429,6.71252096429,6.71252096426,6.71252096425,6.71252096425,6.7125209643,6.7125209643,6.7125209645,6.7125209643,6.7125209643,6.71252096429,6.71252096429,6.712520964708,6.712520964708,6.7125209647,6.71252096471,6.71252096471,6.7125209641,6.7125209641,6.7125209646,7.8049440457,7.8049440459,7.8049440459,7.8049440464,7.80494404568,7.80494404568,7.8049440462,7.8049440458,7.8049440458,7.8049440464,7.8049440464,7.8049440464,7.8049440463,7.80494404636,7.80494404636,7.8049440464,7.8049440464,7.8049440459,7.8049440459,7.804944046,7.804944046,7.8049440459,7.804944045941,7.804944045951,7.804944045951,7.8049440458,7.8049440462,7.8049440462,7.80494404613,7.80494404613,7.80494404621,7.80494404621,7.80494404617,7.80494404617,7.80494404623,7.80494404623,10.7271122377,10.7271122376,10.72711223767,10.72711223767,10.72711223757,10.72711223755,10.72711223755,10.7271122376,10.7271122376,10.7271122376,10.7271122377,10.7271122377,10.7271122368,10.7271122368,10.72711223671,10.72711223671,10.7271122372,10.7271122372,10.72711223689,10.72711223689,10.7271122374,10.7271122375,10.72711223745,10.72711223745
"t29",2.33736394009,2.08970438239,2.089704382389,2.089704382389,2.08970438243,2.0897043825,2.0897043825,2.08970438246,2.0897043825,2.0897043825,2.08970438243,1.49249773456,1.49249773456,1.24763150659,1.24763150659,1.24763150661,0,1.36260455763,1.36260455763,4.08498320609,6.71252096428,6.71252096428,6.71252096425,6.71252096424,6.71252096424,6.71252096429,6.71252096429,6.71252096449,6.71252096429,6.71252096429,6.71252096428,6.71252096428,6.712520964698,6.712520964698,6.71252096469,6.7125209647,6.7125209647,6.71252096409,6.71252096409,6.71252096459,7.80494404569,7.80494404589,7.80494404589,7.80494404639,7.80494404567,7.80494404567,7.80494404619,7.80494404579,7.80494404579,7.80494404639,7.80494404639,7.80494404639,7.80494404629,7.80494404635,7.80494404635,7.80494404639,7.80494404639,7.80494404589,7.80494404589,7.80494404599,7.80494404599,7.80494404589,7.804944045931,7.804944045941,7.804944045941,7.80494404579,7.80494404619,7.80494404619,7.80494404612,7.80494404612,7.8049440462,7.8049440462,7.80494404616,7.80494404616,7.80494404622,7.80494404622,10.72711223769,10.72711223759,10.72711223766,10.72711223766,10.72711223756,10.72711223754,10.72711223754,10.72711223759,10.72711223759,10.72711223759,10.72711223769,10.72711223769,10.72711223679,10.72711223679,10.7271122367,10.7271122367,10.72711223719,10.72711223719,10.72711223688,10.72711223688,10.72711223739,10.72711223749,10.72711223744,10.72711223744
"t36",2.33736394008,2.08970438238,2.089704382379,2.089704382379,2.08970438242,2.08970438249,2.08970438249,2.08970438245,2.08970438249,2.08970438249,2.08970438242,1.49249773455,1.49249773455,1.36260455762,1.36260455762,1.36260455764,1.36260455763,0,1.201578169,4.08498320608,6.71252096427,6.71252096427,6.71252096424,6.71252096423,6.71252096423,6.71252096428,6.71252096428,6.71252096448,6.71252096428,6.71252096428,6.71252096427,6.71252096427,6.712520964688,6.712520964688,6.71252096468,6.71252096469,6.71252096469,6.71252096408,6.71252096408,6.71252096458,7.80494404568,7.80494404588,7.80494404588,7.80494404638,7.80494404566,7.80494404566,7.80494404618,7.80494404578,7.80494404578,7.80494404638,7.80494404638,7.80494404638,7.80494404628,7.80494404634,7.80494404634,7.80494404638,7.80494404638,7.80494404588,7.80494404588,7.80494404598,7.80494404598,7.80494404588,7.804944045921,7.804944045931,7.804944045931,7.80494404578,7.80494404618,7.80494404618,7.80494404611,7.80494404611,7.80494404619,7.80494404619,7.80494404615,7.80494404615,7.80494404621,7.80494404621,10.72711223768,10.72711223758,10.72711223765,10.72711223765,10.72711223755,10.72711223753,10.72711223753,10.72711223758,10.72711223758,10.72711223758,10.72711223768,10.72711223768,10.72711223678,10.72711223678,10.72711223669,10.72711223669,10.72711223718,10.72711223718,10.72711223687,10.72711223687,10.72711223738,10.72711223748,10.72711223743,10.72711223743
"t37",2.33736394008,2.08970438238,2.089704382379,2.089704382379,2.08970438242,2.08970438249,2.08970438249,2.08970438245,2.08970438249,2.08970438249,2.08970438242,1.49249773455,1.49249773455,1.36260455762,1.36260455762,1.36260455764,1.36260455763,1.201578169,0,4.08498320608,6.71252096427,6.71252096427,6.71252096424,6.71252096423,6.71252096423,6.71252096428,6.71252096428,6.71252096448,6.71252096428,6.71252096428,6.71252096427,6.71252096427,6.712520964688,6.712520964688,6.71252096468,6.71252096469,6.71252096469,6.71252096408,6.71252096408,6.71252096458,7.80494404568,7.80494404588,7.80494404588,7.80494404638,7.80494404566,7.80494404566,7.80494404618,7.80494404578,7.80494404578,7.80494404638,7.80494404638,7.80494404638,7.80494404628,7.80494404634,7.80494404634,7.80494404638,7.80494404638,7.80494404588,7.80494404588,7.80494404598,7.80494404598,7.80494404588,7.804944045921,7.804944045931,7.804944045931,7.80494404578,7.80494404618,7.80494404618,7.80494404611,7.80494404611,7.80494404619,7.80494404619,7.80494404615,7.80494404615,7.80494404621,7.80494404621,10.72711223768,10.72711223758,10.72711223765,10.72711223765,10.72711223755,10.72711223753,10.72711223753,10.72711223758,10.72711223758,10.72711223758,10.72711223768,10.72711223768,10.72711223678,10.72711223678,10.72711223669,10.72711223669,10.72711223718,10.72711223718,10.72711223687,10.72711223687,10.72711223738,10.72711223748,10.72711223743,10.72711223743
"t1",4.084983206,4.0849832061,4.084983206099,4.084983206099,4.08498320614,4.08498320621,4.08498320621,4.08498320617,4.08498320621,4.08498320621,4.08498320614,4.08498320607,4.08498320607,4.08498320608,4.08498320608,4.0849832061,4.08498320609,4.08498320608,4.08498320608,0,6.71252096419,6.71252096419,6.71252096416,6.71252096415,6.71252096415,6.7125209642,6.7125209642,6.7125209644,6.7125209642,6.7125209642,6.71252096419,6.71252096419,6.712520964608,6.712520964608,6.7125209646,6.71252096461,6.71252096461,6.712520964,6.712520964,6.7125209645,7.8049440456,7.8049440458,7.8049440458,7.8049440463,7.80494404558,7.80494404558,7.8049440461,7.8049440457,7.8049440457,7.8049440463,7.8049440463,7.8049440463,7.8049440462,7.80494404626,7.80494404626,7.8049440463,7.8049440463,7.8049440458,7.8049440458,7.8049440459,7.8049440459,7.8049440458,7.804944045841,7.804944045851,7.804944045851,7.8049440457,7.8049440461,7.8049440461,7.80494404603,7.80494404603,7.80494404611,7.80494404611,7.80494404607,7.80494404607,7.80494404613,7.80494404613,10.7271122376,10.7271122375,10.72711223757,10.72711223757,10.72711223747,10.72711223745,10.72711223745,10.7271122375,10.7271122375,10.7271122375,10.7271122376,10.7271122376,10.7271122367,10.7271122367,10.72711223661,10.72711223661,10.7271122371,10.7271122371,10.72711223679,10.72711223679,10.7271122373,10.7271122374,10.72711223735,10.72711223735
"t56",6.71252096419,6.71252096429,6.712520964289,6.712520964289,6.71252096433,6.7125209644,6.7125209644,6.71252096436,6.7125209644,6.7125209644,6.71252096433,6.71252096426,6.71252096426,6.71252096427,6.71252096427,6.71252096429,6.71252096428,6.71252096427,6.71252096427,6.71252096419,0,0.539550845,0.62456584263,0.62456584262,0.62456584262,0.70210749839,1.16081425939,3.15380796259,3.15380796239,3.15380796239,3.15380796238,3.15380796238,6.144646422798,6.144646422798,6.14464642279,6.1446464228,6.1446464228,6.14464642219,6.14464642219,6.14464642269,7.80494404579,7.80494404599,7.80494404599,7.80494404649,7.80494404577,7.80494404577,7.80494404629,7.80494404589,7.80494404589,7.80494404649,7.80494404649,7.80494404649,7.80494404639,7.80494404645,7.80494404645,7.80494404649,7.80494404649,7.80494404599,7.80494404599,7.80494404609,7.80494404609,7.80494404599,7.804944046031,7.804944046041,7.804944046041,7.80494404589,7.80494404629,7.80494404629,7.80494404622,7.80494404622,7.8049440463,7.8049440463,7.80494404626,7.80494404626,7.80494404632,7.80494404632,10.72711223779,10.72711223769,10.72711223776,10.72711223776,10.72711223766,10.72711223764,10.72711223764,10.72711223769,10.72711223769,10.72711223769,10.72711223779,10.72711223779,10.72711223689,10.72711223689,10.7271122368,10.7271122368,10.72711223729,10.72711223729,10.72711223698,10.72711223698,10.72711223749,10.72711223759,10.72711223754,10.72711223754
"t57",6.71252096419,6.71252096429,6.712520964289,6.712520964289,6.71252096433,6.7125209644,6.7125209644,6.71252096436,6.7125209644,6.7125209644,6.71252096433,6.71252096426,6.71252096426,6.71252096427,6.71252096427,6.71252096429,6.71252096428,6.71252096427,6.71252096427,6.71252096419,0.539550845,0,0.62456584263,0.62456584262,0.62456584262,0.70210749839,1.16081425939,3.15380796259,3.15380796239,3.15380796239,3.15380796238,3.15380796238,6.144646422798,6.144646422798,6.14464642279,6.1446464228,6.1446464228,6.14464642219,6.14464642219,6.14464642269,7.80494404579,7.80494404599,7.80494404599,7.80494404649,7.80494404577,7.80494404577,7.80494404629,7.80494404589,7.80494404589,7.80494404649,7.80494404649,7.80494404649,7.80494404639,7.80494404645,7.80494404645,7.80494404649,7.80494404649,7.80494404599,7.80494404599,7.80494404609,7.80494404609,7.80494404599,7.804944046031,7.804944046041,7.804944046041,7.80494404589,7.80494404629,7.80494404629,7.80494404622,7.80494404622,7.8049440463,7.8049440463,7.80494404626,7.80494404626,7.80494404632,7.80494404632,10.72711223779,10.72711223769,10.72711223776,10.72711223776,10.72711223766,10.72711223764,10.72711223764,10.72711223769,10.72711223769,10.72711223769,10.72711223779,10.72711223779,10.72711223689,10.72711223689,10.7271122368,10.7271122368,10.72711223729,10.72711223729,10.72711223698,10.72711223698,10.72711223749,10.72711223759,10.72711223754,10.72711223754
"t74",6.71252096416,6.71252096426,6.712520964259,6.712520964259,6.7125209643,6.71252096437,6.71252096437,6.71252096433,6.71252096437,6.71252096437,6.7125209643,6.71252096423,6.71252096423,6.71252096424,6.71252096424,6.71252096426,6.71252096425,6.71252096424,6.71252096424,6.71252096416,0.62456584263,0.62456584263,0,0.28314019159,0.28314019159,0.70210749836,1.16081425936,3.15380796256,3.15380796236,3.15380796236,3.15380796235,3.15380796235,6.144646422768,6.144646422768,6.14464642276,6.14464642277,6.14464642277,6.14464642216,6.14464642216,6.14464642266,7.80494404576,7.80494404596,7.80494404596,7.80494404646,7.80494404574,7.80494404574,7.80494404626,7.80494404586,7.80494404586,7.80494404646,7.80494404646,7.80494404646,7.80494404636,7.80494404642,7.80494404642,7.80494404646,7.80494404646,7.80494404596,7.80494404596,7.80494404606,7.80494404606,7.80494404596,7.804944046001,7.804944046011,7.804944046011,7.80494404586,7.80494404626,7.80494404626,7.80494404619,7.80494404619,7.80494404627,7.80494404627,7.80494404623,7.80494404623,7.80494404629,7.80494404629,10.72711223776,10.72711223766,10.72711223773,10.72711223773,10.72711223763,10.72711223761,10.72711223761,10.72711223766,10.72711223766,10.72711223766,10.72711223776,10.72711223776,10.72711223686,10.72711223686,10.72711223677,10.72711223677,10.72711223726,10.72711223726,10.72711223695,10.72711223695,10.72711223746,10.72711223756,10.72711223751,10.72711223751
"t93",6.71252096415,6.71252096425,6.712520964249,6.712520964249,6.71252096429,6.71252096436,6.71252096436,6.71252096432,6.71252096436,6.71252096436,6.71252096429,6.71252096422,6.71252096422,6.71252096423,6.71252096423,6.71252096425,6.71252096424,6.71252096423,6.71252096423,6.71252096415,0.62456584262,0.62456584262,0.28314019159,0,0.06353011838,0.70210749835,1.16081425935,3.15380796255,3.15380796235,3.15380796235,3.15380796234,3.15380796234,6.144646422758,6.144646422758,6.14464642275,6.14464642276,6.14464642276,6.14464642215,6.14464642215,6.14464642265,7.80494404575,7.80494404595,7.80494404595,7.80494404645,7.80494404573,7.80494404573,7.80494404625,7.80494404585,7.80494404585,7.80494404645,7.80494404645,7.80494404645,7.80494404635,7.80494404641,7.80494404641,7.80494404645,7.80494404645,7.80494404595,7.80494404595,7.80494404605,7.80494404605,7.80494404595,7.804944045991,7.804944046001,7.804944046001,7.80494404585,7.80494404625,7.80494404625,7.80494404618,7.80494404618,7.80494404626,7.80494404626,7.80494404622,7.80494404622,7.80494404628,7.80494404628,10.72711223775,10.72711223765,10.72711223772,10.72711223772,10.72711223762,10.7271122376,10.7271122376,10.72711223765,10.72711223765,10.72711223765,10.72711223775,10.72711223775,10.72711223685,10.72711223685,10.72711223676,10.72711223676,10.72711223725,10.72711223725,10.72711223694,10.72711223694,10.72711223745,10.72711223755,10.7271122375,10.7271122375
"t94",6.71252096415,6.71252096425,6.712520964249,6.712520964249,6.71252096429,6.71252096436,6.71252096436,6.71252096432,6.71252096436,6.71252096436,6.71252096429,6.71252096422,6.71252096422,6.71252096423,6.71252096423,6.71252096425,6.71252096424,6.71252096423,6.71252096423,6.71252096415,0.62456584262,0.62456584262,0.28314019159,0.06353011838,0,0.70210749835,1.16081425935,3.15380796255,3.15380796235,3.15380796235,3.15380796234,3.15380796234,6.144646422758,6.144646422758,6.14464642275,6.14464642276,6.14464642276,6.14464642215,6.14464642215,6.14464642265,7.80494404575,7.80494404595,7.80494404595,7.80494404645,7.80494404573,7.80494404573,7.80494404625,7.80494404585,7.80494404585,7.80494404645,7.80494404645,7.80494404645,7.80494404635,7.80494404641,7.80494404641,7.80494404645,7.80494404645,7.80494404595,7.80494404595,7.80494404605,7.80494404605,7.80494404595,7.804944045991,7.804944046001,7.804944046001,7.80494404585,7.80494404625,7.80494404625,7.80494404618,7.80494404618,7.80494404626,7.80494404626,7.80494404622,7.80494404622,7.80494404628,7.80494404628,10.72711223775,10.72711223765,10.72711223772,10.72711223772,10.72711223762,10.7271122376,10.7271122376,10.72711223765,10.72711223765,10.72711223765,10.72711223775,10.72711223775,10.72711223685,10.72711223685,10.72711223676,10.72711223676,10.72711223725,10.72711223725,10.72711223694,10.72711223694,10.72711223745,10.72711223755,10.7271122375,10.7271122375
"t48",6.7125209642,6.7125209643,6.712520964299,6.712520964299,6.71252096434,6.71252096441,6.71252096441,6.71252096437,6.71252096441,6.71252096441,6.71252096434,6.71252096427,6.71252096427,6.71252096428,6.71252096428,6.7125209643,6.71252096429,6.71252096428,6.71252096428,6.7125209642,0.70210749839,0.70210749839,0.70210749836,0.70210749835,0.70210749835,0,1.1608142594,3.1538079626,3.1538079624,3.1538079624,3.15380796239,3.15380796239,6.144646422808,6.144646422808,6.1446464228,6.14464642281,6.14464642281,6.1446464222,6.1446464222,6.1446464227,7.8049440458,7.804944046,7.804944046,7.8049440465,7.80494404578,7.80494404578,7.8049440463,7.8049440459,7.8049440459,7.8049440465,7.8049440465,7.8049440465,7.8049440464,7.80494404646,7.80494404646,7.8049440465,7.8049440465,7.804944046,7.804944046,7.8049440461,7.8049440461,7.804944046,7.804944046041,7.804944046051,7.804944046051,7.8049440459,7.8049440463,7.8049440463,7.80494404623,7.80494404623,7.80494404631,7.80494404631,7.80494404627,7.80494404627,7.80494404633,7.80494404633,10.7271122378,10.7271122377,10.72711223777,10.72711223777,10.72711223767,10.72711223765,10.72711223765,10.7271122377,10.7271122377,10.7271122377,10.7271122378,10.7271122378,10.7271122369,10.7271122369,10.72711223681,10.72711223681,10.7271122373,10.7271122373,10.72711223699,10.72711223699,10.7271122375,10.7271122376,10.72711223755,10.72711223755
"t38",6.7125209642,6.7125209643,6.712520964299,6.712520964299,6.71252096434,6.71252096441,6.71252096441,6.71252096437,6.71252096441,6.71252096441,6.71252096434,6.71252096427,6.71252096427,6.71252096428,6.71252096428,6.7125209643,6.71252096429,6.71252096428,6.71252096428,6.7125209642,1.16081425939,1.16081425939,1.16081425936,1.16081425935,1.16081425935,1.1608142594,0,3.1538079626,3.1538079624,3.1538079624,3.15380796239,3.15380796239,6.144646422808,6.144646422808,6.1446464228,6.14464642281,6.14464642281,6.1446464222,6.1446464222,6.1446464227,7.8049440458,7.804944046,7.804944046,7.8049440465,7.80494404578,7.80494404578,7.8049440463,7.8049440459,7.8049440459,7.8049440465,7.8049440465,7.8049440465,7.8049440464,7.80494404646,7.80494404646,7.8049440465,7.8049440465,7.804944046,7.804944046,7.8049440461,7.8049440461,7.804944046,7.804944046041,7.804944046051,7.804944046051,7.8049440459,7.8049440463,7.8049440463,7.80494404623,7.80494404623,7.80494404631,7.80494404631,7.80494404627,7.80494404627,7.80494404633,7.80494404633,10.7271122378,10.7271122377,10.72711223777,10.72711223777,10.72711223767,10.72711223765,10.72711223765,10.7271122377,10.7271122377,10.7271122377,10.7271122378,10.7271122378,10.7271122369,10.7271122369,10.72711223681,10.72711223681,10.7271122373,10.7271122373,10.72711223699,10.72711223699,10.7271122375,10.7271122376,10.72711223755,10.72711223755
