"","t2","t3","t40","t80","t81","t70","t138","t139","t4","t5","t1","t39","t93","t94","t78","t79","t124","t125","t52","t16","t8","t9","t136","t137","t28","t24","t13","t71","t72","t6","t76","t77","t62","t49","t12","t51","t54","t55","t118","t119","t59","t47","t48","t20","t37","t38","t30","t31","t73","t99","t100","t61","t67","t68","t112","t113","t53","t18","t11","t45","t46","t26","t23","t104","t105","t22","t27","t56","t57","t25","t19","t32","t110","t111","t134","t135","t108","t114","t115","t97","t60","t74","t75","t132","t133","t98","t122","t123","t121","t66","t95","t96","t36","t44","t65","t91","t92","t63","t64","t116","t117","t103","t84","t85","t42","t43","t140","t141","t109","t88","t58","t126","t127","t120","t69","t82","t83","t33","t89","t90","t101","t102","t41","t50","t86","t87","t10","t14","t15","t130","t131","t128","t129","t34","t17","t35","t106","t107","t29","t21","t7"
"t2",0,1.876477442,4.27720988268,5.2929023628,5.2929023628,5.2929023629,5.29290236289,5.29290236289,1.21405070523,2.02827032973,3.2992314162,7.8313400221,7.7764893022,7.8313400225,7.8313400226,7.8313400226,7.83134002199,7.83134002199,7.4788527757,5.46260706278,4.533074662,5.4579629504,7.83134002305,7.83134002305,6.8603656102,6.8945386972,5.0976564347,7.8313400222,7.7264133213,4.3962935366,7.8313400232,7.8313400232,7.8313400231,7.8313400232,5.358715904,7.83134002323,7.83134002321,7.8313400232458,7.8313400232158,7.8313400232158,7.8313400232458,7.83134002243,7.83134002243,5.76623866963,7.83134002303,7.01189237943,7.83134002303,7.83134002303,7.83134002266,7.83134002266,7.83134002266,7.65098108517,7.83134002263,7.83134002263,7.83134002263,7.83134002263,7.83134002263,7.83134002303,4.76535986863,7.831340022659,7.831340022659,6.169706994389,5.937685504759,7.831340022759,7.831340022759,6.135648994069,7.469924856479,7.831340022379,7.831340022379,6.832251544169,7.061428356959,7.831340022959,7.831340022399,7.831340022399,7.831340022659,7.831340022659,7.831340022679,7.831340022699,7.831340022699,7.831340022599,7.831340022699,7.633075661769,7.831340022669,7.831340022599,7.831340022599,7.831340022649,7.811686309579,7.831340022609,7.831340022609,7.831340022649,7.831340022549,7.831340022549,6.815289995065,7.831340022845,7.661411276025,7.774520275225,7.831340022825,7.831340022825,7.471005493025,7.831340022815,7.831340022815,7.831340022825,7.831340022825,7.831340022825,7.831340023045,7.831340023045,7.83134002314557,7.83134002314557,7.831340023145,7.831340023145,7.831340023045,7.831340023075,7.831340023075,7.831340023075,7.831340023045,7.831340023045,7.831340023045,6.722992274545,7.831340022669,7.831340022669,7.831340022669,7.831340022669,7.298613809269,7.831340022769,7.831340022769,7.831340022769,4.954173063429,6.668029131229,5.399998446229,7.831340022909,7.831340022909,7.831340022849,7.831340022849,7.831340022829,6.043587211329,7.632543487529,7.831340022929,7.831340022929,7.831340023229,7.831340022829,6.102197248379
"t3",1.876477442,0,5.04137826868,6.0570707488,6.0570707488,6.0570707489,6.05707074889,6.05707074889,1.97821909123,2.79243871573,4.0633998022,8.5955084081,8.5406576882,8.5955084085,8.5955084086,8.5955084086,8.59550840799,8.59550840799,8.2430211617,6.22677544878,5.297243048,6.2221313364,8.59550840905,8.59550840905,7.6245339962,7.6587070832,5.8618248207,8.5955084082,8.4905817073,5.1604619226,8.5955084092,8.5955084092,8.5955084091,8.5955084092,6.12288429,8.59550840923,8.59550840921,8.5955084092458,8.5955084092158,8.5955084092158,8.5955084092458,8.59550840843,8.59550840843,6.53040705563,8.59550840903,7.77606076543,8.59550840903,8.59550840903,8.59550840866,8.59550840866,8.59550840866,8.41514947117,8.59550840863,8.59550840863,8.59550840863,8.59550840863,8.59550840863,8.59550840903,5.52952825463,8.595508408659,8.595508408659,6.933875380389,6.701853890759,8.595508408759,8.595508408759,6.899817380069,8.234093242479,8.595508408379,8.595508408379,7.596419930169,7.825596742959,8.595508408959,8.595508408399,8.595508408399,8.595508408659,8.595508408659,8.595508408679,8.595508408699,8.595508408699,8.595508408599,8.595508408699,8.397244047769,8.595508408669,8.595508408599,8.595508408599,8.595508408649,8.575854695579,8.595508408609,8.595508408609,8.595508408649,8.595508408549,8.595508408549,7.579458381065,8.595508408845,8.425579662025,8.538688661225,8.595508408825,8.595508408825,8.235173879025,8.595508408815,8.595508408815,8.595508408825,8.595508408825,8.595508408825,8.595508409045,8.595508409045,8.59550840914557,8.59550840914557,8.595508409145,8.595508409145,8.595508409045,8.595508409075,8.595508409075,8.595508409075,8.595508409045,8.595508409045,8.595508409045,7.487160660545,8.595508408669,8.595508408669,8.595508408669,8.595508408669,8.062782195269,8.595508408769,8.595508408769,8.595508408769,5.718341449429,7.432197517229,6.164166832229,8.595508408909,8.595508408909,8.595508408849,8.595508408849,8.595508408829,6.807755597329,8.396711873529,8.595508408929,8.595508408929,8.595508409229,8.595508408829,6.866365634379
"t40",4.27720988268,5.04137826868,0,1.04676880068,1.04676880068,1.04676880078,1.04676880077,1.04676880077,3.57556536311,4.38978498761,6.41949191068,10.95160051658,10.89674979668,10.95160051698,10.95160051708,10.95160051708,10.95160051647,10.95160051647,10.59911327018,8.58286755726,7.65333515648,8.57822344488,10.95160051753,10.95160051753,9.98062610468,10.01479919168,8.21791692918,10.95160051668,10.84667381578,7.51655403108,10.95160051768,10.95160051768,10.95160051758,10.95160051768,8.47897639848,10.95160051771,10.95160051769,10.9516005177258,10.9516005176958,10.9516005176958,10.9516005177258,10.95160051691,10.95160051691,8.88649916411,10.95160051751,10.13215287391,10.95160051751,10.95160051751,10.95160051714,10.95160051714,10.95160051714,10.77124157965,10.95160051711,10.95160051711,10.95160051711,10.95160051711,10.95160051711,10.95160051751,7.88562036311,10.951600517139,10.951600517139,9.289967488869,9.057945999239,10.951600517239,10.951600517239,9.255909488549,10.590185350959,10.951600516859,10.951600516859,9.952512038649,10.181688851439,10.951600517439,10.951600516879,10.951600516879,10.951600517139,10.951600517139,10.951600517159,10.951600517179,10.951600517179,10.951600517079,10.951600517179,10.753336156249,10.951600517149,10.951600517079,10.951600517079,10.951600517129,10.931946804059,10.951600517089,10.951600517089,10.951600517129,10.951600517029,10.951600517029,9.935550489545,10.951600517325,10.781671770505,10.894780769705,10.951600517305,10.951600517305,10.591265987505,10.951600517295,10.951600517295,10.951600517305,10.951600517305,10.951600517305,10.951600517525,10.951600517525,10.9516005176256,10.9516005176256,10.951600517625,10.951600517625,10.951600517525,10.951600517555,10.951600517555,10.951600517555,10.951600517525,10.951600517525,10.951600517525,9.843252769025,10.951600517149,10.951600517149,10.951600517149,10.951600517149,10.418874303749,10.951600517249,10.951600517249,10.951600517249,8.074433557909,9.788289625709,8.520258940709,10.951600517389,10.951600517389,10.951600517329,10.951600517329,10.951600517309,9.163847705809,10.752803982009,10.951600517409,10.951600517409,10.951600517709,10.951600517309,9.222457742859
"t80",5.2929023628,6.0570707488,1.04676880068,0,0.611988037,1.5401759531,1.54017595309,1.54017595309,4.59125784323,5.40547746773,7.4351843908,11.9672929967,11.9124422768,11.9672929971,11.9672929972,11.9672929972,11.96729299659,11.96729299659,11.6148057503,9.59856003738,8.6690276366,9.593915925,11.96729299765,11.96729299765,10.9963185848,11.0304916718,9.2336094093,11.9672929968,11.8623662959,8.5322465112,11.9672929978,11.9672929978,11.9672929977,11.9672929978,9.4946688786,11.96729299783,11.96729299781,11.9672929978458,11.9672929978158,11.9672929978158,11.9672929978458,11.96729299703,11.96729299703,9.90219164423,11.96729299763,11.14784535403,11.96729299763,11.96729299763,11.96729299726,11.96729299726,11.96729299726,11.78693405977,11.96729299723,11.96729299723,11.96729299723,11.96729299723,11.96729299723,11.96729299763,8.90131284323,11.967292997259,11.967292997259,10.305659968989,10.073638479359,11.967292997359,11.967292997359,10.271601968669,11.605877831079,11.967292996979,11.967292996979,10.968204518769,11.197381331559,11.967292997559,11.967292996999,11.967292996999,11.967292997259,11.967292997259,11.967292997279,11.967292997299,11.967292997299,11.967292997199,11.967292997299,11.769028636369,11.967292997269,11.967292997199,11.967292997199,11.967292997249,11.947639284179,11.967292997209,11.967292997209,11.967292997249,11.967292997149,11.967292997149,10.951242969665,11.967292997445,11.797364250625,11.910473249825,11.967292997425,11.967292997425,11.606958467625,11.967292997415,11.967292997415,11.967292997425,11.967292997425,11.967292997425,11.967292997645,11.967292997645,11.9672929977456,11.9672929977456,11.967292997745,11.967292997745,11.967292997645,11.967292997675,11.967292997675,11.967292997675,11.967292997645,11.967292997645,11.967292997645,10.858945249145,11.967292997269,11.967292997269,11.967292997269,11.967292997269,11.434566783869,11.967292997369,11.967292997369,11.967292997369,9.090126038029,10.803982105829,9.535951420829,11.967292997509,11.967292997509,11.967292997449,11.967292997449,11.967292997429,10.179540185929,11.768496462129,11.967292997529,11.967292997529,11.967292997829,11.967292997429,10.238150222979
"t81",5.2929023628,6.0570707488,1.04676880068,0.611988037,0,1.5401759531,1.54017595309,1.54017595309,4.59125784323,5.40547746773,7.4351843908,11.9672929967,11.9124422768,11.9672929971,11.9672929972,11.9672929972,11.96729299659,11.96729299659,11.6148057503,9.59856003738,8.6690276366,9.593915925,11.96729299765,11.96729299765,10.9963185848,11.0304916718,9.2336094093,11.9672929968,11.8623662959,8.5322465112,11.9672929978,11.9672929978,11.9672929977,11.9672929978,9.4946688786,11.96729299783,11.96729299781,11.9672929978458,11.9672929978158,11.9672929978158,11.9672929978458,11.96729299703,11.96729299703,9.90219164423,11.96729299763,11.14784535403,11.96729299763,11.96729299763,11.96729299726,11.96729299726,11.96729299726,11.78693405977,11.96729299723,11.96729299723,11.96729299723,11.96729299723,11.96729299723,11.96729299763,8.90131284323,11.967292997259,11.967292997259,10.305659968989,10.073638479359,11.967292997359,11.967292997359,10.271601968669,11.605877831079,11.967292996979,11.967292996979,10.968204518769,11.197381331559,11.967292997559,11.967292996999,11.967292996999,11.967292997259,11.967292997259,11.967292997279,11.967292997299,11.967292997299,11.967292997199,11.967292997299,11.769028636369,11.967292997269,11.967292997199,11.967292997199,11.967292997249,11.947639284179,11.967292997209,11.967292997209,11.967292997249,11.967292997149,11.967292997149,10.951242969665,11.967292997445,11.797364250625,11.910473249825,11.967292997425,11.967292997425,11.606958467625,11.967292997415,11.967292997415,11.967292997425,11.967292997425,11.967292997425,11.967292997645,11.967292997645,11.9672929977456,11.9672929977456,11.967292997745,11.967292997745,11.967292997645,11.967292997675,11.967292997675,11.967292997675,11.967292997645,11.967292997645,11.967292997645,10.858945249145,11.967292997269,11.967292997269,11.967292997269,11.967292997269,11.434566783869,11.967292997369,11.967292997369,11.967292997369,9.090126038029,10.803982105829,9.535951420829,11.967292997509,11.967292997509,11.967292997449,11.967292997449,11.967292997429,10.179540185929,11.768496462129,11.967292997529,11.967292997529,11.967292997829,11.967292997429,10.238150222979
"t70",5.2929023629,6.0570707489,1.04676880078,1.5401759531,1.5401759531,0,0.82372301539,0.82372301539,4.59125784333,5.40547746783,7.4351843909,11.9672929968,11.9124422769,11.9672929972,11.9672929973,11.9672929973,11.96729299669,11.96729299669,11.6148057504,9.59856003748,8.6690276367,9.5939159251,11.96729299775,11.96729299775,10.9963185849,11.0304916719,9.2336094094,11.9672929969,11.862366296,8.5322465113,11.9672929979,11.9672929979,11.9672929978,11.9672929979,9.4946688787,11.96729299793,11.96729299791,11.9672929979458,11.9672929979158,11.9672929979158,11.9672929979458,11.96729299713,11.96729299713,9.90219164433,11.96729299773,11.14784535413,11.96729299773,11.96729299773,11.96729299736,11.96729299736,11.96729299736,11.78693405987,11.96729299733,11.96729299733,11.96729299733,11.96729299733,11.96729299733,11.96729299773,8.90131284333,11.967292997359,11.967292997359,10.305659969089,10.073638479459,11.967292997459,11.967292997459,10.271601968769,11.605877831179,11.967292997079,11.967292997079,10.968204518869,11.197381331659,11.967292997659,11.967292997099,11.967292997099,11.967292997359,11.967292997359,11.967292997379,11.967292997399,11.967292997399,11.967292997299,11.967292997399,11.769028636469,11.967292997369,11.967292997299,11.967292997299,11.967292997349,11.947639284279,11.967292997309,11.967292997309,11.967292997349,11.967292997249,11.967292997249,10.951242969765,11.967292997545,11.797364250725,11.910473249925,11.967292997525,11.967292997525,11.606958467725,11.967292997515,11.967292997515,11.967292997525,11.967292997525,11.967292997525,11.967292997745,11.967292997745,11.9672929978456,11.9672929978456,11.967292997845,11.967292997845,11.967292997745,11.967292997775,11.967292997775,11.967292997775,11.967292997745,11.967292997745,11.967292997745,10.858945249245,11.967292997369,11.967292997369,11.967292997369,11.967292997369,11.434566783969,11.967292997469,11.967292997469,11.967292997469,9.090126038129,10.803982105929,9.535951420929,11.967292997609,11.967292997609,11.967292997549,11.967292997549,11.967292997529,10.179540186029,11.768496462229,11.967292997629,11.967292997629,11.967292997929,11.967292997529,10.238150223079
"t138",5.29290236289,6.05707074889,1.04676880077,1.54017595309,1.54017595309,0.82372301539,0,0.02035772998,4.59125784332,5.40547746782,7.43518439089,11.96729299679,11.91244227689,11.96729299719,11.96729299729,11.96729299729,11.96729299668,11.96729299668,11.61480575039,9.59856003747,8.66902763669,9.59391592509,11.96729299774,11.96729299774,10.99631858489,11.03049167189,9.23360940939,11.96729299689,11.86236629599,8.53224651129,11.96729299789,11.96729299789,11.96729299779,11.96729299789,9.49466887869,11.96729299792,11.9672929979,11.9672929979358,11.9672929979058,11.9672929979058,11.9672929979358,11.96729299712,11.96729299712,9.90219164432,11.96729299772,11.14784535412,11.96729299772,11.96729299772,11.96729299735,11.96729299735,11.96729299735,11.78693405986,11.96729299732,11.96729299732,11.96729299732,11.96729299732,11.96729299732,11.96729299772,8.90131284332,11.967292997349,11.967292997349,10.305659969079,10.073638479449,11.967292997449,11.967292997449,10.271601968759,11.605877831169,11.967292997069,11.967292997069,10.968204518859,11.197381331649,11.967292997649,11.967292997089,11.967292997089,11.967292997349,11.967292997349,11.967292997369,11.967292997389,11.967292997389,11.967292997289,11.967292997389,11.769028636459,11.967292997359,11.967292997289,11.967292997289,11.967292997339,11.947639284269,11.967292997299,11.967292997299,11.967292997339,11.967292997239,11.967292997239,10.951242969755,11.967292997535,11.797364250715,11.910473249915,11.967292997515,11.967292997515,11.606958467715,11.967292997505,11.967292997505,11.967292997515,11.967292997515,11.967292997515,11.967292997735,11.967292997735,11.9672929978356,11.9672929978356,11.967292997835,11.967292997835,11.967292997735,11.967292997765,11.967292997765,11.967292997765,11.967292997735,11.967292997735,11.967292997735,10.858945249235,11.967292997359,11.967292997359,11.967292997359,11.967292997359,11.434566783959,11.967292997459,11.967292997459,11.967292997459,9.090126038119,10.803982105919,9.535951420919,11.967292997599,11.967292997599,11.967292997539,11.967292997539,11.967292997519,10.179540186019,11.768496462219,11.967292997619,11.967292997619,11.967292997919,11.967292997519,10.238150223069
"t139",5.29290236289,6.05707074889,1.04676880077,1.54017595309,1.54017595309,0.82372301539,0.02035772998,0,4.59125784332,5.40547746782,7.43518439089,11.96729299679,11.91244227689,11.96729299719,11.96729299729,11.96729299729,11.96729299668,11.96729299668,11.61480575039,9.59856003747,8.66902763669,9.59391592509,11.96729299774,11.96729299774,10.99631858489,11.03049167189,9.23360940939,11.96729299689,11.86236629599,8.53224651129,11.96729299789,11.96729299789,11.96729299779,11.96729299789,9.49466887869,11.96729299792,11.9672929979,11.9672929979358,11.9672929979058,11.9672929979058,11.9672929979358,11.96729299712,11.96729299712,9.90219164432,11.96729299772,11.14784535412,11.96729299772,11.96729299772,11.96729299735,11.96729299735,11.96729299735,11.78693405986,11.96729299732,11.96729299732,11.96729299732,11.96729299732,11.96729299732,11.96729299772,8.90131284332,11.967292997349,11.967292997349,10.305659969079,10.073638479449,11.967292997449,11.967292997449,10.271601968759,11.605877831169,11.967292997069,11.967292997069,10.968204518859,11.197381331649,11.967292997649,11.967292997089,11.967292997089,11.967292997349,11.967292997349,11.967292997369,11.967292997389,11.967292997389,11.967292997289,11.967292997389,11.769028636459,11.967292997359,11.967292997289,11.967292997289,11.967292997339,11.947639284269,11.967292997299,11.967292997299,11.967292997339,11.967292997239,11.967292997239,10.951242969755,11.967292997535,11.797364250715,11.910473249915,11.967292997515,11.967292997515,11.606958467715,11.967292997505,11.967292997505,11.967292997515,11.967292997515,11.967292997515,11.967292997735,11.967292997735,11.9672929978356,11.9672929978356,11.967292997835,11.967292997835,11.967292997735,11.967292997765,11.967292997765,11.967292997765,11.967292997735,11.967292997735,11.967292997735,10.858945249235,11.967292997359,11.967292997359,11.967292997359,11.967292997359,11.434566783959,11.967292997459,11.967292997459,11.967292997459,9.090126038119,10.803982105919,9.535951420919,11.967292997599,11.967292997599,11.967292997539,11.967292997539,11.967292997519,10.179540186019,11.768496462219,11.967292997619,11.967292997619,11.967292997919,11.967292997519,10.238150223069
"t4",1.21405070523,1.97821909123,3.57556536311,4.59125784323,4.59125784323,4.59125784333,4.59125784332,4.59125784332,0,1.2464759055,3.35633273323,7.88844133913,7.83359061923,7.88844133953,7.88844133963,7.88844133963,7.88844133902,7.88844133902,7.53595409273,5.51970837981,4.59017597903,5.51506426743,7.88844134008,7.88844134008,6.91746692723,6.95164001423,5.15475775173,7.88844133923,7.78351463833,4.45339485363,7.88844134023,7.88844134023,7.88844134013,7.88844134023,5.41581722103,7.88844134026,7.88844134024,7.8884413402758,7.8884413402458,7.8884413402458,7.8884413402758,7.88844133946,7.88844133946,5.82333998666,7.88844134006,7.06899369646,7.88844134006,7.88844134006,7.88844133969,7.88844133969,7.88844133969,7.7080824022,7.88844133966,7.88844133966,7.88844133966,7.88844133966,7.88844133966,7.88844134006,4.82246118566,7.888441339689,7.888441339689,6.226808311419,5.994786821789,7.888441339789,7.888441339789,6.192750311099,7.527026173509,7.888441339409,7.888441339409,6.889352861199,7.118529673989,7.888441339989,7.888441339429,7.888441339429,7.888441339689,7.888441339689,7.888441339709,7.888441339729,7.888441339729,7.888441339629,7.888441339729,7.690176978799,7.888441339699,7.888441339629,7.888441339629,7.888441339679,7.868787626609,7.888441339639,7.888441339639,7.888441339679,7.888441339579,7.888441339579,6.872391312095,7.888441339875,7.718512593055,7.831621592255,7.888441339855,7.888441339855,7.528106810055,7.888441339845,7.888441339845,7.888441339855,7.888441339855,7.888441339855,7.888441340075,7.888441340075,7.88844134017557,7.88844134017557,7.888441340175,7.888441340175,7.888441340075,7.888441340105,7.888441340105,7.888441340105,7.888441340075,7.888441340075,7.888441340075,6.780093591575,7.888441339699,7.888441339699,7.888441339699,7.888441339699,7.355715126299,7.888441339799,7.888441339799,7.888441339799,5.011274380459,6.725130448259,5.457099763259,7.888441339939,7.888441339939,7.888441339879,7.888441339879,7.888441339859,6.100688528359,7.689644804559,7.888441339959,7.888441339959,7.888441340259,7.888441339859,6.159298565409
"t5",2.02827032973,2.79243871573,4.38978498761,5.40547746773,5.40547746773,5.40547746783,5.40547746782,5.40547746782,1.2464759055,0,4.17055235773,8.70266096363,8.64781024373,8.70266096403,8.70266096413,8.70266096413,8.70266096352,8.70266096352,8.35017371723,6.33392800431,5.40439560353,6.32928389193,8.70266096458,8.70266096458,7.73168655173,7.76585963873,5.96897737623,8.70266096373,8.59773426283,5.26761447813,8.70266096473,8.70266096473,8.70266096463,8.70266096473,6.23003684553,8.70266096476,8.70266096474,8.7026609647758,8.7026609647458,8.7026609647458,8.7026609647758,8.70266096396,8.70266096396,6.63755961116,8.70266096456,7.88321332096,8.70266096456,8.70266096456,8.70266096419,8.70266096419,8.70266096419,8.5223020267,8.70266096416,8.70266096416,8.70266096416,8.70266096416,8.70266096416,8.70266096456,5.63668081016,8.702660964189,8.702660964189,7.041027935919,6.809006446289,8.702660964289,8.702660964289,7.006969935599,8.341245798009,8.702660963909,8.702660963909,7.703572485699,7.932749298489,8.702660964489,8.702660963929,8.702660963929,8.702660964189,8.702660964189,8.702660964209,8.702660964229,8.702660964229,8.702660964129,8.702660964229,8.504396603299,8.702660964199,8.702660964129,8.702660964129,8.702660964179,8.683007251109,8.702660964139,8.702660964139,8.702660964179,8.702660964079,8.702660964079,7.686610936595,8.702660964375,8.532732217555,8.645841216755,8.702660964355,8.702660964355,8.342326434555,8.702660964345,8.702660964345,8.702660964355,8.702660964355,8.702660964355,8.702660964575,8.702660964575,8.70266096467557,8.70266096467557,8.702660964675,8.702660964675,8.702660964575,8.702660964605,8.702660964605,8.702660964605,8.702660964575,8.702660964575,8.702660964575,7.594313216075,8.702660964199,8.702660964199,8.702660964199,8.702660964199,8.169934750799,8.702660964299,8.702660964299,8.702660964299,5.825494004959,7.539350072759,6.271319387759,8.702660964439,8.702660964439,8.702660964379,8.702660964379,8.702660964359,6.914908152859,8.503864429059,8.702660964459,8.702660964459,8.702660964759,8.702660964359,6.973518189909
"t1",3.2992314162,4.0633998022,6.41949191068,7.4351843908,7.4351843908,7.4351843909,7.43518439089,7.43518439089,3.35633273323,4.17055235773,0,5.2814625181,5.2266117982,5.2814625185,5.2814625186,5.2814625186,5.28146251799,5.28146251799,4.9289752717,2.91272955878,1.983197158,2.9080854464,5.28146251905,5.28146251905,4.3104881062,4.3446611932,2.5477789307,5.2814625182,5.1765358173,1.8464160326,5.2814625192,5.2814625192,5.2814625191,5.2814625192,2.8088384,5.28146251923,5.28146251921,5.2814625192458,5.2814625192158,5.2814625192158,5.2814625192458,5.28146251843,5.28146251843,3.21636116563,5.28146251903,4.46201487543,5.28146251903,5.28146251903,5.28146251866,5.28146251866,5.28146251866,5.10110358117,5.28146251863,5.28146251863,5.28146251863,5.28146251863,5.28146251863,5.28146251903,2.21548236463,5.281462518659,5.281462518659,3.619829490389,3.387808000759,5.281462518759,5.281462518759,3.585771490069,4.920047352479,5.281462518379,5.281462518379,4.282374040169,4.511550852959,5.281462518959,5.281462518399,5.281462518399,5.281462518659,5.281462518659,5.281462518679,5.281462518699,5.281462518699,5.281462518599,5.281462518699,5.083198157769,5.281462518669,5.281462518599,5.281462518599,5.281462518649,5.261808805579,5.281462518609,5.281462518609,5.281462518649,5.281462518549,5.281462518549,4.265412491065,5.281462518845,5.111533772025,5.224642771225,5.281462518825,5.281462518825,4.921127989025,5.281462518815,5.281462518815,5.281462518825,5.281462518825,5.281462518825,5.281462519045,5.281462519045,5.28146251914557,5.28146251914557,5.281462519145,5.281462519145,5.281462519045,5.281462519075,5.281462519075,5.281462519075,5.281462519045,5.281462519045,5.281462519045,4.173114770545,5.281462518669,5.281462518669,5.281462518669,5.281462518669,4.748736305269,5.281462518769,5.281462518769,5.281462518769,2.404295559429,4.118151627229,2.850120942229,5.281462518909,5.281462518909,5.281462518849,5.281462518849,5.281462518829,3.493709707329,5.082665983529,5.281462518929,5.281462518929,5.281462519229,5.281462518829,3.552319744379
"t39",7.8313400221,8.5955084081,10.95160051658,11.9672929967,11.9672929967,11.9672929968,11.96729299679,11.96729299679,7.88844133913,8.70266096363,5.2814625181,0,2.1044467741,2.1592974944,2.1592974945,2.1592974945,3.56073393369,3.56073393369,3.2082466874,2.46489864108,3.8284254603,7.0860228407,9.45939991335,9.45939991335,8.4884255005,8.5225985875,6.725716325,9.4593999125,9.3544732116,6.0243534269,9.4593999135,9.4593999135,9.4593999134,9.4593999135,6.9867757943,9.45939991353,9.45939991351,9.4593999135458,9.4593999135158,9.4593999135158,9.4593999135458,9.45939991273,9.45939991273,7.39429855993,9.45939991333,8.63995226973,9.45939991333,9.45939991333,9.45939991296,9.45939991296,9.45939991296,9.27904097547,9.45939991293,9.45939991293,9.45939991293,9.45939991293,9.45939991293,9.45939991333,6.39341975893,9.459399912959,9.459399912959,7.797766884689,7.565745395059,9.459399913059,9.459399913059,7.763708884369,9.097984746779,9.459399912679,9.459399912679,8.460311434469,8.689488247259,9.459399913259,9.459399912699,9.459399912699,9.459399912959,9.459399912959,9.459399912979,9.459399912999,9.459399912999,9.459399912899,9.459399912999,9.261135552069,9.459399912969,9.459399912899,9.459399912899,9.459399912949,9.439746199879,9.459399912909,9.459399912909,9.459399912949,9.459399912849,9.459399912849,8.443349885365,9.459399913145,9.289471166325,9.402580165525,9.459399913125,9.459399913125,9.099065383325,9.459399913115,9.459399913115,9.459399913125,9.459399913125,9.459399913125,9.459399913345,9.459399913345,9.45939991344557,9.45939991344557,9.459399913445,9.459399913445,9.459399913345,9.459399913375,9.459399913375,9.459399913375,9.459399913345,9.459399913345,9.459399913345,8.351052164845,9.459399912969,9.459399912969,9.459399912969,9.459399912969,8.926673699569,9.459399913069,9.459399913069,9.459399913069,6.582232953729,8.296089021529,7.028058336529,9.459399913209,9.459399913209,9.459399913149,9.459399913149,9.459399913129,7.671647101629,9.260603377829,9.459399913229,9.459399913229,9.459399913529,9.459399913129,7.730257138679
"t93",7.7764893022,8.5406576882,10.89674979668,11.9124422768,11.9124422768,11.9124422769,11.91244227689,11.91244227689,7.83359061923,8.64781024373,5.2266117982,2.1044467741,0,0.4491404557,1.6817671158,1.6817671158,3.50588321379,3.50588321379,3.1533959675,2.41004792118,3.7735747404,7.0311721208,9.40454919345,9.40454919345,8.4335747806,8.4677478676,6.6708656051,9.4045491926,9.2996224917,5.969502707,9.4045491936,9.4045491936,9.4045491935,9.4045491936,6.9319250744,9.40454919363,9.40454919361,9.4045491936458,9.4045491936158,9.4045491936158,9.4045491936458,9.40454919283,9.40454919283,7.33944784003,9.40454919343,8.58510154983,9.40454919343,9.40454919343,9.40454919306,9.40454919306,9.40454919306,9.22419025557,9.40454919303,9.40454919303,9.40454919303,9.40454919303,9.40454919303,9.40454919343,6.33856903903,9.404549193059,9.404549193059,7.742916164789,7.510894675159,9.404549193159,9.404549193159,7.708858164469,9.043134026879,9.404549192779,9.404549192779,8.405460714569,8.634637527359,9.404549193359,9.404549192799,9.404549192799,9.404549193059,9.404549193059,9.404549193079,9.404549193099,9.404549193099,9.404549192999,9.404549193099,9.206284832169,9.404549193069,9.404549192999,9.404549192999,9.404549193049,9.384895479979,9.404549193009,9.404549193009,9.404549193049,9.404549192949,9.404549192949,8.388499165465,9.404549193245,9.234620446425,9.347729445625,9.404549193225,9.404549193225,9.044214663425,9.404549193215,9.404549193215,9.404549193225,9.404549193225,9.404549193225,9.404549193445,9.404549193445,9.40454919354557,9.40454919354557,9.404549193545,9.404549193545,9.404549193445,9.404549193475,9.404549193475,9.404549193475,9.404549193445,9.404549193445,9.404549193445,8.296201444945,9.404549193069,9.404549193069,9.404549193069,9.404549193069,8.871822979669,9.404549193169,9.404549193169,9.404549193169,6.527382233829,8.241238301629,6.973207616629,9.404549193309,9.404549193309,9.404549193249,9.404549193249,9.404549193229,7.616796381729,9.205752657929,9.404549193329,9.404549193329,9.404549193629,9.404549193229,7.675406418779
"t94",7.8313400225,8.5955084085,10.95160051698,11.9672929971,11.9672929971,11.9672929972,11.96729299719,11.96729299719,7.88844133953,8.70266096403,5.2814625185,2.1592974944,0.4491404557,0,1.7366178361,1.7366178361,3.56073393409,3.56073393409,3.2082466878,2.46489864148,3.8284254607,7.0860228411,9.45939991375,9.45939991375,8.4884255009,8.5225985879,6.7257163254,9.4593999129,9.354473212,6.0243534273,9.4593999139,9.4593999139,9.4593999138,9.4593999139,6.9867757947,9.45939991393,9.45939991391,9.4593999139458,9.4593999139158,9.4593999139158,9.4593999139458,9.45939991313,9.45939991313,7.39429856033,9.45939991373,8.63995227013,9.45939991373,9.45939991373,9.45939991336,9.45939991336,9.45939991336,9.27904097587,9.45939991333,9.45939991333,9.45939991333,9.45939991333,9.45939991333,9.45939991373,6.39341975933,9.459399913359,9.459399913359,7.797766885089,7.565745395459,9.459399913459,9.459399913459,7.763708884769,9.097984747179,9.459399913079,9.459399913079,8.460311434869,8.689488247659,9.459399913659,9.459399913099,9.459399913099,9.459399913359,9.459399913359,9.459399913379,9.459399913399,9.459399913399,9.459399913299,9.459399913399,9.261135552469,9.459399913369,9.459399913299,9.459399913299,9.459399913349,9.439746200279,9.459399913309,9.459399913309,9.459399913349,9.459399913249,9.459399913249,8.443349885765,9.459399913545,9.289471166725,9.402580165925,9.459399913525,9.459399913525,9.099065383725,9.459399913515,9.459399913515,9.459399913525,9.459399913525,9.459399913525,9.459399913745,9.459399913745,9.45939991384557,9.45939991384557,9.459399913845,9.459399913845,9.459399913745,9.459399913775,9.459399913775,9.459399913775,9.459399913745,9.459399913745,9.459399913745,8.351052165245,9.459399913369,9.459399913369,9.459399913369,9.459399913369,8.926673699969,9.459399913469,9.459399913469,9.459399913469,6.582232954129,8.296089021929,7.028058336929,9.459399913609,9.459399913609,9.459399913549,9.459399913549,9.459399913529,7.671647102029,9.260603378229,9.459399913629,9.459399913629,9.459399913929,9.459399913529,7.730257139079
"t78",7.8313400226,8.5955084086,10.95160051708,11.9672929972,11.9672929972,11.9672929973,11.96729299729,11.96729299729,7.88844133963,8.70266096413,5.2814625186,2.1592974945,1.6817671158,1.7366178361,0,0.6183185014,3.56073393419,3.56073393419,3.2082466879,2.46489864158,3.8284254608,7.0860228412,9.45939991385,9.45939991385,8.488425501,8.522598588,6.7257163255,9.459399913,9.3544732121,6.0243534274,9.459399914,9.459399914,9.4593999139,9.459399914,6.9867757948,9.45939991403,9.45939991401,9.4593999140458,9.4593999140158,9.4593999140158,9.4593999140458,9.45939991323,9.45939991323,7.39429856043,9.45939991383,8.63995227023,9.45939991383,9.45939991383,9.45939991346,9.45939991346,9.45939991346,9.27904097597,9.45939991343,9.45939991343,9.45939991343,9.45939991343,9.45939991343,9.45939991383,6.39341975943,9.459399913459,9.459399913459,7.797766885189,7.565745395559,9.459399913559,9.459399913559,7.763708884869,9.097984747279,9.459399913179,9.459399913179,8.460311434969,8.689488247759,9.459399913759,9.459399913199,9.459399913199,9.459399913459,9.459399913459,9.459399913479,9.459399913499,9.459399913499,9.459399913399,9.459399913499,9.261135552569,9.459399913469,9.459399913399,9.459399913399,9.459399913449,9.439746200379,9.459399913409,9.459399913409,9.459399913449,9.459399913349,9.459399913349,8.443349885865,9.459399913645,9.289471166825,9.402580166025,9.459399913625,9.459399913625,9.099065383825,9.459399913615,9.459399913615,9.459399913625,9.459399913625,9.459399913625,9.459399913845,9.459399913845,9.45939991394557,9.45939991394557,9.459399913945,9.459399913945,9.459399913845,9.459399913875,9.459399913875,9.459399913875,9.459399913845,9.459399913845,9.459399913845,8.351052165345,9.459399913469,9.459399913469,9.459399913469,9.459399913469,8.926673700069,9.459399913569,9.459399913569,9.459399913569,6.582232954229,8.296089022029,7.028058337029,9.459399913709,9.459399913709,9.459399913649,9.459399913649,9.459399913629,7.671647102129,9.260603378329,9.459399913729,9.459399913729,9.459399914029,9.459399913629,7.730257139179
"t79",7.8313400226,8.5955084086,10.95160051708,11.9672929972,11.9672929972,11.9672929973,11.96729299729,11.96729299729,7.88844133963,8.70266096413,5.2814625186,2.1592974945,1.6817671158,1.7366178361,0.6183185014,0,3.56073393419,3.56073393419,3.2082466879,2.46489864158,3.8284254608,7.0860228412,9.45939991385,9.45939991385,8.488425501,8.522598588,6.7257163255,9.459399913,9.3544732121,6.0243534274,9.459399914,9.459399914,9.4593999139,9.459399914,6.9867757948,9.45939991403,9.45939991401,9.4593999140458,9.4593999140158,9.4593999140158,9.4593999140458,9.45939991323,9.45939991323,7.39429856043,9.45939991383,8.63995227023,9.45939991383,9.45939991383,9.45939991346,9.45939991346,9.45939991346,9.27904097597,9.45939991343,9.45939991343,9.45939991343,9.45939991343,9.45939991343,9.45939991383,6.39341975943,9.459399913459,9.459399913459,7.797766885189,7.565745395559,9.459399913559,9.459399913559,7.763708884869,9.097984747279,9.459399913179,9.459399913179,8.460311434969,8.689488247759,9.459399913759,9.459399913199,9.459399913199,9.459399913459,9.459399913459,9.459399913479,9.459399913499,9.459399913499,9.459399913399,9.459399913499,9.261135552569,9.459399913469,9.459399913399,9.459399913399,9.459399913449,9.439746200379,9.459399913409,9.459399913409,9.459399913449,9.459399913349,9.459399913349,8.443349885865,9.459399913645,9.289471166825,9.402580166025,9.459399913625,9.459399913625,9.099065383825,9.459399913615,9.459399913615,9.459399913625,9.459399913625,9.459399913625,9.459399913845,9.459399913845,9.45939991394557,9.45939991394557,9.459399913945,9.459399913945,9.459399913845,9.459399913875,9.459399913875,9.459399913875,9.459399913845,9.459399913845,9.459399913845,8.351052165345,9.459399913469,9.459399913469,9.459399913469,9.459399913469,8.926673700069,9.459399913569,9.459399913569,9.459399913569,6.582232954229,8.296089022029,7.028058337029,9.459399913709,9.459399913709,9.459399913649,9.459399913649,9.459399913629,7.671647102129,9.260603378329,9.459399913729,9.459399913729,9.459399914029,9.459399913629,7.730257139179
"t124",7.83134002199,8.59550840799,10.95160051647,11.96729299659,11.96729299659,11.96729299669,11.96729299668,11.96729299668,7.88844133902,8.70266096352,5.28146251799,3.56073393369,3.50588321379,3.56073393409,3.56073393419,3.56073393419,0,0.11453321178,1.00791857329,2.46489864097,3.82842546019,7.08602284059,9.45939991324,9.45939991324,8.48842550039,8.52259858739,6.72571632489,9.45939991239,9.35447321149,6.02435342679,9.45939991339,9.45939991339,9.45939991329,9.45939991339,6.98677579419,9.45939991342,9.4593999134,9.4593999134358,9.4593999134058,9.4593999134058,9.4593999134358,9.45939991262,9.45939991262,7.39429855982,9.45939991322,8.63995226962,9.45939991322,9.45939991322,9.45939991285,9.45939991285,9.45939991285,9.27904097536,9.45939991282,9.45939991282,9.45939991282,9.45939991282,9.45939991282,9.45939991322,6.39341975882,9.459399912849,9.459399912849,7.797766884579,7.565745394949,9.459399912949,9.459399912949,7.763708884259,9.097984746669,9.459399912569,9.459399912569,8.460311434359,8.689488247149,9.459399913149,9.459399912589,9.459399912589,9.459399912849,9.459399912849,9.459399912869,9.459399912889,9.459399912889,9.459399912789,9.459399912889,9.261135551959,9.459399912859,9.459399912789,9.459399912789,9.459399912839,9.439746199769,9.459399912799,9.459399912799,9.459399912839,9.459399912739,9.459399912739,8.443349885255,9.459399913035,9.289471166215,9.402580165415,9.459399913015,9.459399913015,9.099065383215,9.459399913005,9.459399913005,9.459399913015,9.459399913015,9.459399913015,9.459399913235,9.459399913235,9.45939991333557,9.45939991333557,9.459399913335,9.459399913335,9.459399913235,9.459399913265,9.459399913265,9.459399913265,9.459399913235,9.459399913235,9.459399913235,8.351052164735,9.459399912859,9.459399912859,9.459399912859,9.459399912859,8.926673699459,9.459399912959,9.459399912959,9.459399912959,6.582232953619,8.296089021419,7.028058336419,9.459399913099,9.459399913099,9.459399913039,9.459399913039,9.459399913019,7.671647101519,9.260603377719,9.459399913119,9.459399913119,9.459399913419,9.459399913019,7.730257138569
"t125",7.83134002199,8.59550840799,10.95160051647,11.96729299659,11.96729299659,11.96729299669,11.96729299668,11.96729299668,7.88844133902,8.70266096352,5.28146251799,3.56073393369,3.50588321379,3.56073393409,3.56073393419,3.56073393419,0.11453321178,0,1.00791857329,2.46489864097,3.82842546019,7.08602284059,9.45939991324,9.45939991324,8.48842550039,8.52259858739,6.72571632489,9.45939991239,9.35447321149,6.02435342679,9.45939991339,9.45939991339,9.45939991329,9.45939991339,6.98677579419,9.45939991342,9.4593999134,9.4593999134358,9.4593999134058,9.4593999134058,9.4593999134358,9.45939991262,9.45939991262,7.39429855982,9.45939991322,8.63995226962,9.45939991322,9.45939991322,9.45939991285,9.45939991285,9.45939991285,9.27904097536,9.45939991282,9.45939991282,9.45939991282,9.45939991282,9.45939991282,9.45939991322,6.39341975882,9.459399912849,9.459399912849,7.797766884579,7.565745394949,9.459399912949,9.459399912949,7.763708884259,9.097984746669,9.459399912569,9.459399912569,8.460311434359,8.689488247149,9.459399913149,9.459399912589,9.459399912589,9.459399912849,9.459399912849,9.459399912869,9.459399912889,9.459399912889,9.459399912789,9.459399912889,9.261135551959,9.459399912859,9.459399912789,9.459399912789,9.459399912839,9.439746199769,9.459399912799,9.459399912799,9.459399912839,9.459399912739,9.459399912739,8.443349885255,9.459399913035,9.289471166215,9.402580165415,9.459399913015,9.459399913015,9.099065383215,9.459399913005,9.459399913005,9.459399913015,9.459399913015,9.459399913015,9.459399913235,9.459399913235,9.45939991333557,9.45939991333557,9.459399913335,9.459399913335,9.459399913235,9.459399913265,9.459399913265,9.459399913265,9.459399913235,9.459399913235,9.459399913235,8.351052164735,9.459399912859,9.459399912859,9.459399912859,9.459399912859,8.926673699459,9.459399912959,9.459399912959,9.459399912959,6.582232953619,8.296089021419,7.028058336419,9.459399913099,9.459399913099,9.459399913039,9.459399913039,9.459399913019,7.671647101519,9.260603377719,9.459399913119,9.459399913119,9.459399913419,9.459399913019,7.730257138569
