"","t35","t131","t132","t109","t110","t108","t93","t94","t129","t130","t27","t91","t92","t58","t20","t4","t5","t2","t3","t8","t18","t19","t16","t21","t32","t77","t78","t88","t115","t116","t96","t145","t146","t9","t22","t26","t42","t43","t15","t24","t95","t124","t125","t47","t97","t98","t55","t72","t73","t99","t100","t46","t48","t49","t33","t34","t67","t68","t56","t111","t112","t59","t23","t141","t142","t71","t37","t38","t44","t45","t28","t25","t17","t41","t84","t85","t65","t66","t40","t14","t12","t29","t113","t114","t106","t107","t74","t83","t139","t140","t138","t137","t53","t54","t50","t51","t60","t61","t57","t30","t31","t10","t122","t123","t117","t118","t62","t89","t90","t11","t13","t81","t82","t75","t1","t6","t7","t52","t143","t144","t126","t101","t102","t86","t87","t76","t69","t70","t63","t64","t104","t105","t36","t127","t128","t133","t134","t103","t135","t136","t119","t120","t121","t79","t80","t39"
"t35",0,2.56692750584,2.56692750584,2.56692750581,2.56692750581,2.56692750587,2.56692750587,2.24104128887,3.25427825192,3.25427825192,3.25427825217,3.8529435673,3.8529435673,3.18665594774,2.4759410916,7.1913616223,6.49697159131,6.68553216285,6.57224005465,7.5867234069,9.2700071844,9.0468139077,9.2314149681,10.6989615824,10.4172532568,10.69896158242,10.69896158242,10.69896158242,10.69896158242,10.69896158242,10.6989615825,10.698961582506,10.698961582506,7.7928033184,9.80438359,9.9191898128,10.698961582,10.5994739971,9.48291675794,10.04839007644,10.69896158234,10.69896158234,10.69896158234,10.09830951935,10.69896158235,10.69896158235,10.69896158221,10.69896158231,10.69896158231,10.69896158225,10.69896158225,9.84905727113,10.69896158225,9.99987504785,10.69896158191,10.41384186991,10.69896158244,10.69896158244,10.69896158254,10.69271103174,10.69896158244,10.69896158244,9.13159370604,10.69896158186,10.69896158186,10.11610289907,10.6989615823,10.6989615823,9.8467513916,9.8032703292,9.6689615913,9.6559407431,9.1509101118,10.6989615824,10.6989615824,10.6989615824,10.6989615824,10.6989615824,10.6989615822,9.4470064155,9.3461658442,10.69896158178,10.63813565706,10.69896158196,10.69896158196,10.69896158196,10.24978631308,10.69896158188,10.698961581885,10.698961581885,10.69896158189,10.69896158188,10.69896158238,10.69896158238,10.40747480168,10.69896158228,10.6989615824,10.6989615824,10.69896158238,10.69896158248,10.12764856588,8.66446490618,10.69896158282,10.69896158282,10.69896158272,10.69896158272,10.18139391952,10.69896158262,10.69896158262,8.49045873362,10.6989615821,10.69896158253,10.33893480883,10.6989615825,6.8778450923,6.9084562568,7.75896424945,10.75764745285,10.988221406104,10.988221406104,10.98822140615,10.9882214061,10.9882214061,10.98822140596,10.84801636436,10.98822140595,10.98822140585,10.98822140585,10.45920477605,10.98822140585,10.98822140505,10.98822140505,10.98822140495,10.98822140513,10.98822140513,10.98822140521,10.98822140521,10.988221405147,10.988221405127,10.988221405127,10.988221405247,10.988221405217,10.988221405217,10.98822140511,10.98822140511,10.98822140471
"t131",2.56692750584,0,0.10657611588,1.36199646225,1.36199646225,1.36199646231,1.36199646231,1.03611024531,3.25427825176,3.25427825176,3.25427825201,3.85294356714,3.85294356714,3.18665594758,2.47594109144,7.19136162214,6.49697159115,6.68553216269,6.57224005449,7.58672340674,9.27000718424,9.04681390754,9.23141496794,10.69896158224,10.41725325664,10.69896158226,10.69896158226,10.69896158226,10.69896158226,10.69896158226,10.69896158234,10.698961582346,10.698961582346,7.79280331824,9.80438358984,9.91918981264,10.69896158184,10.59947399694,9.48291675778,10.04839007628,10.69896158218,10.69896158218,10.69896158218,10.09830951919,10.69896158219,10.69896158219,10.69896158205,10.69896158215,10.69896158215,10.69896158209,10.69896158209,9.84905727097,10.69896158209,9.99987504769,10.69896158175,10.41384186975,10.69896158228,10.69896158228,10.69896158238,10.69271103158,10.69896158228,10.69896158228,9.13159370588,10.6989615817,10.6989615817,10.11610289891,10.69896158214,10.69896158214,9.84675139144,9.80327032904,9.66896159114,9.65594074294,9.15091011164,10.69896158224,10.69896158224,10.69896158224,10.69896158224,10.69896158224,10.69896158204,9.44700641534,9.34616584404,10.69896158162,10.6381356569,10.6989615818,10.6989615818,10.6989615818,10.24978631292,10.69896158172,10.698961581725,10.698961581725,10.69896158173,10.69896158172,10.69896158222,10.69896158222,10.40747480152,10.69896158212,10.69896158224,10.69896158224,10.69896158222,10.69896158232,10.12764856572,8.66446490602,10.69896158266,10.69896158266,10.69896158256,10.69896158256,10.18139391936,10.69896158246,10.69896158246,8.49045873346,10.69896158194,10.69896158237,10.33893480867,10.69896158234,6.87784509214,6.90845625664,7.75896424929,10.75764745269,10.988221405944,10.988221405944,10.98822140599,10.98822140594,10.98822140594,10.9882214058,10.8480163642,10.98822140579,10.98822140569,10.98822140569,10.45920477589,10.98822140569,10.98822140489,10.98822140489,10.98822140479,10.98822140497,10.98822140497,10.98822140505,10.98822140505,10.988221404987,10.988221404967,10.988221404967,10.988221405087,10.988221405057,10.988221405057,10.98822140495,10.98822140495,10.98822140455
"t132",2.56692750584,0.10657611588,0,1.36199646225,1.36199646225,1.36199646231,1.36199646231,1.03611024531,3.25427825176,3.25427825176,3.25427825201,3.85294356714,3.85294356714,3.18665594758,2.47594109144,7.19136162214,6.49697159115,6.68553216269,6.57224005449,7.58672340674,9.27000718424,9.04681390754,9.23141496794,10.69896158224,10.41725325664,10.69896158226,10.69896158226,10.69896158226,10.69896158226,10.69896158226,10.69896158234,10.698961582346,10.698961582346,7.79280331824,9.80438358984,9.91918981264,10.69896158184,10.59947399694,9.48291675778,10.04839007628,10.69896158218,10.69896158218,10.69896158218,10.09830951919,10.69896158219,10.69896158219,10.69896158205,10.69896158215,10.69896158215,10.69896158209,10.69896158209,9.84905727097,10.69896158209,9.99987504769,10.69896158175,10.41384186975,10.69896158228,10.69896158228,10.69896158238,10.69271103158,10.69896158228,10.69896158228,9.13159370588,10.6989615817,10.6989615817,10.11610289891,10.69896158214,10.69896158214,9.84675139144,9.80327032904,9.66896159114,9.65594074294,9.15091011164,10.69896158224,10.69896158224,10.69896158224,10.69896158224,10.69896158224,10.69896158204,9.44700641534,9.34616584404,10.69896158162,10.6381356569,10.6989615818,10.6989615818,10.6989615818,10.24978631292,10.69896158172,10.698961581725,10.698961581725,10.69896158173,10.69896158172,10.69896158222,10.69896158222,10.40747480152,10.69896158212,10.69896158224,10.69896158224,10.69896158222,10.69896158232,10.12764856572,8.66446490602,10.69896158266,10.69896158266,10.69896158256,10.69896158256,10.18139391936,10.69896158246,10.69896158246,8.49045873346,10.69896158194,10.69896158237,10.33893480867,10.69896158234,6.87784509214,6.90845625664,7.75896424929,10.75764745269,10.988221405944,10.988221405944,10.98822140599,10.98822140594,10.98822140594,10.9882214058,10.8480163642,10.98822140579,10.98822140569,10.98822140569,10.45920477589,10.98822140569,10.98822140489,10.98822140489,10.98822140479,10.98822140497,10.98822140497,10.98822140505,10.98822140505,10.988221404987,10.988221404967,10.988221404967,10.988221405087,10.988221405057,10.988221405057,10.98822140495,10.98822140495,10.98822140455
"t109",2.56692750581,1.36199646225,1.36199646225,0,0.4259031924,0.54058025594,1.26570556474,0.93981934774,3.25427825173,3.25427825173,3.25427825198,3.85294356711,3.85294356711,3.18665594755,2.47594109141,7.19136162211,6.49697159112,6.68553216266,6.57224005446,7.58672340671,9.27000718421,9.04681390751,9.23141496791,10.69896158221,10.41725325661,10.69896158223,10.69896158223,10.69896158223,10.69896158223,10.69896158223,10.69896158231,10.698961582316,10.698961582316,7.79280331821,9.80438358981,9.91918981261,10.69896158181,10.59947399691,9.48291675775,10.04839007625,10.69896158215,10.69896158215,10.69896158215,10.09830951916,10.69896158216,10.69896158216,10.69896158202,10.69896158212,10.69896158212,10.69896158206,10.69896158206,9.84905727094,10.69896158206,9.99987504766,10.69896158172,10.41384186972,10.69896158225,10.69896158225,10.69896158235,10.69271103155,10.69896158225,10.69896158225,9.13159370585,10.69896158167,10.69896158167,10.11610289888,10.69896158211,10.69896158211,9.84675139141,9.80327032901,9.66896159111,9.65594074291,9.15091011161,10.69896158221,10.69896158221,10.69896158221,10.69896158221,10.69896158221,10.69896158201,9.44700641531,9.34616584401,10.69896158159,10.63813565687,10.69896158177,10.69896158177,10.69896158177,10.24978631289,10.69896158169,10.698961581695,10.698961581695,10.6989615817,10.69896158169,10.69896158219,10.69896158219,10.40747480149,10.69896158209,10.69896158221,10.69896158221,10.69896158219,10.69896158229,10.12764856569,8.66446490599,10.69896158263,10.69896158263,10.69896158253,10.69896158253,10.18139391933,10.69896158243,10.69896158243,8.49045873343,10.69896158191,10.69896158234,10.33893480864,10.69896158231,6.87784509211,6.90845625661,7.75896424926,10.75764745266,10.988221405914,10.988221405914,10.98822140596,10.98822140591,10.98822140591,10.98822140577,10.84801636417,10.98822140576,10.98822140566,10.98822140566,10.45920477586,10.98822140566,10.98822140486,10.98822140486,10.98822140476,10.98822140494,10.98822140494,10.98822140502,10.98822140502,10.988221404957,10.988221404937,10.988221404937,10.988221405057,10.988221405027,10.988221405027,10.98822140492,10.98822140492,10.98822140452
"t110",2.56692750581,1.36199646225,1.36199646225,0.4259031924,0,0.54058025594,1.26570556474,0.93981934774,3.25427825173,3.25427825173,3.25427825198,3.85294356711,3.85294356711,3.18665594755,2.47594109141,7.19136162211,6.49697159112,6.68553216266,6.57224005446,7.58672340671,9.27000718421,9.04681390751,9.23141496791,10.69896158221,10.41725325661,10.69896158223,10.69896158223,10.69896158223,10.69896158223,10.69896158223,10.69896158231,10.698961582316,10.698961582316,7.79280331821,9.80438358981,9.91918981261,10.69896158181,10.59947399691,9.48291675775,10.04839007625,10.69896158215,10.69896158215,10.69896158215,10.09830951916,10.69896158216,10.69896158216,10.69896158202,10.69896158212,10.69896158212,10.69896158206,10.69896158206,9.84905727094,10.69896158206,9.99987504766,10.69896158172,10.41384186972,10.69896158225,10.69896158225,10.69896158235,10.69271103155,10.69896158225,10.69896158225,9.13159370585,10.69896158167,10.69896158167,10.11610289888,10.69896158211,10.69896158211,9.84675139141,9.80327032901,9.66896159111,9.65594074291,9.15091011161,10.69896158221,10.69896158221,10.69896158221,10.69896158221,10.69896158221,10.69896158201,9.44700641531,9.34616584401,10.69896158159,10.63813565687,10.69896158177,10.69896158177,10.69896158177,10.24978631289,10.69896158169,10.698961581695,10.698961581695,10.6989615817,10.69896158169,10.69896158219,10.69896158219,10.40747480149,10.69896158209,10.69896158221,10.69896158221,10.69896158219,10.69896158229,10.12764856569,8.66446490599,10.69896158263,10.69896158263,10.69896158253,10.69896158253,10.18139391933,10.69896158243,10.69896158243,8.49045873343,10.69896158191,10.69896158234,10.33893480864,10.69896158231,6.87784509211,6.90845625661,7.75896424926,10.75764745266,10.988221405914,10.988221405914,10.98822140596,10.98822140591,10.98822140591,10.98822140577,10.84801636417,10.98822140576,10.98822140566,10.98822140566,10.45920477586,10.98822140566,10.98822140486,10.98822140486,10.98822140476,10.98822140494,10.98822140494,10.98822140502,10.98822140502,10.988221404957,10.988221404937,10.988221404937,10.988221405057,10.988221405027,10.988221405027,10.98822140492,10.98822140492,10.98822140452
"t108",2.56692750587,1.36199646231,1.36199646231,0.54058025594,0.54058025594,0,1.2657055648,0.9398193478,3.25427825179,3.25427825179,3.25427825204,3.85294356717,3.85294356717,3.18665594761,2.47594109147,7.19136162217,6.49697159118,6.68553216272,6.57224005452,7.58672340677,9.27000718427,9.04681390757,9.23141496797,10.69896158227,10.41725325667,10.69896158229,10.69896158229,10.69896158229,10.69896158229,10.69896158229,10.69896158237,10.698961582376,10.698961582376,7.79280331827,9.80438358987,9.91918981267,10.69896158187,10.59947399697,9.48291675781,10.04839007631,10.69896158221,10.69896158221,10.69896158221,10.09830951922,10.69896158222,10.69896158222,10.69896158208,10.69896158218,10.69896158218,10.69896158212,10.69896158212,9.849057271,10.69896158212,9.99987504772,10.69896158178,10.41384186978,10.69896158231,10.69896158231,10.69896158241,10.69271103161,10.69896158231,10.69896158231,9.13159370591,10.69896158173,10.69896158173,10.11610289894,10.69896158217,10.69896158217,9.84675139147,9.80327032907,9.66896159117,9.65594074297,9.15091011167,10.69896158227,10.69896158227,10.69896158227,10.69896158227,10.69896158227,10.69896158207,9.44700641537,9.34616584407,10.69896158165,10.63813565693,10.69896158183,10.69896158183,10.69896158183,10.24978631295,10.69896158175,10.698961581755,10.698961581755,10.69896158176,10.69896158175,10.69896158225,10.69896158225,10.40747480155,10.69896158215,10.69896158227,10.69896158227,10.69896158225,10.69896158235,10.12764856575,8.66446490605,10.69896158269,10.69896158269,10.69896158259,10.69896158259,10.18139391939,10.69896158249,10.69896158249,8.49045873349,10.69896158197,10.6989615824,10.3389348087,10.69896158237,6.87784509217,6.90845625667,7.75896424932,10.75764745272,10.988221405974,10.988221405974,10.98822140602,10.98822140597,10.98822140597,10.98822140583,10.84801636423,10.98822140582,10.98822140572,10.98822140572,10.45920477592,10.98822140572,10.98822140492,10.98822140492,10.98822140482,10.988221405,10.988221405,10.98822140508,10.98822140508,10.988221405017,10.988221404997,10.988221404997,10.988221405117,10.988221405087,10.988221405087,10.98822140498,10.98822140498,10.98822140458
"t93",2.56692750587,1.36199646231,1.36199646231,1.26570556474,1.26570556474,1.2657055648,0,0.5679979388,3.25427825179,3.25427825179,3.25427825204,3.85294356717,3.85294356717,3.18665594761,2.47594109147,7.19136162217,6.49697159118,6.68553216272,6.57224005452,7.58672340677,9.27000718427,9.04681390757,9.23141496797,10.69896158227,10.41725325667,10.69896158229,10.69896158229,10.69896158229,10.69896158229,10.69896158229,10.69896158237,10.698961582376,10.698961582376,7.79280331827,9.80438358987,9.91918981267,10.69896158187,10.59947399697,9.48291675781,10.04839007631,10.69896158221,10.69896158221,10.69896158221,10.09830951922,10.69896158222,10.69896158222,10.69896158208,10.69896158218,10.69896158218,10.69896158212,10.69896158212,9.849057271,10.69896158212,9.99987504772,10.69896158178,10.41384186978,10.69896158231,10.69896158231,10.69896158241,10.69271103161,10.69896158231,10.69896158231,9.13159370591,10.69896158173,10.69896158173,10.11610289894,10.69896158217,10.69896158217,9.84675139147,9.80327032907,9.66896159117,9.65594074297,9.15091011167,10.69896158227,10.69896158227,10.69896158227,10.69896158227,10.69896158227,10.69896158207,9.44700641537,9.34616584407,10.69896158165,10.63813565693,10.69896158183,10.69896158183,10.69896158183,10.24978631295,10.69896158175,10.698961581755,10.698961581755,10.69896158176,10.69896158175,10.69896158225,10.69896158225,10.40747480155,10.69896158215,10.69896158227,10.69896158227,10.69896158225,10.69896158235,10.12764856575,8.66446490605,10.69896158269,10.69896158269,10.69896158259,10.69896158259,10.18139391939,10.69896158249,10.69896158249,8.49045873349,10.69896158197,10.6989615824,10.3389348087,10.69896158237,6.87784509217,6.90845625667,7.75896424932,10.75764745272,10.988221405974,10.988221405974,10.98822140602,10.98822140597,10.98822140597,10.98822140583,10.84801636423,10.98822140582,10.98822140572,10.98822140572,10.45920477592,10.98822140572,10.98822140492,10.98822140492,10.98822140482,10.988221405,10.988221405,10.98822140508,10.98822140508,10.988221405017,10.988221404997,10.988221404997,10.988221405117,10.988221405087,10.988221405087,10.98822140498,10.98822140498,10.98822140458
"t94",2.24104128887,1.03611024531,1.03611024531,0.93981934774,0.93981934774,0.9398193478,0.5679979388,0,2.92839203479,2.92839203479,2.92839203504,3.52705735017,3.52705735017,2.86076973061,2.15005487447,6.86547540517,6.17108537418,6.35964594572,6.24635383752,7.26083718977,8.94412096727,8.72092769057,8.90552875097,10.37307536527,10.09136703967,10.37307536529,10.37307536529,10.37307536529,10.37307536529,10.37307536529,10.37307536537,10.373075365376,10.373075365376,7.46691710127,9.47849737287,9.59330359567,10.37307536487,10.27358777997,9.15703054081,9.72250385931,10.37307536521,10.37307536521,10.37307536521,9.77242330222,10.37307536522,10.37307536522,10.37307536508,10.37307536518,10.37307536518,10.37307536512,10.37307536512,9.523171054,10.37307536512,9.67398883072,10.37307536478,10.08795565278,10.37307536531,10.37307536531,10.37307536541,10.36682481461,10.37307536531,10.37307536531,8.80570748891,10.37307536473,10.37307536473,9.79021668194,10.37307536517,10.37307536517,9.52086517447,9.47738411207,9.34307537417,9.33005452597,8.82502389467,10.37307536527,10.37307536527,10.37307536527,10.37307536527,10.37307536527,10.37307536507,9.12112019837,9.02027962707,10.37307536465,10.31224943993,10.37307536483,10.37307536483,10.37307536483,9.92390009595,10.37307536475,10.373075364755,10.373075364755,10.37307536476,10.37307536475,10.37307536525,10.37307536525,10.08158858455,10.37307536515,10.37307536527,10.37307536527,10.37307536525,10.37307536535,9.80176234875,8.33857868905,10.37307536569,10.37307536569,10.37307536559,10.37307536559,9.85550770239,10.37307536549,10.37307536549,8.16457251649,10.37307536497,10.3730753654,10.0130485917,10.37307536537,6.55195887517,6.58257003967,7.43307803232,10.43176123572,10.662335188974,10.662335188974,10.66233518902,10.66233518897,10.66233518897,10.66233518883,10.52213014723,10.66233518882,10.66233518872,10.66233518872,10.13331855892,10.66233518872,10.66233518792,10.66233518792,10.66233518782,10.662335188,10.662335188,10.66233518808,10.66233518808,10.662335188017,10.662335187997,10.662335187997,10.662335188117,10.662335188087,10.662335188087,10.66233518798,10.66233518798,10.66233518758
"t129",3.25427825192,3.25427825176,3.25427825176,3.25427825173,3.25427825173,3.25427825179,3.25427825179,2.92839203479,0,0.1286823855,3.09959621175,3.85294356682,3.85294356682,3.18665594726,2.47594109112,7.19136162182,6.49697159083,6.68553216237,6.57224005417,7.58672340642,9.27000718392,9.04681390722,9.23141496762,10.69896158192,10.41725325632,10.69896158194,10.69896158194,10.69896158194,10.69896158194,10.69896158194,10.69896158202,10.698961582026,10.698961582026,7.79280331792,9.80438358952,9.91918981232,10.69896158152,10.59947399662,9.48291675746,10.04839007596,10.69896158186,10.69896158186,10.69896158186,10.09830951887,10.69896158187,10.69896158187,10.69896158173,10.69896158183,10.69896158183,10.69896158177,10.69896158177,9.84905727065,10.69896158177,9.99987504737,10.69896158143,10.41384186943,10.69896158196,10.69896158196,10.69896158206,10.69271103126,10.69896158196,10.69896158196,9.13159370556,10.69896158138,10.69896158138,10.11610289859,10.69896158182,10.69896158182,9.84675139112,9.80327032872,9.66896159082,9.65594074262,9.15091011132,10.69896158192,10.69896158192,10.69896158192,10.69896158192,10.69896158192,10.69896158172,9.44700641502,9.34616584372,10.6989615813,10.63813565658,10.69896158148,10.69896158148,10.69896158148,10.2497863126,10.6989615814,10.698961581405,10.698961581405,10.69896158141,10.6989615814,10.6989615819,10.6989615819,10.4074748012,10.6989615818,10.69896158192,10.69896158192,10.6989615819,10.698961582,10.1276485654,8.6644649057,10.69896158234,10.69896158234,10.69896158224,10.69896158224,10.18139391904,10.69896158214,10.69896158214,8.49045873314,10.69896158162,10.69896158205,10.33893480835,10.69896158202,6.87784509182,6.90845625632,7.75896424897,10.75764745237,10.988221405624,10.988221405624,10.98822140567,10.98822140562,10.98822140562,10.98822140548,10.84801636388,10.98822140547,10.98822140537,10.98822140537,10.45920477557,10.98822140537,10.98822140457,10.98822140457,10.98822140447,10.98822140465,10.98822140465,10.98822140473,10.98822140473,10.988221404667,10.988221404647,10.988221404647,10.988221404767,10.988221404737,10.988221404737,10.98822140463,10.98822140463,10.98822140423
"t130",3.25427825192,3.25427825176,3.25427825176,3.25427825173,3.25427825173,3.25427825179,3.25427825179,2.92839203479,0.1286823855,0,3.09959621175,3.85294356682,3.85294356682,3.18665594726,2.47594109112,7.19136162182,6.49697159083,6.68553216237,6.57224005417,7.58672340642,9.27000718392,9.04681390722,9.23141496762,10.69896158192,10.41725325632,10.69896158194,10.69896158194,10.69896158194,10.69896158194,10.69896158194,10.69896158202,10.698961582026,10.698961582026,7.79280331792,9.80438358952,9.91918981232,10.69896158152,10.59947399662,9.48291675746,10.04839007596,10.69896158186,10.69896158186,10.69896158186,10.09830951887,10.69896158187,10.69896158187,10.69896158173,10.69896158183,10.69896158183,10.69896158177,10.69896158177,9.84905727065,10.69896158177,9.99987504737,10.69896158143,10.41384186943,10.69896158196,10.69896158196,10.69896158206,10.69271103126,10.69896158196,10.69896158196,9.13159370556,10.69896158138,10.69896158138,10.11610289859,10.69896158182,10.69896158182,9.84675139112,9.80327032872,9.66896159082,9.65594074262,9.15091011132,10.69896158192,10.69896158192,10.69896158192,10.69896158192,10.69896158192,10.69896158172,9.44700641502,9.34616584372,10.6989615813,10.63813565658,10.69896158148,10.69896158148,10.69896158148,10.2497863126,10.6989615814,10.698961581405,10.698961581405,10.69896158141,10.6989615814,10.6989615819,10.6989615819,10.4074748012,10.6989615818,10.69896158192,10.69896158192,10.6989615819,10.698961582,10.1276485654,8.6644649057,10.69896158234,10.69896158234,10.69896158224,10.69896158224,10.18139391904,10.69896158214,10.69896158214,8.49045873314,10.69896158162,10.69896158205,10.33893480835,10.69896158202,6.87784509182,6.90845625632,7.75896424897,10.75764745237,10.988221405624,10.988221405624,10.98822140567,10.98822140562,10.98822140562,10.98822140548,10.84801636388,10.98822140547,10.98822140537,10.98822140537,10.45920477557,10.98822140537,10.98822140457,10.98822140457,10.98822140447,10.98822140465,10.98822140465,10.98822140473,10.98822140473,10.988221404667,10.988221404647,10.988221404647,10.988221404767,10.988221404737,10.988221404737,10.98822140463,10.98822140463,10.98822140423
"t27",3.25427825217,3.25427825201,3.25427825201,3.25427825198,3.25427825198,3.25427825204,3.25427825204,2.92839203504,3.09959621175,3.09959621175,0,3.85294356707,3.85294356707,3.18665594751,2.47594109137,7.19136162207,6.49697159108,6.68553216262,6.57224005442,7.58672340667,9.27000718417,9.04681390747,9.23141496787,10.69896158217,10.41725325657,10.69896158219,10.69896158219,10.69896158219,10.69896158219,10.69896158219,10.69896158227,10.698961582276,10.698961582276,7.79280331817,9.80438358977,9.91918981257,10.69896158177,10.59947399687,9.48291675771,10.04839007621,10.69896158211,10.69896158211,10.69896158211,10.09830951912,10.69896158212,10.69896158212,10.69896158198,10.69896158208,10.69896158208,10.69896158202,10.69896158202,9.8490572709,10.69896158202,9.99987504762,10.69896158168,10.41384186968,10.69896158221,10.69896158221,10.69896158231,10.69271103151,10.69896158221,10.69896158221,9.13159370581,10.69896158163,10.69896158163,10.11610289884,10.69896158207,10.69896158207,9.84675139137,9.80327032897,9.66896159107,9.65594074287,9.15091011157,10.69896158217,10.69896158217,10.69896158217,10.69896158217,10.69896158217,10.69896158197,9.44700641527,9.34616584397,10.69896158155,10.63813565683,10.69896158173,10.69896158173,10.69896158173,10.24978631285,10.69896158165,10.698961581655,10.698961581655,10.69896158166,10.69896158165,10.69896158215,10.69896158215,10.40747480145,10.69896158205,10.69896158217,10.69896158217,10.69896158215,10.69896158225,10.12764856565,8.66446490595,10.69896158259,10.69896158259,10.69896158249,10.69896158249,10.18139391929,10.69896158239,10.69896158239,8.49045873339,10.69896158187,10.6989615823,10.3389348086,10.69896158227,6.87784509207,6.90845625657,7.75896424922,10.75764745262,10.988221405874,10.988221405874,10.98822140592,10.98822140587,10.98822140587,10.98822140573,10.84801636413,10.98822140572,10.98822140562,10.98822140562,10.45920477582,10.98822140562,10.98822140482,10.98822140482,10.98822140472,10.9882214049,10.9882214049,10.98822140498,10.98822140498,10.988221404917,10.988221404897,10.988221404897,10.988221405017,10.988221404987,10.988221404987,10.98822140488,10.98822140488,10.98822140448
"t91",3.8529435673,3.85294356714,3.85294356714,3.85294356711,3.85294356711,3.85294356717,3.85294356717,3.52705735017,3.85294356682,3.85294356682,3.85294356707,0,0.9181673546,0.82274489924,2.4759410911,7.1913616218,6.49697159081,6.68553216235,6.57224005415,7.5867234064,9.2700071839,9.0468139072,9.2314149676,10.6989615819,10.4172532563,10.69896158192,10.69896158192,10.69896158192,10.69896158192,10.69896158192,10.698961582,10.698961582006,10.698961582006,7.7928033179,9.8043835895,9.9191898123,10.6989615815,10.5994739966,9.48291675744,10.04839007594,10.69896158184,10.69896158184,10.69896158184,10.09830951885,10.69896158185,10.69896158185,10.69896158171,10.69896158181,10.69896158181,10.69896158175,10.69896158175,9.84905727063,10.69896158175,9.99987504735,10.69896158141,10.41384186941,10.69896158194,10.69896158194,10.69896158204,10.69271103124,10.69896158194,10.69896158194,9.13159370554,10.69896158136,10.69896158136,10.11610289857,10.6989615818,10.6989615818,9.8467513911,9.8032703287,9.6689615908,9.6559407426,9.1509101113,10.6989615819,10.6989615819,10.6989615819,10.6989615819,10.6989615819,10.6989615817,9.447006415,9.3461658437,10.69896158128,10.63813565656,10.69896158146,10.69896158146,10.69896158146,10.24978631258,10.69896158138,10.698961581385,10.698961581385,10.69896158139,10.69896158138,10.69896158188,10.69896158188,10.40747480118,10.69896158178,10.6989615819,10.6989615819,10.69896158188,10.69896158198,10.12764856538,8.66446490568,10.69896158232,10.69896158232,10.69896158222,10.69896158222,10.18139391902,10.69896158212,10.69896158212,8.49045873312,10.6989615816,10.69896158203,10.33893480833,10.698961582,6.8778450918,6.9084562563,7.75896424895,10.75764745235,10.988221405604,10.988221405604,10.98822140565,10.9882214056,10.9882214056,10.98822140546,10.84801636386,10.98822140545,10.98822140535,10.98822140535,10.45920477555,10.98822140535,10.98822140455,10.98822140455,10.98822140445,10.98822140463,10.98822140463,10.98822140471,10.98822140471,10.988221404647,10.988221404627,10.988221404627,10.988221404747,10.988221404717,10.988221404717,10.98822140461,10.98822140461,10.98822140421
"t92",3.8529435673,3.85294356714,3.85294356714,3.85294356711,3.85294356711,3.85294356717,3.85294356717,3.52705735017,3.85294356682,3.85294356682,3.85294356707,0.9181673546,0,0.82274489924,2.4759410911,7.1913616218,6.49697159081,6.68553216235,6.57224005415,7.5867234064,9.2700071839,9.0468139072,9.2314149676,10.6989615819,10.4172532563,10.69896158192,10.69896158192,10.69896158192,10.69896158192,10.69896158192,10.698961582,10.698961582006,10.698961582006,7.7928033179,9.8043835895,9.9191898123,10.6989615815,10.5994739966,9.48291675744,10.04839007594,10.69896158184,10.69896158184,10.69896158184,10.09830951885,10.69896158185,10.69896158185,10.69896158171,10.69896158181,10.69896158181,10.69896158175,10.69896158175,9.84905727063,10.69896158175,9.99987504735,10.69896158141,10.41384186941,10.69896158194,10.69896158194,10.69896158204,10.69271103124,10.69896158194,10.69896158194,9.13159370554,10.69896158136,10.69896158136,10.11610289857,10.6989615818,10.6989615818,9.8467513911,9.8032703287,9.6689615908,9.6559407426,9.1509101113,10.6989615819,10.6989615819,10.6989615819,10.6989615819,10.6989615819,10.6989615817,9.447006415,9.3461658437,10.69896158128,10.63813565656,10.69896158146,10.69896158146,10.69896158146,10.24978631258,10.69896158138,10.698961581385,10.698961581385,10.69896158139,10.69896158138,10.69896158188,10.69896158188,10.40747480118,10.69896158178,10.6989615819,10.6989615819,10.69896158188,10.69896158198,10.12764856538,8.66446490568,10.69896158232,10.69896158232,10.69896158222,10.69896158222,10.18139391902,10.69896158212,10.69896158212,8.49045873312,10.6989615816,10.69896158203,10.33893480833,10.698961582,6.8778450918,6.9084562563,7.75896424895,10.75764745235,10.988221405604,10.988221405604,10.98822140565,10.9882214056,10.9882214056,10.98822140546,10.84801636386,10.98822140545,10.98822140535,10.98822140535,10.45920477555,10.98822140535,10.98822140455,10.98822140455,10.98822140445,10.98822140463,10.98822140463,10.98822140471,10.98822140471,10.988221404647,10.988221404627,10.988221404627,10.988221404747,10.988221404717,10.988221404717,10.98822140461,10.98822140461,10.98822140421
"t58",3.18665594774,3.18665594758,3.18665594758,3.18665594755,3.18665594755,3.18665594761,3.18665594761,2.86076973061,3.18665594726,3.18665594726,3.18665594751,0.82274489924,0.82274489924,0,1.80965347154,6.52507400224,5.83068397125,6.01924454279,5.90595243459,6.92043578684,8.60371956434,8.38052628764,8.56512734804,10.03267396234,9.75096563674,10.03267396236,10.03267396236,10.03267396236,10.03267396236,10.03267396236,10.03267396244,10.032673962446,10.032673962446,7.12651569834,9.13809596994,9.25290219274,10.03267396194,9.93318637704,8.81662913788,9.38210245638,10.03267396228,10.03267396228,10.03267396228,9.43202189929,10.03267396229,10.03267396229,10.03267396215,10.03267396225,10.03267396225,10.03267396219,10.03267396219,9.18276965107,10.03267396219,9.33358742779,10.03267396185,9.74755424985,10.03267396238,10.03267396238,10.03267396248,10.02642341168,10.03267396238,10.03267396238,8.46530608598,10.0326739618,10.0326739618,9.44981527901,10.03267396224,10.03267396224,9.18046377154,9.13698270914,9.00267397124,8.98965312304,8.48462249174,10.03267396234,10.03267396234,10.03267396234,10.03267396234,10.03267396234,10.03267396214,8.78071879544,8.67987822414,10.03267396172,9.971848037,10.0326739619,10.0326739619,10.0326739619,9.58349869302,10.03267396182,10.032673961825,10.032673961825,10.03267396183,10.03267396182,10.03267396232,10.03267396232,9.74118718162,10.03267396222,10.03267396234,10.03267396234,10.03267396232,10.03267396242,9.46136094582,7.99817728612,10.03267396276,10.03267396276,10.03267396266,10.03267396266,9.51510629946,10.03267396256,10.03267396256,7.82417111356,10.03267396204,10.03267396247,9.67264718877,10.03267396244,6.21155747224,6.24216863674,7.09267662939,10.09135983279,10.321933786044,10.321933786044,10.32193378609,10.32193378604,10.32193378604,10.3219337859,10.1817287443,10.32193378589,10.32193378579,10.32193378579,9.79291715599,10.32193378579,10.32193378499,10.32193378499,10.32193378489,10.32193378507,10.32193378507,10.32193378515,10.32193378515,10.321933785087,10.321933785067,10.321933785067,10.321933785187,10.321933785157,10.321933785157,10.32193378505,10.32193378505,10.32193378465
"t20",2.4759410916,2.47594109144,2.47594109144,2.47594109141,2.47594109141,2.47594109147,2.47594109147,2.15005487447,2.47594109112,2.47594109112,2.47594109137,2.4759410911,2.4759410911,1.80965347154,0,5.7222793033,5.02788927231,5.21644984385,5.10315773565,6.1176410879,7.8009248654,7.5777315887,7.7623326491,9.2298792634,8.9481709378,9.22987926342,9.22987926342,9.22987926342,9.22987926342,9.22987926342,9.2298792635,9.229879263506,9.229879263506,6.3237209994,8.335301271,8.4501074938,9.229879263,9.1303916781,8.01383443894,8.57930775744,9.22987926334,9.22987926334,9.22987926334,8.62922720035,9.22987926335,9.22987926335,9.22987926321,9.22987926331,9.22987926331,9.22987926325,9.22987926325,8.37997495213,9.22987926325,8.53079272885,9.22987926291,8.94475955091,9.22987926344,9.22987926344,9.22987926354,9.22362871274,9.22987926344,9.22987926344,7.66251138704,9.22987926286,9.22987926286,8.64702058007,9.2298792633,9.2298792633,8.3776690726,8.3341880102,8.1998792723,8.1868584241,7.6818277928,9.2298792634,9.2298792634,9.2298792634,9.2298792634,9.2298792634,9.2298792632,7.9779240965,7.8770835252,9.22987926278,9.16905333806,9.22987926296,9.22987926296,9.22987926296,8.78070399408,9.22987926288,9.229879262885,9.229879262885,9.22987926289,9.22987926288,9.22987926338,9.22987926338,8.93839248268,9.22987926328,9.2298792634,9.2298792634,9.22987926338,9.22987926348,8.65856624688,7.19538258718,9.22987926382,9.22987926382,9.22987926372,9.22987926372,8.71231160052,9.22987926362,9.22987926362,7.02137641462,9.2298792631,9.22987926353,8.86985248983,9.2298792635,5.4087627733,5.4393739378,6.28988193045,9.28856513385,9.519139087104,9.519139087104,9.51913908715,9.5191390871,9.5191390871,9.51913908696,9.37893404536,9.51913908695,9.51913908685,9.51913908685,8.99012245705,9.51913908685,9.51913908605,9.51913908605,9.51913908595,9.51913908613,9.51913908613,9.51913908621,9.51913908621,9.519139086147,9.519139086127,9.519139086127,9.519139086247,9.519139086217,9.519139086217,9.51913908611,9.51913908611,9.51913908571
"t4",7.1913616223,7.19136162214,7.19136162214,7.19136162211,7.19136162211,7.19136162217,7.19136162217,6.86547540517,7.19136162182,7.19136162182,7.19136162207,7.1913616218,7.1913616218,6.52507400224,5.7222793033,0,0.71991098321,1.13761342075,1.02432131255,3.3515049574,5.0347887349,4.8115954582,4.9961965186,6.4637431329,6.1820348073,6.46374313292,6.46374313292,6.46374313292,6.46374313292,6.46374313292,6.463743133,6.463743133006,6.463743133006,3.5575848689,5.5691651405,5.6839713633,6.4637431325,6.3642555476,5.24769830844,5.81317162694,6.46374313284,6.46374313284,6.46374313284,5.86309106985,6.46374313285,6.46374313285,6.46374313271,6.46374313281,6.46374313281,6.46374313275,6.46374313275,5.61383882163,6.46374313275,5.76465659835,6.46374313241,6.17862342041,6.46374313294,6.46374313294,6.46374313304,6.45749258224,6.46374313294,6.46374313294,4.89637525654,6.46374313236,6.46374313236,5.88088444957,6.4637431328,6.4637431328,5.6115329421,5.5680518797,5.4337431418,5.4207222936,4.9156916623,6.4637431329,6.4637431329,6.4637431329,6.4637431329,6.4637431329,6.4637431327,5.211787966,5.1109473947,6.46374313228,6.40291720756,6.46374313246,6.46374313246,6.46374313246,6.01456786358,6.46374313238,6.463743132385,6.463743132385,6.46374313239,6.46374313238,6.46374313288,6.46374313288,6.17225635218,6.46374313278,6.4637431329,6.4637431329,6.46374313288,6.46374313298,5.89243011638,4.42924645668,6.46374313332,6.46374313332,6.46374313322,6.46374313322,5.94617547002,6.46374313312,6.46374313312,4.25524028412,6.4637431326,6.46374313303,6.10371635933,6.463743133,3.370245132,3.4008562965,4.25136428915,7.25004749255,7.480621445804,7.480621445804,7.48062144585,7.4806214458,7.4806214458,7.48062144566,7.34041640406,7.48062144565,7.48062144555,7.48062144555,6.95160481575,7.48062144555,7.48062144475,7.48062144475,7.48062144465,7.48062144483,7.48062144483,7.48062144491,7.48062144491,7.480621444847,7.480621444827,7.480621444827,7.480621444947,7.480621444917,7.480621444917,7.48062144481,7.48062144481,7.48062144441
"t5",6.49697159131,6.49697159115,6.49697159115,6.49697159112,6.49697159112,6.49697159118,6.49697159118,6.17108537418,6.49697159083,6.49697159083,6.49697159108,6.49697159081,6.49697159081,5.83068397125,5.02788927231,0.71991098321,0,0.44322338976,0.32993128156,2.65711492641,4.34039870391,4.11720542721,4.30180648761,5.76935310191,5.48764477631,5.76935310193,5.76935310193,5.76935310193,5.76935310193,5.76935310193,5.76935310201,5.769353102016,5.769353102016,2.86319483791,4.87477510951,4.98958133231,5.76935310151,5.66986551661,4.55330827745,5.11878159595,5.76935310185,5.76935310185,5.76935310185,5.16870103886,5.76935310186,5.76935310186,5.76935310172,5.76935310182,5.76935310182,5.76935310176,5.76935310176,4.91944879064,5.76935310176,5.07026656736,5.76935310142,5.48423338942,5.76935310195,5.76935310195,5.76935310205,5.76310255125,5.76935310195,5.76935310195,4.20198522555,5.76935310137,5.76935310137,5.18649441858,5.76935310181,5.76935310181,4.91714291111,4.87366184871,4.73935311081,4.72633226261,4.22130163131,5.76935310191,5.76935310191,5.76935310191,5.76935310191,5.76935310191,5.76935310171,4.51739793501,4.41655736371,5.76935310129,5.70852717657,5.76935310147,5.76935310147,5.76935310147,5.32017783259,5.76935310139,5.769353101395,5.769353101395,5.7693531014,5.76935310139,5.76935310189,5.76935310189,5.47786632119,5.76935310179,5.76935310191,5.76935310191,5.76935310189,5.76935310199,5.19804008539,3.73485642569,5.76935310233,5.76935310233,5.76935310223,5.76935310223,5.25178543903,5.76935310213,5.76935310213,3.56085025313,5.76935310161,5.76935310204,5.40932632834,5.76935310201,2.67585510101,2.70646626551,3.55697425816,6.55565746156,6.786231414814,6.786231414814,6.78623141486,6.78623141481,6.78623141481,6.78623141467,6.64602637307,6.78623141466,6.78623141456,6.78623141456,6.25721478476,6.78623141456,6.78623141376,6.78623141376,6.78623141366,6.78623141384,6.78623141384,6.78623141392,6.78623141392,6.786231413857,6.786231413837,6.786231413837,6.786231413957,6.786231413927,6.786231413927,6.78623141382,6.78623141382,6.78623141342
"t2",6.68553216285,6.68553216269,6.68553216269,6.68553216266,6.68553216266,6.68553216272,6.68553216272,6.35964594572,6.68553216237,6.68553216237,6.68553216262,6.68553216235,6.68553216235,6.01924454279,5.21644984385,1.13761342075,0.44322338976,0,0.4467229624,2.84567549795,4.52895927545,4.30576599875,4.49036705915,5.95791367345,5.67620534785,5.95791367347,5.95791367347,5.95791367347,5.95791367347,5.95791367347,5.95791367355,5.957913673556,5.957913673556,3.05175540945,5.06333568105,5.17814190385,5.95791367305,5.85842608815,4.74186884899,5.30734216749,5.95791367339,5.95791367339,5.95791367339,5.3572616104,5.9579136734,5.9579136734,5.95791367326,5.95791367336,5.95791367336,5.9579136733,5.9579136733,5.10800936218,5.9579136733,5.2588271389,5.95791367296,5.67279396096,5.95791367349,5.95791367349,5.95791367359,5.95166312279,5.95791367349,5.95791367349,4.39054579709,5.95791367291,5.95791367291,5.37505499012,5.95791367335,5.95791367335,5.10570348265,5.06222242025,4.92791368235,4.91489283415,4.40986220285,5.95791367345,5.95791367345,5.95791367345,5.95791367345,5.95791367345,5.95791367325,4.70595850655,4.60511793525,5.95791367283,5.89708774811,5.95791367301,5.95791367301,5.95791367301,5.50873840413,5.95791367293,5.957913672935,5.957913672935,5.95791367294,5.95791367293,5.95791367343,5.95791367343,5.66642689273,5.95791367333,5.95791367345,5.95791367345,5.95791367343,5.95791367353,5.38660065693,3.92341699723,5.95791367387,5.95791367387,5.95791367377,5.95791367377,5.44034601057,5.95791367367,5.95791367367,3.74941082467,5.95791367315,5.95791367358,5.59788689988,5.95791367355,2.86441567255,2.89502683705,3.7455348297,6.7442180331,6.974791986354,6.974791986354,6.9747919864,6.97479198635,6.97479198635,6.97479198621,6.83458694461,6.9747919862,6.9747919861,6.9747919861,6.4457753563,6.9747919861,6.9747919853,6.9747919853,6.9747919852,6.97479198538,6.97479198538,6.97479198546,6.97479198546,6.974791985397,6.974791985377,6.974791985377,6.974791985497,6.974791985467,6.974791985467,6.97479198536,6.97479198536,6.97479198496
