"","t1","t66","t67","t56","t74","t75","t16","t10","t12","t22","t23","t5","t6","t4","t13","t19","t20","t7","t8","t24","t49","t50","t61","t62","t36","t37","t68","t69","t72","t73","t2","t9","t47","t48","t17","t28","t57","t58","t43","t44","t51","t52","t90","t91","t27","t84","t85","t11","t15","t88","t89","t53","t59","t60","t18","t76","t77","t26","t64","t65","t80","t81","t25","t40","t41","t21","t54","t55","t42","t86","t87","t94","t95","t63","t92","t93","t96","t97","t78","t79","t82","t83","t38","t39","t31","t32","t70","t71","t29","t30","t33","t45","t46","t3","t34","t35","t99","t100","t98","t14"
"t1",0,3.25290537814,3.25290537814,3.25290537822,3.25290537819,3.25290537819,3.25290537809,3.25290537809,3.25290537799,3.25290537819,3.25290537819,3.25290537799,3.25290537799,4.1512519914,4.1512519917,4.1512519913,4.1512519913,4.1512519915,4.1512519915,4.3563088135,4.3563088135,4.3563088135,4.3563088136,4.3563088136,4.3563088136,4.3563088136,4.3563088135,4.3563088135,5.6026965247,5.6026965247,5.60269652465,5.60269652505,5.60269652495,5.60269652495,5.60269652495,5.6026965247,5.6026965247,5.6026965247,5.6026965249,5.6026965249,5.6026965249,5.60269652492,5.60269652493,5.60269652493,5.6026965249,5.60269652488,5.60269652488,5.60269652521,5.60269652493,5.60269652492,5.60269652492,5.60269652493,5.60269652501,5.60269652501,5.60269652491,5.60269652491,5.60269652491,5.60269652491,5.60269652499,5.60269652499,5.6026965247,5.6026965247,5.9215638942,5.9215638942,5.9215638942,5.9215638942,5.9215638942,5.9215638942,5.9215638942,5.92156389412,5.92156389412,5.92156389422,5.92156389422,5.921563894,5.92156389396,5.92156389396,5.9215638941,5.9215638941,8.90723294903,8.90723294903,8.90723294893,8.90723294893,8.90723294893,8.90723294893,8.90723294843,8.90723294843,8.90723294843,8.90723294843,8.9072329492,8.9072329492,8.907232949,8.90723294899,8.90723294899,8.9072329493,8.90723294837,8.90723294837,8.90723294831,8.90723294831,8.90723294832,8.9072329483
"t66",3.25290537814,0,0.4386967334,0.58010686612,0.64937975175,0.64937975175,1.90646210645,2.78012054905,2.78012054895,2.78012054915,2.78012054915,3.19909109275,3.19909109275,4.15125199154,4.15125199184,4.15125199144,4.15125199144,4.15125199164,4.15125199164,4.35630881364,4.35630881364,4.35630881364,4.35630881374,4.35630881374,4.35630881374,4.35630881374,4.35630881364,4.35630881364,5.60269652484,5.60269652484,5.60269652479,5.60269652519,5.60269652509,5.60269652509,5.60269652509,5.60269652484,5.60269652484,5.60269652484,5.60269652504,5.60269652504,5.60269652504,5.60269652506,5.60269652507,5.60269652507,5.60269652504,5.60269652502,5.60269652502,5.60269652535,5.60269652507,5.60269652506,5.60269652506,5.60269652507,5.60269652515,5.60269652515,5.60269652505,5.60269652505,5.60269652505,5.60269652505,5.60269652513,5.60269652513,5.60269652484,5.60269652484,5.92156389434,5.92156389434,5.92156389434,5.92156389434,5.92156389434,5.92156389434,5.92156389434,5.92156389426,5.92156389426,5.92156389436,5.92156389436,5.92156389414,5.9215638941,5.9215638941,5.92156389424,5.92156389424,8.90723294917,8.90723294917,8.90723294907,8.90723294907,8.90723294907,8.90723294907,8.90723294857,8.90723294857,8.90723294857,8.90723294857,8.90723294934,8.90723294934,8.90723294914,8.90723294913,8.90723294913,8.90723294944,8.90723294851,8.90723294851,8.90723294845,8.90723294845,8.90723294846,8.90723294844
"t67",3.25290537814,0.4386967334,0,0.58010686612,0.64937975175,0.64937975175,1.90646210645,2.78012054905,2.78012054895,2.78012054915,2.78012054915,3.19909109275,3.19909109275,4.15125199154,4.15125199184,4.15125199144,4.15125199144,4.15125199164,4.15125199164,4.35630881364,4.35630881364,4.35630881364,4.35630881374,4.35630881374,4.35630881374,4.35630881374,4.35630881364,4.35630881364,5.60269652484,5.60269652484,5.60269652479,5.60269652519,5.60269652509,5.60269652509,5.60269652509,5.60269652484,5.60269652484,5.60269652484,5.60269652504,5.60269652504,5.60269652504,5.60269652506,5.60269652507,5.60269652507,5.60269652504,5.60269652502,5.60269652502,5.60269652535,5.60269652507,5.60269652506,5.60269652506,5.60269652507,5.60269652515,5.60269652515,5.60269652505,5.60269652505,5.60269652505,5.60269652505,5.60269652513,5.60269652513,5.60269652484,5.60269652484,5.92156389434,5.92156389434,5.92156389434,5.92156389434,5.92156389434,5.92156389434,5.92156389434,5.92156389426,5.92156389426,5.92156389436,5.92156389436,5.92156389414,5.9215638941,5.9215638941,5.92156389424,5.92156389424,8.90723294917,8.90723294917,8.90723294907,8.90723294907,8.90723294907,8.90723294907,8.90723294857,8.90723294857,8.90723294857,8.90723294857,8.90723294934,8.90723294934,8.90723294914,8.90723294913,8.90723294913,8.90723294944,8.90723294851,8.90723294851,8.90723294845,8.90723294845,8.90723294846,8.90723294844
"t56",3.25290537822,0.58010686612,0.58010686612,0,0.64937975183,0.64937975183,1.90646210653,2.78012054913,2.78012054903,2.78012054923,2.78012054923,3.19909109283,3.19909109283,4.15125199162,4.15125199192,4.15125199152,4.15125199152,4.15125199172,4.15125199172,4.35630881372,4.35630881372,4.35630881372,4.35630881382,4.35630881382,4.35630881382,4.35630881382,4.35630881372,4.35630881372,5.60269652492,5.60269652492,5.60269652487,5.60269652527,5.60269652517,5.60269652517,5.60269652517,5.60269652492,5.60269652492,5.60269652492,5.60269652512,5.60269652512,5.60269652512,5.60269652514,5.60269652515,5.60269652515,5.60269652512,5.6026965251,5.6026965251,5.60269652543,5.60269652515,5.60269652514,5.60269652514,5.60269652515,5.60269652523,5.60269652523,5.60269652513,5.60269652513,5.60269652513,5.60269652513,5.60269652521,5.60269652521,5.60269652492,5.60269652492,5.92156389442,5.92156389442,5.92156389442,5.92156389442,5.92156389442,5.92156389442,5.92156389442,5.92156389434,5.92156389434,5.92156389444,5.92156389444,5.92156389422,5.92156389418,5.92156389418,5.92156389432,5.92156389432,8.90723294925,8.90723294925,8.90723294915,8.90723294915,8.90723294915,8.90723294915,8.90723294865,8.90723294865,8.90723294865,8.90723294865,8.90723294942,8.90723294942,8.90723294922,8.90723294921,8.90723294921,8.90723294952,8.90723294859,8.90723294859,8.90723294853,8.90723294853,8.90723294854,8.90723294852
"t74",3.25290537819,0.64937975175,0.64937975175,0.64937975183,0,0.3183952526,1.9064621065,2.7801205491,2.780120549,2.7801205492,2.7801205492,3.1990910928,3.1990910928,4.15125199159,4.15125199189,4.15125199149,4.15125199149,4.15125199169,4.15125199169,4.35630881369,4.35630881369,4.35630881369,4.35630881379,4.35630881379,4.35630881379,4.35630881379,4.35630881369,4.35630881369,5.60269652489,5.60269652489,5.60269652484,5.60269652524,5.60269652514,5.60269652514,5.60269652514,5.60269652489,5.60269652489,5.60269652489,5.60269652509,5.60269652509,5.60269652509,5.60269652511,5.60269652512,5.60269652512,5.60269652509,5.60269652507,5.60269652507,5.6026965254,5.60269652512,5.60269652511,5.60269652511,5.60269652512,5.6026965252,5.6026965252,5.6026965251,5.6026965251,5.6026965251,5.6026965251,5.60269652518,5.60269652518,5.60269652489,5.60269652489,5.92156389439,5.92156389439,5.92156389439,5.92156389439,5.92156389439,5.92156389439,5.92156389439,5.92156389431,5.92156389431,5.92156389441,5.92156389441,5.92156389419,5.92156389415,5.92156389415,5.92156389429,5.92156389429,8.90723294922,8.90723294922,8.90723294912,8.90723294912,8.90723294912,8.90723294912,8.90723294862,8.90723294862,8.90723294862,8.90723294862,8.90723294939,8.90723294939,8.90723294919,8.90723294918,8.90723294918,8.90723294949,8.90723294856,8.90723294856,8.9072329485,8.9072329485,8.90723294851,8.90723294849
"t75",3.25290537819,0.64937975175,0.64937975175,0.64937975183,0.3183952526,0,1.9064621065,2.7801205491,2.780120549,2.7801205492,2.7801205492,3.1990910928,3.1990910928,4.15125199159,4.15125199189,4.15125199149,4.15125199149,4.15125199169,4.15125199169,4.35630881369,4.35630881369,4.35630881369,4.35630881379,4.35630881379,4.35630881379,4.35630881379,4.35630881369,4.35630881369,5.60269652489,5.60269652489,5.60269652484,5.60269652524,5.60269652514,5.60269652514,5.60269652514,5.60269652489,5.60269652489,5.60269652489,5.60269652509,5.60269652509,5.60269652509,5.60269652511,5.60269652512,5.60269652512,5.60269652509,5.60269652507,5.60269652507,5.6026965254,5.60269652512,5.60269652511,5.60269652511,5.60269652512,5.6026965252,5.6026965252,5.6026965251,5.6026965251,5.6026965251,5.6026965251,5.60269652518,5.60269652518,5.60269652489,5.60269652489,5.92156389439,5.92156389439,5.92156389439,5.92156389439,5.92156389439,5.92156389439,5.92156389439,5.92156389431,5.92156389431,5.92156389441,5.92156389441,5.92156389419,5.92156389415,5.92156389415,5.92156389429,5.92156389429,8.90723294922,8.90723294922,8.90723294912,8.90723294912,8.90723294912,8.90723294912,8.90723294862,8.90723294862,8.90723294862,8.90723294862,8.90723294939,8.90723294939,8.90723294919,8.90723294918,8.90723294918,8.90723294949,8.90723294856,8.90723294856,8.9072329485,8.9072329485,8.90723294851,8.90723294849
"t16",3.25290537809,1.90646210645,1.90646210645,1.90646210653,1.9064621065,1.9064621065,0,2.780120549,2.7801205489,2.7801205491,2.7801205491,3.1990910927,3.1990910927,4.15125199149,4.15125199179,4.15125199139,4.15125199139,4.15125199159,4.15125199159,4.35630881359,4.35630881359,4.35630881359,4.35630881369,4.35630881369,4.35630881369,4.35630881369,4.35630881359,4.35630881359,5.60269652479,5.60269652479,5.60269652474,5.60269652514,5.60269652504,5.60269652504,5.60269652504,5.60269652479,5.60269652479,5.60269652479,5.60269652499,5.60269652499,5.60269652499,5.60269652501,5.60269652502,5.60269652502,5.60269652499,5.60269652497,5.60269652497,5.6026965253,5.60269652502,5.60269652501,5.60269652501,5.60269652502,5.6026965251,5.6026965251,5.602696525,5.602696525,5.602696525,5.602696525,5.60269652508,5.60269652508,5.60269652479,5.60269652479,5.92156389429,5.92156389429,5.92156389429,5.92156389429,5.92156389429,5.92156389429,5.92156389429,5.92156389421,5.92156389421,5.92156389431,5.92156389431,5.92156389409,5.92156389405,5.92156389405,5.92156389419,5.92156389419,8.90723294912,8.90723294912,8.90723294902,8.90723294902,8.90723294902,8.90723294902,8.90723294852,8.90723294852,8.90723294852,8.90723294852,8.90723294929,8.90723294929,8.90723294909,8.90723294908,8.90723294908,8.90723294939,8.90723294846,8.90723294846,8.9072329484,8.9072329484,8.90723294841,8.90723294839
"t10",3.25290537809,2.78012054905,2.78012054905,2.78012054913,2.7801205491,2.7801205491,2.780120549,0,2.2499686759,2.2499686761,2.2499686761,3.1990910927,3.1990910927,4.15125199149,4.15125199179,4.15125199139,4.15125199139,4.15125199159,4.15125199159,4.35630881359,4.35630881359,4.35630881359,4.35630881369,4.35630881369,4.35630881369,4.35630881369,4.35630881359,4.35630881359,5.60269652479,5.60269652479,5.60269652474,5.60269652514,5.60269652504,5.60269652504,5.60269652504,5.60269652479,5.60269652479,5.60269652479,5.60269652499,5.60269652499,5.60269652499,5.60269652501,5.60269652502,5.60269652502,5.60269652499,5.60269652497,5.60269652497,5.6026965253,5.60269652502,5.60269652501,5.60269652501,5.60269652502,5.6026965251,5.6026965251,5.602696525,5.602696525,5.602696525,5.602696525,5.60269652508,5.60269652508,5.60269652479,5.60269652479,5.92156389429,5.92156389429,5.92156389429,5.92156389429,5.92156389429,5.92156389429,5.92156389429,5.92156389421,5.92156389421,5.92156389431,5.92156389431,5.92156389409,5.92156389405,5.92156389405,5.92156389419,5.92156389419,8.90723294912,8.90723294912,8.90723294902,8.90723294902,8.90723294902,8.90723294902,8.90723294852,8.90723294852,8.90723294852,8.90723294852,8.90723294929,8.90723294929,8.90723294909,8.90723294908,8.90723294908,8.90723294939,8.90723294846,8.90723294846,8.9072329484,8.9072329484,8.90723294841,8.90723294839
"t12",3.25290537799,2.78012054895,2.78012054895,2.78012054903,2.780120549,2.780120549,2.7801205489,2.2499686759,0,2.0965929642,2.0965929642,3.1990910926,3.1990910926,4.15125199139,4.15125199169,4.15125199129,4.15125199129,4.15125199149,4.15125199149,4.35630881349,4.35630881349,4.35630881349,4.35630881359,4.35630881359,4.35630881359,4.35630881359,4.35630881349,4.35630881349,5.60269652469,5.60269652469,5.60269652464,5.60269652504,5.60269652494,5.60269652494,5.60269652494,5.60269652469,5.60269652469,5.60269652469,5.60269652489,5.60269652489,5.60269652489,5.60269652491,5.60269652492,5.60269652492,5.60269652489,5.60269652487,5.60269652487,5.6026965252,5.60269652492,5.60269652491,5.60269652491,5.60269652492,5.602696525,5.602696525,5.6026965249,5.6026965249,5.6026965249,5.6026965249,5.60269652498,5.60269652498,5.60269652469,5.60269652469,5.92156389419,5.92156389419,5.92156389419,5.92156389419,5.92156389419,5.92156389419,5.92156389419,5.92156389411,5.92156389411,5.92156389421,5.92156389421,5.92156389399,5.92156389395,5.92156389395,5.92156389409,5.92156389409,8.90723294902,8.90723294902,8.90723294892,8.90723294892,8.90723294892,8.90723294892,8.90723294842,8.90723294842,8.90723294842,8.90723294842,8.90723294919,8.90723294919,8.90723294899,8.90723294898,8.90723294898,8.90723294929,8.90723294836,8.90723294836,8.9072329483,8.9072329483,8.90723294831,8.90723294829
"t22",3.25290537819,2.78012054915,2.78012054915,2.78012054923,2.7801205492,2.7801205492,2.7801205491,2.2499686761,2.0965929642,0,1.5921471934,3.1990910928,3.1990910928,4.15125199159,4.15125199189,4.15125199149,4.15125199149,4.15125199169,4.15125199169,4.35630881369,4.35630881369,4.35630881369,4.35630881379,4.35630881379,4.35630881379,4.35630881379,4.35630881369,4.35630881369,5.60269652489,5.60269652489,5.60269652484,5.60269652524,5.60269652514,5.60269652514,5.60269652514,5.60269652489,5.60269652489,5.60269652489,5.60269652509,5.60269652509,5.60269652509,5.60269652511,5.60269652512,5.60269652512,5.60269652509,5.60269652507,5.60269652507,5.6026965254,5.60269652512,5.60269652511,5.60269652511,5.60269652512,5.6026965252,5.6026965252,5.6026965251,5.6026965251,5.6026965251,5.6026965251,5.60269652518,5.60269652518,5.60269652489,5.60269652489,5.92156389439,5.92156389439,5.92156389439,5.92156389439,5.92156389439,5.92156389439,5.92156389439,5.92156389431,5.92156389431,5.92156389441,5.92156389441,5.92156389419,5.92156389415,5.92156389415,5.92156389429,5.92156389429,8.90723294922,8.90723294922,8.90723294912,8.90723294912,8.90723294912,8.90723294912,8.90723294862,8.90723294862,8.90723294862,8.90723294862,8.90723294939,8.90723294939,8.90723294919,8.90723294918,8.90723294918,8.90723294949,8.90723294856,8.90723294856,8.9072329485,8.9072329485,8.90723294851,8.90723294849
"t23",3.25290537819,2.78012054915,2.78012054915,2.78012054923,2.7801205492,2.7801205492,2.7801205491,2.2499686761,2.0965929642,1.5921471934,0,3.1990910928,3.1990910928,4.15125199159,4.15125199189,4.15125199149,4.15125199149,4.15125199169,4.15125199169,4.35630881369,4.35630881369,4.35630881369,4.35630881379,4.35630881379,4.35630881379,4.35630881379,4.35630881369,4.35630881369,5.60269652489,5.60269652489,5.60269652484,5.60269652524,5.60269652514,5.60269652514,5.60269652514,5.60269652489,5.60269652489,5.60269652489,5.60269652509,5.60269652509,5.60269652509,5.60269652511,5.60269652512,5.60269652512,5.60269652509,5.60269652507,5.60269652507,5.6026965254,5.60269652512,5.60269652511,5.60269652511,5.60269652512,5.6026965252,5.6026965252,5.6026965251,5.6026965251,5.6026965251,5.6026965251,5.60269652518,5.60269652518,5.60269652489,5.60269652489,5.92156389439,5.92156389439,5.92156389439,5.92156389439,5.92156389439,5.92156389439,5.92156389439,5.92156389431,5.92156389431,5.92156389441,5.92156389441,5.92156389419,5.92156389415,5.92156389415,5.92156389429,5.92156389429,8.90723294922,8.90723294922,8.90723294912,8.90723294912,8.90723294912,8.90723294912,8.90723294862,8.90723294862,8.90723294862,8.90723294862,8.90723294939,8.90723294939,8.90723294919,8.90723294918,8.90723294918,8.90723294949,8.90723294856,8.90723294856,8.9072329485,8.9072329485,8.90723294851,8.90723294849
"t5",3.25290537799,3.19909109275,3.19909109275,3.19909109283,3.1990910928,3.1990910928,3.1990910927,3.1990910927,3.1990910926,3.1990910928,3.1990910928,0,2.383721628,4.15125199139,4.15125199169,4.15125199129,4.15125199129,4.15125199149,4.15125199149,4.35630881349,4.35630881349,4.35630881349,4.35630881359,4.35630881359,4.35630881359,4.35630881359,4.35630881349,4.35630881349,5.60269652469,5.60269652469,5.60269652464,5.60269652504,5.60269652494,5.60269652494,5.60269652494,5.60269652469,5.60269652469,5.60269652469,5.60269652489,5.60269652489,5.60269652489,5.60269652491,5.60269652492,5.60269652492,5.60269652489,5.60269652487,5.60269652487,5.6026965252,5.60269652492,5.60269652491,5.60269652491,5.60269652492,5.602696525,5.602696525,5.6026965249,5.6026965249,5.6026965249,5.6026965249,5.60269652498,5.60269652498,5.60269652469,5.60269652469,5.92156389419,5.92156389419,5.92156389419,5.92156389419,5.92156389419,5.92156389419,5.92156389419,5.92156389411,5.92156389411,5.92156389421,5.92156389421,5.92156389399,5.92156389395,5.92156389395,5.92156389409,5.92156389409,8.90723294902,8.90723294902,8.90723294892,8.90723294892,8.90723294892,8.90723294892,8.90723294842,8.90723294842,8.90723294842,8.90723294842,8.90723294919,8.90723294919,8.90723294899,8.90723294898,8.90723294898,8.90723294929,8.90723294836,8.90723294836,8.9072329483,8.9072329483,8.90723294831,8.90723294829
"t6",3.25290537799,3.19909109275,3.19909109275,3.19909109283,3.1990910928,3.1990910928,3.1990910927,3.1990910927,3.1990910926,3.1990910928,3.1990910928,2.383721628,0,4.15125199139,4.15125199169,4.15125199129,4.15125199129,4.15125199149,4.15125199149,4.35630881349,4.35630881349,4.35630881349,4.35630881359,4.35630881359,4.35630881359,4.35630881359,4.35630881349,4.35630881349,5.60269652469,5.60269652469,5.60269652464,5.60269652504,5.60269652494,5.60269652494,5.60269652494,5.60269652469,5.60269652469,5.60269652469,5.60269652489,5.60269652489,5.60269652489,5.60269652491,5.60269652492,5.60269652492,5.60269652489,5.60269652487,5.60269652487,5.6026965252,5.60269652492,5.60269652491,5.60269652491,5.60269652492,5.602696525,5.602696525,5.6026965249,5.6026965249,5.6026965249,5.6026965249,5.60269652498,5.60269652498,5.60269652469,5.60269652469,5.92156389419,5.92156389419,5.92156389419,5.92156389419,5.92156389419,5.92156389419,5.92156389419,5.92156389411,5.92156389411,5.92156389421,5.92156389421,5.92156389399,5.92156389395,5.92156389395,5.92156389409,5.92156389409,8.90723294902,8.90723294902,8.90723294892,8.90723294892,8.90723294892,8.90723294892,8.90723294842,8.90723294842,8.90723294842,8.90723294842,8.90723294919,8.90723294919,8.90723294899,8.90723294898,8.90723294898,8.90723294929,8.90723294836,8.90723294836,8.9072329483,8.9072329483,8.90723294831,8.90723294829
"t4",4.1512519914,4.15125199154,4.15125199154,4.15125199162,4.15125199159,4.15125199159,4.15125199149,4.15125199149,4.15125199139,4.15125199159,4.15125199159,4.15125199139,4.15125199139,0,2.3863752923,2.3863752919,2.3863752919,3.5430363005,3.5430363005,4.3563088137,4.3563088137,4.3563088137,4.3563088138,4.3563088138,4.3563088138,4.3563088138,4.3563088137,4.3563088137,5.6026965249,5.6026965249,5.60269652485,5.60269652525,5.60269652515,5.60269652515,5.60269652515,5.6026965249,5.6026965249,5.6026965249,5.6026965251,5.6026965251,5.6026965251,5.60269652512,5.60269652513,5.60269652513,5.6026965251,5.60269652508,5.60269652508,5.60269652541,5.60269652513,5.60269652512,5.60269652512,5.60269652513,5.60269652521,5.60269652521,5.60269652511,5.60269652511,5.60269652511,5.60269652511,5.60269652519,5.60269652519,5.6026965249,5.6026965249,5.9215638944,5.9215638944,5.9215638944,5.9215638944,5.9215638944,5.9215638944,5.9215638944,5.92156389432,5.92156389432,5.92156389442,5.92156389442,5.9215638942,5.92156389416,5.92156389416,5.9215638943,5.9215638943,8.90723294923,8.90723294923,8.90723294913,8.90723294913,8.90723294913,8.90723294913,8.90723294863,8.90723294863,8.90723294863,8.90723294863,8.9072329494,8.9072329494,8.9072329492,8.90723294919,8.90723294919,8.9072329495,8.90723294857,8.90723294857,8.90723294851,8.90723294851,8.90723294852,8.9072329485
"t13",4.1512519917,4.15125199184,4.15125199184,4.15125199192,4.15125199189,4.15125199189,4.15125199179,4.15125199179,4.15125199169,4.15125199189,4.15125199189,4.15125199169,4.15125199169,2.3863752923,0,2.0175805536,2.0175805536,3.5430363008,3.5430363008,4.356308814,4.356308814,4.356308814,4.3563088141,4.3563088141,4.3563088141,4.3563088141,4.356308814,4.356308814,5.6026965252,5.6026965252,5.60269652515,5.60269652555,5.60269652545,5.60269652545,5.60269652545,5.6026965252,5.6026965252,5.6026965252,5.6026965254,5.6026965254,5.6026965254,5.60269652542,5.60269652543,5.60269652543,5.6026965254,5.60269652538,5.60269652538,5.60269652571,5.60269652543,5.60269652542,5.60269652542,5.60269652543,5.60269652551,5.60269652551,5.60269652541,5.60269652541,5.60269652541,5.60269652541,5.60269652549,5.60269652549,5.6026965252,5.6026965252,5.9215638947,5.9215638947,5.9215638947,5.9215638947,5.9215638947,5.9215638947,5.9215638947,5.92156389462,5.92156389462,5.92156389472,5.92156389472,5.9215638945,5.92156389446,5.92156389446,5.9215638946,5.9215638946,8.90723294953,8.90723294953,8.90723294943,8.90723294943,8.90723294943,8.90723294943,8.90723294893,8.90723294893,8.90723294893,8.90723294893,8.9072329497,8.9072329497,8.9072329495,8.90723294949,8.90723294949,8.9072329498,8.90723294887,8.90723294887,8.90723294881,8.90723294881,8.90723294882,8.9072329488
"t19",4.1512519913,4.15125199144,4.15125199144,4.15125199152,4.15125199149,4.15125199149,4.15125199139,4.15125199139,4.15125199129,4.15125199149,4.15125199149,4.15125199129,4.15125199129,2.3863752919,2.0175805536,0,1.673547213,3.5430363004,3.5430363004,4.3563088136,4.3563088136,4.3563088136,4.3563088137,4.3563088137,4.3563088137,4.3563088137,4.3563088136,4.3563088136,5.6026965248,5.6026965248,5.60269652475,5.60269652515,5.60269652505,5.60269652505,5.60269652505,5.6026965248,5.6026965248,5.6026965248,5.602696525,5.602696525,5.602696525,5.60269652502,5.60269652503,5.60269652503,5.602696525,5.60269652498,5.60269652498,5.60269652531,5.60269652503,5.60269652502,5.60269652502,5.60269652503,5.60269652511,5.60269652511,5.60269652501,5.60269652501,5.60269652501,5.60269652501,5.60269652509,5.60269652509,5.6026965248,5.6026965248,5.9215638943,5.9215638943,5.9215638943,5.9215638943,5.9215638943,5.9215638943,5.9215638943,5.92156389422,5.92156389422,5.92156389432,5.92156389432,5.9215638941,5.92156389406,5.92156389406,5.9215638942,5.9215638942,8.90723294913,8.90723294913,8.90723294903,8.90723294903,8.90723294903,8.90723294903,8.90723294853,8.90723294853,8.90723294853,8.90723294853,8.9072329493,8.9072329493,8.9072329491,8.90723294909,8.90723294909,8.9072329494,8.90723294847,8.90723294847,8.90723294841,8.90723294841,8.90723294842,8.9072329484
"t20",4.1512519913,4.15125199144,4.15125199144,4.15125199152,4.15125199149,4.15125199149,4.15125199139,4.15125199139,4.15125199129,4.15125199149,4.15125199149,4.15125199129,4.15125199129,2.3863752919,2.0175805536,1.673547213,0,3.5430363004,3.5430363004,4.3563088136,4.3563088136,4.3563088136,4.3563088137,4.3563088137,4.3563088137,4.3563088137,4.3563088136,4.3563088136,5.6026965248,5.6026965248,5.60269652475,5.60269652515,5.60269652505,5.60269652505,5.60269652505,5.6026965248,5.6026965248,5.6026965248,5.602696525,5.602696525,5.602696525,5.60269652502,5.60269652503,5.60269652503,5.602696525,5.60269652498,5.60269652498,5.60269652531,5.60269652503,5.60269652502,5.60269652502,5.60269652503,5.60269652511,5.60269652511,5.60269652501,5.60269652501,5.60269652501,5.60269652501,5.60269652509,5.60269652509,5.6026965248,5.6026965248,5.9215638943,5.9215638943,5.9215638943,5.9215638943,5.9215638943,5.9215638943,5.9215638943,5.92156389422,5.92156389422,5.92156389432,5.92156389432,5.9215638941,5.92156389406,5.92156389406,5.9215638942,5.9215638942,8.90723294913,8.90723294913,8.90723294903,8.90723294903,8.90723294903,8.90723294903,8.90723294853,8.90723294853,8.90723294853,8.90723294853,8.9072329493,8.9072329493,8.9072329491,8.90723294909,8.90723294909,8.9072329494,8.90723294847,8.90723294847,8.90723294841,8.90723294841,8.90723294842,8.9072329484
"t7",4.1512519915,4.15125199164,4.15125199164,4.15125199172,4.15125199169,4.15125199169,4.15125199159,4.15125199159,4.15125199149,4.15125199169,4.15125199169,4.15125199149,4.15125199149,3.5430363005,3.5430363008,3.5430363004,3.5430363004,0,2.377425678,4.3563088138,4.3563088138,4.3563088138,4.3563088139,4.3563088139,4.3563088139,4.3563088139,4.3563088138,4.3563088138,5.602696525,5.602696525,5.60269652495,5.60269652535,5.60269652525,5.60269652525,5.60269652525,5.602696525,5.602696525,5.602696525,5.6026965252,5.6026965252,5.6026965252,5.60269652522,5.60269652523,5.60269652523,5.6026965252,5.60269652518,5.60269652518,5.60269652551,5.60269652523,5.60269652522,5.60269652522,5.60269652523,5.60269652531,5.60269652531,5.60269652521,5.60269652521,5.60269652521,5.60269652521,5.60269652529,5.60269652529,5.602696525,5.602696525,5.9215638945,5.9215638945,5.9215638945,5.9215638945,5.9215638945,5.9215638945,5.9215638945,5.92156389442,5.92156389442,5.92156389452,5.92156389452,5.9215638943,5.92156389426,5.92156389426,5.9215638944,5.9215638944,8.90723294933,8.90723294933,8.90723294923,8.90723294923,8.90723294923,8.90723294923,8.90723294873,8.90723294873,8.90723294873,8.90723294873,8.9072329495,8.9072329495,8.9072329493,8.90723294929,8.90723294929,8.9072329496,8.90723294867,8.90723294867,8.90723294861,8.90723294861,8.90723294862,8.9072329486
"t8",4.1512519915,4.15125199164,4.15125199164,4.15125199172,4.15125199169,4.15125199169,4.15125199159,4.15125199159,4.15125199149,4.15125199169,4.15125199169,4.15125199149,4.15125199149,3.5430363005,3.5430363008,3.5430363004,3.5430363004,2.377425678,0,4.3563088138,4.3563088138,4.3563088138,4.3563088139,4.3563088139,4.3563088139,4.3563088139,4.3563088138,4.3563088138,5.602696525,5.602696525,5.60269652495,5.60269652535,5.60269652525,5.60269652525,5.60269652525,5.602696525,5.602696525,5.602696525,5.6026965252,5.6026965252,5.6026965252,5.60269652522,5.60269652523,5.60269652523,5.6026965252,5.60269652518,5.60269652518,5.60269652551,5.60269652523,5.60269652522,5.60269652522,5.60269652523,5.60269652531,5.60269652531,5.60269652521,5.60269652521,5.60269652521,5.60269652521,5.60269652529,5.60269652529,5.602696525,5.602696525,5.9215638945,5.9215638945,5.9215638945,5.9215638945,5.9215638945,5.9215638945,5.9215638945,5.92156389442,5.92156389442,5.92156389452,5.92156389452,5.9215638943,5.92156389426,5.92156389426,5.9215638944,5.9215638944,8.90723294933,8.90723294933,8.90723294923,8.90723294923,8.90723294923,8.90723294923,8.90723294873,8.90723294873,8.90723294873,8.90723294873,8.9072329495,8.9072329495,8.9072329493,8.90723294929,8.90723294929,8.9072329496,8.90723294867,8.90723294867,8.90723294861,8.90723294861,8.90723294862,8.9072329486
"t24",4.3563088135,4.35630881364,4.35630881364,4.35630881372,4.35630881369,4.35630881369,4.35630881359,4.35630881359,4.35630881349,4.35630881369,4.35630881369,4.35630881349,4.35630881349,4.3563088137,4.356308814,4.3563088136,4.3563088136,4.3563088138,4.3563088138,0,1.3364779486,1.3364779486,2.1665385849,2.1665385849,2.3913103015,2.3913103015,2.3913103014,2.3913103014,5.6026965248,5.6026965248,5.60269652475,5.60269652515,5.60269652505,5.60269652505,5.60269652505,5.6026965248,5.6026965248,5.6026965248,5.602696525,5.602696525,5.602696525,5.60269652502,5.60269652503,5.60269652503,5.602696525,5.60269652498,5.60269652498,5.60269652531,5.60269652503,5.60269652502,5.60269652502,5.60269652503,5.60269652511,5.60269652511,5.60269652501,5.60269652501,5.60269652501,5.60269652501,5.60269652509,5.60269652509,5.6026965248,5.6026965248,5.9215638943,5.9215638943,5.9215638943,5.9215638943,5.9215638943,5.9215638943,5.9215638943,5.92156389422,5.92156389422,5.92156389432,5.92156389432,5.9215638941,5.92156389406,5.92156389406,5.9215638942,5.9215638942,8.90723294913,8.90723294913,8.90723294903,8.90723294903,8.90723294903,8.90723294903,8.90723294853,8.90723294853,8.90723294853,8.90723294853,8.9072329493,8.9072329493,8.9072329491,8.90723294909,8.90723294909,8.9072329494,8.90723294847,8.90723294847,8.90723294841,8.90723294841,8.90723294842,8.9072329484
"t49",4.3563088135,4.35630881364,4.35630881364,4.35630881372,4.35630881369,4.35630881369,4.35630881359,4.35630881359,4.35630881349,4.35630881369,4.35630881369,4.35630881349,4.35630881349,4.3563088137,4.356308814,4.3563088136,4.3563088136,4.3563088138,4.3563088138,1.3364779486,0,0.8826936972,2.1665385849,2.1665385849,2.3913103015,2.3913103015,2.3913103014,2.3913103014,5.6026965248,5.6026965248,5.60269652475,5.60269652515,5.60269652505,5.60269652505,5.60269652505,5.6026965248,5.6026965248,5.6026965248,5.602696525,5.602696525,5.602696525,5.60269652502,5.60269652503,5.60269652503,5.602696525,5.60269652498,5.60269652498,5.60269652531,5.60269652503,5.60269652502,5.60269652502,5.60269652503,5.60269652511,5.60269652511,5.60269652501,5.60269652501,5.60269652501,5.60269652501,5.60269652509,5.60269652509,5.6026965248,5.6026965248,5.9215638943,5.9215638943,5.9215638943,5.9215638943,5.9215638943,5.9215638943,5.9215638943,5.92156389422,5.92156389422,5.92156389432,5.92156389432,5.9215638941,5.92156389406,5.92156389406,5.9215638942,5.9215638942,8.90723294913,8.90723294913,8.90723294903,8.90723294903,8.90723294903,8.90723294903,8.90723294853,8.90723294853,8.90723294853,8.90723294853,8.9072329493,8.9072329493,8.9072329491,8.90723294909,8.90723294909,8.9072329494,8.90723294847,8.90723294847,8.90723294841,8.90723294841,8.90723294842,8.9072329484
"t50",4.3563088135,4.35630881364,4.35630881364,4.35630881372,4.35630881369,4.35630881369,4.35630881359,4.35630881359,4.35630881349,4.35630881369,4.35630881369,4.35630881349,4.35630881349,4.3563088137,4.356308814,4.3563088136,4.3563088136,4.3563088138,4.3563088138,1.3364779486,0.8826936972,0,2.1665385849,2.1665385849,2.3913103015,2.3913103015,2.3913103014,2.3913103014,5.6026965248,5.6026965248,5.60269652475,5.60269652515,5.60269652505,5.60269652505,5.60269652505,5.6026965248,5.6026965248,5.6026965248,5.602696525,5.602696525,5.602696525,5.60269652502,5.60269652503,5.60269652503,5.602696525,5.60269652498,5.60269652498,5.60269652531,5.60269652503,5.60269652502,5.60269652502,5.60269652503,5.60269652511,5.60269652511,5.60269652501,5.60269652501,5.60269652501,5.60269652501,5.60269652509,5.60269652509,5.6026965248,5.6026965248,5.9215638943,5.9215638943,5.9215638943,5.9215638943,5.9215638943,5.9215638943,5.9215638943,5.92156389422,5.92156389422,5.92156389432,5.92156389432,5.9215638941,5.92156389406,5.92156389406,5.9215638942,5.9215638942,8.90723294913,8.90723294913,8.90723294903,8.90723294903,8.90723294903,8.90723294903,8.90723294853,8.90723294853,8.90723294853,8.90723294853,8.9072329493,8.9072329493,8.9072329491,8.90723294909,8.90723294909,8.9072329494,8.90723294847,8.90723294847,8.90723294841,8.90723294841,8.90723294842,8.9072329484
"t61",4.3563088136,4.35630881374,4.35630881374,4.35630881382,4.35630881379,4.35630881379,4.35630881369,4.35630881369,4.35630881359,4.35630881379,4.35630881379,4.35630881359,4.35630881359,4.3563088138,4.3563088141,4.3563088137,4.3563088137,4.3563088139,4.3563088139,2.1665385849,2.1665385849,2.1665385849,0,0.5469056326,2.3913103016,2.3913103016,2.3913103015,2.3913103015,5.6026965249,5.6026965249,5.60269652485,5.60269652525,5.60269652515,5.60269652515,5.60269652515,5.6026965249,5.6026965249,5.6026965249,5.6026965251,5.6026965251,5.6026965251,5.60269652512,5.60269652513,5.60269652513,5.6026965251,5.60269652508,5.60269652508,5.60269652541,5.60269652513,5.60269652512,5.60269652512,5.60269652513,5.60269652521,5.60269652521,5.60269652511,5.60269652511,5.60269652511,5.60269652511,5.60269652519,5.60269652519,5.6026965249,5.6026965249,5.9215638944,5.9215638944,5.9215638944,5.9215638944,5.9215638944,5.9215638944,5.9215638944,5.92156389432,5.92156389432,5.92156389442,5.92156389442,5.9215638942,5.92156389416,5.92156389416,5.9215638943,5.9215638943,8.90723294923,8.90723294923,8.90723294913,8.90723294913,8.90723294913,8.90723294913,8.90723294863,8.90723294863,8.90723294863,8.90723294863,8.9072329494,8.9072329494,8.9072329492,8.90723294919,8.90723294919,8.9072329495,8.90723294857,8.90723294857,8.90723294851,8.90723294851,8.90723294852,8.9072329485
"t62",4.3563088136,4.35630881374,4.35630881374,4.35630881382,4.35630881379,4.35630881379,4.35630881369,4.35630881369,4.35630881359,4.35630881379,4.35630881379,4.35630881359,4.35630881359,4.3563088138,4.3563088141,4.3563088137,4.3563088137,4.3563088139,4.3563088139,2.1665385849,2.1665385849,2.1665385849,0.5469056326,0,2.3913103016,2.3913103016,2.3913103015,2.3913103015,5.6026965249,5.6026965249,5.60269652485,5.60269652525,5.60269652515,5.60269652515,5.60269652515,5.6026965249,5.6026965249,5.6026965249,5.6026965251,5.6026965251,5.6026965251,5.60269652512,5.60269652513,5.60269652513,5.6026965251,5.60269652508,5.60269652508,5.60269652541,5.60269652513,5.60269652512,5.60269652512,5.60269652513,5.60269652521,5.60269652521,5.60269652511,5.60269652511,5.60269652511,5.60269652511,5.60269652519,5.60269652519,5.6026965249,5.6026965249,5.9215638944,5.9215638944,5.9215638944,5.9215638944,5.9215638944,5.9215638944,5.9215638944,5.92156389432,5.92156389432,5.92156389442,5.92156389442,5.9215638942,5.92156389416,5.92156389416,5.9215638943,5.9215638943,8.90723294923,8.90723294923,8.90723294913,8.90723294913,8.90723294913,8.90723294913,8.90723294863,8.90723294863,8.90723294863,8.90723294863,8.9072329494,8.9072329494,8.9072329492,8.90723294919,8.90723294919,8.9072329495,8.90723294857,8.90723294857,8.90723294851,8.90723294851,8.90723294852,8.9072329485
"t36",4.3563088136,4.35630881374,4.35630881374,4.35630881382,4.35630881379,4.35630881379,4.35630881369,4.35630881369,4.35630881359,4.35630881379,4.35630881379,4.35630881359,4.35630881359,4.3563088138,4.3563088141,4.3563088137,4.3563088137,4.3563088139,4.3563088139,2.3913103015,2.3913103015,2.3913103015,2.3913103016,2.3913103016,0,1.0685406844,1.5947215243,1.5947215243,5.6026965249,5.6026965249,5.60269652485,5.60269652525,5.60269652515,5.60269652515,5.60269652515,5.6026965249,5.6026965249,5.6026965249,5.6026965251,5.6026965251,5.6026965251,5.60269652512,5.60269652513,5.60269652513,5.6026965251,5.60269652508,5.60269652508,5.60269652541,5.60269652513,5.60269652512,5.60269652512,5.60269652513,5.60269652521,5.60269652521,5.60269652511,5.60269652511,5.60269652511,5.60269652511,5.60269652519,5.60269652519,5.6026965249,5.6026965249,5.9215638944,5.9215638944,5.9215638944,5.9215638944,5.9215638944,5.9215638944,5.9215638944,5.92156389432,5.92156389432,5.92156389442,5.92156389442,5.9215638942,5.92156389416,5.92156389416,5.9215638943,5.9215638943,8.90723294923,8.90723294923,8.90723294913,8.90723294913,8.90723294913,8.90723294913,8.90723294863,8.90723294863,8.90723294863,8.90723294863,8.9072329494,8.9072329494,8.9072329492,8.90723294919,8.90723294919,8.9072329495,8.90723294857,8.90723294857,8.90723294851,8.90723294851,8.90723294852,8.9072329485
"t37",4.3563088136,4.35630881374,4.35630881374,4.35630881382,4.35630881379,4.35630881379,4.35630881369,4.35630881369,4.35630881359,4.35630881379,4.35630881379,4.35630881359,4.35630881359,4.3563088138,4.3563088141,4.3563088137,4.3563088137,4.3563088139,4.3563088139,2.3913103015,2.3913103015,2.3913103015,2.3913103016,2.3913103016,1.0685406844,0,1.5947215243,1.5947215243,5.6026965249,5.6026965249,5.60269652485,5.60269652525,5.60269652515,5.60269652515,5.60269652515,5.6026965249,5.6026965249,5.6026965249,5.6026965251,5.6026965251,5.6026965251,5.60269652512,5.60269652513,5.60269652513,5.6026965251,5.60269652508,5.60269652508,5.60269652541,5.60269652513,5.60269652512,5.60269652512,5.60269652513,5.60269652521,5.60269652521,5.60269652511,5.60269652511,5.60269652511,5.60269652511,5.60269652519,5.60269652519,5.6026965249,5.6026965249,5.9215638944,5.9215638944,5.9215638944,5.9215638944,5.9215638944,5.9215638944,5.9215638944,5.92156389432,5.92156389432,5.92156389442,5.92156389442,5.9215638942,5.92156389416,5.92156389416,5.9215638943,5.9215638943,8.90723294923,8.90723294923,8.90723294913,8.90723294913,8.90723294913,8.90723294913,8.90723294863,8.90723294863,8.90723294863,8.90723294863,8.9072329494,8.9072329494,8.9072329492,8.90723294919,8.90723294919,8.9072329495,8.90723294857,8.90723294857,8.90723294851,8.90723294851,8.90723294852,8.9072329485
"t68",4.3563088135,4.35630881364,4.35630881364,4.35630881372,4.35630881369,4.35630881369,4.35630881359,4.35630881359,4.35630881349,4.35630881369,4.35630881369,4.35630881349,4.35630881349,4.3563088137,4.356308814,4.3563088136,4.3563088136,4.3563088138,4.3563088138,2.3913103014,2.3913103014,2.3913103014,2.3913103015,2.3913103015,1.5947215243,1.5947215243,0,0.3883605772,5.6026965248,5.6026965248,5.60269652475,5.60269652515,5.60269652505,5.60269652505,5.60269652505,5.6026965248,5.6026965248,5.6026965248,5.602696525,5.602696525,5.602696525,5.60269652502,5.60269652503,5.60269652503,5.602696525,5.60269652498,5.60269652498,5.60269652531,5.60269652503,5.60269652502,5.60269652502,5.60269652503,5.60269652511,5.60269652511,5.60269652501,5.60269652501,5.60269652501,5.60269652501,5.60269652509,5.60269652509,5.6026965248,5.6026965248,5.9215638943,5.9215638943,5.9215638943,5.9215638943,5.9215638943,5.9215638943,5.9215638943,5.92156389422,5.92156389422,5.92156389432,5.92156389432,5.9215638941,5.92156389406,5.92156389406,5.9215638942,5.9215638942,8.90723294913,8.90723294913,8.90723294903,8.90723294903,8.90723294903,8.90723294903,8.90723294853,8.90723294853,8.90723294853,8.90723294853,8.9072329493,8.9072329493,8.9072329491,8.90723294909,8.90723294909,8.9072329494,8.90723294847,8.90723294847,8.90723294841,8.90723294841,8.90723294842,8.9072329484
"t69",4.3563088135,4.35630881364,4.35630881364,4.35630881372,4.35630881369,4.35630881369,4.35630881359,4.35630881359,4.35630881349,4.35630881369,4.35630881369,4.35630881349,4.35630881349,4.3563088137,4.356308814,4.3563088136,4.3563088136,4.3563088138,4.3563088138,2.3913103014,2.3913103014,2.3913103014,2.3913103015,2.3913103015,1.5947215243,1.5947215243,0.3883605772,0,5.6026965248,5.6026965248,5.60269652475,5.60269652515,5.60269652505,5.60269652505,5.60269652505,5.6026965248,5.6026965248,5.6026965248,5.602696525,5.602696525,5.602696525,5.60269652502,5.60269652503,5.60269652503,5.602696525,5.60269652498,5.60269652498,5.60269652531,5.60269652503,5.60269652502,5.60269652502,5.60269652503,5.60269652511,5.60269652511,5.60269652501,5.60269652501,5.60269652501,5.60269652501,5.60269652509,5.60269652509,5.6026965248,5.6026965248,5.9215638943,5.9215638943,5.9215638943,5.9215638943,5.9215638943,5.9215638943,5.9215638943,5.92156389422,5.92156389422,5.92156389432,5.92156389432,5.9215638941,5.92156389406,5.92156389406,5.9215638942,5.9215638942,8.90723294913,8.90723294913,8.90723294903,8.90723294903,8.90723294903,8.90723294903,8.90723294853,8.90723294853,8.90723294853,8.90723294853,8.9072329493,8.9072329493,8.9072329491,8.90723294909,8.90723294909,8.9072329494,8.90723294847,8.90723294847,8.90723294841,8.90723294841,8.90723294842,8.9072329484
