"","t37","t38","t96","t97","t141","t142","t132","t87","t88","t49","t126","t127","t78","t24","t6","t9","t10","t33","t34","t14","t15","t8","t2","t17","t65","t113","t116","t130","t131","t64","t43","t44","t73","t74","t108","t109","t119","t120","t121","t41","t114","t115","t32","t69","t70","t25","t104","t105","t82","t143","t144","t42","t13","t22","t23","t98","t99","t80","t28","t11","t12","t84","t85","t40","t1","t19","t20","t21","t30","t31","t39","t72","t100","t101","t52","t53","t54","t48","t67","t91","t92","t81","t117","t118","t45","t3","t4","t5","t7","t62","t63","t50","t51","t16","t122","t123","t106","t75","t89","t90","t71","t55","t111","t112","t46","t36","t26","t107","t110","t128","t129","t66","t47","t68","t86","t135","t136","t133","t95","t124","t125","t139","t140","t29","t27","t60","t61","t76","t77","t56","t57","t58","t59","t93","t94","t83","t134","t137","t138","t79","t102","t103","t35","t145","t146","t18"
"t37",0,1.9357833543,3.7332856171,3.7332856171,3.82222189913,3.82222189913,3.82222189912,3.8222218992,3.8222218992,3.8222218991,3.8222218991,3.8222218991,3.8222218991,3.8393130944,4.30896384907,5.9177248707,5.9338227376,8.36771717872,8.78711441092,7.71577950792,6.29131562292,9.02891641042,4.92554701676,12.1292819187,14.220725952684,14.220725952584,14.220725952604,14.220725952604,14.220725952604,14.2207259526,13.852428799042,14.220725952942,14.2207259525,14.2207259525,14.2207259526,14.2207259526,14.2207259524,14.220725952371,14.220725952371,14.2207259524,14.2207259523,14.2207259523,14.2207259524,14.178788646,14.0934631174,12.5903018332,14.2207259516,14.2207259516,14.22072595193,14.22072595192,14.22072595192,14.22072595153,11.42241179853,12.8668309081,12.8373172923,14.22072595248,14.22072595248,14.2207259525,12.50063252367,11.2817230916,11.4101282561,14.220725952,13.9708641436,14.1079205527,9.0662552304,11.96500767862,14.2207259519,13.7733409684,12.7935976415,14.2207259519,14.22072595214,14.22072595214,14.22072595214,14.22072595214,14.22072595225,13.32675560527,14.2207259522,14.2207259522,14.2207259522,14.22072595215,13.90420534918,14.2207259522,14.2207259522,14.04320867958,13.5705272822,9.6587607411,9.8689033997,10.1169867391,10.86539643442,14.220725952,14.220725952,14.1130278372,14.2207259522,12.4482470547,14.34334925384,14.34334925384,14.34334925384,14.34334925384,14.34334925439,14.34334925439,14.34334925429,14.34334925429,14.34334925424,14.34334925424,13.71087804284,13.66824438184,14.34334925474,14.34334925404,14.34334925404,14.34334925414,14.34334925414,14.34334925404,14.34334925424,14.34334925424,14.34334925425,14.34334925424,14.34334925424,14.34334925423,14.34334925424,14.34334925424,14.34334925424,14.34334925424,14.34334925424,12.96564419114,13.27116154964,14.26978306854,13.79055140054,14.34334925454,14.34334925454,13.6159209246,14.34334925444,14.34334925444,14.34334925444,14.34334925464,14.34334925464,14.343349254647,14.343349254627,14.343349254627,14.343349254627,14.34334925464,14.343349253777,14.343349253777,13.413461927577,14.343349254435,14.343349254435,12.027429717497
"t38",1.9357833543,0,3.0843879014,3.0843879014,3.17332418343,3.17332418343,3.17332418342,3.1733241835,3.1733241835,3.1733241834,3.1733241834,3.1733241834,3.1733241834,3.1904153787,3.66006613337,5.268827155,5.2849250219,7.71881946302,8.13821669522,7.06688179222,5.64241790722,8.38001869472,4.27664930106,11.480384203,13.571828236984,13.571828236884,13.571828236904,13.571828236904,13.571828236904,13.5718282369,13.203531083342,13.571828237242,13.5718282368,13.5718282368,13.5718282369,13.5718282369,13.5718282367,13.571828236671,13.571828236671,13.5718282367,13.5718282366,13.5718282366,13.5718282367,13.5298909303,13.4445654017,11.9414041175,13.5718282359,13.5718282359,13.57182823623,13.57182823622,13.57182823622,13.57182823583,10.77351408283,12.2179331924,12.1884195766,13.57182823678,13.57182823678,13.5718282368,11.85173480797,10.6328253759,10.7612305404,13.5718282363,13.3219664279,13.459022837,8.4173575147,11.31610996292,13.5718282362,13.1244432527,12.1446999258,13.5718282362,13.57182823644,13.57182823644,13.57182823644,13.57182823644,13.57182823655,12.67785788957,13.5718282365,13.5718282365,13.5718282365,13.57182823645,13.25530763348,13.5718282365,13.5718282365,13.39431096388,12.9216295665,9.0098630254,9.220005684,9.4680890234,10.21649871872,13.5718282363,13.5718282363,13.4641301215,13.5718282365,11.799349339,13.69445153814,13.69445153814,13.69445153814,13.69445153814,13.69445153869,13.69445153869,13.69445153859,13.69445153859,13.69445153854,13.69445153854,13.06198032714,13.01934666614,13.69445153904,13.69445153834,13.69445153834,13.69445153844,13.69445153844,13.69445153834,13.69445153854,13.69445153854,13.69445153855,13.69445153854,13.69445153854,13.69445153853,13.69445153854,13.69445153854,13.69445153854,13.69445153854,13.69445153854,12.31674647544,12.62226383394,13.62088535284,13.14165368484,13.69445153884,13.69445153884,12.9670232089,13.69445153874,13.69445153874,13.69445153874,13.69445153894,13.69445153894,13.694451538947,13.694451538927,13.694451538927,13.694451538927,13.69445153894,13.694451538077,13.694451538077,12.764564211877,13.694451538735,13.694451538735,11.378532001797
"t96",3.7332856171,3.0843879014,0,0.8092271536,3.82222189963,3.82222189963,3.82222189962,3.8222218997,3.8222218997,3.8222218996,3.8222218996,3.8222218996,3.8222218996,3.8393130949,4.30896384957,5.9177248712,5.9338227381,8.36771717922,8.78711441142,7.71577950842,6.29131562342,9.02891641092,4.92554701726,12.1292819192,14.220725953184,14.220725953084,14.220725953104,14.220725953104,14.220725953104,14.2207259531,13.852428799542,14.220725953442,14.220725953,14.220725953,14.2207259531,14.2207259531,14.2207259529,14.220725952871,14.220725952871,14.2207259529,14.2207259528,14.2207259528,14.2207259529,14.1787886465,14.0934631179,12.5903018337,14.2207259521,14.2207259521,14.22072595243,14.22072595242,14.22072595242,14.22072595203,11.42241179903,12.8668309086,12.8373172928,14.22072595298,14.22072595298,14.220725953,12.50063252417,11.2817230921,11.4101282566,14.2207259525,13.9708641441,14.1079205532,9.0662552309,11.96500767912,14.2207259524,13.7733409689,12.793597642,14.2207259524,14.22072595264,14.22072595264,14.22072595264,14.22072595264,14.22072595275,13.32675560577,14.2207259527,14.2207259527,14.2207259527,14.22072595265,13.90420534968,14.2207259527,14.2207259527,14.04320868008,13.5705272827,9.6587607416,9.8689034002,10.1169867396,10.86539643492,14.2207259525,14.2207259525,14.1130278377,14.2207259527,12.4482470552,14.34334925434,14.34334925434,14.34334925434,14.34334925434,14.34334925489,14.34334925489,14.34334925479,14.34334925479,14.34334925474,14.34334925474,13.71087804334,13.66824438234,14.34334925524,14.34334925454,14.34334925454,14.34334925464,14.34334925464,14.34334925454,14.34334925474,14.34334925474,14.34334925475,14.34334925474,14.34334925474,14.34334925473,14.34334925474,14.34334925474,14.34334925474,14.34334925474,14.34334925474,12.96564419164,13.27116155014,14.26978306904,13.79055140104,14.34334925504,14.34334925504,13.6159209251,14.34334925494,14.34334925494,14.34334925494,14.34334925514,14.34334925514,14.343349255147,14.343349255127,14.343349255127,14.343349255127,14.34334925514,14.343349254277,14.343349254277,13.413461928077,14.343349254935,14.343349254935,12.027429717997
"t97",3.7332856171,3.0843879014,0.8092271536,0,3.82222189963,3.82222189963,3.82222189962,3.8222218997,3.8222218997,3.8222218996,3.8222218996,3.8222218996,3.8222218996,3.8393130949,4.30896384957,5.9177248712,5.9338227381,8.36771717922,8.78711441142,7.71577950842,6.29131562342,9.02891641092,4.92554701726,12.1292819192,14.220725953184,14.220725953084,14.220725953104,14.220725953104,14.220725953104,14.2207259531,13.852428799542,14.220725953442,14.220725953,14.220725953,14.2207259531,14.2207259531,14.2207259529,14.220725952871,14.220725952871,14.2207259529,14.2207259528,14.2207259528,14.2207259529,14.1787886465,14.0934631179,12.5903018337,14.2207259521,14.2207259521,14.22072595243,14.22072595242,14.22072595242,14.22072595203,11.42241179903,12.8668309086,12.8373172928,14.22072595298,14.22072595298,14.220725953,12.50063252417,11.2817230921,11.4101282566,14.2207259525,13.9708641441,14.1079205532,9.0662552309,11.96500767912,14.2207259524,13.7733409689,12.793597642,14.2207259524,14.22072595264,14.22072595264,14.22072595264,14.22072595264,14.22072595275,13.32675560577,14.2207259527,14.2207259527,14.2207259527,14.22072595265,13.90420534968,14.2207259527,14.2207259527,14.04320868008,13.5705272827,9.6587607416,9.8689034002,10.1169867396,10.86539643492,14.2207259525,14.2207259525,14.1130278377,14.2207259527,12.4482470552,14.34334925434,14.34334925434,14.34334925434,14.34334925434,14.34334925489,14.34334925489,14.34334925479,14.34334925479,14.34334925474,14.34334925474,13.71087804334,13.66824438234,14.34334925524,14.34334925454,14.34334925454,14.34334925464,14.34334925464,14.34334925454,14.34334925474,14.34334925474,14.34334925475,14.34334925474,14.34334925474,14.34334925473,14.34334925474,14.34334925474,14.34334925474,14.34334925474,14.34334925474,12.96564419164,13.27116155014,14.26978306904,13.79055140104,14.34334925504,14.34334925504,13.6159209251,14.34334925494,14.34334925494,14.34334925494,14.34334925514,14.34334925514,14.343349255147,14.343349255127,14.343349255127,14.343349255127,14.34334925514,14.343349254277,14.343349254277,13.413461928077,14.343349254935,14.343349254935,12.027429717997
"t141",3.82222189913,3.17332418343,3.82222189963,3.82222189963,0,0.06816744112,0.15570837825,1.90180407233,1.90180407233,2.51653464523,2.51653464523,2.51653464523,2.51653464523,3.83931309473,4.3089638494,5.91772487103,5.93382273793,8.36771717905,8.78711441125,7.71577950825,6.29131562325,9.02891641075,4.92554701709,12.12928191903,14.220725953014,14.220725952914,14.220725952934,14.220725952934,14.220725952934,14.22072595293,13.852428799372,14.220725953272,14.22072595283,14.22072595283,14.22072595293,14.22072595293,14.22072595273,14.220725952701,14.220725952701,14.22072595273,14.22072595263,14.22072595263,14.22072595273,14.17878864633,14.09346311773,12.59030183353,14.22072595193,14.22072595193,14.22072595226,14.22072595225,14.22072595225,14.22072595186,11.42241179886,12.86683090843,12.83731729263,14.22072595281,14.22072595281,14.22072595283,12.500632524,11.28172309193,11.41012825643,14.22072595233,13.97086414393,14.10792055303,9.06625523073,11.96500767895,14.22072595223,13.77334096873,12.79359764183,14.22072595223,14.22072595247,14.22072595247,14.22072595247,14.22072595247,14.22072595258,13.3267556056,14.22072595253,14.22072595253,14.22072595253,14.22072595248,13.90420534951,14.22072595253,14.22072595253,14.04320867991,13.57052728253,9.65876074143,9.86890340003,10.11698673943,10.86539643475,14.22072595233,14.22072595233,14.11302783753,14.22072595253,12.44824705503,14.34334925417,14.34334925417,14.34334925417,14.34334925417,14.34334925472,14.34334925472,14.34334925462,14.34334925462,14.34334925457,14.34334925457,13.71087804317,13.66824438217,14.34334925507,14.34334925437,14.34334925437,14.34334925447,14.34334925447,14.34334925437,14.34334925457,14.34334925457,14.34334925458,14.34334925457,14.34334925457,14.34334925456,14.34334925457,14.34334925457,14.34334925457,14.34334925457,14.34334925457,12.96564419147,13.27116154997,14.26978306887,13.79055140087,14.34334925487,14.34334925487,13.61592092493,14.34334925477,14.34334925477,14.34334925477,14.34334925497,14.34334925497,14.343349254977,14.343349254957,14.343349254957,14.343349254957,14.34334925497,14.343349254107,14.343349254107,13.413461927907,14.343349254765,14.343349254765,12.027429717827
"t142",3.82222189913,3.17332418343,3.82222189963,3.82222189963,0.06816744112,0,0.15570837825,1.90180407233,1.90180407233,2.51653464523,2.51653464523,2.51653464523,2.51653464523,3.83931309473,4.3089638494,5.91772487103,5.93382273793,8.36771717905,8.78711441125,7.71577950825,6.29131562325,9.02891641075,4.92554701709,12.12928191903,14.220725953014,14.220725952914,14.220725952934,14.220725952934,14.220725952934,14.22072595293,13.852428799372,14.220725953272,14.22072595283,14.22072595283,14.22072595293,14.22072595293,14.22072595273,14.220725952701,14.220725952701,14.22072595273,14.22072595263,14.22072595263,14.22072595273,14.17878864633,14.09346311773,12.59030183353,14.22072595193,14.22072595193,14.22072595226,14.22072595225,14.22072595225,14.22072595186,11.42241179886,12.86683090843,12.83731729263,14.22072595281,14.22072595281,14.22072595283,12.500632524,11.28172309193,11.41012825643,14.22072595233,13.97086414393,14.10792055303,9.06625523073,11.96500767895,14.22072595223,13.77334096873,12.79359764183,14.22072595223,14.22072595247,14.22072595247,14.22072595247,14.22072595247,14.22072595258,13.3267556056,14.22072595253,14.22072595253,14.22072595253,14.22072595248,13.90420534951,14.22072595253,14.22072595253,14.04320867991,13.57052728253,9.65876074143,9.86890340003,10.11698673943,10.86539643475,14.22072595233,14.22072595233,14.11302783753,14.22072595253,12.44824705503,14.34334925417,14.34334925417,14.34334925417,14.34334925417,14.34334925472,14.34334925472,14.34334925462,14.34334925462,14.34334925457,14.34334925457,13.71087804317,13.66824438217,14.34334925507,14.34334925437,14.34334925437,14.34334925447,14.34334925447,14.34334925437,14.34334925457,14.34334925457,14.34334925458,14.34334925457,14.34334925457,14.34334925456,14.34334925457,14.34334925457,14.34334925457,14.34334925457,14.34334925457,12.96564419147,13.27116154997,14.26978306887,13.79055140087,14.34334925487,14.34334925487,13.61592092493,14.34334925477,14.34334925477,14.34334925477,14.34334925497,14.34334925497,14.343349254977,14.343349254957,14.343349254957,14.343349254957,14.34334925497,14.343349254107,14.343349254107,13.413461927907,14.343349254765,14.343349254765,12.027429717827
"t132",3.82222189912,3.17332418342,3.82222189962,3.82222189962,0.15570837825,0.15570837825,0,1.90180407232,1.90180407232,2.51653464522,2.51653464522,2.51653464522,2.51653464522,3.83931309472,4.30896384939,5.91772487102,5.93382273792,8.36771717904,8.78711441124,7.71577950824,6.29131562324,9.02891641074,4.92554701708,12.12928191902,14.220725953004,14.220725952904,14.220725952924,14.220725952924,14.220725952924,14.22072595292,13.852428799362,14.220725953262,14.22072595282,14.22072595282,14.22072595292,14.22072595292,14.22072595272,14.220725952691,14.220725952691,14.22072595272,14.22072595262,14.22072595262,14.22072595272,14.17878864632,14.09346311772,12.59030183352,14.22072595192,14.22072595192,14.22072595225,14.22072595224,14.22072595224,14.22072595185,11.42241179885,12.86683090842,12.83731729262,14.2207259528,14.2207259528,14.22072595282,12.50063252399,11.28172309192,11.41012825642,14.22072595232,13.97086414392,14.10792055302,9.06625523072,11.96500767894,14.22072595222,13.77334096872,12.79359764182,14.22072595222,14.22072595246,14.22072595246,14.22072595246,14.22072595246,14.22072595257,13.32675560559,14.22072595252,14.22072595252,14.22072595252,14.22072595247,13.9042053495,14.22072595252,14.22072595252,14.0432086799,13.57052728252,9.65876074142,9.86890340002,10.11698673942,10.86539643474,14.22072595232,14.22072595232,14.11302783752,14.22072595252,12.44824705502,14.34334925416,14.34334925416,14.34334925416,14.34334925416,14.34334925471,14.34334925471,14.34334925461,14.34334925461,14.34334925456,14.34334925456,13.71087804316,13.66824438216,14.34334925506,14.34334925436,14.34334925436,14.34334925446,14.34334925446,14.34334925436,14.34334925456,14.34334925456,14.34334925457,14.34334925456,14.34334925456,14.34334925455,14.34334925456,14.34334925456,14.34334925456,14.34334925456,14.34334925456,12.96564419146,13.27116154996,14.26978306886,13.79055140086,14.34334925486,14.34334925486,13.61592092492,14.34334925476,14.34334925476,14.34334925476,14.34334925496,14.34334925496,14.343349254967,14.343349254947,14.343349254947,14.343349254947,14.34334925496,14.343349254097,14.343349254097,13.413461927897,14.343349254755,14.343349254755,12.027429717817
"t87",3.8222218992,3.1733241835,3.8222218997,3.8222218997,1.90180407233,1.90180407233,1.90180407232,0,0.8469532456,2.5165346453,2.5165346453,2.5165346453,2.5165346453,3.8393130948,4.30896384947,5.9177248711,5.933822738,8.36771717912,8.78711441132,7.71577950832,6.29131562332,9.02891641082,4.92554701716,12.1292819191,14.220725953084,14.220725952984,14.220725953004,14.220725953004,14.220725953004,14.220725953,13.852428799442,14.220725953342,14.2207259529,14.2207259529,14.220725953,14.220725953,14.2207259528,14.220725952771,14.220725952771,14.2207259528,14.2207259527,14.2207259527,14.2207259528,14.1787886464,14.0934631178,12.5903018336,14.220725952,14.220725952,14.22072595233,14.22072595232,14.22072595232,14.22072595193,11.42241179893,12.8668309085,12.8373172927,14.22072595288,14.22072595288,14.2207259529,12.50063252407,11.281723092,11.4101282565,14.2207259524,13.970864144,14.1079205531,9.0662552308,11.96500767902,14.2207259523,13.7733409688,12.7935976419,14.2207259523,14.22072595254,14.22072595254,14.22072595254,14.22072595254,14.22072595265,13.32675560567,14.2207259526,14.2207259526,14.2207259526,14.22072595255,13.90420534958,14.2207259526,14.2207259526,14.04320867998,13.5705272826,9.6587607415,9.8689034001,10.1169867395,10.86539643482,14.2207259524,14.2207259524,14.1130278376,14.2207259526,12.4482470551,14.34334925424,14.34334925424,14.34334925424,14.34334925424,14.34334925479,14.34334925479,14.34334925469,14.34334925469,14.34334925464,14.34334925464,13.71087804324,13.66824438224,14.34334925514,14.34334925444,14.34334925444,14.34334925454,14.34334925454,14.34334925444,14.34334925464,14.34334925464,14.34334925465,14.34334925464,14.34334925464,14.34334925463,14.34334925464,14.34334925464,14.34334925464,14.34334925464,14.34334925464,12.96564419154,13.27116155004,14.26978306894,13.79055140094,14.34334925494,14.34334925494,13.615920925,14.34334925484,14.34334925484,14.34334925484,14.34334925504,14.34334925504,14.343349255047,14.343349255027,14.343349255027,14.343349255027,14.34334925504,14.343349254177,14.343349254177,13.413461927977,14.343349254835,14.343349254835,12.027429717897
"t88",3.8222218992,3.1733241835,3.8222218997,3.8222218997,1.90180407233,1.90180407233,1.90180407232,0.8469532456,0,2.5165346453,2.5165346453,2.5165346453,2.5165346453,3.8393130948,4.30896384947,5.9177248711,5.933822738,8.36771717912,8.78711441132,7.71577950832,6.29131562332,9.02891641082,4.92554701716,12.1292819191,14.220725953084,14.220725952984,14.220725953004,14.220725953004,14.220725953004,14.220725953,13.852428799442,14.220725953342,14.2207259529,14.2207259529,14.220725953,14.220725953,14.2207259528,14.220725952771,14.220725952771,14.2207259528,14.2207259527,14.2207259527,14.2207259528,14.1787886464,14.0934631178,12.5903018336,14.220725952,14.220725952,14.22072595233,14.22072595232,14.22072595232,14.22072595193,11.42241179893,12.8668309085,12.8373172927,14.22072595288,14.22072595288,14.2207259529,12.50063252407,11.281723092,11.4101282565,14.2207259524,13.970864144,14.1079205531,9.0662552308,11.96500767902,14.2207259523,13.7733409688,12.7935976419,14.2207259523,14.22072595254,14.22072595254,14.22072595254,14.22072595254,14.22072595265,13.32675560567,14.2207259526,14.2207259526,14.2207259526,14.22072595255,13.90420534958,14.2207259526,14.2207259526,14.04320867998,13.5705272826,9.6587607415,9.8689034001,10.1169867395,10.86539643482,14.2207259524,14.2207259524,14.1130278376,14.2207259526,12.4482470551,14.34334925424,14.34334925424,14.34334925424,14.34334925424,14.34334925479,14.34334925479,14.34334925469,14.34334925469,14.34334925464,14.34334925464,13.71087804324,13.66824438224,14.34334925514,14.34334925444,14.34334925444,14.34334925454,14.34334925454,14.34334925444,14.34334925464,14.34334925464,14.34334925465,14.34334925464,14.34334925464,14.34334925463,14.34334925464,14.34334925464,14.34334925464,14.34334925464,14.34334925464,12.96564419154,13.27116155004,14.26978306894,13.79055140094,14.34334925494,14.34334925494,13.615920925,14.34334925484,14.34334925484,14.34334925484,14.34334925504,14.34334925504,14.343349255047,14.343349255027,14.343349255027,14.343349255027,14.34334925504,14.343349254177,14.343349254177,13.413461927977,14.343349254835,14.343349254835,12.027429717897
"t49",3.8222218991,3.1733241834,3.8222218996,3.8222218996,2.51653464523,2.51653464523,2.51653464522,2.5165346453,2.5165346453,0,1.9190982314,1.9190982314,1.9190982314,3.8393130947,4.30896384937,5.917724871,5.9338227379,8.36771717902,8.78711441122,7.71577950822,6.29131562322,9.02891641072,4.92554701706,12.129281919,14.220725952984,14.220725952884,14.220725952904,14.220725952904,14.220725952904,14.2207259529,13.852428799342,14.220725953242,14.2207259528,14.2207259528,14.2207259529,14.2207259529,14.2207259527,14.220725952671,14.220725952671,14.2207259527,14.2207259526,14.2207259526,14.2207259527,14.1787886463,14.0934631177,12.5903018335,14.2207259519,14.2207259519,14.22072595223,14.22072595222,14.22072595222,14.22072595183,11.42241179883,12.8668309084,12.8373172926,14.22072595278,14.22072595278,14.2207259528,12.50063252397,11.2817230919,11.4101282564,14.2207259523,13.9708641439,14.107920553,9.0662552307,11.96500767892,14.2207259522,13.7733409687,12.7935976418,14.2207259522,14.22072595244,14.22072595244,14.22072595244,14.22072595244,14.22072595255,13.32675560557,14.2207259525,14.2207259525,14.2207259525,14.22072595245,13.90420534948,14.2207259525,14.2207259525,14.04320867988,13.5705272825,9.6587607414,9.8689034,10.1169867394,10.86539643472,14.2207259523,14.2207259523,14.1130278375,14.2207259525,12.448247055,14.34334925414,14.34334925414,14.34334925414,14.34334925414,14.34334925469,14.34334925469,14.34334925459,14.34334925459,14.34334925454,14.34334925454,13.71087804314,13.66824438214,14.34334925504,14.34334925434,14.34334925434,14.34334925444,14.34334925444,14.34334925434,14.34334925454,14.34334925454,14.34334925455,14.34334925454,14.34334925454,14.34334925453,14.34334925454,14.34334925454,14.34334925454,14.34334925454,14.34334925454,12.96564419144,13.27116154994,14.26978306884,13.79055140084,14.34334925484,14.34334925484,13.6159209249,14.34334925474,14.34334925474,14.34334925474,14.34334925494,14.34334925494,14.343349254947,14.343349254927,14.343349254927,14.343349254927,14.34334925494,14.343349254077,14.343349254077,13.413461927877,14.343349254735,14.343349254735,12.027429717797
"t126",3.8222218991,3.1733241834,3.8222218996,3.8222218996,2.51653464523,2.51653464523,2.51653464522,2.5165346453,2.5165346453,1.9190982314,0,0.25285263,1.0072856056,3.8393130947,4.30896384937,5.917724871,5.9338227379,8.36771717902,8.78711441122,7.71577950822,6.29131562322,9.02891641072,4.92554701706,12.129281919,14.220725952984,14.220725952884,14.220725952904,14.220725952904,14.220725952904,14.2207259529,13.852428799342,14.220725953242,14.2207259528,14.2207259528,14.2207259529,14.2207259529,14.2207259527,14.220725952671,14.220725952671,14.2207259527,14.2207259526,14.2207259526,14.2207259527,14.1787886463,14.0934631177,12.5903018335,14.2207259519,14.2207259519,14.22072595223,14.22072595222,14.22072595222,14.22072595183,11.42241179883,12.8668309084,12.8373172926,14.22072595278,14.22072595278,14.2207259528,12.50063252397,11.2817230919,11.4101282564,14.2207259523,13.9708641439,14.107920553,9.0662552307,11.96500767892,14.2207259522,13.7733409687,12.7935976418,14.2207259522,14.22072595244,14.22072595244,14.22072595244,14.22072595244,14.22072595255,13.32675560557,14.2207259525,14.2207259525,14.2207259525,14.22072595245,13.90420534948,14.2207259525,14.2207259525,14.04320867988,13.5705272825,9.6587607414,9.8689034,10.1169867394,10.86539643472,14.2207259523,14.2207259523,14.1130278375,14.2207259525,12.448247055,14.34334925414,14.34334925414,14.34334925414,14.34334925414,14.34334925469,14.34334925469,14.34334925459,14.34334925459,14.34334925454,14.34334925454,13.71087804314,13.66824438214,14.34334925504,14.34334925434,14.34334925434,14.34334925444,14.34334925444,14.34334925434,14.34334925454,14.34334925454,14.34334925455,14.34334925454,14.34334925454,14.34334925453,14.34334925454,14.34334925454,14.34334925454,14.34334925454,14.34334925454,12.96564419144,13.27116154994,14.26978306884,13.79055140084,14.34334925484,14.34334925484,13.6159209249,14.34334925474,14.34334925474,14.34334925474,14.34334925494,14.34334925494,14.343349254947,14.343349254927,14.343349254927,14.343349254927,14.34334925494,14.343349254077,14.343349254077,13.413461927877,14.343349254735,14.343349254735,12.027429717797
"t127",3.8222218991,3.1733241834,3.8222218996,3.8222218996,2.51653464523,2.51653464523,2.51653464522,2.5165346453,2.5165346453,1.9190982314,0.25285263,0,1.0072856056,3.8393130947,4.30896384937,5.917724871,5.9338227379,8.36771717902,8.78711441122,7.71577950822,6.29131562322,9.02891641072,4.92554701706,12.129281919,14.220725952984,14.220725952884,14.220725952904,14.220725952904,14.220725952904,14.2207259529,13.852428799342,14.220725953242,14.2207259528,14.2207259528,14.2207259529,14.2207259529,14.2207259527,14.220725952671,14.220725952671,14.2207259527,14.2207259526,14.2207259526,14.2207259527,14.1787886463,14.0934631177,12.5903018335,14.2207259519,14.2207259519,14.22072595223,14.22072595222,14.22072595222,14.22072595183,11.42241179883,12.8668309084,12.8373172926,14.22072595278,14.22072595278,14.2207259528,12.50063252397,11.2817230919,11.4101282564,14.2207259523,13.9708641439,14.107920553,9.0662552307,11.96500767892,14.2207259522,13.7733409687,12.7935976418,14.2207259522,14.22072595244,14.22072595244,14.22072595244,14.22072595244,14.22072595255,13.32675560557,14.2207259525,14.2207259525,14.2207259525,14.22072595245,13.90420534948,14.2207259525,14.2207259525,14.04320867988,13.5705272825,9.6587607414,9.8689034,10.1169867394,10.86539643472,14.2207259523,14.2207259523,14.1130278375,14.2207259525,12.448247055,14.34334925414,14.34334925414,14.34334925414,14.34334925414,14.34334925469,14.34334925469,14.34334925459,14.34334925459,14.34334925454,14.34334925454,13.71087804314,13.66824438214,14.34334925504,14.34334925434,14.34334925434,14.34334925444,14.34334925444,14.34334925434,14.34334925454,14.34334925454,14.34334925455,14.34334925454,14.34334925454,14.34334925453,14.34334925454,14.34334925454,14.34334925454,14.34334925454,14.34334925454,12.96564419144,13.27116154994,14.26978306884,13.79055140084,14.34334925484,14.34334925484,13.6159209249,14.34334925474,14.34334925474,14.34334925474,14.34334925494,14.34334925494,14.343349254947,14.343349254927,14.343349254927,14.343349254927,14.34334925494,14.343349254077,14.343349254077,13.413461927877,14.343349254735,14.343349254735,12.027429717797
"t78",3.8222218991,3.1733241834,3.8222218996,3.8222218996,2.51653464523,2.51653464523,2.51653464522,2.5165346453,2.5165346453,1.9190982314,1.0072856056,1.0072856056,0,3.8393130947,4.30896384937,5.917724871,5.9338227379,8.36771717902,8.78711441122,7.71577950822,6.29131562322,9.02891641072,4.92554701706,12.129281919,14.220725952984,14.220725952884,14.220725952904,14.220725952904,14.220725952904,14.2207259529,13.852428799342,14.220725953242,14.2207259528,14.2207259528,14.2207259529,14.2207259529,14.2207259527,14.220725952671,14.220725952671,14.2207259527,14.2207259526,14.2207259526,14.2207259527,14.1787886463,14.0934631177,12.5903018335,14.2207259519,14.2207259519,14.22072595223,14.22072595222,14.22072595222,14.22072595183,11.42241179883,12.8668309084,12.8373172926,14.22072595278,14.22072595278,14.2207259528,12.50063252397,11.2817230919,11.4101282564,14.2207259523,13.9708641439,14.107920553,9.0662552307,11.96500767892,14.2207259522,13.7733409687,12.7935976418,14.2207259522,14.22072595244,14.22072595244,14.22072595244,14.22072595244,14.22072595255,13.32675560557,14.2207259525,14.2207259525,14.2207259525,14.22072595245,13.90420534948,14.2207259525,14.2207259525,14.04320867988,13.5705272825,9.6587607414,9.8689034,10.1169867394,10.86539643472,14.2207259523,14.2207259523,14.1130278375,14.2207259525,12.448247055,14.34334925414,14.34334925414,14.34334925414,14.34334925414,14.34334925469,14.34334925469,14.34334925459,14.34334925459,14.34334925454,14.34334925454,13.71087804314,13.66824438214,14.34334925504,14.34334925434,14.34334925434,14.34334925444,14.34334925444,14.34334925434,14.34334925454,14.34334925454,14.34334925455,14.34334925454,14.34334925454,14.34334925453,14.34334925454,14.34334925454,14.34334925454,14.34334925454,14.34334925454,12.96564419144,13.27116154994,14.26978306884,13.79055140084,14.34334925484,14.34334925484,13.6159209249,14.34334925474,14.34334925474,14.34334925474,14.34334925494,14.34334925494,14.343349254947,14.343349254927,14.343349254927,14.343349254927,14.34334925494,14.343349254077,14.343349254077,13.413461927877,14.343349254735,14.343349254735,12.027429717797
"t24",3.8393130944,3.1904153787,3.8393130949,3.8393130949,3.83931309473,3.83931309473,3.83931309472,3.8393130948,3.8393130948,3.8393130947,3.8393130947,3.8393130947,3.8393130947,0,4.05940526467,5.6681662863,5.6842641532,8.11815859432,8.53755582652,7.46622092352,6.04175703852,8.77935782602,4.67598843236,11.8797233343,13.971167368284,13.971167368184,13.971167368204,13.971167368204,13.971167368204,13.9711673682,13.602870214642,13.971167368542,13.9711673681,13.9711673681,13.9711673682,13.9711673682,13.971167368,13.971167367971,13.971167367971,13.971167368,13.9711673679,13.9711673679,13.971167368,13.9292300616,13.843904533,12.3407432488,13.9711673672,13.9711673672,13.97116736753,13.97116736752,13.97116736752,13.97116736713,11.17285321413,12.6172723237,12.5877587079,13.97116736808,13.97116736808,13.9711673681,12.25107393927,11.0321645072,11.1605696717,13.9711673676,13.7213055592,13.8583619683,8.816696646,11.71544909422,13.9711673675,13.523782384,12.5440390571,13.9711673675,13.97116736774,13.97116736774,13.97116736774,13.97116736774,13.97116736785,13.07719702087,13.9711673678,13.9711673678,13.9711673678,13.97116736775,13.65464676478,13.9711673678,13.9711673678,13.79365009518,13.3209686978,9.4092021567,9.6193448153,9.8674281547,10.61583785002,13.9711673676,13.9711673676,13.8634692528,13.9711673678,12.1986884703,14.09379066944,14.09379066944,14.09379066944,14.09379066944,14.09379066999,14.09379066999,14.09379066989,14.09379066989,14.09379066984,14.09379066984,13.46131945844,13.41868579744,14.09379067034,14.09379066964,14.09379066964,14.09379066974,14.09379066974,14.09379066964,14.09379066984,14.09379066984,14.09379066985,14.09379066984,14.09379066984,14.09379066983,14.09379066984,14.09379066984,14.09379066984,14.09379066984,14.09379066984,12.71608560674,13.02160296524,14.02022448414,13.54099281614,14.09379067014,14.09379067014,13.3663623402,14.09379067004,14.09379067004,14.09379067004,14.09379067024,14.09379067024,14.093790670247,14.093790670227,14.093790670227,14.093790670227,14.09379067024,14.093790669377,14.093790669377,13.163903343177,14.093790670035,14.093790670035,11.777871133097
"t6",4.30896384907,3.66006613337,4.30896384957,4.30896384957,4.3089638494,4.3089638494,4.30896384939,4.30896384947,4.30896384947,4.30896384937,4.30896384937,4.30896384937,4.30896384937,4.05940526467,0,1.73819003497,1.75428790187,4.18818234299,4.60757957519,3.53624467219,2.11178078719,4.84938157469,0.74601218103,7.94974708297,10.041191116954,10.041191116854,10.041191116874,10.041191116874,10.041191116874,10.04119111687,9.672893963312,10.041191117212,10.04119111677,10.04119111677,10.04119111687,10.04119111687,10.04119111667,10.041191116641,10.041191116641,10.04119111667,10.04119111657,10.04119111657,10.04119111667,9.99925381027,9.91392828167,8.41076699747,10.04119111587,10.04119111587,10.0411911162,10.04119111619,10.04119111619,10.0411911158,7.2428769628,8.68729607237,8.65778245657,10.04119111675,10.04119111675,10.04119111677,8.32109768794,7.10218825587,7.23059342037,10.04119111627,9.79132930787,9.92838571697,4.88672039467,7.78547284289,10.04119111617,9.59380613267,8.61406280577,10.04119111617,10.04119111641,10.04119111641,10.04119111641,10.04119111641,10.04119111652,9.14722076954,10.04119111647,10.04119111647,10.04119111647,10.04119111642,9.72467051345,10.04119111647,10.04119111647,9.86367384385,9.39099244647,5.47922590537,5.68936856397,5.93745190337,6.68586159869,10.04119111627,10.04119111627,9.93349300147,10.04119111647,8.26871221897,10.16381441811,10.16381441811,10.16381441811,10.16381441811,10.16381441866,10.16381441866,10.16381441856,10.16381441856,10.16381441851,10.16381441851,9.53134320711,9.48870954611,10.16381441901,10.16381441831,10.16381441831,10.16381441841,10.16381441841,10.16381441831,10.16381441851,10.16381441851,10.16381441852,10.16381441851,10.16381441851,10.1638144185,10.16381441851,10.16381441851,10.16381441851,10.16381441851,10.16381441851,8.78610935541,9.09162671391,10.09024823281,9.61101656481,10.16381441881,10.16381441881,9.43638608887,10.16381441871,10.16381441871,10.16381441871,10.16381441891,10.16381441891,10.163814418917,10.163814418897,10.163814418897,10.163814418897,10.16381441891,10.163814418047,10.163814418047,9.233927091847,10.163814418705,10.163814418705,7.847894881767
"t9",5.9177248707,5.268827155,5.9177248712,5.9177248712,5.91772487103,5.91772487103,5.91772487102,5.9177248711,5.9177248711,5.917724871,5.917724871,5.917724871,5.917724871,5.6681662863,1.73819003497,0,0.3072951669,3.04294711162,3.46234434382,2.39100944082,0.96654555582,3.70414634332,1.81435547766,9.0180903796,11.109534413584,11.109534413484,11.109534413504,11.109534413504,11.109534413504,11.1095344135,10.741237259942,11.109534413842,11.1095344134,11.1095344134,11.1095344135,11.1095344135,11.1095344133,11.109534413271,11.109534413271,11.1095344133,11.1095344132,11.1095344132,11.1095344133,11.0675971069,10.9822715783,9.4791102941,11.1095344125,11.1095344125,11.10953441283,11.10953441282,11.10953441282,11.10953441243,8.31122025943,9.755639369,9.7261257532,11.10953441338,11.10953441338,11.1095344134,9.38944098457,8.1705315525,8.298936717,11.1095344129,10.8596726045,10.9967290136,5.9550636913,8.85381613952,11.1095344128,10.6621494293,9.6824061024,11.1095344128,11.10953441304,11.10953441304,11.10953441304,11.10953441304,11.10953441315,10.21556406617,11.1095344131,11.1095344131,11.1095344131,11.10953441305,10.79301381008,11.1095344131,11.1095344131,10.93201714048,10.4593357431,6.547569202,6.7577118606,7.0057952,7.75420489532,11.1095344129,11.1095344129,11.0018362981,11.1095344131,9.3370555156,11.23215771474,11.23215771474,11.23215771474,11.23215771474,11.23215771529,11.23215771529,11.23215771519,11.23215771519,11.23215771514,11.23215771514,10.59968650374,10.55705284274,11.23215771564,11.23215771494,11.23215771494,11.23215771504,11.23215771504,11.23215771494,11.23215771514,11.23215771514,11.23215771515,11.23215771514,11.23215771514,11.23215771513,11.23215771514,11.23215771514,11.23215771514,11.23215771514,11.23215771514,9.85445265204,10.15997001054,11.15859152944,10.67935986144,11.23215771544,11.23215771544,10.5047293855,11.23215771534,11.23215771534,11.23215771534,11.23215771554,11.23215771554,11.232157715547,11.232157715527,11.232157715527,11.232157715527,11.23215771554,11.232157714677,11.232157714677,10.302270388477,11.232157715335,11.232157715335,8.916238178397
"t10",5.9338227376,5.2849250219,5.9338227381,5.9338227381,5.93382273793,5.93382273793,5.93382273792,5.933822738,5.933822738,5.9338227379,5.9338227379,5.9338227379,5.9338227379,5.6842641532,1.75428790187,0.3072951669,0,3.05904497852,3.47844221072,2.40710730772,0.98264342272,3.72024421022,1.83045334456,9.0341882465,11.125632280484,11.125632280384,11.125632280404,11.125632280404,11.125632280404,11.1256322804,10.757335126842,11.125632280742,11.1256322803,11.1256322803,11.1256322804,11.1256322804,11.1256322802,11.125632280171,11.125632280171,11.1256322802,11.1256322801,11.1256322801,11.1256322802,11.0836949738,10.9983694452,9.495208161,11.1256322794,11.1256322794,11.12563227973,11.12563227972,11.12563227972,11.12563227933,8.32731812633,9.7717372359,9.7422236201,11.12563228028,11.12563228028,11.1256322803,9.40553885147,8.1866294194,8.3150345839,11.1256322798,10.8757704714,11.0128268805,5.9711615582,8.86991400642,11.1256322797,10.6782472962,9.6985039693,11.1256322797,11.12563227994,11.12563227994,11.12563227994,11.12563227994,11.12563228005,10.23166193307,11.12563228,11.12563228,11.12563228,11.12563227995,10.80911167698,11.12563228,11.12563228,10.94811500738,10.47543361,6.5636670689,6.7738097275,7.0218930669,7.77030276222,11.1256322798,11.1256322798,11.017934165,11.12563228,9.3531533825,11.24825558164,11.24825558164,11.24825558164,11.24825558164,11.24825558219,11.24825558219,11.24825558209,11.24825558209,11.24825558204,11.24825558204,10.61578437064,10.57315070964,11.24825558254,11.24825558184,11.24825558184,11.24825558194,11.24825558194,11.24825558184,11.24825558204,11.24825558204,11.24825558205,11.24825558204,11.24825558204,11.24825558203,11.24825558204,11.24825558204,11.24825558204,11.24825558204,11.24825558204,9.87055051894,10.17606787744,11.17468939634,10.69545772834,11.24825558234,11.24825558234,10.5208272524,11.24825558224,11.24825558224,11.24825558224,11.24825558244,11.24825558244,11.248255582447,11.248255582427,11.248255582427,11.248255582427,11.24825558244,11.248255581577,11.248255581577,10.318368255377,11.248255582235,11.248255582235,8.932336045297
"t33",8.36771717872,7.71881946302,8.36771717922,8.36771717922,8.36771717905,8.36771717905,8.36771717904,8.36771717912,8.36771717912,8.36771717902,8.36771717902,8.36771717902,8.36771717902,8.11815859432,4.18818234299,3.04294711162,3.05904497852,0,2.0985569918,4.4527616528,3.0282977678,6.0525486023,4.26434778568,11.46808268762,13.559526721604,13.559526721504,13.559526721524,13.559526721524,13.559526721524,13.55952672152,13.191229567962,13.559526721862,13.55952672142,13.55952672142,13.55952672152,13.55952672152,13.55952672132,13.559526721291,13.559526721291,13.55952672132,13.55952672122,13.55952672122,13.55952672132,13.51758941492,13.43226388632,11.92910260212,13.55952672052,13.55952672052,13.55952672085,13.55952672084,13.55952672084,13.55952672045,10.76121256745,12.20563167702,12.17611806122,13.5595267214,13.5595267214,13.55952672142,11.83943329259,10.62052386052,10.74892902502,13.55952672092,13.30966491252,13.44672132162,8.40505599932,11.30380844754,13.55952672082,13.11214173732,12.13239841042,13.55952672082,13.55952672106,13.55952672106,13.55952672106,13.55952672106,13.55952672117,12.66555637419,13.55952672112,13.55952672112,13.55952672112,13.55952672107,13.2430061181,13.55952672112,13.55952672112,13.3820094485,12.90932805112,8.99756151002,9.20770416862,9.45578750802,10.20419720334,13.55952672092,13.55952672092,13.45182860612,13.55952672112,11.78704782362,13.68215002276,13.68215002276,13.68215002276,13.68215002276,13.68215002331,13.68215002331,13.68215002321,13.68215002321,13.68215002316,13.68215002316,13.04967881176,13.00704515076,13.68215002366,13.68215002296,13.68215002296,13.68215002306,13.68215002306,13.68215002296,13.68215002316,13.68215002316,13.68215002317,13.68215002316,13.68215002316,13.68215002315,13.68215002316,13.68215002316,13.68215002316,13.68215002316,13.68215002316,12.30444496006,12.60996231856,13.60858383746,13.12935216946,13.68215002346,13.68215002346,12.95472169352,13.68215002336,13.68215002336,13.68215002336,13.68215002356,13.68215002356,13.682150023567,13.682150023547,13.682150023547,13.682150023547,13.68215002356,13.682150022697,13.682150022697,12.752262696497,13.682150023355,13.682150023355,11.366230486417
