"","t3","t5","t72","t73","t45","t85","t86","t79","t80","t20","t7","t49","t50","t131","t132","t55","t39","t41","t69","t91","t92","t36","t57","t58","t65","t66","t106","t107","t105","t100","t74","t112","t113","t111","t76","t77","t25","t26","t14","t27","t28","t8","t138","t139","t129","t24","t53","t54","t44","t104","t127","t128","t59","t23","t120","t121","t144","t145","t97","t98","t43","t102","t103","t56","t87","t95","t96","t78","t126","t140","t141","t60","t61","t4","t18","t135","t136","t90","t31","t108","t109","t42","t11","t110","t137","t142","t143","t88","t89","t64","t70","t118","t119","t48","t114","t115","t62","t63","t124","t125","t33","t34","t9","t17","t35","t71","t83","t84","t15","t40","t133","t134","t130","t101","t122","t123","t75","t38","t13","t16","t46","t47","t1","t2","t21","t67","t68","t116","t117","t99","t19","t37","t81","t82","t29","t30","t22","t12","t32","t52","t93","t94","t51","t10","t6"
"t3",0,2.8952307225,6.5071628952,6.6333565729,6.633356573,6.633356573,6.14244950568,6.633356573,6.633356573,6.6333565732,4.1390902948,6.1289685822,6.63335657285,6.63335657289,6.63335657289,6.63335657289,6.63335657325,5.9672623527,6.1818192446,6.633356573,6.4185805554,6.633356572574,6.633356572874,6.633356572874,6.633356572874,6.633356572874,6.633356572884,6.633356572884,6.633356572914,6.633356572874,6.633356572874,6.633356572869,6.633356572869,6.633356572874,6.6333565729,6.6333565729,6.56679012303,6.08247182133,4.83994154793,5.3241825775,5.6763065341,3.8788487313,6.63335657255,6.63335657255,6.6333565726,5.9120737621,5.9236121357,5.80900942449,6.342924493,6.63335657246,6.63335657256,6.63335657256,5.92618971612,5.84340419186,6.63335657215,6.63335657215,6.633356572219,6.633356572219,6.63335657212,6.63335657212,6.63335657212,6.6333565721,6.6333565721,5.85187911175,6.63335657207,6.63335657209,6.63335657209,6.6333565721,6.6333565721,6.63335657211,6.63335657211,6.6333565721,6.6333565721,2.9517171721,5.2515660739,6.8429372445,6.8429372445,6.8429372446,6.8429372449,6.842937243935,6.842937243935,6.842937244135,5.452287385715,6.666257549555,6.842937244165,6.842937244163,6.842937244163,6.842937244255,6.842937244255,6.842937244155,6.842937244145,6.668300516775,6.842937244145,6.079710051195,6.842937244195,6.842937244195,6.768361873095,6.281672197495,6.842937244075,6.842937244075,6.842937244515,6.017108613815,4.571293750115,4.929542956965,6.842937244535,6.702921780035,6.842937244085,6.842937244085,6.764837775965,6.842937244265,6.842937244245,6.842937244245,6.842937244265,6.780457384065,6.842937244165,6.842937244165,6.842937244265,6.842937244465,6.842937243665,6.8429372437,6.8429372439,6.8429372439,4.5839432681,4.652411347,9.3009490256,8.8940994649,9.300949026,9.30094902602,9.30094902602,9.30094902602,7.77620931852,9.3009490262,9.3009490259,9.3009490259,9.3009490255,9.3009490255,9.3009490255,7.94071600908,8.67142158328,8.450560687919,9.300949025666,9.300949025666,9.30094902568,6.87760232703,5.88158700659
"t5",2.8952307225,0,3.9417313373,4.067925015,4.0679250151,4.0679250151,3.57701794778,4.0679250151,4.0679250151,4.0679250153,2.3165685029,4.3064467903,4.81083478095,4.81083478099,4.81083478099,4.81083478099,4.81083478135,4.1447405608,4.3592974527,4.8108347811,4.5960587635,4.810834780674,4.810834780974,4.810834780974,4.810834780974,4.810834780974,4.810834780984,4.810834780984,4.810834781014,4.810834780974,4.810834780974,4.810834780969,4.810834780969,4.810834780974,4.810834781,4.810834781,4.74426833113,4.25995002943,3.01741975603,3.5016607856,3.8537847422,2.0563269394,4.81083478065,4.81083478065,4.8108347807,4.0895519702,4.1010903438,3.98648763259,4.5204027011,4.81083478056,4.81083478066,4.81083478066,4.10366792422,4.02088239996,4.81083478025,4.81083478025,4.810834780319,4.810834780319,4.81083478022,4.81083478022,4.81083478022,4.8108347802,4.8108347802,4.02935731985,4.81083478017,4.81083478019,4.81083478019,4.8108347802,4.8108347802,4.81083478021,4.81083478021,4.8108347802,4.8108347802,1.1291953802,4.6436678984,6.235039069,6.235039069,6.2350390691,6.2350390694,6.235039068435,6.235039068435,6.235039068635,4.844389210215,6.058359374055,6.235039068665,6.235039068663,6.235039068663,6.235039068755,6.235039068755,6.235039068655,6.235039068645,6.060402341275,6.235039068645,5.471811875695,6.235039068695,6.235039068695,6.160463697595,5.673774021995,6.235039068575,6.235039068575,6.235039069015,5.409210438315,3.963395574615,4.321644781465,6.235039069035,6.095023604535,6.235039068585,6.235039068585,6.156939600465,6.235039068765,6.235039068745,6.235039068745,6.235039068765,6.172559208565,6.235039068665,6.235039068665,6.235039068765,6.235039068965,6.235039068165,6.2350390682,6.2350390684,6.2350390684,3.9760450926,4.0445131715,8.6930508501,8.2862012894,8.6930508505,8.69305085052,8.69305085052,8.69305085052,7.16831114302,8.6930508507,8.6930508504,8.6930508504,8.69305085,8.69305085,8.69305085,7.33281783358,8.06352340778,7.842662512419,8.693050850166,8.693050850166,8.69305085018,6.26970415153,5.27368883109
"t72",6.5071628952,3.9417313373,0,0.9852696995,1.8100731876,2.884890819,2.39398375168,2.884890819,2.884890819,3.270230236,5.9285006756,7.918378963,8.42276695365,8.42276695369,8.42276695369,8.42276695369,8.42276695405,7.7566727335,7.9712296254,8.4227669538,8.2079909362,8.422766953374,8.422766953674,8.422766953674,8.422766953674,8.422766953674,8.422766953684,8.422766953684,8.422766953714,8.422766953674,8.422766953674,8.422766953669,8.422766953669,8.422766953674,8.4227669537,8.4227669537,8.35620050383,7.87188220213,6.62935192873,7.1135929583,7.4657169149,5.6682591121,8.42276695335,8.42276695335,8.4227669534,7.7014841429,7.7130225165,7.59841980529,8.1323348738,8.42276695326,8.42276695336,8.42276695336,7.71560009692,7.63281457266,8.42276695295,8.42276695295,8.422766953019,8.422766953019,8.42276695292,8.42276695292,8.42276695292,8.4227669529,8.4227669529,7.64128949255,8.42276695287,8.42276695289,8.42276695289,8.4227669529,8.4227669529,8.42276695291,8.42276695291,8.4227669529,8.4227669529,4.7411275529,8.2556000711,9.8469712417,9.8469712417,9.8469712418,9.8469712421,9.846971241135,9.846971241135,9.846971241335,8.456321382915,9.670291546755,9.846971241365,9.846971241363,9.846971241363,9.846971241455,9.846971241455,9.846971241355,9.846971241345,9.672334513975,9.846971241345,9.083744048395,9.846971241395,9.846971241395,9.772395870295,9.285706194695,9.846971241275,9.846971241275,9.846971241715,9.021142611015,7.575327747315,7.933576954165,9.846971241735,9.706955777235,9.846971241285,9.846971241285,9.768871773165,9.846971241465,9.846971241445,9.846971241445,9.846971241465,9.784491381265,9.846971241365,9.846971241365,9.846971241465,9.846971241665,9.846971240865,9.8469712409,9.8469712411,9.8469712411,7.5879772653,7.6564453442,12.3049830228,11.8981334621,12.3049830232,12.30498302322,12.30498302322,12.30498302322,10.78024331572,12.3049830234,12.3049830231,12.3049830231,12.3049830227,12.3049830227,12.3049830227,10.94475000628,11.67545558048,11.454594685119,12.304983022866,12.304983022866,12.30498302288,9.88163632423,8.88562100379
"t73",6.6333565729,4.067925015,0.9852696995,0,1.9362668653,3.0110844967,2.52017742938,3.0110844967,3.0110844967,3.3964239137,6.0546943533,8.0445726407,8.54896063135,8.54896063139,8.54896063139,8.54896063139,8.54896063175,7.8828664112,8.0974233031,8.5489606315,8.3341846139,8.548960631074,8.548960631374,8.548960631374,8.548960631374,8.548960631374,8.548960631384,8.548960631384,8.548960631414,8.548960631374,8.548960631374,8.548960631369,8.548960631369,8.548960631374,8.5489606314,8.5489606314,8.48239418153,7.99807587983,6.75554560643,7.239786636,7.5919105926,5.7944527898,8.54896063105,8.54896063105,8.5489606311,7.8276778206,7.8392161942,7.72461348299,8.2585285515,8.54896063096,8.54896063106,8.54896063106,7.84179377462,7.75900825036,8.54896063065,8.54896063065,8.548960630719,8.548960630719,8.54896063062,8.54896063062,8.54896063062,8.5489606306,8.5489606306,7.76748317025,8.54896063057,8.54896063059,8.54896063059,8.5489606306,8.5489606306,8.54896063061,8.54896063061,8.5489606306,8.5489606306,4.8673212306,8.3817937488,9.9731649194,9.9731649194,9.9731649195,9.9731649198,9.973164918835,9.973164918835,9.973164919035,8.582515060615,9.796485224455,9.973164919065,9.973164919063,9.973164919063,9.973164919155,9.973164919155,9.973164919055,9.973164919045,9.798528191675,9.973164919045,9.209937726095,9.973164919095,9.973164919095,9.898589547995,9.411899872395,9.973164918975,9.973164918975,9.973164919415,9.147336288715,7.701521425015,8.059770631865,9.973164919435,9.833149454935,9.973164918985,9.973164918985,9.895065450865,9.973164919165,9.973164919145,9.973164919145,9.973164919165,9.910685058965,9.973164919065,9.973164919065,9.973164919165,9.973164919365,9.973164918565,9.9731649186,9.9731649188,9.9731649188,7.714170943,7.7826390219,12.4311767005,12.0243271398,12.4311767009,12.43117670092,12.43117670092,12.43117670092,10.90643699342,12.4311767011,12.4311767008,12.4311767008,12.4311767004,12.4311767004,12.4311767004,11.07094368398,11.80164925818,11.580788362819,12.431176700566,12.431176700566,12.43117670058,10.00783000193,9.01181468149
"t45",6.633356573,4.0679250151,1.8100731876,1.9362668653,0,3.0110844968,2.52017742948,3.0110844968,3.0110844968,3.3964239138,6.0546943534,8.0445726408,8.54896063145,8.54896063149,8.54896063149,8.54896063149,8.54896063185,7.8828664113,8.0974233032,8.5489606316,8.334184614,8.548960631174,8.548960631474,8.548960631474,8.548960631474,8.548960631474,8.548960631484,8.548960631484,8.548960631514,8.548960631474,8.548960631474,8.548960631469,8.548960631469,8.548960631474,8.5489606315,8.5489606315,8.48239418163,7.99807587993,6.75554560653,7.2397866361,7.5919105927,5.7944527899,8.54896063115,8.54896063115,8.5489606312,7.8276778207,7.8392161943,7.72461348309,8.2585285516,8.54896063106,8.54896063116,8.54896063116,7.84179377472,7.75900825046,8.54896063075,8.54896063075,8.548960630819,8.548960630819,8.54896063072,8.54896063072,8.54896063072,8.5489606307,8.5489606307,7.76748317035,8.54896063067,8.54896063069,8.54896063069,8.5489606307,8.5489606307,8.54896063071,8.54896063071,8.5489606307,8.5489606307,4.8673212307,8.3817937489,9.9731649195,9.9731649195,9.9731649196,9.9731649199,9.973164918935,9.973164918935,9.973164919135,8.582515060715,9.796485224555,9.973164919165,9.973164919163,9.973164919163,9.973164919255,9.973164919255,9.973164919155,9.973164919145,9.798528191775,9.973164919145,9.209937726195,9.973164919195,9.973164919195,9.898589548095,9.411899872495,9.973164919075,9.973164919075,9.973164919515,9.147336288815,7.701521425115,8.059770631965,9.973164919535,9.833149455035,9.973164919085,9.973164919085,9.895065450965,9.973164919265,9.973164919245,9.973164919245,9.973164919265,9.910685059065,9.973164919165,9.973164919165,9.973164919265,9.973164919465,9.973164918665,9.9731649187,9.9731649189,9.9731649189,7.7141709431,7.782639022,12.4311767006,12.0243271399,12.431176701,12.43117670102,12.43117670102,12.43117670102,10.90643699352,12.4311767012,12.4311767009,12.4311767009,12.4311767005,12.4311767005,12.4311767005,11.07094368408,11.80164925828,11.580788362919,12.431176700666,12.431176700666,12.43117670068,10.00783000203,9.01181468159
"t85",6.633356573,4.0679250151,2.884890819,3.0110844967,3.0110844968,0,0.51510643848,2.6288424724,2.6288424724,3.3964239138,6.0546943534,8.0445726408,8.54896063145,8.54896063149,8.54896063149,8.54896063149,8.54896063185,7.8828664113,8.0974233032,8.5489606316,8.334184614,8.548960631174,8.548960631474,8.548960631474,8.548960631474,8.548960631474,8.548960631484,8.548960631484,8.548960631514,8.548960631474,8.548960631474,8.548960631469,8.548960631469,8.548960631474,8.5489606315,8.5489606315,8.48239418163,7.99807587993,6.75554560653,7.2397866361,7.5919105927,5.7944527899,8.54896063115,8.54896063115,8.5489606312,7.8276778207,7.8392161943,7.72461348309,8.2585285516,8.54896063106,8.54896063116,8.54896063116,7.84179377472,7.75900825046,8.54896063075,8.54896063075,8.548960630819,8.548960630819,8.54896063072,8.54896063072,8.54896063072,8.5489606307,8.5489606307,7.76748317035,8.54896063067,8.54896063069,8.54896063069,8.5489606307,8.5489606307,8.54896063071,8.54896063071,8.5489606307,8.5489606307,4.8673212307,8.3817937489,9.9731649195,9.9731649195,9.9731649196,9.9731649199,9.973164918935,9.973164918935,9.973164919135,8.582515060715,9.796485224555,9.973164919165,9.973164919163,9.973164919163,9.973164919255,9.973164919255,9.973164919155,9.973164919145,9.798528191775,9.973164919145,9.209937726195,9.973164919195,9.973164919195,9.898589548095,9.411899872495,9.973164919075,9.973164919075,9.973164919515,9.147336288815,7.701521425115,8.059770631965,9.973164919535,9.833149455035,9.973164919085,9.973164919085,9.895065450965,9.973164919265,9.973164919245,9.973164919245,9.973164919265,9.910685059065,9.973164919165,9.973164919165,9.973164919265,9.973164919465,9.973164918665,9.9731649187,9.9731649189,9.9731649189,7.7141709431,7.782639022,12.4311767006,12.0243271399,12.431176701,12.43117670102,12.43117670102,12.43117670102,10.90643699352,12.4311767012,12.4311767009,12.4311767009,12.4311767005,12.4311767005,12.4311767005,11.07094368408,11.80164925828,11.580788362919,12.431176700666,12.431176700666,12.43117670068,10.00783000203,9.01181468159
"t86",6.14244950568,3.57701794778,2.39398375168,2.52017742938,2.52017742948,0.51510643848,0,2.13793540508,2.13793540508,2.90551684648,5.56378728608,7.55366557348,8.05805356413,8.05805356417,8.05805356417,8.05805356417,8.05805356453,7.39195934398,7.60651623588,8.05805356428,7.84327754668,8.058053563854,8.058053564154,8.058053564154,8.058053564154,8.058053564154,8.058053564164,8.058053564164,8.058053564194,8.058053564154,8.058053564154,8.058053564149,8.058053564149,8.058053564154,8.05805356418,8.05805356418,7.99148711431,7.50716881261,6.26463853921,6.74887956878,7.10100352538,5.30354572258,8.05805356383,8.05805356383,8.05805356388,7.33677075338,7.34830912698,7.23370641577,7.76762148428,8.05805356374,8.05805356384,8.05805356384,7.3508867074,7.26810118314,8.05805356343,8.05805356343,8.058053563499,8.058053563499,8.0580535634,8.0580535634,8.0580535634,8.05805356338,8.05805356338,7.27657610303,8.05805356335,8.05805356337,8.05805356337,8.05805356338,8.05805356338,8.05805356339,8.05805356339,8.05805356338,8.05805356338,4.37641416338,7.89088668158,9.48225785218,9.48225785218,9.48225785228,9.48225785258,9.482257851615,9.482257851615,9.482257851815,8.091607993395,9.305578157235,9.482257851845,9.482257851843,9.482257851843,9.482257851935,9.482257851935,9.482257851835,9.482257851825,9.307621124455,9.482257851825,8.719030658875,9.482257851875,9.482257851875,9.407682480775,8.920992805175,9.482257851755,9.482257851755,9.482257852195,8.656429221495,7.210614357795,7.568863564645,9.482257852215,9.342242387715,9.482257851765,9.482257851765,9.404158383645,9.482257851945,9.482257851925,9.482257851925,9.482257851945,9.419777991745,9.482257851845,9.482257851845,9.482257851945,9.482257852145,9.482257851345,9.48225785138,9.48225785158,9.48225785158,7.22326387578,7.29173195468,11.94026963328,11.53342007258,11.94026963368,11.9402696337,11.9402696337,11.9402696337,10.4155299262,11.94026963388,11.94026963358,11.94026963358,11.94026963318,11.94026963318,11.94026963318,10.58003661676,11.31074219096,11.089881295599,11.940269633346,11.940269633346,11.94026963336,9.51692293471,8.52090761427
"t79",6.633356573,4.0679250151,2.884890819,3.0110844967,3.0110844968,2.6288424724,2.13793540508,0,1.0430664606,3.3964239138,6.0546943534,8.0445726408,8.54896063145,8.54896063149,8.54896063149,8.54896063149,8.54896063185,7.8828664113,8.0974233032,8.5489606316,8.334184614,8.548960631174,8.548960631474,8.548960631474,8.548960631474,8.548960631474,8.548960631484,8.548960631484,8.548960631514,8.548960631474,8.548960631474,8.548960631469,8.548960631469,8.548960631474,8.5489606315,8.5489606315,8.48239418163,7.99807587993,6.75554560653,7.2397866361,7.5919105927,5.7944527899,8.54896063115,8.54896063115,8.5489606312,7.8276778207,7.8392161943,7.72461348309,8.2585285516,8.54896063106,8.54896063116,8.54896063116,7.84179377472,7.75900825046,8.54896063075,8.54896063075,8.548960630819,8.548960630819,8.54896063072,8.54896063072,8.54896063072,8.5489606307,8.5489606307,7.76748317035,8.54896063067,8.54896063069,8.54896063069,8.5489606307,8.5489606307,8.54896063071,8.54896063071,8.5489606307,8.5489606307,4.8673212307,8.3817937489,9.9731649195,9.9731649195,9.9731649196,9.9731649199,9.973164918935,9.973164918935,9.973164919135,8.582515060715,9.796485224555,9.973164919165,9.973164919163,9.973164919163,9.973164919255,9.973164919255,9.973164919155,9.973164919145,9.798528191775,9.973164919145,9.209937726195,9.973164919195,9.973164919195,9.898589548095,9.411899872495,9.973164919075,9.973164919075,9.973164919515,9.147336288815,7.701521425115,8.059770631965,9.973164919535,9.833149455035,9.973164919085,9.973164919085,9.895065450965,9.973164919265,9.973164919245,9.973164919245,9.973164919265,9.910685059065,9.973164919165,9.973164919165,9.973164919265,9.973164919465,9.973164918665,9.9731649187,9.9731649189,9.9731649189,7.7141709431,7.782639022,12.4311767006,12.0243271399,12.431176701,12.43117670102,12.43117670102,12.43117670102,10.90643699352,12.4311767012,12.4311767009,12.4311767009,12.4311767005,12.4311767005,12.4311767005,11.07094368408,11.80164925828,11.580788362919,12.431176700666,12.431176700666,12.43117670068,10.00783000203,9.01181468159
"t80",6.633356573,4.0679250151,2.884890819,3.0110844967,3.0110844968,2.6288424724,2.13793540508,1.0430664606,0,3.3964239138,6.0546943534,8.0445726408,8.54896063145,8.54896063149,8.54896063149,8.54896063149,8.54896063185,7.8828664113,8.0974233032,8.5489606316,8.334184614,8.548960631174,8.548960631474,8.548960631474,8.548960631474,8.548960631474,8.548960631484,8.548960631484,8.548960631514,8.548960631474,8.548960631474,8.548960631469,8.548960631469,8.548960631474,8.5489606315,8.5489606315,8.48239418163,7.99807587993,6.75554560653,7.2397866361,7.5919105927,5.7944527899,8.54896063115,8.54896063115,8.5489606312,7.8276778207,7.8392161943,7.72461348309,8.2585285516,8.54896063106,8.54896063116,8.54896063116,7.84179377472,7.75900825046,8.54896063075,8.54896063075,8.548960630819,8.548960630819,8.54896063072,8.54896063072,8.54896063072,8.5489606307,8.5489606307,7.76748317035,8.54896063067,8.54896063069,8.54896063069,8.5489606307,8.5489606307,8.54896063071,8.54896063071,8.5489606307,8.5489606307,4.8673212307,8.3817937489,9.9731649195,9.9731649195,9.9731649196,9.9731649199,9.973164918935,9.973164918935,9.973164919135,8.582515060715,9.796485224555,9.973164919165,9.973164919163,9.973164919163,9.973164919255,9.973164919255,9.973164919155,9.973164919145,9.798528191775,9.973164919145,9.209937726195,9.973164919195,9.973164919195,9.898589548095,9.411899872495,9.973164919075,9.973164919075,9.973164919515,9.147336288815,7.701521425115,8.059770631965,9.973164919535,9.833149455035,9.973164919085,9.973164919085,9.895065450965,9.973164919265,9.973164919245,9.973164919245,9.973164919265,9.910685059065,9.973164919165,9.973164919165,9.973164919265,9.973164919465,9.973164918665,9.9731649187,9.9731649189,9.9731649189,7.7141709431,7.782639022,12.4311767006,12.0243271399,12.431176701,12.43117670102,12.43117670102,12.43117670102,10.90643699352,12.4311767012,12.4311767009,12.4311767009,12.4311767005,12.4311767005,12.4311767005,11.07094368408,11.80164925828,11.580788362919,12.431176700666,12.431176700666,12.43117670068,10.00783000203,9.01181468159
"t20",6.6333565732,4.0679250153,3.270230236,3.3964239137,3.3964239138,3.3964239138,2.90551684648,3.3964239138,3.3964239138,0,6.0546943536,8.044572641,8.54896063165,8.54896063169,8.54896063169,8.54896063169,8.54896063205,7.8828664115,8.0974233034,8.5489606318,8.3341846142,8.548960631374,8.548960631674,8.548960631674,8.548960631674,8.548960631674,8.548960631684,8.548960631684,8.548960631714,8.548960631674,8.548960631674,8.548960631669,8.548960631669,8.548960631674,8.5489606317,8.5489606317,8.48239418183,7.99807588013,6.75554560673,7.2397866363,7.5919105929,5.7944527901,8.54896063135,8.54896063135,8.5489606314,7.8276778209,7.8392161945,7.72461348329,8.2585285518,8.54896063126,8.54896063136,8.54896063136,7.84179377492,7.75900825066,8.54896063095,8.54896063095,8.548960631019,8.548960631019,8.54896063092,8.54896063092,8.54896063092,8.5489606309,8.5489606309,7.76748317055,8.54896063087,8.54896063089,8.54896063089,8.5489606309,8.5489606309,8.54896063091,8.54896063091,8.5489606309,8.5489606309,4.8673212309,8.3817937491,9.9731649197,9.9731649197,9.9731649198,9.9731649201,9.973164919135,9.973164919135,9.973164919335,8.582515060915,9.796485224755,9.973164919365,9.973164919363,9.973164919363,9.973164919455,9.973164919455,9.973164919355,9.973164919345,9.798528191975,9.973164919345,9.209937726395,9.973164919395,9.973164919395,9.898589548295,9.411899872695,9.973164919275,9.973164919275,9.973164919715,9.147336289015,7.701521425315,8.059770632165,9.973164919735,9.833149455235,9.973164919285,9.973164919285,9.895065451165,9.973164919465,9.973164919445,9.973164919445,9.973164919465,9.910685059265,9.973164919365,9.973164919365,9.973164919465,9.973164919665,9.973164918865,9.9731649189,9.9731649191,9.9731649191,7.7141709433,7.7826390222,12.4311767008,12.0243271401,12.4311767012,12.43117670122,12.43117670122,12.43117670122,10.90643699372,12.4311767014,12.4311767011,12.4311767011,12.4311767007,12.4311767007,12.4311767007,11.07094368428,11.80164925848,11.580788363119,12.431176700866,12.431176700866,12.43117670088,10.00783000223,9.01181468179
"t7",4.1390902948,2.3165685029,5.9285006756,6.0546943533,6.0546943534,6.0546943534,5.56378728608,6.0546943534,6.0546943534,6.0546943536,0,3.6022565576,4.10664454825,4.10664454829,4.10664454829,4.10664454829,4.10664454865,3.4405503281,3.65510722,4.1066445484,3.8918685308,4.106644547974,4.106644548274,4.106644548274,4.106644548274,4.106644548274,4.106644548284,4.106644548284,4.106644548314,4.106644548274,4.106644548274,4.106644548269,4.106644548269,4.106644548274,4.1066445483,4.1066445483,4.04007809843,3.55575979673,2.31322952333,2.7974705529,3.1495945095,1.3521367067,4.70113444295,4.70113444295,4.701134443,3.9798516325,3.9913900061,3.87678729489,4.4107023634,4.70113444286,4.70113444296,4.70113444296,3.99396758652,3.91118206226,4.70113444255,4.70113444255,4.701134442619,4.701134442619,4.70113444252,4.70113444252,4.70113444252,4.7011344425,4.7011344425,3.91965698215,4.70113444247,4.70113444249,4.70113444249,4.7011344425,4.7011344425,4.70113444251,4.70113444251,4.7011344425,4.7011344425,1.6586082453,5.8875274707,7.4788986413,7.4788986413,7.4788986414,7.4788986417,7.478898640735,7.478898640735,7.478898640935,6.088248782515,7.302218946355,7.478898640965,7.478898640963,7.478898640963,7.478898641055,7.478898641055,7.478898640955,7.478898640945,7.304261913575,7.478898640945,6.715671447995,7.478898640995,7.478898640995,7.404323269895,6.917633594295,7.478898640875,7.478898640875,7.478898641315,6.653070010615,5.207255146915,5.565504353765,7.478898641335,7.338883176835,7.478898640885,7.478898640885,7.400799172765,7.478898641065,7.478898641045,7.478898641045,7.478898641065,7.416418780865,7.478898640965,7.478898640965,7.478898641065,7.478898641265,7.478898640465,7.4788986405,7.4788986407,7.4788986407,5.2199046649,5.2883727438,9.9369104224,9.5300608617,9.9369104228,9.93691042282,9.93691042282,9.93691042282,8.41217071532,9.936910423,9.9369104227,9.9369104227,9.9369104223,9.9369104223,9.9369104223,8.57667740588,9.30738298008,9.086522084719,9.936910422466,9.936910422466,9.93691042248,7.51356372383,6.51754840339
"t49",6.1289685822,4.3064467903,7.918378963,8.0445726407,8.0445726408,8.0445726408,7.55366557348,8.0445726408,8.0445726408,8.044572641,3.6022565576,0,1.39127547145,1.39127547149,1.39127547149,1.39127547149,3.74124833785,3.0751541173,3.2897110092,3.7412483376,3.52647232,3.741248337174,3.741248337474,3.741248337474,3.741248337474,3.741248337474,3.741248337484,3.741248337484,3.741248337514,3.741248337474,3.741248337474,3.741248337469,3.741248337469,3.741248337474,3.7412483375,3.7412483375,5.72207233763,5.23775403593,3.99522376253,4.4794647921,4.8315887487,3.0341309459,6.69101273035,6.69101273035,6.6910127304,5.9697299199,5.9812682935,5.86666558229,6.4005806508,6.69101273026,6.69101273036,6.69101273036,5.98384587392,5.90106034966,6.69101272995,6.69101272995,6.691012730019,6.691012730019,6.69101272992,6.69101272992,6.69101272992,6.6910127299,6.6910127299,5.90953526955,6.69101272987,6.69101272989,6.69101272989,6.6910127299,6.6910127299,6.69101272991,6.69101272991,6.6910127299,6.6910127299,3.6484865327,7.8774057581,9.4687769287,9.4687769287,9.4687769288,9.4687769291,9.468776928135,9.468776928135,9.468776928335,8.078127069915,9.292097233755,9.468776928365,9.468776928363,9.468776928363,9.468776928455,9.468776928455,9.468776928355,9.468776928345,9.294140200975,9.468776928345,8.705549735395,9.468776928395,9.468776928395,9.394201557295,8.907511881695,9.468776928275,9.468776928275,9.468776928715,8.642948298015,7.197133434315,7.555382641165,9.468776928735,9.328761464235,9.468776928285,9.468776928285,9.390677460165,9.468776928465,9.468776928445,9.468776928445,9.468776928465,9.406297068265,9.468776928365,9.468776928365,9.468776928465,9.468776928665,9.468776927865,9.4687769279,9.4687769281,9.4687769281,7.2097829523,7.2782510312,11.9267887098,11.5199391491,11.9267887102,11.92678871022,11.92678871022,11.92678871022,10.40204900272,11.9267887104,11.9267887101,11.9267887101,11.9267887097,11.9267887097,11.9267887097,10.56655569328,11.29726126748,11.076400372119,11.926788709866,11.926788709866,11.92678870988,9.50344201123,8.50742669079
"t50",6.63335657285,4.81083478095,8.42276695365,8.54896063135,8.54896063145,8.54896063145,8.05805356413,8.54896063145,8.54896063145,8.54896063165,4.10664454825,1.39127547145,0,1.82498306264,1.82498306264,1.82498306264,4.2456363285,3.57954210795,3.79409899985,4.24563632825,4.03086031065,4.245636327824,4.245636328124,4.245636328124,4.245636328124,4.245636328124,4.245636328134,4.245636328134,4.245636328164,4.245636328124,4.245636328124,4.245636328119,4.245636328119,4.245636328124,4.24563632815,4.24563632815,6.22646032828,5.74214202658,4.49961175318,4.98385278275,5.33597673935,3.53851893655,7.195400721,7.195400721,7.19540072105,6.47411791055,6.48565628415,6.37105357294,6.90496864145,7.19540072091,7.19540072101,7.19540072101,6.48823386457,6.40544834031,7.1954007206,7.1954007206,7.195400720669,7.195400720669,7.19540072057,7.19540072057,7.19540072057,7.19540072055,7.19540072055,6.4139232602,7.19540072052,7.19540072054,7.19540072054,7.19540072055,7.19540072055,7.19540072056,7.19540072056,7.19540072055,7.19540072055,4.15287452335,8.38179374875,9.97316491935,9.97316491935,9.97316491945,9.97316491975,9.973164918785,9.973164918785,9.973164918985,8.582515060565,9.796485224405,9.973164919015,9.973164919013,9.973164919013,9.973164919105,9.973164919105,9.973164919005,9.973164918995,9.798528191625,9.973164918995,9.209937726045,9.973164919045,9.973164919045,9.898589547945,9.411899872345,9.973164918925,9.973164918925,9.973164919365,9.147336288665,7.701521424965,8.059770631815,9.973164919385,9.833149454885,9.973164918935,9.973164918935,9.895065450815,9.973164919115,9.973164919095,9.973164919095,9.973164919115,9.910685058915,9.973164919015,9.973164919015,9.973164919115,9.973164919315,9.973164918515,9.97316491855,9.97316491875,9.97316491875,7.71417094295,7.78263902185,12.43117670045,12.02432713975,12.43117670085,12.43117670087,12.43117670087,12.43117670087,10.90643699337,12.43117670105,12.43117670075,12.43117670075,12.43117670035,12.43117670035,12.43117670035,11.07094368393,11.80164925813,11.580788362769,12.431176700516,12.431176700516,12.43117670053,10.00783000188,9.01181468144
"t131",6.63335657289,4.81083478099,8.42276695369,8.54896063139,8.54896063149,8.54896063149,8.05805356417,8.54896063149,8.54896063149,8.54896063169,4.10664454829,1.39127547149,1.82498306264,0,0.2545805598,1.6723690988,4.24563632854,3.57954210799,3.79409899989,4.24563632829,4.03086031069,4.245636327864,4.245636328164,4.245636328164,4.245636328164,4.245636328164,4.245636328174,4.245636328174,4.245636328204,4.245636328164,4.245636328164,4.245636328159,4.245636328159,4.245636328164,4.24563632819,4.24563632819,6.22646032832,5.74214202662,4.49961175322,4.98385278279,5.33597673939,3.53851893659,7.19540072104,7.19540072104,7.19540072109,6.47411791059,6.48565628419,6.37105357298,6.90496864149,7.19540072095,7.19540072105,7.19540072105,6.48823386461,6.40544834035,7.19540072064,7.19540072064,7.195400720709,7.195400720709,7.19540072061,7.19540072061,7.19540072061,7.19540072059,7.19540072059,6.41392326024,7.19540072056,7.19540072058,7.19540072058,7.19540072059,7.19540072059,7.1954007206,7.1954007206,7.19540072059,7.19540072059,4.15287452339,8.38179374879,9.97316491939,9.97316491939,9.97316491949,9.97316491979,9.973164918825,9.973164918825,9.973164919025,8.582515060605,9.796485224445,9.973164919055,9.973164919053,9.973164919053,9.973164919145,9.973164919145,9.973164919045,9.973164919035,9.798528191665,9.973164919035,9.209937726085,9.973164919085,9.973164919085,9.898589547985,9.411899872385,9.973164918965,9.973164918965,9.973164919405,9.147336288705,7.701521425005,8.059770631855,9.973164919425,9.833149454925,9.973164918975,9.973164918975,9.895065450855,9.973164919155,9.973164919135,9.973164919135,9.973164919155,9.910685058955,9.973164919055,9.973164919055,9.973164919155,9.973164919355,9.973164918555,9.97316491859,9.97316491879,9.97316491879,7.71417094299,7.78263902189,12.43117670049,12.02432713979,12.43117670089,12.43117670091,12.43117670091,12.43117670091,10.90643699341,12.43117670109,12.43117670079,12.43117670079,12.43117670039,12.43117670039,12.43117670039,11.07094368397,11.80164925817,11.580788362809,12.431176700556,12.431176700556,12.43117670057,10.00783000192,9.01181468148
"t132",6.63335657289,4.81083478099,8.42276695369,8.54896063139,8.54896063149,8.54896063149,8.05805356417,8.54896063149,8.54896063149,8.54896063169,4.10664454829,1.39127547149,1.82498306264,0.2545805598,0,1.6723690988,4.24563632854,3.57954210799,3.79409899989,4.24563632829,4.03086031069,4.245636327864,4.245636328164,4.245636328164,4.245636328164,4.245636328164,4.245636328174,4.245636328174,4.245636328204,4.245636328164,4.245636328164,4.245636328159,4.245636328159,4.245636328164,4.24563632819,4.24563632819,6.22646032832,5.74214202662,4.49961175322,4.98385278279,5.33597673939,3.53851893659,7.19540072104,7.19540072104,7.19540072109,6.47411791059,6.48565628419,6.37105357298,6.90496864149,7.19540072095,7.19540072105,7.19540072105,6.48823386461,6.40544834035,7.19540072064,7.19540072064,7.195400720709,7.195400720709,7.19540072061,7.19540072061,7.19540072061,7.19540072059,7.19540072059,6.41392326024,7.19540072056,7.19540072058,7.19540072058,7.19540072059,7.19540072059,7.1954007206,7.1954007206,7.19540072059,7.19540072059,4.15287452339,8.38179374879,9.97316491939,9.97316491939,9.97316491949,9.97316491979,9.973164918825,9.973164918825,9.973164919025,8.582515060605,9.796485224445,9.973164919055,9.973164919053,9.973164919053,9.973164919145,9.973164919145,9.973164919045,9.973164919035,9.798528191665,9.973164919035,9.209937726085,9.973164919085,9.973164919085,9.898589547985,9.411899872385,9.973164918965,9.973164918965,9.973164919405,9.147336288705,7.701521425005,8.059770631855,9.973164919425,9.833149454925,9.973164918975,9.973164918975,9.895065450855,9.973164919155,9.973164919135,9.973164919135,9.973164919155,9.910685058955,9.973164919055,9.973164919055,9.973164919155,9.973164919355,9.973164918555,9.97316491859,9.97316491879,9.97316491879,7.71417094299,7.78263902189,12.43117670049,12.02432713979,12.43117670089,12.43117670091,12.43117670091,12.43117670091,10.90643699341,12.43117670109,12.43117670079,12.43117670079,12.43117670039,12.43117670039,12.43117670039,11.07094368397,11.80164925817,11.580788362809,12.431176700556,12.431176700556,12.43117670057,10.00783000192,9.01181468148
"t55",6.63335657289,4.81083478099,8.42276695369,8.54896063139,8.54896063149,8.54896063149,8.05805356417,8.54896063149,8.54896063149,8.54896063169,4.10664454829,1.39127547149,1.82498306264,1.6723690988,1.6723690988,0,4.24563632854,3.57954210799,3.79409899989,4.24563632829,4.03086031069,4.245636327864,4.245636328164,4.245636328164,4.245636328164,4.245636328164,4.245636328174,4.245636328174,4.245636328204,4.245636328164,4.245636328164,4.245636328159,4.245636328159,4.245636328164,4.24563632819,4.24563632819,6.22646032832,5.74214202662,4.49961175322,4.98385278279,5.33597673939,3.53851893659,7.19540072104,7.19540072104,7.19540072109,6.47411791059,6.48565628419,6.37105357298,6.90496864149,7.19540072095,7.19540072105,7.19540072105,6.48823386461,6.40544834035,7.19540072064,7.19540072064,7.195400720709,7.195400720709,7.19540072061,7.19540072061,7.19540072061,7.19540072059,7.19540072059,6.41392326024,7.19540072056,7.19540072058,7.19540072058,7.19540072059,7.19540072059,7.1954007206,7.1954007206,7.19540072059,7.19540072059,4.15287452339,8.38179374879,9.97316491939,9.97316491939,9.97316491949,9.97316491979,9.973164918825,9.973164918825,9.973164919025,8.582515060605,9.796485224445,9.973164919055,9.973164919053,9.973164919053,9.973164919145,9.973164919145,9.973164919045,9.973164919035,9.798528191665,9.973164919035,9.209937726085,9.973164919085,9.973164919085,9.898589547985,9.411899872385,9.973164918965,9.973164918965,9.973164919405,9.147336288705,7.701521425005,8.059770631855,9.973164919425,9.833149454925,9.973164918975,9.973164918975,9.895065450855,9.973164919155,9.973164919135,9.973164919135,9.973164919155,9.910685058955,9.973164919055,9.973164919055,9.973164919155,9.973164919355,9.973164918555,9.97316491859,9.97316491879,9.97316491879,7.71417094299,7.78263902189,12.43117670049,12.02432713979,12.43117670089,12.43117670091,12.43117670091,12.43117670091,10.90643699341,12.43117670109,12.43117670079,12.43117670079,12.43117670039,12.43117670039,12.43117670039,11.07094368397,11.80164925817,11.580788362809,12.431176700556,12.431176700556,12.43117670057,10.00783000192,9.01181468148
"t39",6.63335657325,4.81083478135,8.42276695405,8.54896063175,8.54896063185,8.54896063185,8.05805356453,8.54896063185,8.54896063185,8.54896063205,4.10664454865,3.74124833785,4.2456363285,4.24563632854,4.24563632854,4.24563632854,0,1.55500226345,1.76955915535,2.22109648375,2.00632046615,2.350393537624,2.350393537924,2.350393537924,2.350393537924,2.350393537924,2.350393537934,2.350393537934,2.350393537964,2.350393537924,2.350393537924,2.350393537919,2.350393537919,2.350393537924,2.89111711355,2.89111711355,6.22646032868,5.74214202698,4.49961175358,4.98385278315,5.33597673975,3.53851893695,7.1954007214,7.1954007214,7.19540072145,6.47411791095,6.48565628455,6.37105357334,6.90496864185,7.19540072131,7.19540072141,7.19540072141,6.48823386497,6.40544834071,7.195400721,7.195400721,7.195400721069,7.195400721069,7.19540072097,7.19540072097,7.19540072097,7.19540072095,7.19540072095,6.4139232606,7.19540072092,7.19540072094,7.19540072094,7.19540072095,7.19540072095,7.19540072096,7.19540072096,7.19540072095,7.19540072095,4.15287452375,8.38179374915,9.97316491975,9.97316491975,9.97316491985,9.97316492015,9.973164919185,9.973164919185,9.973164919385,8.582515060965,9.796485224805,9.973164919415,9.973164919413,9.973164919413,9.973164919505,9.973164919505,9.973164919405,9.973164919395,9.798528192025,9.973164919395,9.209937726445,9.973164919445,9.973164919445,9.898589548345,9.411899872745,9.973164919325,9.973164919325,9.973164919765,9.147336289065,7.701521425365,8.059770632215,9.973164919785,9.833149455285,9.973164919335,9.973164919335,9.895065451215,9.973164919515,9.973164919495,9.973164919495,9.973164919515,9.910685059315,9.973164919415,9.973164919415,9.973164919515,9.973164919715,9.973164918915,9.97316491895,9.97316491915,9.97316491915,7.71417094335,7.78263902225,12.43117670085,12.02432714015,12.43117670125,12.43117670127,12.43117670127,12.43117670127,10.90643699377,12.43117670145,12.43117670115,12.43117670115,12.43117670075,12.43117670075,12.43117670075,11.07094368433,11.80164925853,11.580788363169,12.431176700916,12.431176700916,12.43117670093,10.00783000228,9.01181468184
"t41",5.9672623527,4.1447405608,7.7566727335,7.8828664112,7.8828664113,7.8828664113,7.39195934398,7.8828664113,7.8828664113,7.8828664115,3.4405503281,3.0751541173,3.57954210795,3.57954210799,3.57954210799,3.57954210799,1.55500226345,0,1.0498061171,1.5013434455,1.2865674279,1.684299317074,1.684299317374,1.684299317374,1.684299317374,1.684299317374,1.684299317384,1.684299317384,1.684299317414,1.684299317374,1.684299317374,1.684299317369,1.684299317369,1.684299317374,2.225022893,2.225022893,5.56036610813,5.07604780643,3.83351753303,4.3177585626,4.6698825192,2.8724247164,6.52930650085,6.52930650085,6.5293065009,5.8080236904,5.819562064,5.70495935279,6.2388744213,6.52930650076,6.52930650086,6.52930650086,5.82213964442,5.73935412016,6.52930650045,6.52930650045,6.529306500519,6.529306500519,6.52930650042,6.52930650042,6.52930650042,6.5293065004,6.5293065004,5.74782904005,6.52930650037,6.52930650039,6.52930650039,6.5293065004,6.5293065004,6.52930650041,6.52930650041,6.5293065004,6.5293065004,3.4867803032,7.7156995286,9.3070706992,9.3070706992,9.3070706993,9.3070706996,9.307070698635,9.307070698635,9.307070698835,7.916420840415,9.130391004255,9.307070698865,9.307070698863,9.307070698863,9.307070698955,9.307070698955,9.307070698855,9.307070698845,9.132433971475,9.307070698845,8.543843505895,9.307070698895,9.307070698895,9.232495327795,8.745805652195,9.307070698775,9.307070698775,9.307070699215,8.481242068515,7.035427204815,7.393676411665,9.307070699235,9.167055234735,9.307070698785,9.307070698785,9.228971230665,9.307070698965,9.307070698945,9.307070698945,9.307070698965,9.244590838765,9.307070698865,9.307070698865,9.307070698965,9.307070699165,9.307070698365,9.3070706984,9.3070706986,9.3070706986,7.0480767228,7.1165448017,11.7650824803,11.3582329196,11.7650824807,11.76508248072,11.76508248072,11.76508248072,10.24034277322,11.7650824809,11.7650824806,11.7650824806,11.7650824802,11.7650824802,11.7650824802,10.40484946378,11.13555503798,10.914694142619,11.765082480366,11.765082480366,11.76508248038,9.34173578173,8.34572046129
