"","t5","t91","t92","t25","t8","t41","t42","t38","t39","t10","t70","t71","t3","t2","t4","t95","t96","t11","t22","t23","t81","t82","t99","t100","t83","t84","t18","t19","t85","t86","t34","t35","t74","t93","t94","t6","t97","t98","t16","t1","t43","t50","t51","t9","t75","t76","t26","t27","t56","t57","t53","t36","t66","t67","t14","t58","t59","t77","t78","t79","t80","t40","t87","t88","t20","t21","t15","t13","t44","t45","t89","t90","t32","t33","t37","t46","t47","t30","t31","t12","t64","t65","t28","t48","t49","t52","t72","t73","t54","t55","t60","t61","t29","t17","t62","t63","t7","t24","t68","t69"
"t5",0,2.54434704156,2.54434704156,2.5443470416,2.5443470417,3.0540566628,3.0540566628,3.0540566629,3.0540566629,3.0540566628,4.97672956698,4.97672956698,4.97672956698,4.97672956708,5.2948073619,5.29480736184,5.29480736184,5.29480736168,5.29480736168,5.29480736168,5.29480736142,5.29480736142,5.294807361212,5.294807361212,5.2948073612,5.2948073612,5.2948073616,5.2948073616,5.29480736166,5.29480736166,5.29480736164,5.29480736164,5.2948073617,5.29480736168,5.29480736168,5.2948073619,5.348722611794,5.348722611794,5.34872261185,5.76605058855,5.780475855572,5.780475855612,5.780475855612,5.780475855172,5.780475855572,5.780475855572,5.780475855572,5.780475855572,5.780475855612,5.780475855612,5.780475855572,5.780475855572,5.780475855472,5.780475855472,5.780475855572,5.780475855482,5.780475855482,5.780475855542,5.780475855542,5.780475855502,5.780475855502,5.780475855552,5.780475855522,5.780475855522,5.780475855572,5.780475855572,5.780475855472,5.780475855572,5.780475855572,5.780475855572,7.523759237612,7.523759237612,7.523759237592,7.523759237592,7.523759237672,7.523759237702,7.523759237702,7.523759237602,7.523759237602,7.523759237572,7.523759237572,7.523759237572,7.523759237452,7.523759237422,7.523759237422,7.523759237512,7.523759237482,7.523759237482,7.523759237522,7.523759237522,7.523759237542,7.523759237542,7.523759237532,7.523759237552,7.523759237472,7.523759237472,7.523759236772,7.523759237072,7.523759237072,7.523759237072
"t91",2.54434704156,0,0.09136126252,1.08828198156,2.04495715986,3.05405666236,3.05405666236,3.05405666246,3.05405666246,3.05405666236,4.97672956654,4.97672956654,4.97672956654,4.97672956664,5.29480736146,5.2948073614,5.2948073614,5.29480736124,5.29480736124,5.29480736124,5.29480736098,5.29480736098,5.294807360772,5.294807360772,5.29480736076,5.29480736076,5.29480736116,5.29480736116,5.29480736122,5.29480736122,5.2948073612,5.2948073612,5.29480736126,5.29480736124,5.29480736124,5.29480736146,5.348722611354,5.348722611354,5.34872261141,5.76605058811,5.780475855132,5.780475855172,5.780475855172,5.780475854732,5.780475855132,5.780475855132,5.780475855132,5.780475855132,5.780475855172,5.780475855172,5.780475855132,5.780475855132,5.780475855032,5.780475855032,5.780475855132,5.780475855042,5.780475855042,5.780475855102,5.780475855102,5.780475855062,5.780475855062,5.780475855112,5.780475855082,5.780475855082,5.780475855132,5.780475855132,5.780475855032,5.780475855132,5.780475855132,5.780475855132,7.523759237172,7.523759237172,7.523759237152,7.523759237152,7.523759237232,7.523759237262,7.523759237262,7.523759237162,7.523759237162,7.523759237132,7.523759237132,7.523759237132,7.523759237012,7.523759236982,7.523759236982,7.523759237072,7.523759237042,7.523759237042,7.523759237082,7.523759237082,7.523759237102,7.523759237102,7.523759237092,7.523759237112,7.523759237032,7.523759237032,7.523759236332,7.523759236632,7.523759236632,7.523759236632
"t92",2.54434704156,0.09136126252,0,1.08828198156,2.04495715986,3.05405666236,3.05405666236,3.05405666246,3.05405666246,3.05405666236,4.97672956654,4.97672956654,4.97672956654,4.97672956664,5.29480736146,5.2948073614,5.2948073614,5.29480736124,5.29480736124,5.29480736124,5.29480736098,5.29480736098,5.294807360772,5.294807360772,5.29480736076,5.29480736076,5.29480736116,5.29480736116,5.29480736122,5.29480736122,5.2948073612,5.2948073612,5.29480736126,5.29480736124,5.29480736124,5.29480736146,5.348722611354,5.348722611354,5.34872261141,5.76605058811,5.780475855132,5.780475855172,5.780475855172,5.780475854732,5.780475855132,5.780475855132,5.780475855132,5.780475855132,5.780475855172,5.780475855172,5.780475855132,5.780475855132,5.780475855032,5.780475855032,5.780475855132,5.780475855042,5.780475855042,5.780475855102,5.780475855102,5.780475855062,5.780475855062,5.780475855112,5.780475855082,5.780475855082,5.780475855132,5.780475855132,5.780475855032,5.780475855132,5.780475855132,5.780475855132,7.523759237172,7.523759237172,7.523759237152,7.523759237152,7.523759237232,7.523759237262,7.523759237262,7.523759237162,7.523759237162,7.523759237132,7.523759237132,7.523759237132,7.523759237012,7.523759236982,7.523759236982,7.523759237072,7.523759237042,7.523759237042,7.523759237082,7.523759237082,7.523759237102,7.523759237102,7.523759237092,7.523759237112,7.523759237032,7.523759237032,7.523759236332,7.523759236632,7.523759236632,7.523759236632
"t25",2.5443470416,1.08828198156,1.08828198156,0,2.0449571599,3.0540566624,3.0540566624,3.0540566625,3.0540566625,3.0540566624,4.97672956658,4.97672956658,4.97672956658,4.97672956668,5.2948073615,5.29480736144,5.29480736144,5.29480736128,5.29480736128,5.29480736128,5.29480736102,5.29480736102,5.294807360812,5.294807360812,5.2948073608,5.2948073608,5.2948073612,5.2948073612,5.29480736126,5.29480736126,5.29480736124,5.29480736124,5.2948073613,5.29480736128,5.29480736128,5.2948073615,5.348722611394,5.348722611394,5.34872261145,5.76605058815,5.780475855172,5.780475855212,5.780475855212,5.780475854772,5.780475855172,5.780475855172,5.780475855172,5.780475855172,5.780475855212,5.780475855212,5.780475855172,5.780475855172,5.780475855072,5.780475855072,5.780475855172,5.780475855082,5.780475855082,5.780475855142,5.780475855142,5.780475855102,5.780475855102,5.780475855152,5.780475855122,5.780475855122,5.780475855172,5.780475855172,5.780475855072,5.780475855172,5.780475855172,5.780475855172,7.523759237212,7.523759237212,7.523759237192,7.523759237192,7.523759237272,7.523759237302,7.523759237302,7.523759237202,7.523759237202,7.523759237172,7.523759237172,7.523759237172,7.523759237052,7.523759237022,7.523759237022,7.523759237112,7.523759237082,7.523759237082,7.523759237122,7.523759237122,7.523759237142,7.523759237142,7.523759237132,7.523759237152,7.523759237072,7.523759237072,7.523759236372,7.523759236672,7.523759236672,7.523759236672
"t8",2.5443470417,2.04495715986,2.04495715986,2.0449571599,0,3.0540566625,3.0540566625,3.0540566626,3.0540566626,3.0540566625,4.97672956668,4.97672956668,4.97672956668,4.97672956678,5.2948073616,5.29480736154,5.29480736154,5.29480736138,5.29480736138,5.29480736138,5.29480736112,5.29480736112,5.294807360912,5.294807360912,5.2948073609,5.2948073609,5.2948073613,5.2948073613,5.29480736136,5.29480736136,5.29480736134,5.29480736134,5.2948073614,5.29480736138,5.29480736138,5.2948073616,5.348722611494,5.348722611494,5.34872261155,5.76605058825,5.780475855272,5.780475855312,5.780475855312,5.780475854872,5.780475855272,5.780475855272,5.780475855272,5.780475855272,5.780475855312,5.780475855312,5.780475855272,5.780475855272,5.780475855172,5.780475855172,5.780475855272,5.780475855182,5.780475855182,5.780475855242,5.780475855242,5.780475855202,5.780475855202,5.780475855252,5.780475855222,5.780475855222,5.780475855272,5.780475855272,5.780475855172,5.780475855272,5.780475855272,5.780475855272,7.523759237312,7.523759237312,7.523759237292,7.523759237292,7.523759237372,7.523759237402,7.523759237402,7.523759237302,7.523759237302,7.523759237272,7.523759237272,7.523759237272,7.523759237152,7.523759237122,7.523759237122,7.523759237212,7.523759237182,7.523759237182,7.523759237222,7.523759237222,7.523759237242,7.523759237242,7.523759237232,7.523759237252,7.523759237172,7.523759237172,7.523759236472,7.523759236772,7.523759236772,7.523759236772
"t41",3.0540566628,3.05405666236,3.05405666236,3.0540566624,3.0540566625,0,0.593250999,1.2037131783,1.2037131783,1.6475973828,4.97672956658,4.97672956658,4.97672956658,4.97672956668,5.2948073615,5.29480736144,5.29480736144,5.29480736128,5.29480736128,5.29480736128,5.29480736102,5.29480736102,5.294807360812,5.294807360812,5.2948073608,5.2948073608,5.2948073612,5.2948073612,5.29480736126,5.29480736126,5.29480736124,5.29480736124,5.2948073613,5.29480736128,5.29480736128,5.2948073615,5.348722611394,5.348722611394,5.34872261145,5.76605058815,5.780475855172,5.780475855212,5.780475855212,5.780475854772,5.780475855172,5.780475855172,5.780475855172,5.780475855172,5.780475855212,5.780475855212,5.780475855172,5.780475855172,5.780475855072,5.780475855072,5.780475855172,5.780475855082,5.780475855082,5.780475855142,5.780475855142,5.780475855102,5.780475855102,5.780475855152,5.780475855122,5.780475855122,5.780475855172,5.780475855172,5.780475855072,5.780475855172,5.780475855172,5.780475855172,7.523759237212,7.523759237212,7.523759237192,7.523759237192,7.523759237272,7.523759237302,7.523759237302,7.523759237202,7.523759237202,7.523759237172,7.523759237172,7.523759237172,7.523759237052,7.523759237022,7.523759237022,7.523759237112,7.523759237082,7.523759237082,7.523759237122,7.523759237122,7.523759237142,7.523759237142,7.523759237132,7.523759237152,7.523759237072,7.523759237072,7.523759236372,7.523759236672,7.523759236672,7.523759236672
"t42",3.0540566628,3.05405666236,3.05405666236,3.0540566624,3.0540566625,0.593250999,0,1.2037131783,1.2037131783,1.6475973828,4.97672956658,4.97672956658,4.97672956658,4.97672956668,5.2948073615,5.29480736144,5.29480736144,5.29480736128,5.29480736128,5.29480736128,5.29480736102,5.29480736102,5.294807360812,5.294807360812,5.2948073608,5.2948073608,5.2948073612,5.2948073612,5.29480736126,5.29480736126,5.29480736124,5.29480736124,5.2948073613,5.29480736128,5.29480736128,5.2948073615,5.348722611394,5.348722611394,5.34872261145,5.76605058815,5.780475855172,5.780475855212,5.780475855212,5.780475854772,5.780475855172,5.780475855172,5.780475855172,5.780475855172,5.780475855212,5.780475855212,5.780475855172,5.780475855172,5.780475855072,5.780475855072,5.780475855172,5.780475855082,5.780475855082,5.780475855142,5.780475855142,5.780475855102,5.780475855102,5.780475855152,5.780475855122,5.780475855122,5.780475855172,5.780475855172,5.780475855072,5.780475855172,5.780475855172,5.780475855172,7.523759237212,7.523759237212,7.523759237192,7.523759237192,7.523759237272,7.523759237302,7.523759237302,7.523759237202,7.523759237202,7.523759237172,7.523759237172,7.523759237172,7.523759237052,7.523759237022,7.523759237022,7.523759237112,7.523759237082,7.523759237082,7.523759237122,7.523759237122,7.523759237142,7.523759237142,7.523759237132,7.523759237152,7.523759237072,7.523759237072,7.523759236372,7.523759236672,7.523759236672,7.523759236672
"t38",3.0540566629,3.05405666246,3.05405666246,3.0540566625,3.0540566626,1.2037131783,1.2037131783,0,0.7068072256,1.6475973829,4.97672956668,4.97672956668,4.97672956668,4.97672956678,5.2948073616,5.29480736154,5.29480736154,5.29480736138,5.29480736138,5.29480736138,5.29480736112,5.29480736112,5.294807360912,5.294807360912,5.2948073609,5.2948073609,5.2948073613,5.2948073613,5.29480736136,5.29480736136,5.29480736134,5.29480736134,5.2948073614,5.29480736138,5.29480736138,5.2948073616,5.348722611494,5.348722611494,5.34872261155,5.76605058825,5.780475855272,5.780475855312,5.780475855312,5.780475854872,5.780475855272,5.780475855272,5.780475855272,5.780475855272,5.780475855312,5.780475855312,5.780475855272,5.780475855272,5.780475855172,5.780475855172,5.780475855272,5.780475855182,5.780475855182,5.780475855242,5.780475855242,5.780475855202,5.780475855202,5.780475855252,5.780475855222,5.780475855222,5.780475855272,5.780475855272,5.780475855172,5.780475855272,5.780475855272,5.780475855272,7.523759237312,7.523759237312,7.523759237292,7.523759237292,7.523759237372,7.523759237402,7.523759237402,7.523759237302,7.523759237302,7.523759237272,7.523759237272,7.523759237272,7.523759237152,7.523759237122,7.523759237122,7.523759237212,7.523759237182,7.523759237182,7.523759237222,7.523759237222,7.523759237242,7.523759237242,7.523759237232,7.523759237252,7.523759237172,7.523759237172,7.523759236472,7.523759236772,7.523759236772,7.523759236772
"t39",3.0540566629,3.05405666246,3.05405666246,3.0540566625,3.0540566626,1.2037131783,1.2037131783,0.7068072256,0,1.6475973829,4.97672956668,4.97672956668,4.97672956668,4.97672956678,5.2948073616,5.29480736154,5.29480736154,5.29480736138,5.29480736138,5.29480736138,5.29480736112,5.29480736112,5.294807360912,5.294807360912,5.2948073609,5.2948073609,5.2948073613,5.2948073613,5.29480736136,5.29480736136,5.29480736134,5.29480736134,5.2948073614,5.29480736138,5.29480736138,5.2948073616,5.348722611494,5.348722611494,5.34872261155,5.76605058825,5.780475855272,5.780475855312,5.780475855312,5.780475854872,5.780475855272,5.780475855272,5.780475855272,5.780475855272,5.780475855312,5.780475855312,5.780475855272,5.780475855272,5.780475855172,5.780475855172,5.780475855272,5.780475855182,5.780475855182,5.780475855242,5.780475855242,5.780475855202,5.780475855202,5.780475855252,5.780475855222,5.780475855222,5.780475855272,5.780475855272,5.780475855172,5.780475855272,5.780475855272,5.780475855272,7.523759237312,7.523759237312,7.523759237292,7.523759237292,7.523759237372,7.523759237402,7.523759237402,7.523759237302,7.523759237302,7.523759237272,7.523759237272,7.523759237272,7.523759237152,7.523759237122,7.523759237122,7.523759237212,7.523759237182,7.523759237182,7.523759237222,7.523759237222,7.523759237242,7.523759237242,7.523759237232,7.523759237252,7.523759237172,7.523759237172,7.523759236472,7.523759236772,7.523759236772,7.523759236772
"t10",3.0540566628,3.05405666236,3.05405666236,3.0540566624,3.0540566625,1.6475973828,1.6475973828,1.6475973829,1.6475973829,0,4.97672956658,4.97672956658,4.97672956658,4.97672956668,5.2948073615,5.29480736144,5.29480736144,5.29480736128,5.29480736128,5.29480736128,5.29480736102,5.29480736102,5.294807360812,5.294807360812,5.2948073608,5.2948073608,5.2948073612,5.2948073612,5.29480736126,5.29480736126,5.29480736124,5.29480736124,5.2948073613,5.29480736128,5.29480736128,5.2948073615,5.348722611394,5.348722611394,5.34872261145,5.76605058815,5.780475855172,5.780475855212,5.780475855212,5.780475854772,5.780475855172,5.780475855172,5.780475855172,5.780475855172,5.780475855212,5.780475855212,5.780475855172,5.780475855172,5.780475855072,5.780475855072,5.780475855172,5.780475855082,5.780475855082,5.780475855142,5.780475855142,5.780475855102,5.780475855102,5.780475855152,5.780475855122,5.780475855122,5.780475855172,5.780475855172,5.780475855072,5.780475855172,5.780475855172,5.780475855172,7.523759237212,7.523759237212,7.523759237192,7.523759237192,7.523759237272,7.523759237302,7.523759237302,7.523759237202,7.523759237202,7.523759237172,7.523759237172,7.523759237172,7.523759237052,7.523759237022,7.523759237022,7.523759237112,7.523759237082,7.523759237082,7.523759237122,7.523759237122,7.523759237142,7.523759237142,7.523759237132,7.523759237152,7.523759237072,7.523759237072,7.523759236372,7.523759236672,7.523759236672,7.523759236672
"t70",4.97672956698,4.97672956654,4.97672956654,4.97672956658,4.97672956668,4.97672956658,4.97672956658,4.97672956668,4.97672956668,4.97672956658,0,0.34109706,4.87599281,4.9017119519,5.29480736148,5.29480736142,5.29480736142,5.29480736126,5.29480736126,5.29480736126,5.294807361,5.294807361,5.294807360792,5.294807360792,5.29480736078,5.29480736078,5.29480736118,5.29480736118,5.29480736124,5.29480736124,5.29480736122,5.29480736122,5.29480736128,5.29480736126,5.29480736126,5.29480736148,5.348722611374,5.348722611374,5.34872261143,5.76605058813,5.780475855152,5.780475855192,5.780475855192,5.780475854752,5.780475855152,5.780475855152,5.780475855152,5.780475855152,5.780475855192,5.780475855192,5.780475855152,5.780475855152,5.780475855052,5.780475855052,5.780475855152,5.780475855062,5.780475855062,5.780475855122,5.780475855122,5.780475855082,5.780475855082,5.780475855132,5.780475855102,5.780475855102,5.780475855152,5.780475855152,5.780475855052,5.780475855152,5.780475855152,5.780475855152,7.523759237192,7.523759237192,7.523759237172,7.523759237172,7.523759237252,7.523759237282,7.523759237282,7.523759237182,7.523759237182,7.523759237152,7.523759237152,7.523759237152,7.523759237032,7.523759237002,7.523759237002,7.523759237092,7.523759237062,7.523759237062,7.523759237102,7.523759237102,7.523759237122,7.523759237122,7.523759237112,7.523759237132,7.523759237052,7.523759237052,7.523759236352,7.523759236652,7.523759236652,7.523759236652
"t71",4.97672956698,4.97672956654,4.97672956654,4.97672956658,4.97672956668,4.97672956658,4.97672956658,4.97672956668,4.97672956668,4.97672956658,0.34109706,0,4.87599281,4.9017119519,5.29480736148,5.29480736142,5.29480736142,5.29480736126,5.29480736126,5.29480736126,5.294807361,5.294807361,5.294807360792,5.294807360792,5.29480736078,5.29480736078,5.29480736118,5.29480736118,5.29480736124,5.29480736124,5.29480736122,5.29480736122,5.29480736128,5.29480736126,5.29480736126,5.29480736148,5.348722611374,5.348722611374,5.34872261143,5.76605058813,5.780475855152,5.780475855192,5.780475855192,5.780475854752,5.780475855152,5.780475855152,5.780475855152,5.780475855152,5.780475855192,5.780475855192,5.780475855152,5.780475855152,5.780475855052,5.780475855052,5.780475855152,5.780475855062,5.780475855062,5.780475855122,5.780475855122,5.780475855082,5.780475855082,5.780475855132,5.780475855102,5.780475855102,5.780475855152,5.780475855152,5.780475855052,5.780475855152,5.780475855152,5.780475855152,7.523759237192,7.523759237192,7.523759237172,7.523759237172,7.523759237252,7.523759237282,7.523759237282,7.523759237182,7.523759237182,7.523759237152,7.523759237152,7.523759237152,7.523759237032,7.523759237002,7.523759237002,7.523759237092,7.523759237062,7.523759237062,7.523759237102,7.523759237102,7.523759237122,7.523759237122,7.523759237112,7.523759237132,7.523759237052,7.523759237052,7.523759236352,7.523759236652,7.523759236652,7.523759236652
"t3",4.97672956698,4.97672956654,4.97672956654,4.97672956658,4.97672956668,4.97672956658,4.97672956658,4.97672956668,4.97672956668,4.97672956658,4.87599281,4.87599281,0,4.9017119519,5.29480736148,5.29480736142,5.29480736142,5.29480736126,5.29480736126,5.29480736126,5.294807361,5.294807361,5.294807360792,5.294807360792,5.29480736078,5.29480736078,5.29480736118,5.29480736118,5.29480736124,5.29480736124,5.29480736122,5.29480736122,5.29480736128,5.29480736126,5.29480736126,5.29480736148,5.348722611374,5.348722611374,5.34872261143,5.76605058813,5.780475855152,5.780475855192,5.780475855192,5.780475854752,5.780475855152,5.780475855152,5.780475855152,5.780475855152,5.780475855192,5.780475855192,5.780475855152,5.780475855152,5.780475855052,5.780475855052,5.780475855152,5.780475855062,5.780475855062,5.780475855122,5.780475855122,5.780475855082,5.780475855082,5.780475855132,5.780475855102,5.780475855102,5.780475855152,5.780475855152,5.780475855052,5.780475855152,5.780475855152,5.780475855152,7.523759237192,7.523759237192,7.523759237172,7.523759237172,7.523759237252,7.523759237282,7.523759237282,7.523759237182,7.523759237182,7.523759237152,7.523759237152,7.523759237152,7.523759237032,7.523759237002,7.523759237002,7.523759237092,7.523759237062,7.523759237062,7.523759237102,7.523759237102,7.523759237122,7.523759237122,7.523759237112,7.523759237132,7.523759237052,7.523759237052,7.523759236352,7.523759236652,7.523759236652,7.523759236652
"t2",4.97672956708,4.97672956664,4.97672956664,4.97672956668,4.97672956678,4.97672956668,4.97672956668,4.97672956678,4.97672956678,4.97672956668,4.9017119519,4.9017119519,4.9017119519,0,5.29480736158,5.29480736152,5.29480736152,5.29480736136,5.29480736136,5.29480736136,5.2948073611,5.2948073611,5.294807360892,5.294807360892,5.29480736088,5.29480736088,5.29480736128,5.29480736128,5.29480736134,5.29480736134,5.29480736132,5.29480736132,5.29480736138,5.29480736136,5.29480736136,5.29480736158,5.348722611474,5.348722611474,5.34872261153,5.76605058823,5.780475855252,5.780475855292,5.780475855292,5.780475854852,5.780475855252,5.780475855252,5.780475855252,5.780475855252,5.780475855292,5.780475855292,5.780475855252,5.780475855252,5.780475855152,5.780475855152,5.780475855252,5.780475855162,5.780475855162,5.780475855222,5.780475855222,5.780475855182,5.780475855182,5.780475855232,5.780475855202,5.780475855202,5.780475855252,5.780475855252,5.780475855152,5.780475855252,5.780475855252,5.780475855252,7.523759237292,7.523759237292,7.523759237272,7.523759237272,7.523759237352,7.523759237382,7.523759237382,7.523759237282,7.523759237282,7.523759237252,7.523759237252,7.523759237252,7.523759237132,7.523759237102,7.523759237102,7.523759237192,7.523759237162,7.523759237162,7.523759237202,7.523759237202,7.523759237222,7.523759237222,7.523759237212,7.523759237232,7.523759237152,7.523759237152,7.523759236452,7.523759236752,7.523759236752,7.523759236752
"t4",5.2948073619,5.29480736146,5.29480736146,5.2948073615,5.2948073616,5.2948073615,5.2948073615,5.2948073616,5.2948073616,5.2948073615,5.29480736148,5.29480736148,5.29480736148,5.29480736158,0,4.70144435594,4.70144435594,4.70144435578,4.70144435578,4.70144435578,4.70144435552,4.70144435552,4.701444355312,4.701444355312,4.7014443553,4.7014443553,4.7014443557,4.7014443557,4.70144435576,4.70144435576,4.70144435574,4.70144435574,4.7014443558,4.70144435578,4.70144435578,4.701444356,5.348722611694,5.348722611694,5.34872261175,5.76605058845,5.780475855472,5.780475855512,5.780475855512,5.780475855072,5.780475855472,5.780475855472,5.780475855472,5.780475855472,5.780475855512,5.780475855512,5.780475855472,5.780475855472,5.780475855372,5.780475855372,5.780475855472,5.780475855382,5.780475855382,5.780475855442,5.780475855442,5.780475855402,5.780475855402,5.780475855452,5.780475855422,5.780475855422,5.780475855472,5.780475855472,5.780475855372,5.780475855472,5.780475855472,5.780475855472,7.523759237512,7.523759237512,7.523759237492,7.523759237492,7.523759237572,7.523759237602,7.523759237602,7.523759237502,7.523759237502,7.523759237472,7.523759237472,7.523759237472,7.523759237352,7.523759237322,7.523759237322,7.523759237412,7.523759237382,7.523759237382,7.523759237422,7.523759237422,7.523759237442,7.523759237442,7.523759237432,7.523759237452,7.523759237372,7.523759237372,7.523759236672,7.523759236972,7.523759236972,7.523759236972
"t95",5.29480736184,5.2948073614,5.2948073614,5.29480736144,5.29480736154,5.29480736144,5.29480736144,5.29480736154,5.29480736154,5.29480736144,5.29480736142,5.29480736142,5.29480736142,5.29480736152,4.70144435594,0,0.02948836408,3.98472973392,3.98472973392,3.98472973392,3.98472973366,3.98472973366,4.016448327652,4.016448327652,4.01644832764,4.01644832764,4.01644832804,4.01644832804,4.0164483281,4.0164483281,4.01644832808,4.01644832808,4.01644832814,4.01644832812,4.01644832812,4.01644832834,5.348722611634,5.348722611634,5.34872261169,5.76605058839,5.780475855412,5.780475855452,5.780475855452,5.780475855012,5.780475855412,5.780475855412,5.780475855412,5.780475855412,5.780475855452,5.780475855452,5.780475855412,5.780475855412,5.780475855312,5.780475855312,5.780475855412,5.780475855322,5.780475855322,5.780475855382,5.780475855382,5.780475855342,5.780475855342,5.780475855392,5.780475855362,5.780475855362,5.780475855412,5.780475855412,5.780475855312,5.780475855412,5.780475855412,5.780475855412,7.523759237452,7.523759237452,7.523759237432,7.523759237432,7.523759237512,7.523759237542,7.523759237542,7.523759237442,7.523759237442,7.523759237412,7.523759237412,7.523759237412,7.523759237292,7.523759237262,7.523759237262,7.523759237352,7.523759237322,7.523759237322,7.523759237362,7.523759237362,7.523759237382,7.523759237382,7.523759237372,7.523759237392,7.523759237312,7.523759237312,7.523759236612,7.523759236912,7.523759236912,7.523759236912
"t96",5.29480736184,5.2948073614,5.2948073614,5.29480736144,5.29480736154,5.29480736144,5.29480736144,5.29480736154,5.29480736154,5.29480736144,5.29480736142,5.29480736142,5.29480736142,5.29480736152,4.70144435594,0.02948836408,0,3.98472973392,3.98472973392,3.98472973392,3.98472973366,3.98472973366,4.016448327652,4.016448327652,4.01644832764,4.01644832764,4.01644832804,4.01644832804,4.0164483281,4.0164483281,4.01644832808,4.01644832808,4.01644832814,4.01644832812,4.01644832812,4.01644832834,5.348722611634,5.348722611634,5.34872261169,5.76605058839,5.780475855412,5.780475855452,5.780475855452,5.780475855012,5.780475855412,5.780475855412,5.780475855412,5.780475855412,5.780475855452,5.780475855452,5.780475855412,5.780475855412,5.780475855312,5.780475855312,5.780475855412,5.780475855322,5.780475855322,5.780475855382,5.780475855382,5.780475855342,5.780475855342,5.780475855392,5.780475855362,5.780475855362,5.780475855412,5.780475855412,5.780475855312,5.780475855412,5.780475855412,5.780475855412,7.523759237452,7.523759237452,7.523759237432,7.523759237432,7.523759237512,7.523759237542,7.523759237542,7.523759237442,7.523759237442,7.523759237412,7.523759237412,7.523759237412,7.523759237292,7.523759237262,7.523759237262,7.523759237352,7.523759237322,7.523759237322,7.523759237362,7.523759237362,7.523759237382,7.523759237382,7.523759237372,7.523759237392,7.523759237312,7.523759237312,7.523759236612,7.523759236912,7.523759236912,7.523759236912
"t11",5.29480736168,5.29480736124,5.29480736124,5.29480736128,5.29480736138,5.29480736128,5.29480736128,5.29480736138,5.29480736138,5.29480736128,5.29480736126,5.29480736126,5.29480736126,5.29480736136,4.70144435578,3.98472973392,3.98472973392,0,1.633087818,1.633087818,3.94200227774,3.94200227774,4.016448327492,4.016448327492,4.01644832748,4.01644832748,4.01644832788,4.01644832788,4.01644832794,4.01644832794,4.01644832792,4.01644832792,4.01644832798,4.01644832796,4.01644832796,4.01644832818,5.348722611474,5.348722611474,5.34872261153,5.76605058823,5.780475855252,5.780475855292,5.780475855292,5.780475854852,5.780475855252,5.780475855252,5.780475855252,5.780475855252,5.780475855292,5.780475855292,5.780475855252,5.780475855252,5.780475855152,5.780475855152,5.780475855252,5.780475855162,5.780475855162,5.780475855222,5.780475855222,5.780475855182,5.780475855182,5.780475855232,5.780475855202,5.780475855202,5.780475855252,5.780475855252,5.780475855152,5.780475855252,5.780475855252,5.780475855252,7.523759237292,7.523759237292,7.523759237272,7.523759237272,7.523759237352,7.523759237382,7.523759237382,7.523759237282,7.523759237282,7.523759237252,7.523759237252,7.523759237252,7.523759237132,7.523759237102,7.523759237102,7.523759237192,7.523759237162,7.523759237162,7.523759237202,7.523759237202,7.523759237222,7.523759237222,7.523759237212,7.523759237232,7.523759237152,7.523759237152,7.523759236452,7.523759236752,7.523759236752,7.523759236752
"t22",5.29480736168,5.29480736124,5.29480736124,5.29480736128,5.29480736138,5.29480736128,5.29480736128,5.29480736138,5.29480736138,5.29480736128,5.29480736126,5.29480736126,5.29480736126,5.29480736136,4.70144435578,3.98472973392,3.98472973392,1.633087818,0,1.1339134736,3.94200227774,3.94200227774,4.016448327492,4.016448327492,4.01644832748,4.01644832748,4.01644832788,4.01644832788,4.01644832794,4.01644832794,4.01644832792,4.01644832792,4.01644832798,4.01644832796,4.01644832796,4.01644832818,5.348722611474,5.348722611474,5.34872261153,5.76605058823,5.780475855252,5.780475855292,5.780475855292,5.780475854852,5.780475855252,5.780475855252,5.780475855252,5.780475855252,5.780475855292,5.780475855292,5.780475855252,5.780475855252,5.780475855152,5.780475855152,5.780475855252,5.780475855162,5.780475855162,5.780475855222,5.780475855222,5.780475855182,5.780475855182,5.780475855232,5.780475855202,5.780475855202,5.780475855252,5.780475855252,5.780475855152,5.780475855252,5.780475855252,5.780475855252,7.523759237292,7.523759237292,7.523759237272,7.523759237272,7.523759237352,7.523759237382,7.523759237382,7.523759237282,7.523759237282,7.523759237252,7.523759237252,7.523759237252,7.523759237132,7.523759237102,7.523759237102,7.523759237192,7.523759237162,7.523759237162,7.523759237202,7.523759237202,7.523759237222,7.523759237222,7.523759237212,7.523759237232,7.523759237152,7.523759237152,7.523759236452,7.523759236752,7.523759236752,7.523759236752
"t23",5.29480736168,5.29480736124,5.29480736124,5.29480736128,5.29480736138,5.29480736128,5.29480736128,5.29480736138,5.29480736138,5.29480736128,5.29480736126,5.29480736126,5.29480736126,5.29480736136,4.70144435578,3.98472973392,3.98472973392,1.633087818,1.1339134736,0,3.94200227774,3.94200227774,4.016448327492,4.016448327492,4.01644832748,4.01644832748,4.01644832788,4.01644832788,4.01644832794,4.01644832794,4.01644832792,4.01644832792,4.01644832798,4.01644832796,4.01644832796,4.01644832818,5.348722611474,5.348722611474,5.34872261153,5.76605058823,5.780475855252,5.780475855292,5.780475855292,5.780475854852,5.780475855252,5.780475855252,5.780475855252,5.780475855252,5.780475855292,5.780475855292,5.780475855252,5.780475855252,5.780475855152,5.780475855152,5.780475855252,5.780475855162,5.780475855162,5.780475855222,5.780475855222,5.780475855182,5.780475855182,5.780475855232,5.780475855202,5.780475855202,5.780475855252,5.780475855252,5.780475855152,5.780475855252,5.780475855252,5.780475855252,7.523759237292,7.523759237292,7.523759237272,7.523759237272,7.523759237352,7.523759237382,7.523759237382,7.523759237282,7.523759237282,7.523759237252,7.523759237252,7.523759237252,7.523759237132,7.523759237102,7.523759237102,7.523759237192,7.523759237162,7.523759237162,7.523759237202,7.523759237202,7.523759237222,7.523759237222,7.523759237212,7.523759237232,7.523759237152,7.523759237152,7.523759236452,7.523759236752,7.523759236752,7.523759236752
"t81",5.29480736142,5.29480736098,5.29480736098,5.29480736102,5.29480736112,5.29480736102,5.29480736102,5.29480736112,5.29480736112,5.29480736102,5.294807361,5.294807361,5.294807361,5.2948073611,4.70144435552,3.98472973366,3.98472973366,3.94200227774,3.94200227774,3.94200227774,0,0.16225998548,4.016448327232,4.016448327232,4.01644832722,4.01644832722,4.01644832762,4.01644832762,4.01644832768,4.01644832768,4.01644832766,4.01644832766,4.01644832772,4.0164483277,4.0164483277,4.01644832792,5.348722611214,5.348722611214,5.34872261127,5.76605058797,5.780475854992,5.780475855032,5.780475855032,5.780475854592,5.780475854992,5.780475854992,5.780475854992,5.780475854992,5.780475855032,5.780475855032,5.780475854992,5.780475854992,5.780475854892,5.780475854892,5.780475854992,5.780475854902,5.780475854902,5.780475854962,5.780475854962,5.780475854922,5.780475854922,5.780475854972,5.780475854942,5.780475854942,5.780475854992,5.780475854992,5.780475854892,5.780475854992,5.780475854992,5.780475854992,7.523759237032,7.523759237032,7.523759237012,7.523759237012,7.523759237092,7.523759237122,7.523759237122,7.523759237022,7.523759237022,7.523759236992,7.523759236992,7.523759236992,7.523759236872,7.523759236842,7.523759236842,7.523759236932,7.523759236902,7.523759236902,7.523759236942,7.523759236942,7.523759236962,7.523759236962,7.523759236952,7.523759236972,7.523759236892,7.523759236892,7.523759236192,7.523759236492,7.523759236492,7.523759236492
"t82",5.29480736142,5.29480736098,5.29480736098,5.29480736102,5.29480736112,5.29480736102,5.29480736102,5.29480736112,5.29480736112,5.29480736102,5.294807361,5.294807361,5.294807361,5.2948073611,4.70144435552,3.98472973366,3.98472973366,3.94200227774,3.94200227774,3.94200227774,0.16225998548,0,4.016448327232,4.016448327232,4.01644832722,4.01644832722,4.01644832762,4.01644832762,4.01644832768,4.01644832768,4.01644832766,4.01644832766,4.01644832772,4.0164483277,4.0164483277,4.01644832792,5.348722611214,5.348722611214,5.34872261127,5.76605058797,5.780475854992,5.780475855032,5.780475855032,5.780475854592,5.780475854992,5.780475854992,5.780475854992,5.780475854992,5.780475855032,5.780475855032,5.780475854992,5.780475854992,5.780475854892,5.780475854892,5.780475854992,5.780475854902,5.780475854902,5.780475854962,5.780475854962,5.780475854922,5.780475854922,5.780475854972,5.780475854942,5.780475854942,5.780475854992,5.780475854992,5.780475854892,5.780475854992,5.780475854992,5.780475854992,7.523759237032,7.523759237032,7.523759237012,7.523759237012,7.523759237092,7.523759237122,7.523759237122,7.523759237022,7.523759237022,7.523759236992,7.523759236992,7.523759236992,7.523759236872,7.523759236842,7.523759236842,7.523759236932,7.523759236902,7.523759236902,7.523759236942,7.523759236942,7.523759236962,7.523759236962,7.523759236952,7.523759236972,7.523759236892,7.523759236892,7.523759236192,7.523759236492,7.523759236492,7.523759236492
"t99",5.294807361212,5.294807360772,5.294807360772,5.294807360812,5.294807360912,5.294807360812,5.294807360812,5.294807360912,5.294807360912,5.294807360812,5.294807360792,5.294807360792,5.294807360792,5.294807360892,4.701444355312,4.016448327652,4.016448327652,4.016448327492,4.016448327492,4.016448327492,4.016448327232,4.016448327232,0,0.002272707624,0.276221343212,0.276221343212,3.022515461612,3.022515461612,3.726921507072,3.726921507072,3.726921507052,3.726921507052,3.726921507112,3.726921507092,3.726921507092,3.726921507312,5.348722611006,5.348722611006,5.348722611062,5.766050587762,5.780475854784,5.780475854824,5.780475854824,5.780475854384,5.780475854784,5.780475854784,5.780475854784,5.780475854784,5.780475854824,5.780475854824,5.780475854784,5.780475854784,5.780475854684,5.780475854684,5.780475854784,5.780475854694,5.780475854694,5.780475854754,5.780475854754,5.780475854714,5.780475854714,5.780475854764,5.780475854734,5.780475854734,5.780475854784,5.780475854784,5.780475854684,5.780475854784,5.780475854784,5.780475854784,7.523759236824,7.523759236824,7.523759236804,7.523759236804,7.523759236884,7.523759236914,7.523759236914,7.523759236814,7.523759236814,7.523759236784,7.523759236784,7.523759236784,7.523759236664,7.523759236634,7.523759236634,7.523759236724,7.523759236694,7.523759236694,7.523759236734,7.523759236734,7.523759236754,7.523759236754,7.523759236744,7.523759236764,7.523759236684,7.523759236684,7.523759235984,7.523759236284,7.523759236284,7.523759236284
"t100",5.294807361212,5.294807360772,5.294807360772,5.294807360812,5.294807360912,5.294807360812,5.294807360812,5.294807360912,5.294807360912,5.294807360812,5.294807360792,5.294807360792,5.294807360792,5.294807360892,4.701444355312,4.016448327652,4.016448327652,4.016448327492,4.016448327492,4.016448327492,4.016448327232,4.016448327232,0.002272707624,0,0.276221343212,0.276221343212,3.022515461612,3.022515461612,3.726921507072,3.726921507072,3.726921507052,3.726921507052,3.726921507112,3.726921507092,3.726921507092,3.726921507312,5.348722611006,5.348722611006,5.348722611062,5.766050587762,5.780475854784,5.780475854824,5.780475854824,5.780475854384,5.780475854784,5.780475854784,5.780475854784,5.780475854784,5.780475854824,5.780475854824,5.780475854784,5.780475854784,5.780475854684,5.780475854684,5.780475854784,5.780475854694,5.780475854694,5.780475854754,5.780475854754,5.780475854714,5.780475854714,5.780475854764,5.780475854734,5.780475854734,5.780475854784,5.780475854784,5.780475854684,5.780475854784,5.780475854784,5.780475854784,7.523759236824,7.523759236824,7.523759236804,7.523759236804,7.523759236884,7.523759236914,7.523759236914,7.523759236814,7.523759236814,7.523759236784,7.523759236784,7.523759236784,7.523759236664,7.523759236634,7.523759236634,7.523759236724,7.523759236694,7.523759236694,7.523759236734,7.523759236734,7.523759236754,7.523759236754,7.523759236744,7.523759236764,7.523759236684,7.523759236684,7.523759235984,7.523759236284,7.523759236284,7.523759236284
"t83",5.2948073612,5.29480736076,5.29480736076,5.2948073608,5.2948073609,5.2948073608,5.2948073608,5.2948073609,5.2948073609,5.2948073608,5.29480736078,5.29480736078,5.29480736078,5.29480736088,4.7014443553,4.01644832764,4.01644832764,4.01644832748,4.01644832748,4.01644832748,4.01644832722,4.01644832722,0.276221343212,0.276221343212,0,0.13653325402,3.0225154616,3.0225154616,3.72692150706,3.72692150706,3.72692150704,3.72692150704,3.7269215071,3.72692150708,3.72692150708,3.7269215073,5.348722610994,5.348722610994,5.34872261105,5.76605058775,5.780475854772,5.780475854812,5.780475854812,5.780475854372,5.780475854772,5.780475854772,5.780475854772,5.780475854772,5.780475854812,5.780475854812,5.780475854772,5.780475854772,5.780475854672,5.780475854672,5.780475854772,5.780475854682,5.780475854682,5.780475854742,5.780475854742,5.780475854702,5.780475854702,5.780475854752,5.780475854722,5.780475854722,5.780475854772,5.780475854772,5.780475854672,5.780475854772,5.780475854772,5.780475854772,7.523759236812,7.523759236812,7.523759236792,7.523759236792,7.523759236872,7.523759236902,7.523759236902,7.523759236802,7.523759236802,7.523759236772,7.523759236772,7.523759236772,7.523759236652,7.523759236622,7.523759236622,7.523759236712,7.523759236682,7.523759236682,7.523759236722,7.523759236722,7.523759236742,7.523759236742,7.523759236732,7.523759236752,7.523759236672,7.523759236672,7.523759235972,7.523759236272,7.523759236272,7.523759236272
"t84",5.2948073612,5.29480736076,5.29480736076,5.2948073608,5.2948073609,5.2948073608,5.2948073608,5.2948073609,5.2948073609,5.2948073608,5.29480736078,5.29480736078,5.29480736078,5.29480736088,4.7014443553,4.01644832764,4.01644832764,4.01644832748,4.01644832748,4.01644832748,4.01644832722,4.01644832722,0.276221343212,0.276221343212,0.13653325402,0,3.0225154616,3.0225154616,3.72692150706,3.72692150706,3.72692150704,3.72692150704,3.7269215071,3.72692150708,3.72692150708,3.7269215073,5.348722610994,5.348722610994,5.34872261105,5.76605058775,5.780475854772,5.780475854812,5.780475854812,5.780475854372,5.780475854772,5.780475854772,5.780475854772,5.780475854772,5.780475854812,5.780475854812,5.780475854772,5.780475854772,5.780475854672,5.780475854672,5.780475854772,5.780475854682,5.780475854682,5.780475854742,5.780475854742,5.780475854702,5.780475854702,5.780475854752,5.780475854722,5.780475854722,5.780475854772,5.780475854772,5.780475854672,5.780475854772,5.780475854772,5.780475854772,7.523759236812,7.523759236812,7.523759236792,7.523759236792,7.523759236872,7.523759236902,7.523759236902,7.523759236802,7.523759236802,7.523759236772,7.523759236772,7.523759236772,7.523759236652,7.523759236622,7.523759236622,7.523759236712,7.523759236682,7.523759236682,7.523759236722,7.523759236722,7.523759236742,7.523759236742,7.523759236732,7.523759236752,7.523759236672,7.523759236672,7.523759235972,7.523759236272,7.523759236272,7.523759236272
"t18",5.2948073616,5.29480736116,5.29480736116,5.2948073612,5.2948073613,5.2948073612,5.2948073612,5.2948073613,5.2948073613,5.2948073612,5.29480736118,5.29480736118,5.29480736118,5.29480736128,4.7014443557,4.01644832804,4.01644832804,4.01644832788,4.01644832788,4.01644832788,4.01644832762,4.01644832762,3.022515461612,3.022515461612,3.0225154616,3.0225154616,0,1.287680309,3.72692150746,3.72692150746,3.72692150744,3.72692150744,3.7269215075,3.72692150748,3.72692150748,3.7269215077,5.348722611394,5.348722611394,5.34872261145,5.76605058815,5.780475855172,5.780475855212,5.780475855212,5.780475854772,5.780475855172,5.780475855172,5.780475855172,5.780475855172,5.780475855212,5.780475855212,5.780475855172,5.780475855172,5.780475855072,5.780475855072,5.780475855172,5.780475855082,5.780475855082,5.780475855142,5.780475855142,5.780475855102,5.780475855102,5.780475855152,5.780475855122,5.780475855122,5.780475855172,5.780475855172,5.780475855072,5.780475855172,5.780475855172,5.780475855172,7.523759237212,7.523759237212,7.523759237192,7.523759237192,7.523759237272,7.523759237302,7.523759237302,7.523759237202,7.523759237202,7.523759237172,7.523759237172,7.523759237172,7.523759237052,7.523759237022,7.523759237022,7.523759237112,7.523759237082,7.523759237082,7.523759237122,7.523759237122,7.523759237142,7.523759237142,7.523759237132,7.523759237152,7.523759237072,7.523759237072,7.523759236372,7.523759236672,7.523759236672,7.523759236672
