"","t33","t59","t60","t15","t87","t88","t29","t30","t13","t5","t43","t44","t16","t64","t85","t86","t47","t71","t72","t9","t91","t92","t67","t68","t61","t62","t55","t69","t70","t89","t90","t56","t57","t2","t3","t4","t75","t76","t52","t65","t66","t42","t25","t22","t36","t37","t93","t94","t24","t34","t35","t53","t54","t48","t49","t73","t74","t26","t18","t95","t96","t31","t32","t7","t81","t82","t63","t11","t58","t97","t98","t20","t21","t50","t51","t79","t80","t99","t100","t38","t39","t1","t6","t45","t46","t23","t12","t10","t83","t84","t19","t8","t14","t17","t27","t28","t40","t41","t77","t78"
"t33",0,0.7918207344,0.7918207344,1.8914064758,1.89140647575,1.89140647575,2.4826165698,2.4826165698,2.4826165698,2.8236067945,4.0240978749,4.0240978749,4.02409787488,4.02409787498,4.02409787494,4.02409787494,4.02409787498,4.0240978749,4.0240978749,4.9715525598,4.97155255972,4.97155255972,4.9715525597,4.9715525597,4.97155255965,4.97155255965,4.97155255969,4.9715525597,4.9715525597,5.72895188172,5.72895188172,5.7289518813,5.7289518813,5.92533011695,5.92533011695,5.92533011621,5.92533011668,5.92533011668,5.92533011671,5.925330116651,5.925330116651,5.925330116751,5.925330116651,5.92533011671,5.92533011671,5.92533011671,5.9253301167,5.9253301167,5.92533011675,5.92533011665,5.92533011665,5.92533011671,5.92533011671,5.92533011671,5.92533011671,5.92533011663,5.92533011663,5.92533011661,5.92533011667,5.92533011662,5.92533011662,5.92533011707,5.92533011707,5.92533011627,5.92533011675,5.92533011675,5.92533011672,5.92533011672,5.92533011682,5.92533011679,5.92533011679,6.47061081817,6.47061081817,6.47061081817,6.47061081817,6.47061081823,6.47061081823,6.470610818231,6.470610818231,8.11932021467,8.11932021467,8.11932021527,10.93515163227,10.93515163227,10.93515163227,10.93515163217,10.93515163217,10.93515163237,10.93515163238,10.93515163238,10.93515163237,10.93515163217,10.93515163247,10.93515163246,10.93515163246,10.93515163246,10.93515163247,10.93515163247,10.93515163197,10.93515163197
"t59",0.7918207344,0,0.356841828,1.8914064758,1.89140647575,1.89140647575,2.4826165698,2.4826165698,2.4826165698,2.8236067945,4.0240978749,4.0240978749,4.02409787488,4.02409787498,4.02409787494,4.02409787494,4.02409787498,4.0240978749,4.0240978749,4.9715525598,4.97155255972,4.97155255972,4.9715525597,4.9715525597,4.97155255965,4.97155255965,4.97155255969,4.9715525597,4.9715525597,5.72895188172,5.72895188172,5.7289518813,5.7289518813,5.92533011695,5.92533011695,5.92533011621,5.92533011668,5.92533011668,5.92533011671,5.925330116651,5.925330116651,5.925330116751,5.925330116651,5.92533011671,5.92533011671,5.92533011671,5.9253301167,5.9253301167,5.92533011675,5.92533011665,5.92533011665,5.92533011671,5.92533011671,5.92533011671,5.92533011671,5.92533011663,5.92533011663,5.92533011661,5.92533011667,5.92533011662,5.92533011662,5.92533011707,5.92533011707,5.92533011627,5.92533011675,5.92533011675,5.92533011672,5.92533011672,5.92533011682,5.92533011679,5.92533011679,6.47061081817,6.47061081817,6.47061081817,6.47061081817,6.47061081823,6.47061081823,6.470610818231,6.470610818231,8.11932021467,8.11932021467,8.11932021527,10.93515163227,10.93515163227,10.93515163227,10.93515163217,10.93515163217,10.93515163237,10.93515163238,10.93515163238,10.93515163237,10.93515163217,10.93515163247,10.93515163246,10.93515163246,10.93515163246,10.93515163247,10.93515163247,10.93515163197,10.93515163197
"t60",0.7918207344,0.356841828,0,1.8914064758,1.89140647575,1.89140647575,2.4826165698,2.4826165698,2.4826165698,2.8236067945,4.0240978749,4.0240978749,4.02409787488,4.02409787498,4.02409787494,4.02409787494,4.02409787498,4.0240978749,4.0240978749,4.9715525598,4.97155255972,4.97155255972,4.9715525597,4.9715525597,4.97155255965,4.97155255965,4.97155255969,4.9715525597,4.9715525597,5.72895188172,5.72895188172,5.7289518813,5.7289518813,5.92533011695,5.92533011695,5.92533011621,5.92533011668,5.92533011668,5.92533011671,5.925330116651,5.925330116651,5.925330116751,5.925330116651,5.92533011671,5.92533011671,5.92533011671,5.9253301167,5.9253301167,5.92533011675,5.92533011665,5.92533011665,5.92533011671,5.92533011671,5.92533011671,5.92533011671,5.92533011663,5.92533011663,5.92533011661,5.92533011667,5.92533011662,5.92533011662,5.92533011707,5.92533011707,5.92533011627,5.92533011675,5.92533011675,5.92533011672,5.92533011672,5.92533011682,5.92533011679,5.92533011679,6.47061081817,6.47061081817,6.47061081817,6.47061081817,6.47061081823,6.47061081823,6.470610818231,6.470610818231,8.11932021467,8.11932021467,8.11932021527,10.93515163227,10.93515163227,10.93515163227,10.93515163217,10.93515163217,10.93515163237,10.93515163238,10.93515163238,10.93515163237,10.93515163217,10.93515163247,10.93515163246,10.93515163246,10.93515163246,10.93515163247,10.93515163247,10.93515163197,10.93515163197
"t15",1.8914064758,1.8914064758,1.8914064758,0,1.20451601935,1.20451601935,2.4826165698,2.4826165698,2.4826165698,2.8236067945,4.0240978749,4.0240978749,4.02409787488,4.02409787498,4.02409787494,4.02409787494,4.02409787498,4.0240978749,4.0240978749,4.9715525598,4.97155255972,4.97155255972,4.9715525597,4.9715525597,4.97155255965,4.97155255965,4.97155255969,4.9715525597,4.9715525597,5.72895188172,5.72895188172,5.7289518813,5.7289518813,5.92533011695,5.92533011695,5.92533011621,5.92533011668,5.92533011668,5.92533011671,5.925330116651,5.925330116651,5.925330116751,5.925330116651,5.92533011671,5.92533011671,5.92533011671,5.9253301167,5.9253301167,5.92533011675,5.92533011665,5.92533011665,5.92533011671,5.92533011671,5.92533011671,5.92533011671,5.92533011663,5.92533011663,5.92533011661,5.92533011667,5.92533011662,5.92533011662,5.92533011707,5.92533011707,5.92533011627,5.92533011675,5.92533011675,5.92533011672,5.92533011672,5.92533011682,5.92533011679,5.92533011679,6.47061081817,6.47061081817,6.47061081817,6.47061081817,6.47061081823,6.47061081823,6.470610818231,6.470610818231,8.11932021467,8.11932021467,8.11932021527,10.93515163227,10.93515163227,10.93515163227,10.93515163217,10.93515163217,10.93515163237,10.93515163238,10.93515163238,10.93515163237,10.93515163217,10.93515163247,10.93515163246,10.93515163246,10.93515163246,10.93515163247,10.93515163247,10.93515163197,10.93515163197
"t87",1.89140647575,1.89140647575,1.89140647575,1.20451601935,0,0.1012625287,2.48261656975,2.48261656975,2.48261656975,2.82360679445,4.02409787485,4.02409787485,4.02409787483,4.02409787493,4.02409787489,4.02409787489,4.02409787493,4.02409787485,4.02409787485,4.97155255975,4.97155255967,4.97155255967,4.97155255965,4.97155255965,4.9715525596,4.9715525596,4.97155255964,4.97155255965,4.97155255965,5.72895188167,5.72895188167,5.72895188125,5.72895188125,5.9253301169,5.9253301169,5.92533011616,5.92533011663,5.92533011663,5.92533011666,5.925330116601,5.925330116601,5.925330116701,5.925330116601,5.92533011666,5.92533011666,5.92533011666,5.92533011665,5.92533011665,5.9253301167,5.9253301166,5.9253301166,5.92533011666,5.92533011666,5.92533011666,5.92533011666,5.92533011658,5.92533011658,5.92533011656,5.92533011662,5.92533011657,5.92533011657,5.92533011702,5.92533011702,5.92533011622,5.9253301167,5.9253301167,5.92533011667,5.92533011667,5.92533011677,5.92533011674,5.92533011674,6.47061081812,6.47061081812,6.47061081812,6.47061081812,6.47061081818,6.47061081818,6.470610818181,6.470610818181,8.11932021462,8.11932021462,8.11932021522,10.93515163222,10.93515163222,10.93515163222,10.93515163212,10.93515163212,10.93515163232,10.93515163233,10.93515163233,10.93515163232,10.93515163212,10.93515163242,10.93515163241,10.93515163241,10.93515163241,10.93515163242,10.93515163242,10.93515163192,10.93515163192
"t88",1.89140647575,1.89140647575,1.89140647575,1.20451601935,0.1012625287,0,2.48261656975,2.48261656975,2.48261656975,2.82360679445,4.02409787485,4.02409787485,4.02409787483,4.02409787493,4.02409787489,4.02409787489,4.02409787493,4.02409787485,4.02409787485,4.97155255975,4.97155255967,4.97155255967,4.97155255965,4.97155255965,4.9715525596,4.9715525596,4.97155255964,4.97155255965,4.97155255965,5.72895188167,5.72895188167,5.72895188125,5.72895188125,5.9253301169,5.9253301169,5.92533011616,5.92533011663,5.92533011663,5.92533011666,5.925330116601,5.925330116601,5.925330116701,5.925330116601,5.92533011666,5.92533011666,5.92533011666,5.92533011665,5.92533011665,5.9253301167,5.9253301166,5.9253301166,5.92533011666,5.92533011666,5.92533011666,5.92533011666,5.92533011658,5.92533011658,5.92533011656,5.92533011662,5.92533011657,5.92533011657,5.92533011702,5.92533011702,5.92533011622,5.9253301167,5.9253301167,5.92533011667,5.92533011667,5.92533011677,5.92533011674,5.92533011674,6.47061081812,6.47061081812,6.47061081812,6.47061081812,6.47061081818,6.47061081818,6.470610818181,6.470610818181,8.11932021462,8.11932021462,8.11932021522,10.93515163222,10.93515163222,10.93515163222,10.93515163212,10.93515163212,10.93515163232,10.93515163233,10.93515163233,10.93515163232,10.93515163212,10.93515163242,10.93515163241,10.93515163241,10.93515163241,10.93515163242,10.93515163242,10.93515163192,10.93515163192
"t29",2.4826165698,2.4826165698,2.4826165698,2.4826165698,2.48261656975,2.48261656975,0,0.8157358166,1.2547686422,2.8236067945,4.0240978749,4.0240978749,4.02409787488,4.02409787498,4.02409787494,4.02409787494,4.02409787498,4.0240978749,4.0240978749,4.9715525598,4.97155255972,4.97155255972,4.9715525597,4.9715525597,4.97155255965,4.97155255965,4.97155255969,4.9715525597,4.9715525597,5.72895188172,5.72895188172,5.7289518813,5.7289518813,5.92533011695,5.92533011695,5.92533011621,5.92533011668,5.92533011668,5.92533011671,5.925330116651,5.925330116651,5.925330116751,5.925330116651,5.92533011671,5.92533011671,5.92533011671,5.9253301167,5.9253301167,5.92533011675,5.92533011665,5.92533011665,5.92533011671,5.92533011671,5.92533011671,5.92533011671,5.92533011663,5.92533011663,5.92533011661,5.92533011667,5.92533011662,5.92533011662,5.92533011707,5.92533011707,5.92533011627,5.92533011675,5.92533011675,5.92533011672,5.92533011672,5.92533011682,5.92533011679,5.92533011679,6.47061081817,6.47061081817,6.47061081817,6.47061081817,6.47061081823,6.47061081823,6.470610818231,6.470610818231,8.11932021467,8.11932021467,8.11932021527,10.93515163227,10.93515163227,10.93515163227,10.93515163217,10.93515163217,10.93515163237,10.93515163238,10.93515163238,10.93515163237,10.93515163217,10.93515163247,10.93515163246,10.93515163246,10.93515163246,10.93515163247,10.93515163247,10.93515163197,10.93515163197
"t30",2.4826165698,2.4826165698,2.4826165698,2.4826165698,2.48261656975,2.48261656975,0.8157358166,0,1.2547686422,2.8236067945,4.0240978749,4.0240978749,4.02409787488,4.02409787498,4.02409787494,4.02409787494,4.02409787498,4.0240978749,4.0240978749,4.9715525598,4.97155255972,4.97155255972,4.9715525597,4.9715525597,4.97155255965,4.97155255965,4.97155255969,4.9715525597,4.9715525597,5.72895188172,5.72895188172,5.7289518813,5.7289518813,5.92533011695,5.92533011695,5.92533011621,5.92533011668,5.92533011668,5.92533011671,5.925330116651,5.925330116651,5.925330116751,5.925330116651,5.92533011671,5.92533011671,5.92533011671,5.9253301167,5.9253301167,5.92533011675,5.92533011665,5.92533011665,5.92533011671,5.92533011671,5.92533011671,5.92533011671,5.92533011663,5.92533011663,5.92533011661,5.92533011667,5.92533011662,5.92533011662,5.92533011707,5.92533011707,5.92533011627,5.92533011675,5.92533011675,5.92533011672,5.92533011672,5.92533011682,5.92533011679,5.92533011679,6.47061081817,6.47061081817,6.47061081817,6.47061081817,6.47061081823,6.47061081823,6.470610818231,6.470610818231,8.11932021467,8.11932021467,8.11932021527,10.93515163227,10.93515163227,10.93515163227,10.93515163217,10.93515163217,10.93515163237,10.93515163238,10.93515163238,10.93515163237,10.93515163217,10.93515163247,10.93515163246,10.93515163246,10.93515163246,10.93515163247,10.93515163247,10.93515163197,10.93515163197
"t13",2.4826165698,2.4826165698,2.4826165698,2.4826165698,2.48261656975,2.48261656975,1.2547686422,1.2547686422,0,2.8236067945,4.0240978749,4.0240978749,4.02409787488,4.02409787498,4.02409787494,4.02409787494,4.02409787498,4.0240978749,4.0240978749,4.9715525598,4.97155255972,4.97155255972,4.9715525597,4.9715525597,4.97155255965,4.97155255965,4.97155255969,4.9715525597,4.9715525597,5.72895188172,5.72895188172,5.7289518813,5.7289518813,5.92533011695,5.92533011695,5.92533011621,5.92533011668,5.92533011668,5.92533011671,5.925330116651,5.925330116651,5.925330116751,5.925330116651,5.92533011671,5.92533011671,5.92533011671,5.9253301167,5.9253301167,5.92533011675,5.92533011665,5.92533011665,5.92533011671,5.92533011671,5.92533011671,5.92533011671,5.92533011663,5.92533011663,5.92533011661,5.92533011667,5.92533011662,5.92533011662,5.92533011707,5.92533011707,5.92533011627,5.92533011675,5.92533011675,5.92533011672,5.92533011672,5.92533011682,5.92533011679,5.92533011679,6.47061081817,6.47061081817,6.47061081817,6.47061081817,6.47061081823,6.47061081823,6.470610818231,6.470610818231,8.11932021467,8.11932021467,8.11932021527,10.93515163227,10.93515163227,10.93515163227,10.93515163217,10.93515163217,10.93515163237,10.93515163238,10.93515163238,10.93515163237,10.93515163217,10.93515163247,10.93515163246,10.93515163246,10.93515163246,10.93515163247,10.93515163247,10.93515163197,10.93515163197
"t5",2.8236067945,2.8236067945,2.8236067945,2.8236067945,2.82360679445,2.82360679445,2.8236067945,2.8236067945,2.8236067945,0,4.0240978744,4.0240978744,4.02409787438,4.02409787448,4.02409787444,4.02409787444,4.02409787448,4.0240978744,4.0240978744,4.9715525593,4.97155255922,4.97155255922,4.9715525592,4.9715525592,4.97155255915,4.97155255915,4.97155255919,4.9715525592,4.9715525592,5.72895188122,5.72895188122,5.7289518808,5.7289518808,5.92533011645,5.92533011645,5.92533011571,5.92533011618,5.92533011618,5.92533011621,5.925330116151,5.925330116151,5.925330116251,5.925330116151,5.92533011621,5.92533011621,5.92533011621,5.9253301162,5.9253301162,5.92533011625,5.92533011615,5.92533011615,5.92533011621,5.92533011621,5.92533011621,5.92533011621,5.92533011613,5.92533011613,5.92533011611,5.92533011617,5.92533011612,5.92533011612,5.92533011657,5.92533011657,5.92533011577,5.92533011625,5.92533011625,5.92533011622,5.92533011622,5.92533011632,5.92533011629,5.92533011629,6.47061081767,6.47061081767,6.47061081767,6.47061081767,6.47061081773,6.47061081773,6.470610817731,6.470610817731,8.11932021417,8.11932021417,8.11932021477,10.93515163177,10.93515163177,10.93515163177,10.93515163167,10.93515163167,10.93515163187,10.93515163188,10.93515163188,10.93515163187,10.93515163167,10.93515163197,10.93515163196,10.93515163196,10.93515163196,10.93515163197,10.93515163197,10.93515163147,10.93515163147
"t43",4.0240978749,4.0240978749,4.0240978749,4.0240978749,4.02409787485,4.02409787485,4.0240978749,4.0240978749,4.0240978749,4.0240978744,0,0.6730242098,1.26164098478,1.26164098488,1.26164098484,1.26164098484,1.26164098488,1.9128024212,1.9128024212,4.9715525601,4.97155256002,4.97155256002,4.97155256,4.97155256,4.97155255995,4.97155255995,4.97155255999,4.97155256,4.97155256,5.72895188202,5.72895188202,5.7289518816,5.7289518816,5.92533011725,5.92533011725,5.92533011651,5.92533011698,5.92533011698,5.92533011701,5.925330116951,5.925330116951,5.925330117051,5.925330116951,5.92533011701,5.92533011701,5.92533011701,5.925330117,5.925330117,5.92533011705,5.92533011695,5.92533011695,5.92533011701,5.92533011701,5.92533011701,5.92533011701,5.92533011693,5.92533011693,5.92533011691,5.92533011697,5.92533011692,5.92533011692,5.92533011737,5.92533011737,5.92533011657,5.92533011705,5.92533011705,5.92533011702,5.92533011702,5.92533011712,5.92533011709,5.92533011709,6.47061081847,6.47061081847,6.47061081847,6.47061081847,6.47061081853,6.47061081853,6.470610818531,6.470610818531,8.11932021497,8.11932021497,8.11932021557,10.93515163257,10.93515163257,10.93515163257,10.93515163247,10.93515163247,10.93515163267,10.93515163268,10.93515163268,10.93515163267,10.93515163247,10.93515163277,10.93515163276,10.93515163276,10.93515163276,10.93515163277,10.93515163277,10.93515163227,10.93515163227
"t44",4.0240978749,4.0240978749,4.0240978749,4.0240978749,4.02409787485,4.02409787485,4.0240978749,4.0240978749,4.0240978749,4.0240978744,0.6730242098,0,1.26164098478,1.26164098488,1.26164098484,1.26164098484,1.26164098488,1.9128024212,1.9128024212,4.9715525601,4.97155256002,4.97155256002,4.97155256,4.97155256,4.97155255995,4.97155255995,4.97155255999,4.97155256,4.97155256,5.72895188202,5.72895188202,5.7289518816,5.7289518816,5.92533011725,5.92533011725,5.92533011651,5.92533011698,5.92533011698,5.92533011701,5.925330116951,5.925330116951,5.925330117051,5.925330116951,5.92533011701,5.92533011701,5.92533011701,5.925330117,5.925330117,5.92533011705,5.92533011695,5.92533011695,5.92533011701,5.92533011701,5.92533011701,5.92533011701,5.92533011693,5.92533011693,5.92533011691,5.92533011697,5.92533011692,5.92533011692,5.92533011737,5.92533011737,5.92533011657,5.92533011705,5.92533011705,5.92533011702,5.92533011702,5.92533011712,5.92533011709,5.92533011709,6.47061081847,6.47061081847,6.47061081847,6.47061081847,6.47061081853,6.47061081853,6.470610818531,6.470610818531,8.11932021497,8.11932021497,8.11932021557,10.93515163257,10.93515163257,10.93515163257,10.93515163247,10.93515163247,10.93515163267,10.93515163268,10.93515163268,10.93515163267,10.93515163247,10.93515163277,10.93515163276,10.93515163276,10.93515163276,10.93515163277,10.93515163277,10.93515163227,10.93515163227
"t16",4.02409787488,4.02409787488,4.02409787488,4.02409787488,4.02409787483,4.02409787483,4.02409787488,4.02409787488,4.02409787488,4.02409787438,1.26164098478,1.26164098478,0,1.0999705563,1.09997055626,1.09997055626,1.0999705563,1.91280242118,1.91280242118,4.97155256008,4.97155256,4.97155256,4.97155255998,4.97155255998,4.97155255993,4.97155255993,4.97155255997,4.97155255998,4.97155255998,5.728951882,5.728951882,5.72895188158,5.72895188158,5.92533011723,5.92533011723,5.92533011649,5.92533011696,5.92533011696,5.92533011699,5.925330116931,5.925330116931,5.925330117031,5.925330116931,5.92533011699,5.92533011699,5.92533011699,5.92533011698,5.92533011698,5.92533011703,5.92533011693,5.92533011693,5.92533011699,5.92533011699,5.92533011699,5.92533011699,5.92533011691,5.92533011691,5.92533011689,5.92533011695,5.9253301169,5.9253301169,5.92533011735,5.92533011735,5.92533011655,5.92533011703,5.92533011703,5.925330117,5.925330117,5.9253301171,5.92533011707,5.92533011707,6.47061081845,6.47061081845,6.47061081845,6.47061081845,6.47061081851,6.47061081851,6.470610818511,6.470610818511,8.11932021495,8.11932021495,8.11932021555,10.93515163255,10.93515163255,10.93515163255,10.93515163245,10.93515163245,10.93515163265,10.93515163266,10.93515163266,10.93515163265,10.93515163245,10.93515163275,10.93515163274,10.93515163274,10.93515163274,10.93515163275,10.93515163275,10.93515163225,10.93515163225
"t64",4.02409787498,4.02409787498,4.02409787498,4.02409787498,4.02409787493,4.02409787493,4.02409787498,4.02409787498,4.02409787498,4.02409787448,1.26164098488,1.26164098488,1.0999705563,0,0.31133030536,0.31133030536,0.6459203754,1.91280242128,1.91280242128,4.97155256018,4.9715525601,4.9715525601,4.97155256008,4.97155256008,4.97155256003,4.97155256003,4.97155256007,4.97155256008,4.97155256008,5.7289518821,5.7289518821,5.72895188168,5.72895188168,5.92533011733,5.92533011733,5.92533011659,5.92533011706,5.92533011706,5.92533011709,5.925330117031,5.925330117031,5.925330117131,5.925330117031,5.92533011709,5.92533011709,5.92533011709,5.92533011708,5.92533011708,5.92533011713,5.92533011703,5.92533011703,5.92533011709,5.92533011709,5.92533011709,5.92533011709,5.92533011701,5.92533011701,5.92533011699,5.92533011705,5.925330117,5.925330117,5.92533011745,5.92533011745,5.92533011665,5.92533011713,5.92533011713,5.9253301171,5.9253301171,5.9253301172,5.92533011717,5.92533011717,6.47061081855,6.47061081855,6.47061081855,6.47061081855,6.47061081861,6.47061081861,6.470610818611,6.470610818611,8.11932021505,8.11932021505,8.11932021565,10.93515163265,10.93515163265,10.93515163265,10.93515163255,10.93515163255,10.93515163275,10.93515163276,10.93515163276,10.93515163275,10.93515163255,10.93515163285,10.93515163284,10.93515163284,10.93515163284,10.93515163285,10.93515163285,10.93515163235,10.93515163235
"t85",4.02409787494,4.02409787494,4.02409787494,4.02409787494,4.02409787489,4.02409787489,4.02409787494,4.02409787494,4.02409787494,4.02409787444,1.26164098484,1.26164098484,1.09997055626,0.31133030536,0,0.10291194332,0.64592037536,1.91280242124,1.91280242124,4.97155256014,4.97155256006,4.97155256006,4.97155256004,4.97155256004,4.97155255999,4.97155255999,4.97155256003,4.97155256004,4.97155256004,5.72895188206,5.72895188206,5.72895188164,5.72895188164,5.92533011729,5.92533011729,5.92533011655,5.92533011702,5.92533011702,5.92533011705,5.925330116991,5.925330116991,5.925330117091,5.925330116991,5.92533011705,5.92533011705,5.92533011705,5.92533011704,5.92533011704,5.92533011709,5.92533011699,5.92533011699,5.92533011705,5.92533011705,5.92533011705,5.92533011705,5.92533011697,5.92533011697,5.92533011695,5.92533011701,5.92533011696,5.92533011696,5.92533011741,5.92533011741,5.92533011661,5.92533011709,5.92533011709,5.92533011706,5.92533011706,5.92533011716,5.92533011713,5.92533011713,6.47061081851,6.47061081851,6.47061081851,6.47061081851,6.47061081857,6.47061081857,6.470610818571,6.470610818571,8.11932021501,8.11932021501,8.11932021561,10.93515163261,10.93515163261,10.93515163261,10.93515163251,10.93515163251,10.93515163271,10.93515163272,10.93515163272,10.93515163271,10.93515163251,10.93515163281,10.9351516328,10.9351516328,10.9351516328,10.93515163281,10.93515163281,10.93515163231,10.93515163231
"t86",4.02409787494,4.02409787494,4.02409787494,4.02409787494,4.02409787489,4.02409787489,4.02409787494,4.02409787494,4.02409787494,4.02409787444,1.26164098484,1.26164098484,1.09997055626,0.31133030536,0.10291194332,0,0.64592037536,1.91280242124,1.91280242124,4.97155256014,4.97155256006,4.97155256006,4.97155256004,4.97155256004,4.97155255999,4.97155255999,4.97155256003,4.97155256004,4.97155256004,5.72895188206,5.72895188206,5.72895188164,5.72895188164,5.92533011729,5.92533011729,5.92533011655,5.92533011702,5.92533011702,5.92533011705,5.925330116991,5.925330116991,5.925330117091,5.925330116991,5.92533011705,5.92533011705,5.92533011705,5.92533011704,5.92533011704,5.92533011709,5.92533011699,5.92533011699,5.92533011705,5.92533011705,5.92533011705,5.92533011705,5.92533011697,5.92533011697,5.92533011695,5.92533011701,5.92533011696,5.92533011696,5.92533011741,5.92533011741,5.92533011661,5.92533011709,5.92533011709,5.92533011706,5.92533011706,5.92533011716,5.92533011713,5.92533011713,6.47061081851,6.47061081851,6.47061081851,6.47061081851,6.47061081857,6.47061081857,6.470610818571,6.470610818571,8.11932021501,8.11932021501,8.11932021561,10.93515163261,10.93515163261,10.93515163261,10.93515163251,10.93515163251,10.93515163271,10.93515163272,10.93515163272,10.93515163271,10.93515163251,10.93515163281,10.9351516328,10.9351516328,10.9351516328,10.93515163281,10.93515163281,10.93515163231,10.93515163231
"t47",4.02409787498,4.02409787498,4.02409787498,4.02409787498,4.02409787493,4.02409787493,4.02409787498,4.02409787498,4.02409787498,4.02409787448,1.26164098488,1.26164098488,1.0999705563,0.6459203754,0.64592037536,0.64592037536,0,1.91280242128,1.91280242128,4.97155256018,4.9715525601,4.9715525601,4.97155256008,4.97155256008,4.97155256003,4.97155256003,4.97155256007,4.97155256008,4.97155256008,5.7289518821,5.7289518821,5.72895188168,5.72895188168,5.92533011733,5.92533011733,5.92533011659,5.92533011706,5.92533011706,5.92533011709,5.925330117031,5.925330117031,5.925330117131,5.925330117031,5.92533011709,5.92533011709,5.92533011709,5.92533011708,5.92533011708,5.92533011713,5.92533011703,5.92533011703,5.92533011709,5.92533011709,5.92533011709,5.92533011709,5.92533011701,5.92533011701,5.92533011699,5.92533011705,5.925330117,5.925330117,5.92533011745,5.92533011745,5.92533011665,5.92533011713,5.92533011713,5.9253301171,5.9253301171,5.9253301172,5.92533011717,5.92533011717,6.47061081855,6.47061081855,6.47061081855,6.47061081855,6.47061081861,6.47061081861,6.470610818611,6.470610818611,8.11932021505,8.11932021505,8.11932021565,10.93515163265,10.93515163265,10.93515163265,10.93515163255,10.93515163255,10.93515163275,10.93515163276,10.93515163276,10.93515163275,10.93515163255,10.93515163285,10.93515163284,10.93515163284,10.93515163284,10.93515163285,10.93515163285,10.93515163235,10.93515163235
"t71",4.0240978749,4.0240978749,4.0240978749,4.0240978749,4.02409787485,4.02409787485,4.0240978749,4.0240978749,4.0240978749,4.0240978744,1.9128024212,1.9128024212,1.91280242118,1.91280242128,1.91280242124,1.91280242124,1.91280242128,0,0.2129183562,4.9715525601,4.97155256002,4.97155256002,4.97155256,4.97155256,4.97155255995,4.97155255995,4.97155255999,4.97155256,4.97155256,5.72895188202,5.72895188202,5.7289518816,5.7289518816,5.92533011725,5.92533011725,5.92533011651,5.92533011698,5.92533011698,5.92533011701,5.925330116951,5.925330116951,5.925330117051,5.925330116951,5.92533011701,5.92533011701,5.92533011701,5.925330117,5.925330117,5.92533011705,5.92533011695,5.92533011695,5.92533011701,5.92533011701,5.92533011701,5.92533011701,5.92533011693,5.92533011693,5.92533011691,5.92533011697,5.92533011692,5.92533011692,5.92533011737,5.92533011737,5.92533011657,5.92533011705,5.92533011705,5.92533011702,5.92533011702,5.92533011712,5.92533011709,5.92533011709,6.47061081847,6.47061081847,6.47061081847,6.47061081847,6.47061081853,6.47061081853,6.470610818531,6.470610818531,8.11932021497,8.11932021497,8.11932021557,10.93515163257,10.93515163257,10.93515163257,10.93515163247,10.93515163247,10.93515163267,10.93515163268,10.93515163268,10.93515163267,10.93515163247,10.93515163277,10.93515163276,10.93515163276,10.93515163276,10.93515163277,10.93515163277,10.93515163227,10.93515163227
"t72",4.0240978749,4.0240978749,4.0240978749,4.0240978749,4.02409787485,4.02409787485,4.0240978749,4.0240978749,4.0240978749,4.0240978744,1.9128024212,1.9128024212,1.91280242118,1.91280242128,1.91280242124,1.91280242124,1.91280242128,0.2129183562,0,4.9715525601,4.97155256002,4.97155256002,4.97155256,4.97155256,4.97155255995,4.97155255995,4.97155255999,4.97155256,4.97155256,5.72895188202,5.72895188202,5.7289518816,5.7289518816,5.92533011725,5.92533011725,5.92533011651,5.92533011698,5.92533011698,5.92533011701,5.925330116951,5.925330116951,5.925330117051,5.925330116951,5.92533011701,5.92533011701,5.92533011701,5.925330117,5.925330117,5.92533011705,5.92533011695,5.92533011695,5.92533011701,5.92533011701,5.92533011701,5.92533011701,5.92533011693,5.92533011693,5.92533011691,5.92533011697,5.92533011692,5.92533011692,5.92533011737,5.92533011737,5.92533011657,5.92533011705,5.92533011705,5.92533011702,5.92533011702,5.92533011712,5.92533011709,5.92533011709,6.47061081847,6.47061081847,6.47061081847,6.47061081847,6.47061081853,6.47061081853,6.470610818531,6.470610818531,8.11932021497,8.11932021497,8.11932021557,10.93515163257,10.93515163257,10.93515163257,10.93515163247,10.93515163247,10.93515163267,10.93515163268,10.93515163268,10.93515163267,10.93515163247,10.93515163277,10.93515163276,10.93515163276,10.93515163276,10.93515163277,10.93515163277,10.93515163227,10.93515163227
"t9",4.9715525598,4.9715525598,4.9715525598,4.9715525598,4.97155255975,4.97155255975,4.9715525598,4.9715525598,4.9715525598,4.9715525593,4.9715525601,4.9715525601,4.97155256008,4.97155256018,4.97155256014,4.97155256014,4.97155256018,4.9715525601,4.9715525601,0,2.04318093592,2.04318093592,2.9000400913,2.9000400913,2.90004009125,2.90004009125,2.90004009129,2.9000400913,2.9000400913,5.72895188132,5.72895188132,5.7289518809,5.7289518809,5.92533011655,5.92533011655,5.92533011581,5.92533011628,5.92533011628,5.92533011631,5.925330116251,5.925330116251,5.925330116351,5.925330116251,5.92533011631,5.92533011631,5.92533011631,5.9253301163,5.9253301163,5.92533011635,5.92533011625,5.92533011625,5.92533011631,5.92533011631,5.92533011631,5.92533011631,5.92533011623,5.92533011623,5.92533011621,5.92533011627,5.92533011622,5.92533011622,5.92533011667,5.92533011667,5.92533011587,5.92533011635,5.92533011635,5.92533011632,5.92533011632,5.92533011642,5.92533011639,5.92533011639,6.47061081777,6.47061081777,6.47061081777,6.47061081777,6.47061081783,6.47061081783,6.470610817831,6.470610817831,8.11932021427,8.11932021427,8.11932021487,10.93515163187,10.93515163187,10.93515163187,10.93515163177,10.93515163177,10.93515163197,10.93515163198,10.93515163198,10.93515163197,10.93515163177,10.93515163207,10.93515163206,10.93515163206,10.93515163206,10.93515163207,10.93515163207,10.93515163157,10.93515163157
"t91",4.97155255972,4.97155255972,4.97155255972,4.97155255972,4.97155255967,4.97155255967,4.97155255972,4.97155255972,4.97155255972,4.97155255922,4.97155256002,4.97155256002,4.97155256,4.9715525601,4.97155256006,4.97155256006,4.9715525601,4.97155256002,4.97155256002,2.04318093592,0,0.09708301904,2.90004009122,2.90004009122,2.90004009117,2.90004009117,2.90004009121,2.90004009122,2.90004009122,5.72895188124,5.72895188124,5.72895188082,5.72895188082,5.92533011647,5.92533011647,5.92533011573,5.9253301162,5.9253301162,5.92533011623,5.925330116171,5.925330116171,5.925330116271,5.925330116171,5.92533011623,5.92533011623,5.92533011623,5.92533011622,5.92533011622,5.92533011627,5.92533011617,5.92533011617,5.92533011623,5.92533011623,5.92533011623,5.92533011623,5.92533011615,5.92533011615,5.92533011613,5.92533011619,5.92533011614,5.92533011614,5.92533011659,5.92533011659,5.92533011579,5.92533011627,5.92533011627,5.92533011624,5.92533011624,5.92533011634,5.92533011631,5.92533011631,6.47061081769,6.47061081769,6.47061081769,6.47061081769,6.47061081775,6.47061081775,6.470610817751,6.470610817751,8.11932021419,8.11932021419,8.11932021479,10.93515163179,10.93515163179,10.93515163179,10.93515163169,10.93515163169,10.93515163189,10.9351516319,10.9351516319,10.93515163189,10.93515163169,10.93515163199,10.93515163198,10.93515163198,10.93515163198,10.93515163199,10.93515163199,10.93515163149,10.93515163149
"t92",4.97155255972,4.97155255972,4.97155255972,4.97155255972,4.97155255967,4.97155255967,4.97155255972,4.97155255972,4.97155255972,4.97155255922,4.97155256002,4.97155256002,4.97155256,4.9715525601,4.97155256006,4.97155256006,4.9715525601,4.97155256002,4.97155256002,2.04318093592,0.09708301904,0,2.90004009122,2.90004009122,2.90004009117,2.90004009117,2.90004009121,2.90004009122,2.90004009122,5.72895188124,5.72895188124,5.72895188082,5.72895188082,5.92533011647,5.92533011647,5.92533011573,5.9253301162,5.9253301162,5.92533011623,5.925330116171,5.925330116171,5.925330116271,5.925330116171,5.92533011623,5.92533011623,5.92533011623,5.92533011622,5.92533011622,5.92533011627,5.92533011617,5.92533011617,5.92533011623,5.92533011623,5.92533011623,5.92533011623,5.92533011615,5.92533011615,5.92533011613,5.92533011619,5.92533011614,5.92533011614,5.92533011659,5.92533011659,5.92533011579,5.92533011627,5.92533011627,5.92533011624,5.92533011624,5.92533011634,5.92533011631,5.92533011631,6.47061081769,6.47061081769,6.47061081769,6.47061081769,6.47061081775,6.47061081775,6.470610817751,6.470610817751,8.11932021419,8.11932021419,8.11932021479,10.93515163179,10.93515163179,10.93515163179,10.93515163169,10.93515163169,10.93515163189,10.9351516319,10.9351516319,10.93515163189,10.93515163169,10.93515163199,10.93515163198,10.93515163198,10.93515163198,10.93515163199,10.93515163199,10.93515163149,10.93515163149
"t67",4.9715525597,4.9715525597,4.9715525597,4.9715525597,4.97155255965,4.97155255965,4.9715525597,4.9715525597,4.9715525597,4.9715525592,4.97155256,4.97155256,4.97155255998,4.97155256008,4.97155256004,4.97155256004,4.97155256008,4.97155256,4.97155256,2.9000400913,2.90004009122,2.90004009122,0,0.253001426,1.44994316655,1.44994316655,1.44994316659,1.4499431666,1.4499431666,5.72895188122,5.72895188122,5.7289518808,5.7289518808,5.92533011645,5.92533011645,5.92533011571,5.92533011618,5.92533011618,5.92533011621,5.925330116151,5.925330116151,5.925330116251,5.925330116151,5.92533011621,5.92533011621,5.92533011621,5.9253301162,5.9253301162,5.92533011625,5.92533011615,5.92533011615,5.92533011621,5.92533011621,5.92533011621,5.92533011621,5.92533011613,5.92533011613,5.92533011611,5.92533011617,5.92533011612,5.92533011612,5.92533011657,5.92533011657,5.92533011577,5.92533011625,5.92533011625,5.92533011622,5.92533011622,5.92533011632,5.92533011629,5.92533011629,6.47061081767,6.47061081767,6.47061081767,6.47061081767,6.47061081773,6.47061081773,6.470610817731,6.470610817731,8.11932021417,8.11932021417,8.11932021477,10.93515163177,10.93515163177,10.93515163177,10.93515163167,10.93515163167,10.93515163187,10.93515163188,10.93515163188,10.93515163187,10.93515163167,10.93515163197,10.93515163196,10.93515163196,10.93515163196,10.93515163197,10.93515163197,10.93515163147,10.93515163147
"t68",4.9715525597,4.9715525597,4.9715525597,4.9715525597,4.97155255965,4.97155255965,4.9715525597,4.9715525597,4.9715525597,4.9715525592,4.97155256,4.97155256,4.97155255998,4.97155256008,4.97155256004,4.97155256004,4.97155256008,4.97155256,4.97155256,2.9000400913,2.90004009122,2.90004009122,0.253001426,0,1.44994316655,1.44994316655,1.44994316659,1.4499431666,1.4499431666,5.72895188122,5.72895188122,5.7289518808,5.7289518808,5.92533011645,5.92533011645,5.92533011571,5.92533011618,5.92533011618,5.92533011621,5.925330116151,5.925330116151,5.925330116251,5.925330116151,5.92533011621,5.92533011621,5.92533011621,5.9253301162,5.9253301162,5.92533011625,5.92533011615,5.92533011615,5.92533011621,5.92533011621,5.92533011621,5.92533011621,5.92533011613,5.92533011613,5.92533011611,5.92533011617,5.92533011612,5.92533011612,5.92533011657,5.92533011657,5.92533011577,5.92533011625,5.92533011625,5.92533011622,5.92533011622,5.92533011632,5.92533011629,5.92533011629,6.47061081767,6.47061081767,6.47061081767,6.47061081767,6.47061081773,6.47061081773,6.470610817731,6.470610817731,8.11932021417,8.11932021417,8.11932021477,10.93515163177,10.93515163177,10.93515163177,10.93515163167,10.93515163167,10.93515163187,10.93515163188,10.93515163188,10.93515163187,10.93515163167,10.93515163197,10.93515163196,10.93515163196,10.93515163196,10.93515163197,10.93515163197,10.93515163147,10.93515163147
"t61",4.97155255965,4.97155255965,4.97155255965,4.97155255965,4.9715525596,4.9715525596,4.97155255965,4.97155255965,4.97155255965,4.97155255915,4.97155255995,4.97155255995,4.97155255993,4.97155256003,4.97155255999,4.97155255999,4.97155256003,4.97155255995,4.97155255995,2.90004009125,2.90004009117,2.90004009117,1.44994316655,1.44994316655,0,0.3449699462,0.41548494816,0.56268714615,0.56268714615,5.72895188117,5.72895188117,5.72895188075,5.72895188075,5.9253301164,5.9253301164,5.92533011566,5.92533011613,5.92533011613,5.92533011616,5.925330116101,5.925330116101,5.925330116201,5.925330116101,5.92533011616,5.92533011616,5.92533011616,5.92533011615,5.92533011615,5.9253301162,5.9253301161,5.9253301161,5.92533011616,5.92533011616,5.92533011616,5.92533011616,5.92533011608,5.92533011608,5.92533011606,5.92533011612,5.92533011607,5.92533011607,5.92533011652,5.92533011652,5.92533011572,5.9253301162,5.9253301162,5.92533011617,5.92533011617,5.92533011627,5.92533011624,5.92533011624,6.47061081762,6.47061081762,6.47061081762,6.47061081762,6.47061081768,6.47061081768,6.470610817681,6.470610817681,8.11932021412,8.11932021412,8.11932021472,10.93515163172,10.93515163172,10.93515163172,10.93515163162,10.93515163162,10.93515163182,10.93515163183,10.93515163183,10.93515163182,10.93515163162,10.93515163192,10.93515163191,10.93515163191,10.93515163191,10.93515163192,10.93515163192,10.93515163142,10.93515163142
"t62",4.97155255965,4.97155255965,4.97155255965,4.97155255965,4.9715525596,4.9715525596,4.97155255965,4.97155255965,4.97155255965,4.97155255915,4.97155255995,4.97155255995,4.97155255993,4.97155256003,4.97155255999,4.97155255999,4.97155256003,4.97155255995,4.97155255995,2.90004009125,2.90004009117,2.90004009117,1.44994316655,1.44994316655,0.3449699462,0,0.41548494816,0.56268714615,0.56268714615,5.72895188117,5.72895188117,5.72895188075,5.72895188075,5.9253301164,5.9253301164,5.92533011566,5.92533011613,5.92533011613,5.92533011616,5.925330116101,5.925330116101,5.925330116201,5.925330116101,5.92533011616,5.92533011616,5.92533011616,5.92533011615,5.92533011615,5.9253301162,5.9253301161,5.9253301161,5.92533011616,5.92533011616,5.92533011616,5.92533011616,5.92533011608,5.92533011608,5.92533011606,5.92533011612,5.92533011607,5.92533011607,5.92533011652,5.92533011652,5.92533011572,5.9253301162,5.9253301162,5.92533011617,5.92533011617,5.92533011627,5.92533011624,5.92533011624,6.47061081762,6.47061081762,6.47061081762,6.47061081762,6.47061081768,6.47061081768,6.470610817681,6.470610817681,8.11932021412,8.11932021412,8.11932021472,10.93515163172,10.93515163172,10.93515163172,10.93515163162,10.93515163162,10.93515163182,10.93515163183,10.93515163183,10.93515163182,10.93515163162,10.93515163192,10.93515163191,10.93515163191,10.93515163191,10.93515163192,10.93515163192,10.93515163142,10.93515163142
"t55",4.97155255969,4.97155255969,4.97155255969,4.97155255969,4.97155255964,4.97155255964,4.97155255969,4.97155255969,4.97155255969,4.97155255919,4.97155255999,4.97155255999,4.97155255997,4.97155256007,4.97155256003,4.97155256003,4.97155256007,4.97155255999,4.97155255999,2.90004009129,2.90004009121,2.90004009121,1.44994316659,1.44994316659,0.41548494816,0.41548494816,0,0.56268714619,0.56268714619,5.72895188121,5.72895188121,5.72895188079,5.72895188079,5.92533011644,5.92533011644,5.9253301157,5.92533011617,5.92533011617,5.9253301162,5.925330116141,5.925330116141,5.925330116241,5.925330116141,5.9253301162,5.9253301162,5.9253301162,5.92533011619,5.92533011619,5.92533011624,5.92533011614,5.92533011614,5.9253301162,5.9253301162,5.9253301162,5.9253301162,5.92533011612,5.92533011612,5.9253301161,5.92533011616,5.92533011611,5.92533011611,5.92533011656,5.92533011656,5.92533011576,5.92533011624,5.92533011624,5.92533011621,5.92533011621,5.92533011631,5.92533011628,5.92533011628,6.47061081766,6.47061081766,6.47061081766,6.47061081766,6.47061081772,6.47061081772,6.470610817721,6.470610817721,8.11932021416,8.11932021416,8.11932021476,10.93515163176,10.93515163176,10.93515163176,10.93515163166,10.93515163166,10.93515163186,10.93515163187,10.93515163187,10.93515163186,10.93515163166,10.93515163196,10.93515163195,10.93515163195,10.93515163195,10.93515163196,10.93515163196,10.93515163146,10.93515163146
"t69",4.9715525597,4.9715525597,4.9715525597,4.9715525597,4.97155255965,4.97155255965,4.9715525597,4.9715525597,4.9715525597,4.9715525592,4.97155256,4.97155256,4.97155255998,4.97155256008,4.97155256004,4.97155256004,4.97155256008,4.97155256,4.97155256,2.9000400913,2.90004009122,2.90004009122,1.4499431666,1.4499431666,0.56268714615,0.56268714615,0.56268714619,0,0.252151092,5.72895188122,5.72895188122,5.7289518808,5.7289518808,5.92533011645,5.92533011645,5.92533011571,5.92533011618,5.92533011618,5.92533011621,5.925330116151,5.925330116151,5.925330116251,5.925330116151,5.92533011621,5.92533011621,5.92533011621,5.9253301162,5.9253301162,5.92533011625,5.92533011615,5.92533011615,5.92533011621,5.92533011621,5.92533011621,5.92533011621,5.92533011613,5.92533011613,5.92533011611,5.92533011617,5.92533011612,5.92533011612,5.92533011657,5.92533011657,5.92533011577,5.92533011625,5.92533011625,5.92533011622,5.92533011622,5.92533011632,5.92533011629,5.92533011629,6.47061081767,6.47061081767,6.47061081767,6.47061081767,6.47061081773,6.47061081773,6.470610817731,6.470610817731,8.11932021417,8.11932021417,8.11932021477,10.93515163177,10.93515163177,10.93515163177,10.93515163167,10.93515163167,10.93515163187,10.93515163188,10.93515163188,10.93515163187,10.93515163167,10.93515163197,10.93515163196,10.93515163196,10.93515163196,10.93515163197,10.93515163197,10.93515163147,10.93515163147
