"","t4","t9","t10","t76","t77","t36","t11","t12","t93","t94","t89","t90","t71","t72","t2","t80","t81","t65","t66","t28","t67","t68","t49","t47","t29","t73","t74","t41","t32","t33","t46","t64","t69","t70","t19","t37","t38","t24","t83","t84","t56","t25","t1","t39","t40","t51","t52","t3","t16","t75","t78","t79","t57","t54","t44","t45","t97","t98","t42","t43","t26","t53","t60","t61","t18","t17","t22","t23","t8","t91","t92","t85","t86","t50","t95","t96","t34","t35","t5","t55","t62","t63","t13","t30","t31","t27","t6","t14","t15","t20","t21","t87","t88","t82","t99","t100","t7","t58","t59","t48"
"t4",0,3.3690843023,3.3690843023,3.51974686253,3.51974686253,3.51974686253,7.51710218333,7.51710218333,7.51710218267,7.51710218267,7.5171021831,7.5171021831,7.51710218303,7.51710218303,8.08071263043,8.08071263077,8.08071263077,8.08071263077,8.08071263077,8.08071263073,8.08071263064,8.08071263064,8.08071263064,8.08071263063,8.08071263073,8.08071263063,8.08071263063,8.08071263063,8.08071263073,8.08071263073,8.08071263075,8.08071263075,8.08071263082,8.08071263082,8.08071263075,8.08071263071,8.08071263071,8.08071263074,8.080712630775,8.080712630775,8.080712630775,8.080712630775,8.08071263002,8.08071263062,8.08071263062,8.08071263052,8.08071263052,8.08071263012,8.08071263012,8.0807126302675,8.0807126302785,8.0807126302785,8.0807126302475,8.0807126302875,8.0807126302875,8.0807126302875,8.08071263032,8.08071263032,8.42143207947,8.42143207947,8.42143207947,8.42143207947,8.42143207952,8.42143207952,8.42143207957,8.42143207976,8.42143207956,8.42143207956,8.42143207916,8.42143207922,8.42143207922,8.42143207963,8.42143207963,8.42143207953,8.42143207911,8.42143207911,8.42143207963,8.42143207963,8.42143207931,8.42143207941,8.42143207943,8.42143207943,8.42143207911,8.42143207949,8.42143207949,8.42143207941,8.42143207993,8.42143207933,8.42143207933,8.42143207953,8.42143207953,8.42143207948,8.42143207948,8.42143207953,8.4214320795,8.4214320795,8.42143207973,8.42143207953,8.42143207953,8.42143207963
"t9",3.3690843023,0,2.650106004,3.51974686283,3.51974686283,3.51974686283,7.51710218363,7.51710218363,7.51710218297,7.51710218297,7.5171021834,7.5171021834,7.51710218333,7.51710218333,8.08071263073,8.08071263107,8.08071263107,8.08071263107,8.08071263107,8.08071263103,8.08071263094,8.08071263094,8.08071263094,8.08071263093,8.08071263103,8.08071263093,8.08071263093,8.08071263093,8.08071263103,8.08071263103,8.08071263105,8.08071263105,8.08071263112,8.08071263112,8.08071263105,8.08071263101,8.08071263101,8.08071263104,8.080712631075,8.080712631075,8.080712631075,8.080712631075,8.08071263032,8.08071263092,8.08071263092,8.08071263082,8.08071263082,8.08071263042,8.08071263042,8.0807126305675,8.0807126305785,8.0807126305785,8.0807126305475,8.0807126305875,8.0807126305875,8.0807126305875,8.08071263062,8.08071263062,8.42143207977,8.42143207977,8.42143207977,8.42143207977,8.42143207982,8.42143207982,8.42143207987,8.42143208006,8.42143207986,8.42143207986,8.42143207946,8.42143207952,8.42143207952,8.42143207993,8.42143207993,8.42143207983,8.42143207941,8.42143207941,8.42143207993,8.42143207993,8.42143207961,8.42143207971,8.42143207973,8.42143207973,8.42143207941,8.42143207979,8.42143207979,8.42143207971,8.42143208023,8.42143207963,8.42143207963,8.42143207983,8.42143207983,8.42143207978,8.42143207978,8.42143207983,8.4214320798,8.4214320798,8.42143208003,8.42143207983,8.42143207983,8.42143207993
"t10",3.3690843023,2.650106004,0,3.51974686283,3.51974686283,3.51974686283,7.51710218363,7.51710218363,7.51710218297,7.51710218297,7.5171021834,7.5171021834,7.51710218333,7.51710218333,8.08071263073,8.08071263107,8.08071263107,8.08071263107,8.08071263107,8.08071263103,8.08071263094,8.08071263094,8.08071263094,8.08071263093,8.08071263103,8.08071263093,8.08071263093,8.08071263093,8.08071263103,8.08071263103,8.08071263105,8.08071263105,8.08071263112,8.08071263112,8.08071263105,8.08071263101,8.08071263101,8.08071263104,8.080712631075,8.080712631075,8.080712631075,8.080712631075,8.08071263032,8.08071263092,8.08071263092,8.08071263082,8.08071263082,8.08071263042,8.08071263042,8.0807126305675,8.0807126305785,8.0807126305785,8.0807126305475,8.0807126305875,8.0807126305875,8.0807126305875,8.08071263062,8.08071263062,8.42143207977,8.42143207977,8.42143207977,8.42143207977,8.42143207982,8.42143207982,8.42143207987,8.42143208006,8.42143207986,8.42143207986,8.42143207946,8.42143207952,8.42143207952,8.42143207993,8.42143207993,8.42143207983,8.42143207941,8.42143207941,8.42143207993,8.42143207993,8.42143207961,8.42143207971,8.42143207973,8.42143207973,8.42143207941,8.42143207979,8.42143207979,8.42143207971,8.42143208023,8.42143207963,8.42143207963,8.42143207983,8.42143207983,8.42143207978,8.42143207978,8.42143207983,8.4214320798,8.4214320798,8.42143208003,8.42143207983,8.42143207983,8.42143207993
"t76",3.51974686253,3.51974686283,3.51974686283,0,0.4986830942,1.3415597464,7.5171021832,7.5171021832,7.51710218254,7.51710218254,7.51710218297,7.51710218297,7.5171021829,7.5171021829,8.0807126303,8.08071263064,8.08071263064,8.08071263064,8.08071263064,8.0807126306,8.08071263051,8.08071263051,8.08071263051,8.0807126305,8.0807126306,8.0807126305,8.0807126305,8.0807126305,8.0807126306,8.0807126306,8.08071263062,8.08071263062,8.08071263069,8.08071263069,8.08071263062,8.08071263058,8.08071263058,8.08071263061,8.080712630645,8.080712630645,8.080712630645,8.080712630645,8.08071262989,8.08071263049,8.08071263049,8.08071263039,8.08071263039,8.08071262999,8.08071262999,8.0807126301375,8.0807126301485,8.0807126301485,8.0807126301175,8.0807126301575,8.0807126301575,8.0807126301575,8.08071263019,8.08071263019,8.42143207934,8.42143207934,8.42143207934,8.42143207934,8.42143207939,8.42143207939,8.42143207944,8.42143207963,8.42143207943,8.42143207943,8.42143207903,8.42143207909,8.42143207909,8.4214320795,8.4214320795,8.4214320794,8.42143207898,8.42143207898,8.4214320795,8.4214320795,8.42143207918,8.42143207928,8.4214320793,8.4214320793,8.42143207898,8.42143207936,8.42143207936,8.42143207928,8.4214320798,8.4214320792,8.4214320792,8.4214320794,8.4214320794,8.42143207935,8.42143207935,8.4214320794,8.42143207937,8.42143207937,8.4214320796,8.4214320794,8.4214320794,8.4214320795
"t77",3.51974686253,3.51974686283,3.51974686283,0.4986830942,0,1.3415597464,7.5171021832,7.5171021832,7.51710218254,7.51710218254,7.51710218297,7.51710218297,7.5171021829,7.5171021829,8.0807126303,8.08071263064,8.08071263064,8.08071263064,8.08071263064,8.0807126306,8.08071263051,8.08071263051,8.08071263051,8.0807126305,8.0807126306,8.0807126305,8.0807126305,8.0807126305,8.0807126306,8.0807126306,8.08071263062,8.08071263062,8.08071263069,8.08071263069,8.08071263062,8.08071263058,8.08071263058,8.08071263061,8.080712630645,8.080712630645,8.080712630645,8.080712630645,8.08071262989,8.08071263049,8.08071263049,8.08071263039,8.08071263039,8.08071262999,8.08071262999,8.0807126301375,8.0807126301485,8.0807126301485,8.0807126301175,8.0807126301575,8.0807126301575,8.0807126301575,8.08071263019,8.08071263019,8.42143207934,8.42143207934,8.42143207934,8.42143207934,8.42143207939,8.42143207939,8.42143207944,8.42143207963,8.42143207943,8.42143207943,8.42143207903,8.42143207909,8.42143207909,8.4214320795,8.4214320795,8.4214320794,8.42143207898,8.42143207898,8.4214320795,8.4214320795,8.42143207918,8.42143207928,8.4214320793,8.4214320793,8.42143207898,8.42143207936,8.42143207936,8.42143207928,8.4214320798,8.4214320792,8.4214320792,8.4214320794,8.4214320794,8.42143207935,8.42143207935,8.4214320794,8.42143207937,8.42143207937,8.4214320796,8.4214320794,8.4214320794,8.4214320795
"t36",3.51974686253,3.51974686283,3.51974686283,1.3415597464,1.3415597464,0,7.5171021832,7.5171021832,7.51710218254,7.51710218254,7.51710218297,7.51710218297,7.5171021829,7.5171021829,8.0807126303,8.08071263064,8.08071263064,8.08071263064,8.08071263064,8.0807126306,8.08071263051,8.08071263051,8.08071263051,8.0807126305,8.0807126306,8.0807126305,8.0807126305,8.0807126305,8.0807126306,8.0807126306,8.08071263062,8.08071263062,8.08071263069,8.08071263069,8.08071263062,8.08071263058,8.08071263058,8.08071263061,8.080712630645,8.080712630645,8.080712630645,8.080712630645,8.08071262989,8.08071263049,8.08071263049,8.08071263039,8.08071263039,8.08071262999,8.08071262999,8.0807126301375,8.0807126301485,8.0807126301485,8.0807126301175,8.0807126301575,8.0807126301575,8.0807126301575,8.08071263019,8.08071263019,8.42143207934,8.42143207934,8.42143207934,8.42143207934,8.42143207939,8.42143207939,8.42143207944,8.42143207963,8.42143207943,8.42143207943,8.42143207903,8.42143207909,8.42143207909,8.4214320795,8.4214320795,8.4214320794,8.42143207898,8.42143207898,8.4214320795,8.4214320795,8.42143207918,8.42143207928,8.4214320793,8.4214320793,8.42143207898,8.42143207936,8.42143207936,8.42143207928,8.4214320798,8.4214320792,8.4214320792,8.4214320794,8.4214320794,8.42143207935,8.42143207935,8.4214320794,8.42143207937,8.42143207937,8.4214320796,8.4214320794,8.4214320794,8.4214320795
"t11",7.51710218333,7.51710218363,7.51710218363,7.5171021832,7.5171021832,7.5171021832,0,2.125400644,4.52992790334,4.52992790334,4.52992790377,4.52992790377,4.5299279037,4.5299279037,8.0807126311,8.08071263144,8.08071263144,8.08071263144,8.08071263144,8.0807126314,8.08071263131,8.08071263131,8.08071263131,8.0807126313,8.0807126314,8.0807126313,8.0807126313,8.0807126313,8.0807126314,8.0807126314,8.08071263142,8.08071263142,8.08071263149,8.08071263149,8.08071263142,8.08071263138,8.08071263138,8.08071263141,8.080712631445,8.080712631445,8.080712631445,8.080712631445,8.08071263069,8.08071263129,8.08071263129,8.08071263119,8.08071263119,8.08071263079,8.08071263079,8.0807126309375,8.0807126309485,8.0807126309485,8.0807126309175,8.0807126309575,8.0807126309575,8.0807126309575,8.08071263099,8.08071263099,8.42143208014,8.42143208014,8.42143208014,8.42143208014,8.42143208019,8.42143208019,8.42143208024,8.42143208043,8.42143208023,8.42143208023,8.42143207983,8.42143207989,8.42143207989,8.4214320803,8.4214320803,8.4214320802,8.42143207978,8.42143207978,8.4214320803,8.4214320803,8.42143207998,8.42143208008,8.4214320801,8.4214320801,8.42143207978,8.42143208016,8.42143208016,8.42143208008,8.4214320806,8.42143208,8.42143208,8.4214320802,8.4214320802,8.42143208015,8.42143208015,8.4214320802,8.42143208017,8.42143208017,8.4214320804,8.4214320802,8.4214320802,8.4214320803
"t12",7.51710218333,7.51710218363,7.51710218363,7.5171021832,7.5171021832,7.5171021832,2.125400644,0,4.52992790334,4.52992790334,4.52992790377,4.52992790377,4.5299279037,4.5299279037,8.0807126311,8.08071263144,8.08071263144,8.08071263144,8.08071263144,8.0807126314,8.08071263131,8.08071263131,8.08071263131,8.0807126313,8.0807126314,8.0807126313,8.0807126313,8.0807126313,8.0807126314,8.0807126314,8.08071263142,8.08071263142,8.08071263149,8.08071263149,8.08071263142,8.08071263138,8.08071263138,8.08071263141,8.080712631445,8.080712631445,8.080712631445,8.080712631445,8.08071263069,8.08071263129,8.08071263129,8.08071263119,8.08071263119,8.08071263079,8.08071263079,8.0807126309375,8.0807126309485,8.0807126309485,8.0807126309175,8.0807126309575,8.0807126309575,8.0807126309575,8.08071263099,8.08071263099,8.42143208014,8.42143208014,8.42143208014,8.42143208014,8.42143208019,8.42143208019,8.42143208024,8.42143208043,8.42143208023,8.42143208023,8.42143207983,8.42143207989,8.42143207989,8.4214320803,8.4214320803,8.4214320802,8.42143207978,8.42143207978,8.4214320803,8.4214320803,8.42143207998,8.42143208008,8.4214320801,8.4214320801,8.42143207978,8.42143208016,8.42143208016,8.42143208008,8.4214320806,8.42143208,8.42143208,8.4214320802,8.4214320802,8.42143208015,8.42143208015,8.4214320802,8.42143208017,8.42143208017,8.4214320804,8.4214320802,8.4214320802,8.4214320803
"t93",7.51710218267,7.51710218297,7.51710218297,7.51710218254,7.51710218254,7.51710218254,4.52992790334,4.52992790334,0,0.15999090068,2.28148328911,2.28148328911,2.28148328904,2.28148328904,8.08071263044,8.08071263078,8.08071263078,8.08071263078,8.08071263078,8.08071263074,8.08071263065,8.08071263065,8.08071263065,8.08071263064,8.08071263074,8.08071263064,8.08071263064,8.08071263064,8.08071263074,8.08071263074,8.08071263076,8.08071263076,8.08071263083,8.08071263083,8.08071263076,8.08071263072,8.08071263072,8.08071263075,8.080712630785,8.080712630785,8.080712630785,8.080712630785,8.08071263003,8.08071263063,8.08071263063,8.08071263053,8.08071263053,8.08071263013,8.08071263013,8.0807126302775,8.0807126302885,8.0807126302885,8.0807126302575,8.0807126302975,8.0807126302975,8.0807126302975,8.08071263033,8.08071263033,8.42143207948,8.42143207948,8.42143207948,8.42143207948,8.42143207953,8.42143207953,8.42143207958,8.42143207977,8.42143207957,8.42143207957,8.42143207917,8.42143207923,8.42143207923,8.42143207964,8.42143207964,8.42143207954,8.42143207912,8.42143207912,8.42143207964,8.42143207964,8.42143207932,8.42143207942,8.42143207944,8.42143207944,8.42143207912,8.4214320795,8.4214320795,8.42143207942,8.42143207994,8.42143207934,8.42143207934,8.42143207954,8.42143207954,8.42143207949,8.42143207949,8.42143207954,8.42143207951,8.42143207951,8.42143207974,8.42143207954,8.42143207954,8.42143207964
"t94",7.51710218267,7.51710218297,7.51710218297,7.51710218254,7.51710218254,7.51710218254,4.52992790334,4.52992790334,0.15999090068,0,2.28148328911,2.28148328911,2.28148328904,2.28148328904,8.08071263044,8.08071263078,8.08071263078,8.08071263078,8.08071263078,8.08071263074,8.08071263065,8.08071263065,8.08071263065,8.08071263064,8.08071263074,8.08071263064,8.08071263064,8.08071263064,8.08071263074,8.08071263074,8.08071263076,8.08071263076,8.08071263083,8.08071263083,8.08071263076,8.08071263072,8.08071263072,8.08071263075,8.080712630785,8.080712630785,8.080712630785,8.080712630785,8.08071263003,8.08071263063,8.08071263063,8.08071263053,8.08071263053,8.08071263013,8.08071263013,8.0807126302775,8.0807126302885,8.0807126302885,8.0807126302575,8.0807126302975,8.0807126302975,8.0807126302975,8.08071263033,8.08071263033,8.42143207948,8.42143207948,8.42143207948,8.42143207948,8.42143207953,8.42143207953,8.42143207958,8.42143207977,8.42143207957,8.42143207957,8.42143207917,8.42143207923,8.42143207923,8.42143207964,8.42143207964,8.42143207954,8.42143207912,8.42143207912,8.42143207964,8.42143207964,8.42143207932,8.42143207942,8.42143207944,8.42143207944,8.42143207912,8.4214320795,8.4214320795,8.42143207942,8.42143207994,8.42143207934,8.42143207934,8.42143207954,8.42143207954,8.42143207949,8.42143207949,8.42143207954,8.42143207951,8.42143207951,8.42143207974,8.42143207954,8.42143207954,8.42143207964
"t89",7.5171021831,7.5171021834,7.5171021834,7.51710218297,7.51710218297,7.51710218297,4.52992790377,4.52992790377,2.28148328911,2.28148328911,0,0.18791198334,1.01553478767,1.01553478767,8.08071263087,8.08071263121,8.08071263121,8.08071263121,8.08071263121,8.08071263117,8.08071263108,8.08071263108,8.08071263108,8.08071263107,8.08071263117,8.08071263107,8.08071263107,8.08071263107,8.08071263117,8.08071263117,8.08071263119,8.08071263119,8.08071263126,8.08071263126,8.08071263119,8.08071263115,8.08071263115,8.08071263118,8.080712631215,8.080712631215,8.080712631215,8.080712631215,8.08071263046,8.08071263106,8.08071263106,8.08071263096,8.08071263096,8.08071263056,8.08071263056,8.0807126307075,8.0807126307185,8.0807126307185,8.0807126306875,8.0807126307275,8.0807126307275,8.0807126307275,8.08071263076,8.08071263076,8.42143207991,8.42143207991,8.42143207991,8.42143207991,8.42143207996,8.42143207996,8.42143208001,8.4214320802,8.42143208,8.42143208,8.4214320796,8.42143207966,8.42143207966,8.42143208007,8.42143208007,8.42143207997,8.42143207955,8.42143207955,8.42143208007,8.42143208007,8.42143207975,8.42143207985,8.42143207987,8.42143207987,8.42143207955,8.42143207993,8.42143207993,8.42143207985,8.42143208037,8.42143207977,8.42143207977,8.42143207997,8.42143207997,8.42143207992,8.42143207992,8.42143207997,8.42143207994,8.42143207994,8.42143208017,8.42143207997,8.42143207997,8.42143208007
"t90",7.5171021831,7.5171021834,7.5171021834,7.51710218297,7.51710218297,7.51710218297,4.52992790377,4.52992790377,2.28148328911,2.28148328911,0.18791198334,0,1.01553478767,1.01553478767,8.08071263087,8.08071263121,8.08071263121,8.08071263121,8.08071263121,8.08071263117,8.08071263108,8.08071263108,8.08071263108,8.08071263107,8.08071263117,8.08071263107,8.08071263107,8.08071263107,8.08071263117,8.08071263117,8.08071263119,8.08071263119,8.08071263126,8.08071263126,8.08071263119,8.08071263115,8.08071263115,8.08071263118,8.080712631215,8.080712631215,8.080712631215,8.080712631215,8.08071263046,8.08071263106,8.08071263106,8.08071263096,8.08071263096,8.08071263056,8.08071263056,8.0807126307075,8.0807126307185,8.0807126307185,8.0807126306875,8.0807126307275,8.0807126307275,8.0807126307275,8.08071263076,8.08071263076,8.42143207991,8.42143207991,8.42143207991,8.42143207991,8.42143207996,8.42143207996,8.42143208001,8.4214320802,8.42143208,8.42143208,8.4214320796,8.42143207966,8.42143207966,8.42143208007,8.42143208007,8.42143207997,8.42143207955,8.42143207955,8.42143208007,8.42143208007,8.42143207975,8.42143207985,8.42143207987,8.42143207987,8.42143207955,8.42143207993,8.42143207993,8.42143207985,8.42143208037,8.42143207977,8.42143207977,8.42143207997,8.42143207997,8.42143207992,8.42143207992,8.42143207997,8.42143207994,8.42143207994,8.42143208017,8.42143207997,8.42143207997,8.42143208007
"t71",7.51710218303,7.51710218333,7.51710218333,7.5171021829,7.5171021829,7.5171021829,4.5299279037,4.5299279037,2.28148328904,2.28148328904,1.01553478767,1.01553478767,0,0.5741255688,8.0807126308,8.08071263114,8.08071263114,8.08071263114,8.08071263114,8.0807126311,8.08071263101,8.08071263101,8.08071263101,8.080712631,8.0807126311,8.080712631,8.080712631,8.080712631,8.0807126311,8.0807126311,8.08071263112,8.08071263112,8.08071263119,8.08071263119,8.08071263112,8.08071263108,8.08071263108,8.08071263111,8.080712631145,8.080712631145,8.080712631145,8.080712631145,8.08071263039,8.08071263099,8.08071263099,8.08071263089,8.08071263089,8.08071263049,8.08071263049,8.0807126306375,8.0807126306485,8.0807126306485,8.0807126306175,8.0807126306575,8.0807126306575,8.0807126306575,8.08071263069,8.08071263069,8.42143207984,8.42143207984,8.42143207984,8.42143207984,8.42143207989,8.42143207989,8.42143207994,8.42143208013,8.42143207993,8.42143207993,8.42143207953,8.42143207959,8.42143207959,8.42143208,8.42143208,8.4214320799,8.42143207948,8.42143207948,8.42143208,8.42143208,8.42143207968,8.42143207978,8.4214320798,8.4214320798,8.42143207948,8.42143207986,8.42143207986,8.42143207978,8.4214320803,8.4214320797,8.4214320797,8.4214320799,8.4214320799,8.42143207985,8.42143207985,8.4214320799,8.42143207987,8.42143207987,8.4214320801,8.4214320799,8.4214320799,8.42143208
"t72",7.51710218303,7.51710218333,7.51710218333,7.5171021829,7.5171021829,7.5171021829,4.5299279037,4.5299279037,2.28148328904,2.28148328904,1.01553478767,1.01553478767,0.5741255688,0,8.0807126308,8.08071263114,8.08071263114,8.08071263114,8.08071263114,8.0807126311,8.08071263101,8.08071263101,8.08071263101,8.080712631,8.0807126311,8.080712631,8.080712631,8.080712631,8.0807126311,8.0807126311,8.08071263112,8.08071263112,8.08071263119,8.08071263119,8.08071263112,8.08071263108,8.08071263108,8.08071263111,8.080712631145,8.080712631145,8.080712631145,8.080712631145,8.08071263039,8.08071263099,8.08071263099,8.08071263089,8.08071263089,8.08071263049,8.08071263049,8.0807126306375,8.0807126306485,8.0807126306485,8.0807126306175,8.0807126306575,8.0807126306575,8.0807126306575,8.08071263069,8.08071263069,8.42143207984,8.42143207984,8.42143207984,8.42143207984,8.42143207989,8.42143207989,8.42143207994,8.42143208013,8.42143207993,8.42143207993,8.42143207953,8.42143207959,8.42143207959,8.42143208,8.42143208,8.4214320799,8.42143207948,8.42143207948,8.42143208,8.42143208,8.42143207968,8.42143207978,8.4214320798,8.4214320798,8.42143207948,8.42143207986,8.42143207986,8.42143207978,8.4214320803,8.4214320797,8.4214320797,8.4214320799,8.4214320799,8.42143207985,8.42143207985,8.4214320799,8.42143207987,8.42143207987,8.4214320801,8.4214320799,8.4214320799,8.42143208
"t2",8.08071263043,8.08071263073,8.08071263073,8.0807126303,8.0807126303,8.0807126303,8.0807126311,8.0807126311,8.08071263044,8.08071263044,8.08071263087,8.08071263087,8.0807126308,8.0807126308,0,3.59327774634,3.59327774634,3.59327774634,3.59327774634,3.5932777463,3.59327774621,3.59327774621,3.59327774621,3.5932777462,3.5932777463,4.1632029042,4.1632029042,4.1632029042,4.1632029043,4.1632029043,4.16320290432,4.16320290432,4.16320290439,4.16320290439,4.16320290432,4.16320290428,4.16320290428,4.16320290431,4.163202904345,4.163202904345,4.163202904345,4.163202904345,6.55390165359,6.55390165419,6.55390165419,6.55390165409,6.55390165409,6.55390165369,6.55390165369,6.5539016538375,6.5539016538485,6.5539016538485,6.5539016538175,6.5539016538575,6.5539016538575,6.5539016538575,6.55390165389,6.55390165389,8.42143207964,8.42143207964,8.42143207964,8.42143207964,8.42143207969,8.42143207969,8.42143207974,8.42143207993,8.42143207973,8.42143207973,8.42143207933,8.42143207939,8.42143207939,8.4214320798,8.4214320798,8.4214320797,8.42143207928,8.42143207928,8.4214320798,8.4214320798,8.42143207948,8.42143207958,8.4214320796,8.4214320796,8.42143207928,8.42143207966,8.42143207966,8.42143207958,8.4214320801,8.4214320795,8.4214320795,8.4214320797,8.4214320797,8.42143207965,8.42143207965,8.4214320797,8.42143207967,8.42143207967,8.4214320799,8.4214320797,8.4214320797,8.4214320798
"t80",8.08071263077,8.08071263107,8.08071263107,8.08071263064,8.08071263064,8.08071263064,8.08071263144,8.08071263144,8.08071263078,8.08071263078,8.08071263121,8.08071263121,8.08071263114,8.08071263114,3.59327774634,0,0.4520672706,1.2317881566,1.2317881566,1.40684467904,1.72690217795,1.72690217795,1.72690217795,1.72690217794,1.72690217804,4.16320290454,4.16320290454,4.16320290454,4.16320290464,4.16320290464,4.16320290466,4.16320290466,4.16320290473,4.16320290473,4.16320290466,4.16320290462,4.16320290462,4.16320290465,4.163202904685,4.163202904685,4.163202904685,4.163202904685,6.55390165393,6.55390165453,6.55390165453,6.55390165443,6.55390165443,6.55390165403,6.55390165403,6.5539016541775,6.5539016541885,6.5539016541885,6.5539016541575,6.5539016541975,6.5539016541975,6.5539016541975,6.55390165423,6.55390165423,8.42143207998,8.42143207998,8.42143207998,8.42143207998,8.42143208003,8.42143208003,8.42143208008,8.42143208027,8.42143208007,8.42143208007,8.42143207967,8.42143207973,8.42143207973,8.42143208014,8.42143208014,8.42143208004,8.42143207962,8.42143207962,8.42143208014,8.42143208014,8.42143207982,8.42143207992,8.42143207994,8.42143207994,8.42143207962,8.42143208,8.42143208,8.42143207992,8.42143208044,8.42143207984,8.42143207984,8.42143208004,8.42143208004,8.42143207999,8.42143207999,8.42143208004,8.42143208001,8.42143208001,8.42143208024,8.42143208004,8.42143208004,8.42143208014
"t81",8.08071263077,8.08071263107,8.08071263107,8.08071263064,8.08071263064,8.08071263064,8.08071263144,8.08071263144,8.08071263078,8.08071263078,8.08071263121,8.08071263121,8.08071263114,8.08071263114,3.59327774634,0.4520672706,0,1.2317881566,1.2317881566,1.40684467904,1.72690217795,1.72690217795,1.72690217795,1.72690217794,1.72690217804,4.16320290454,4.16320290454,4.16320290454,4.16320290464,4.16320290464,4.16320290466,4.16320290466,4.16320290473,4.16320290473,4.16320290466,4.16320290462,4.16320290462,4.16320290465,4.163202904685,4.163202904685,4.163202904685,4.163202904685,6.55390165393,6.55390165453,6.55390165453,6.55390165443,6.55390165443,6.55390165403,6.55390165403,6.5539016541775,6.5539016541885,6.5539016541885,6.5539016541575,6.5539016541975,6.5539016541975,6.5539016541975,6.55390165423,6.55390165423,8.42143207998,8.42143207998,8.42143207998,8.42143207998,8.42143208003,8.42143208003,8.42143208008,8.42143208027,8.42143208007,8.42143208007,8.42143207967,8.42143207973,8.42143207973,8.42143208014,8.42143208014,8.42143208004,8.42143207962,8.42143207962,8.42143208014,8.42143208014,8.42143207982,8.42143207992,8.42143207994,8.42143207994,8.42143207962,8.42143208,8.42143208,8.42143207992,8.42143208044,8.42143207984,8.42143207984,8.42143208004,8.42143208004,8.42143207999,8.42143207999,8.42143208004,8.42143208001,8.42143208001,8.42143208024,8.42143208004,8.42143208004,8.42143208014
"t65",8.08071263077,8.08071263107,8.08071263107,8.08071263064,8.08071263064,8.08071263064,8.08071263144,8.08071263144,8.08071263078,8.08071263078,8.08071263121,8.08071263121,8.08071263114,8.08071263114,3.59327774634,1.2317881566,1.2317881566,0,0.5855261184,1.40684467904,1.72690217795,1.72690217795,1.72690217795,1.72690217794,1.72690217804,4.16320290454,4.16320290454,4.16320290454,4.16320290464,4.16320290464,4.16320290466,4.16320290466,4.16320290473,4.16320290473,4.16320290466,4.16320290462,4.16320290462,4.16320290465,4.163202904685,4.163202904685,4.163202904685,4.163202904685,6.55390165393,6.55390165453,6.55390165453,6.55390165443,6.55390165443,6.55390165403,6.55390165403,6.5539016541775,6.5539016541885,6.5539016541885,6.5539016541575,6.5539016541975,6.5539016541975,6.5539016541975,6.55390165423,6.55390165423,8.42143207998,8.42143207998,8.42143207998,8.42143207998,8.42143208003,8.42143208003,8.42143208008,8.42143208027,8.42143208007,8.42143208007,8.42143207967,8.42143207973,8.42143207973,8.42143208014,8.42143208014,8.42143208004,8.42143207962,8.42143207962,8.42143208014,8.42143208014,8.42143207982,8.42143207992,8.42143207994,8.42143207994,8.42143207962,8.42143208,8.42143208,8.42143207992,8.42143208044,8.42143207984,8.42143207984,8.42143208004,8.42143208004,8.42143207999,8.42143207999,8.42143208004,8.42143208001,8.42143208001,8.42143208024,8.42143208004,8.42143208004,8.42143208014
"t66",8.08071263077,8.08071263107,8.08071263107,8.08071263064,8.08071263064,8.08071263064,8.08071263144,8.08071263144,8.08071263078,8.08071263078,8.08071263121,8.08071263121,8.08071263114,8.08071263114,3.59327774634,1.2317881566,1.2317881566,0.5855261184,0,1.40684467904,1.72690217795,1.72690217795,1.72690217795,1.72690217794,1.72690217804,4.16320290454,4.16320290454,4.16320290454,4.16320290464,4.16320290464,4.16320290466,4.16320290466,4.16320290473,4.16320290473,4.16320290466,4.16320290462,4.16320290462,4.16320290465,4.163202904685,4.163202904685,4.163202904685,4.163202904685,6.55390165393,6.55390165453,6.55390165453,6.55390165443,6.55390165443,6.55390165403,6.55390165403,6.5539016541775,6.5539016541885,6.5539016541885,6.5539016541575,6.5539016541975,6.5539016541975,6.5539016541975,6.55390165423,6.55390165423,8.42143207998,8.42143207998,8.42143207998,8.42143207998,8.42143208003,8.42143208003,8.42143208008,8.42143208027,8.42143208007,8.42143208007,8.42143207967,8.42143207973,8.42143207973,8.42143208014,8.42143208014,8.42143208004,8.42143207962,8.42143207962,8.42143208014,8.42143208014,8.42143207982,8.42143207992,8.42143207994,8.42143207994,8.42143207962,8.42143208,8.42143208,8.42143207992,8.42143208044,8.42143207984,8.42143207984,8.42143208004,8.42143208004,8.42143207999,8.42143207999,8.42143208004,8.42143208001,8.42143208001,8.42143208024,8.42143208004,8.42143208004,8.42143208014
"t28",8.08071263073,8.08071263103,8.08071263103,8.0807126306,8.0807126306,8.0807126306,8.0807126314,8.0807126314,8.08071263074,8.08071263074,8.08071263117,8.08071263117,8.0807126311,8.0807126311,3.5932777463,1.40684467904,1.40684467904,1.40684467904,1.40684467904,0,1.72690217791,1.72690217791,1.72690217791,1.7269021779,1.726902178,4.1632029045,4.1632029045,4.1632029045,4.1632029046,4.1632029046,4.16320290462,4.16320290462,4.16320290469,4.16320290469,4.16320290462,4.16320290458,4.16320290458,4.16320290461,4.163202904645,4.163202904645,4.163202904645,4.163202904645,6.55390165389,6.55390165449,6.55390165449,6.55390165439,6.55390165439,6.55390165399,6.55390165399,6.5539016541375,6.5539016541485,6.5539016541485,6.5539016541175,6.5539016541575,6.5539016541575,6.5539016541575,6.55390165419,6.55390165419,8.42143207994,8.42143207994,8.42143207994,8.42143207994,8.42143207999,8.42143207999,8.42143208004,8.42143208023,8.42143208003,8.42143208003,8.42143207963,8.42143207969,8.42143207969,8.4214320801,8.4214320801,8.42143208,8.42143207958,8.42143207958,8.4214320801,8.4214320801,8.42143207978,8.42143207988,8.4214320799,8.4214320799,8.42143207958,8.42143207996,8.42143207996,8.42143207988,8.4214320804,8.4214320798,8.4214320798,8.42143208,8.42143208,8.42143207995,8.42143207995,8.42143208,8.42143207997,8.42143207997,8.4214320802,8.42143208,8.42143208,8.4214320801
"t67",8.08071263064,8.08071263094,8.08071263094,8.08071263051,8.08071263051,8.08071263051,8.08071263131,8.08071263131,8.08071263065,8.08071263065,8.08071263108,8.08071263108,8.08071263101,8.08071263101,3.59327774621,1.72690217795,1.72690217795,1.72690217795,1.72690217795,1.72690217791,0,0.582923525,0.987714416,1.04187276281,1.40525502911,4.16320290441,4.16320290441,4.16320290441,4.16320290451,4.16320290451,4.16320290453,4.16320290453,4.1632029046,4.1632029046,4.16320290453,4.16320290449,4.16320290449,4.16320290452,4.163202904555,4.163202904555,4.163202904555,4.163202904555,6.5539016538,6.5539016544,6.5539016544,6.5539016543,6.5539016543,6.5539016539,6.5539016539,6.5539016540475,6.5539016540585,6.5539016540585,6.5539016540275,6.5539016540675,6.5539016540675,6.5539016540675,6.5539016541,6.5539016541,8.42143207985,8.42143207985,8.42143207985,8.42143207985,8.4214320799,8.4214320799,8.42143207995,8.42143208014,8.42143207994,8.42143207994,8.42143207954,8.4214320796,8.4214320796,8.42143208001,8.42143208001,8.42143207991,8.42143207949,8.42143207949,8.42143208001,8.42143208001,8.42143207969,8.42143207979,8.42143207981,8.42143207981,8.42143207949,8.42143207987,8.42143207987,8.42143207979,8.42143208031,8.42143207971,8.42143207971,8.42143207991,8.42143207991,8.42143207986,8.42143207986,8.42143207991,8.42143207988,8.42143207988,8.42143208011,8.42143207991,8.42143207991,8.42143208001
"t68",8.08071263064,8.08071263094,8.08071263094,8.08071263051,8.08071263051,8.08071263051,8.08071263131,8.08071263131,8.08071263065,8.08071263065,8.08071263108,8.08071263108,8.08071263101,8.08071263101,3.59327774621,1.72690217795,1.72690217795,1.72690217795,1.72690217795,1.72690217791,0.582923525,0,0.987714416,1.04187276281,1.40525502911,4.16320290441,4.16320290441,4.16320290441,4.16320290451,4.16320290451,4.16320290453,4.16320290453,4.1632029046,4.1632029046,4.16320290453,4.16320290449,4.16320290449,4.16320290452,4.163202904555,4.163202904555,4.163202904555,4.163202904555,6.5539016538,6.5539016544,6.5539016544,6.5539016543,6.5539016543,6.5539016539,6.5539016539,6.5539016540475,6.5539016540585,6.5539016540585,6.5539016540275,6.5539016540675,6.5539016540675,6.5539016540675,6.5539016541,6.5539016541,8.42143207985,8.42143207985,8.42143207985,8.42143207985,8.4214320799,8.4214320799,8.42143207995,8.42143208014,8.42143207994,8.42143207994,8.42143207954,8.4214320796,8.4214320796,8.42143208001,8.42143208001,8.42143207991,8.42143207949,8.42143207949,8.42143208001,8.42143208001,8.42143207969,8.42143207979,8.42143207981,8.42143207981,8.42143207949,8.42143207987,8.42143207987,8.42143207979,8.42143208031,8.42143207971,8.42143207971,8.42143207991,8.42143207991,8.42143207986,8.42143207986,8.42143207991,8.42143207988,8.42143207988,8.42143208011,8.42143207991,8.42143207991,8.42143208001
"t49",8.08071263064,8.08071263094,8.08071263094,8.08071263051,8.08071263051,8.08071263051,8.08071263131,8.08071263131,8.08071263065,8.08071263065,8.08071263108,8.08071263108,8.08071263101,8.08071263101,3.59327774621,1.72690217795,1.72690217795,1.72690217795,1.72690217795,1.72690217791,0.987714416,0.987714416,0,1.04187276281,1.40525502911,4.16320290441,4.16320290441,4.16320290441,4.16320290451,4.16320290451,4.16320290453,4.16320290453,4.1632029046,4.1632029046,4.16320290453,4.16320290449,4.16320290449,4.16320290452,4.163202904555,4.163202904555,4.163202904555,4.163202904555,6.5539016538,6.5539016544,6.5539016544,6.5539016543,6.5539016543,6.5539016539,6.5539016539,6.5539016540475,6.5539016540585,6.5539016540585,6.5539016540275,6.5539016540675,6.5539016540675,6.5539016540675,6.5539016541,6.5539016541,8.42143207985,8.42143207985,8.42143207985,8.42143207985,8.4214320799,8.4214320799,8.42143207995,8.42143208014,8.42143207994,8.42143207994,8.42143207954,8.4214320796,8.4214320796,8.42143208001,8.42143208001,8.42143207991,8.42143207949,8.42143207949,8.42143208001,8.42143208001,8.42143207969,8.42143207979,8.42143207981,8.42143207981,8.42143207949,8.42143207987,8.42143207987,8.42143207979,8.42143208031,8.42143207971,8.42143207971,8.42143207991,8.42143207991,8.42143207986,8.42143207986,8.42143207991,8.42143207988,8.42143207988,8.42143208011,8.42143207991,8.42143207991,8.42143208001
"t47",8.08071263063,8.08071263093,8.08071263093,8.0807126305,8.0807126305,8.0807126305,8.0807126313,8.0807126313,8.08071263064,8.08071263064,8.08071263107,8.08071263107,8.080712631,8.080712631,3.5932777462,1.72690217794,1.72690217794,1.72690217794,1.72690217794,1.7269021779,1.04187276281,1.04187276281,1.04187276281,0,1.4052550291,4.1632029044,4.1632029044,4.1632029044,4.1632029045,4.1632029045,4.16320290452,4.16320290452,4.16320290459,4.16320290459,4.16320290452,4.16320290448,4.16320290448,4.16320290451,4.163202904545,4.163202904545,4.163202904545,4.163202904545,6.55390165379,6.55390165439,6.55390165439,6.55390165429,6.55390165429,6.55390165389,6.55390165389,6.5539016540375,6.5539016540485,6.5539016540485,6.5539016540175,6.5539016540575,6.5539016540575,6.5539016540575,6.55390165409,6.55390165409,8.42143207984,8.42143207984,8.42143207984,8.42143207984,8.42143207989,8.42143207989,8.42143207994,8.42143208013,8.42143207993,8.42143207993,8.42143207953,8.42143207959,8.42143207959,8.42143208,8.42143208,8.4214320799,8.42143207948,8.42143207948,8.42143208,8.42143208,8.42143207968,8.42143207978,8.4214320798,8.4214320798,8.42143207948,8.42143207986,8.42143207986,8.42143207978,8.4214320803,8.4214320797,8.4214320797,8.4214320799,8.4214320799,8.42143207985,8.42143207985,8.4214320799,8.42143207987,8.42143207987,8.4214320801,8.4214320799,8.4214320799,8.42143208
"t29",8.08071263073,8.08071263103,8.08071263103,8.0807126306,8.0807126306,8.0807126306,8.0807126314,8.0807126314,8.08071263074,8.08071263074,8.08071263117,8.08071263117,8.0807126311,8.0807126311,3.5932777463,1.72690217804,1.72690217804,1.72690217804,1.72690217804,1.726902178,1.40525502911,1.40525502911,1.40525502911,1.4052550291,0,4.1632029045,4.1632029045,4.1632029045,4.1632029046,4.1632029046,4.16320290462,4.16320290462,4.16320290469,4.16320290469,4.16320290462,4.16320290458,4.16320290458,4.16320290461,4.163202904645,4.163202904645,4.163202904645,4.163202904645,6.55390165389,6.55390165449,6.55390165449,6.55390165439,6.55390165439,6.55390165399,6.55390165399,6.5539016541375,6.5539016541485,6.5539016541485,6.5539016541175,6.5539016541575,6.5539016541575,6.5539016541575,6.55390165419,6.55390165419,8.42143207994,8.42143207994,8.42143207994,8.42143207994,8.42143207999,8.42143207999,8.42143208004,8.42143208023,8.42143208003,8.42143208003,8.42143207963,8.42143207969,8.42143207969,8.4214320801,8.4214320801,8.42143208,8.42143207958,8.42143207958,8.4214320801,8.4214320801,8.42143207978,8.42143207988,8.4214320799,8.4214320799,8.42143207958,8.42143207996,8.42143207996,8.42143207988,8.4214320804,8.4214320798,8.4214320798,8.42143208,8.42143208,8.42143207995,8.42143207995,8.42143208,8.42143207997,8.42143207997,8.4214320802,8.42143208,8.42143208,8.4214320801
"t73",8.08071263063,8.08071263093,8.08071263093,8.0807126305,8.0807126305,8.0807126305,8.0807126313,8.0807126313,8.08071263064,8.08071263064,8.08071263107,8.08071263107,8.080712631,8.080712631,4.1632029042,4.16320290454,4.16320290454,4.16320290454,4.16320290454,4.1632029045,4.16320290441,4.16320290441,4.16320290441,4.1632029044,4.1632029045,0,0.5365833842,1.2496953074,3.3190004595,3.3190004595,3.31900045952,3.31900045952,3.31900045959,3.31900045959,3.31900045952,3.31900045948,3.31900045948,3.31900045951,3.319000459545,3.319000459545,3.319000459545,3.319000459545,6.55390165379,6.55390165439,6.55390165439,6.55390165429,6.55390165429,6.55390165389,6.55390165389,6.5539016540375,6.5539016540485,6.5539016540485,6.5539016540175,6.5539016540575,6.5539016540575,6.5539016540575,6.55390165409,6.55390165409,8.42143207984,8.42143207984,8.42143207984,8.42143207984,8.42143207989,8.42143207989,8.42143207994,8.42143208013,8.42143207993,8.42143207993,8.42143207953,8.42143207959,8.42143207959,8.42143208,8.42143208,8.4214320799,8.42143207948,8.42143207948,8.42143208,8.42143208,8.42143207968,8.42143207978,8.4214320798,8.4214320798,8.42143207948,8.42143207986,8.42143207986,8.42143207978,8.4214320803,8.4214320797,8.4214320797,8.4214320799,8.4214320799,8.42143207985,8.42143207985,8.4214320799,8.42143207987,8.42143207987,8.4214320801,8.4214320799,8.4214320799,8.42143208
"t74",8.08071263063,8.08071263093,8.08071263093,8.0807126305,8.0807126305,8.0807126305,8.0807126313,8.0807126313,8.08071263064,8.08071263064,8.08071263107,8.08071263107,8.080712631,8.080712631,4.1632029042,4.16320290454,4.16320290454,4.16320290454,4.16320290454,4.1632029045,4.16320290441,4.16320290441,4.16320290441,4.1632029044,4.1632029045,0.5365833842,0,1.2496953074,3.3190004595,3.3190004595,3.31900045952,3.31900045952,3.31900045959,3.31900045959,3.31900045952,3.31900045948,3.31900045948,3.31900045951,3.319000459545,3.319000459545,3.319000459545,3.319000459545,6.55390165379,6.55390165439,6.55390165439,6.55390165429,6.55390165429,6.55390165389,6.55390165389,6.5539016540375,6.5539016540485,6.5539016540485,6.5539016540175,6.5539016540575,6.5539016540575,6.5539016540575,6.55390165409,6.55390165409,8.42143207984,8.42143207984,8.42143207984,8.42143207984,8.42143207989,8.42143207989,8.42143207994,8.42143208013,8.42143207993,8.42143207993,8.42143207953,8.42143207959,8.42143207959,8.42143208,8.42143208,8.4214320799,8.42143207948,8.42143207948,8.42143208,8.42143208,8.42143207968,8.42143207978,8.4214320798,8.4214320798,8.42143207948,8.42143207986,8.42143207986,8.42143207978,8.4214320803,8.4214320797,8.4214320797,8.4214320799,8.4214320799,8.42143207985,8.42143207985,8.4214320799,8.42143207987,8.42143207987,8.4214320801,8.4214320799,8.4214320799,8.42143208
"t41",8.08071263063,8.08071263093,8.08071263093,8.0807126305,8.0807126305,8.0807126305,8.0807126313,8.0807126313,8.08071263064,8.08071263064,8.08071263107,8.08071263107,8.080712631,8.080712631,4.1632029042,4.16320290454,4.16320290454,4.16320290454,4.16320290454,4.1632029045,4.16320290441,4.16320290441,4.16320290441,4.1632029044,4.1632029045,1.2496953074,1.2496953074,0,3.3190004595,3.3190004595,3.31900045952,3.31900045952,3.31900045959,3.31900045959,3.31900045952,3.31900045948,3.31900045948,3.31900045951,3.319000459545,3.319000459545,3.319000459545,3.319000459545,6.55390165379,6.55390165439,6.55390165439,6.55390165429,6.55390165429,6.55390165389,6.55390165389,6.5539016540375,6.5539016540485,6.5539016540485,6.5539016540175,6.5539016540575,6.5539016540575,6.5539016540575,6.55390165409,6.55390165409,8.42143207984,8.42143207984,8.42143207984,8.42143207984,8.42143207989,8.42143207989,8.42143207994,8.42143208013,8.42143207993,8.42143207993,8.42143207953,8.42143207959,8.42143207959,8.42143208,8.42143208,8.4214320799,8.42143207948,8.42143207948,8.42143208,8.42143208,8.42143207968,8.42143207978,8.4214320798,8.4214320798,8.42143207948,8.42143207986,8.42143207986,8.42143207978,8.4214320803,8.4214320797,8.4214320797,8.4214320799,8.4214320799,8.42143207985,8.42143207985,8.4214320799,8.42143207987,8.42143207987,8.4214320801,8.4214320799,8.4214320799,8.42143208
