"","t2","t4","t121","t122","t24","t22","t32","t85","t86","t31","t117","t118","t99","t43","t67","t68","t69","t70","t54","t88","t89","t144","t145","t100","t148","t149","t66","t56","t57","t119","t120","t18","t40","t93","t94","t80","t16","t101","t102","t103","t20","t27","t77","t78","t49","t50","t55","t61","t62","t63","t79","t87","t110","t125","t126","t138","t139","t71","t23","t39","t58","t59","t53","t104","t105","t106","t128","t129","t97","t98","t46","t64","t130","t131","t90","t91","t45","t37","t83","t84","t48","t17","t14","t11","t12","t13","t29","t30","t136","t137","t127","t60","t140","t141","t113","t142","t143","t15","t25","t26","t21","t72","t73","t19","t123","t124","t81","t82","t28","t132","t133","t114","t92","t38","t51","t52","t35","t41","t42","t36","t47","t107","t146","t147","t108","t109","t9","t10","t134","t135","t75","t95","t96","t3","t7","t8","t33","t34","t74","t115","t116","t76","t44","t111","t112","t65","t5","t6","t1"
"t2",0,0.83747458437,7.16729841419,7.16729841419,7.16729841339,7.16729841429,6.43745142881,7.16729841411,7.12112332331,6.68421016909,7.16729841409,7.16729841409,7.16729841409,7.1672984141,7.1672984139,6.56294662883,6.87465918742,6.69610471002,6.77913726834,7.16729841384,7.16729841384,7.16729841394,7.16729841394,7.167298414,7.167298413961,7.167298413961,7.167298414,6.8965817228,7.1672984139,7.1672984139,7.1672984139,4.9480072765,7.1672984142,7.1672984138,7.1672984138,7.1672984138,7.1672984141,7.1672984135,7.16729841348,7.16729841348,5.19675089408,6.00420226628,7.16729841408,7.16729841408,6.37172433818,7.16729841422,7.16729841423,7.16729841417,7.16729841414,7.16729841414,7.16729841408,6.63645215641,7.16729841408,7.16729841408,7.16729841408,7.16729841408,7.16729841408,6.559073973,7.16729841418,7.16729841398,6.89186579148,7.16729841388,7.16729841393,7.16729841393,7.16729841384,7.02576148944,7.16729841383,7.16729841383,7.1501583891,7.1672984139,7.12743478807,6.64729382367,7.16729841397,7.16729841397,7.15058658287,7.11034059377,6.99631171357,7.16729841367,7.16729841388,7.16729841388,7.16729841398,7.16729841348,5.39276618628,3.71705476938,2.98635496036,3.45036165009,6.63111266579,6.99435749479,7.1672984147,7.1672984147,7.16729841469,7.16729841459,7.16729841469,7.16729841469,7.16729841469,7.1672984142,7.1672984142,5.75465056179,5.78113588419,6.26864305779,5.70550519859,7.16729841499,7.16729841499,5.56617598079,7.16729841469,7.16729841469,7.16729841501,7.16729841501,7.16729841481,7.16729841449,7.16729841449,7.16729841449,7.16729841459,6.79169572059,6.46863758699,6.57213567359,7.16729841479,5.98126492681,7.08225641299,7.16729841409,7.16729841459,7.16729841449,7.16729841454,7.16729841454,7.16729841459,7.16729841459,2.53869907068,7.16729841428,7.16729841428,7.16729841428,7.16729841428,6.71036419974,7.16729841438,0.79549190318,1.75462664468,2.37992611988,7.16729841449,5.82678709539,7.16729841477,7.16729841477,7.16729841477,7.16729841477,7.16729841457,7.16729841467,7.16729841467,7.16729841467,1.67044374239,1.73844126559,3.149976299
"t4",0.83747458437,0,6.515315309,6.515315309,6.5153153082,6.5153153091,5.78546832362,6.51531530892,6.46914021812,6.0322270639,6.5153153089,6.5153153089,6.5153153089,6.51531530891,6.51531530871,5.91096352364,6.22267608223,6.04412160483,6.12715416315,6.51531530865,6.51531530865,6.51531530875,6.51531530875,6.51531530881,6.515315308771,6.515315308771,6.51531530881,6.24459861761,6.51531530871,6.51531530871,6.51531530871,4.29602417131,6.51531530901,6.51531530861,6.51531530861,6.51531530861,6.51531530891,6.51531530831,6.51531530829,6.51531530829,4.54476778889,5.35221916109,6.51531530889,6.51531530889,5.71974123299,6.51531530903,6.51531530904,6.51531530898,6.51531530895,6.51531530895,6.51531530889,5.98446905122,6.51531530889,6.51531530889,6.51531530889,6.51531530889,6.51531530889,5.90709086781,6.51531530899,6.51531530879,6.23988268629,6.51531530869,6.51531530874,6.51531530874,6.51531530865,6.37377838425,6.51531530864,6.51531530864,6.49817528391,6.51531530871,6.47545168288,5.99531071848,6.51531530878,6.51531530878,6.49860347768,6.45835748858,6.34432860838,6.51531530848,6.51531530869,6.51531530869,6.51531530879,6.51531530829,4.74078308109,3.69025880479,2.95955899577,3.4235656855,6.6043167012,6.9675615302,7.14050245011,7.14050245011,7.1405024501,7.14050245,7.1405024501,7.1405024501,7.1405024501,7.14050244961,7.14050244961,5.7278545972,5.7543399196,6.2418470932,5.678709234,7.1405024504,7.1405024504,5.5393800162,7.1405024501,7.1405024501,7.14050245042,7.14050245042,7.14050245022,7.1405024499,7.1405024499,7.1405024499,7.14050245,6.764899756,6.4418416224,6.545339709,7.1405024502,5.95446896222,7.0554604484,7.1405024495,7.14050245,7.1405024499,7.14050244995,7.14050244995,7.14050245,7.14050245,2.51190310609,7.14050244969,7.14050244969,7.14050244969,7.14050244969,6.68356823515,7.14050244979,0.92637722695,1.88551196845,2.51081144365,7.29818373826,5.95767241916,7.29818373854,7.29818373854,7.29818373854,7.29818373854,7.29818373834,7.29818373844,7.29818373844,7.29818373844,1.80132906616,1.86932658936,3.71652277797
"t121",7.16729841419,6.515315309,0,0.3000015236,3.6961435948,4.1912827023,3.46143571682,4.19128270212,4.14510761132,3.7081944571,4.1912827021,4.1912827021,4.1912827021,4.34011883189,4.34011883169,3.73576704662,4.04747960521,3.86892512781,3.95195768613,4.34011883163,4.34011883163,4.34011883173,4.34011883173,4.34011883179,4.340118831751,4.340118831751,4.34011883179,4.06940214059,4.34011883169,4.34011883169,4.34011883169,4.83790141229,7.05719254999,7.05719254959,7.05719254959,7.05719254959,7.05719254989,7.05719254929,7.05719254927,7.05719254927,5.16548757471,5.97293894691,7.13603509471,7.13603509471,6.34046101881,7.13603509485,7.13603509486,7.1360350948,7.13603509477,7.13603509477,7.13603509471,6.60518883704,7.13603509471,7.13603509471,7.13603509471,7.13603509471,7.13603509471,6.52781065363,7.13603509481,7.13603509461,6.86060247211,7.13603509451,7.13603509456,7.13603509456,7.13603509447,6.99449817007,7.13603509446,7.13603509446,7.11889506973,7.13603509453,7.0961714687,6.6160305043,7.1360350946,7.1360350946,7.1193232635,7.0790772744,6.9650483942,7.1360350943,7.13603509451,7.13603509451,7.13603509461,7.13603509411,5.36150286691,10.02008263461,9.28938282559,9.75338951532,12.93414053102,13.29738536002,13.47032627993,13.47032627993,13.47032627992,13.47032627982,13.47032627992,13.47032627992,13.47032627992,13.47032627943,13.47032627943,12.05767842702,12.08416374942,12.57167092302,12.00853306382,13.47032628022,13.47032628022,11.86920384602,13.47032627992,13.47032627992,13.47032628024,13.47032628024,13.47032628004,13.47032627972,13.47032627972,13.47032627972,13.47032627982,13.09472358582,12.77166545222,12.87516353882,13.47032628002,12.28429279204,13.38528427822,13.47032627932,13.47032627982,13.47032627972,13.47032627977,13.47032627977,13.47032627982,13.47032627982,8.84172693591,13.47032627951,13.47032627951,13.47032627951,13.47032627951,13.01339206497,13.47032627961,7.25620105677,8.21533579827,8.84063527347,13.62800756808,12.28749624898,13.62800756836,13.62800756836,13.62800756836,13.62800756836,13.62800756816,13.62800756826,13.62800756826,13.62800756826,8.13115289598,8.19915041918,10.04634660779
"t122",7.16729841419,6.515315309,0.3000015236,0,3.6961435948,4.1912827023,3.46143571682,4.19128270212,4.14510761132,3.7081944571,4.1912827021,4.1912827021,4.1912827021,4.34011883189,4.34011883169,3.73576704662,4.04747960521,3.86892512781,3.95195768613,4.34011883163,4.34011883163,4.34011883173,4.34011883173,4.34011883179,4.340118831751,4.340118831751,4.34011883179,4.06940214059,4.34011883169,4.34011883169,4.34011883169,4.83790141229,7.05719254999,7.05719254959,7.05719254959,7.05719254959,7.05719254989,7.05719254929,7.05719254927,7.05719254927,5.16548757471,5.97293894691,7.13603509471,7.13603509471,6.34046101881,7.13603509485,7.13603509486,7.1360350948,7.13603509477,7.13603509477,7.13603509471,6.60518883704,7.13603509471,7.13603509471,7.13603509471,7.13603509471,7.13603509471,6.52781065363,7.13603509481,7.13603509461,6.86060247211,7.13603509451,7.13603509456,7.13603509456,7.13603509447,6.99449817007,7.13603509446,7.13603509446,7.11889506973,7.13603509453,7.0961714687,6.6160305043,7.1360350946,7.1360350946,7.1193232635,7.0790772744,6.9650483942,7.1360350943,7.13603509451,7.13603509451,7.13603509461,7.13603509411,5.36150286691,10.02008263461,9.28938282559,9.75338951532,12.93414053102,13.29738536002,13.47032627993,13.47032627993,13.47032627992,13.47032627982,13.47032627992,13.47032627992,13.47032627992,13.47032627943,13.47032627943,12.05767842702,12.08416374942,12.57167092302,12.00853306382,13.47032628022,13.47032628022,11.86920384602,13.47032627992,13.47032627992,13.47032628024,13.47032628024,13.47032628004,13.47032627972,13.47032627972,13.47032627972,13.47032627982,13.09472358582,12.77166545222,12.87516353882,13.47032628002,12.28429279204,13.38528427822,13.47032627932,13.47032627982,13.47032627972,13.47032627977,13.47032627977,13.47032627982,13.47032627982,8.84172693591,13.47032627951,13.47032627951,13.47032627951,13.47032627951,13.01339206497,13.47032627961,7.25620105677,8.21533579827,8.84063527347,13.62800756808,12.28749624898,13.62800756836,13.62800756836,13.62800756836,13.62800756836,13.62800756816,13.62800756826,13.62800756826,13.62800756826,8.13115289598,8.19915041918,10.04634660779
"t24",7.16729841339,6.5153153082,3.6961435948,3.6961435948,0,4.1912827015,3.46143571602,4.19128270132,4.14510761052,3.7081944563,4.1912827013,4.1912827013,4.1912827013,4.34011883109,4.34011883089,3.73576704582,4.04747960441,3.86892512701,3.95195768533,4.34011883083,4.34011883083,4.34011883093,4.34011883093,4.34011883099,4.340118830951,4.340118830951,4.34011883099,4.06940213979,4.34011883089,4.34011883089,4.34011883089,4.83790141149,7.05719254919,7.05719254879,7.05719254879,7.05719254879,7.05719254909,7.05719254849,7.05719254847,7.05719254847,5.16548757391,5.97293894611,7.13603509391,7.13603509391,6.34046101801,7.13603509405,7.13603509406,7.136035094,7.13603509397,7.13603509397,7.13603509391,6.60518883624,7.13603509391,7.13603509391,7.13603509391,7.13603509391,7.13603509391,6.52781065283,7.13603509401,7.13603509381,6.86060247131,7.13603509371,7.13603509376,7.13603509376,7.13603509367,6.99449816927,7.13603509366,7.13603509366,7.11889506893,7.13603509373,7.0961714679,6.6160305035,7.1360350938,7.1360350938,7.1193232627,7.0790772736,6.9650483934,7.1360350935,7.13603509371,7.13603509371,7.13603509381,7.13603509331,5.36150286611,10.02008263381,9.28938282479,9.75338951452,12.93414053022,13.29738535922,13.47032627913,13.47032627913,13.47032627912,13.47032627902,13.47032627912,13.47032627912,13.47032627912,13.47032627863,13.47032627863,12.05767842622,12.08416374862,12.57167092222,12.00853306302,13.47032627942,13.47032627942,11.86920384522,13.47032627912,13.47032627912,13.47032627944,13.47032627944,13.47032627924,13.47032627892,13.47032627892,13.47032627892,13.47032627902,13.09472358502,12.77166545142,12.87516353802,13.47032627922,12.28429279124,13.38528427742,13.47032627852,13.47032627902,13.47032627892,13.47032627897,13.47032627897,13.47032627902,13.47032627902,8.84172693511,13.47032627871,13.47032627871,13.47032627871,13.47032627871,13.01339206417,13.47032627881,7.25620105597,8.21533579747,8.84063527267,13.62800756728,12.28749624818,13.62800756756,13.62800756756,13.62800756756,13.62800756756,13.62800756736,13.62800756746,13.62800756746,13.62800756746,8.13115289518,8.19915041838,10.04634660699
"t22",7.16729841429,6.5153153091,4.1912827023,4.1912827023,4.1912827015,0,3.21290765652,3.94275464182,3.89657955102,3.4596663968,3.9427546418,3.9427546418,3.9427546418,4.34011883199,4.34011883179,3.73576704672,4.04747960531,3.86892512791,3.95195768623,4.34011883173,4.34011883173,4.34011883183,4.34011883183,4.34011883189,4.340118831851,4.340118831851,4.34011883189,4.06940214069,4.34011883179,4.34011883179,4.34011883179,4.83790141239,7.05719255009,7.05719254969,7.05719254969,7.05719254969,7.05719254999,7.05719254939,7.05719254937,7.05719254937,5.16548757481,5.97293894701,7.13603509481,7.13603509481,6.34046101891,7.13603509495,7.13603509496,7.1360350949,7.13603509487,7.13603509487,7.13603509481,6.60518883714,7.13603509481,7.13603509481,7.13603509481,7.13603509481,7.13603509481,6.52781065373,7.13603509491,7.13603509471,6.86060247221,7.13603509461,7.13603509466,7.13603509466,7.13603509457,6.99449817017,7.13603509456,7.13603509456,7.11889506983,7.13603509463,7.0961714688,6.6160305044,7.1360350947,7.1360350947,7.1193232636,7.0790772745,6.9650483943,7.1360350944,7.13603509461,7.13603509461,7.13603509471,7.13603509421,5.36150286701,10.02008263471,9.28938282569,9.75338951542,12.93414053112,13.29738536012,13.47032628003,13.47032628003,13.47032628002,13.47032627992,13.47032628002,13.47032628002,13.47032628002,13.47032627953,13.47032627953,12.05767842712,12.08416374952,12.57167092312,12.00853306392,13.47032628032,13.47032628032,11.86920384612,13.47032628002,13.47032628002,13.47032628034,13.47032628034,13.47032628014,13.47032627982,13.47032627982,13.47032627982,13.47032627992,13.09472358592,12.77166545232,12.87516353892,13.47032628012,12.28429279214,13.38528427832,13.47032627942,13.47032627992,13.47032627982,13.47032627987,13.47032627987,13.47032627992,13.47032627992,8.84172693601,13.47032627961,13.47032627961,13.47032627961,13.47032627961,13.01339206507,13.47032627971,7.25620105687,8.21533579837,8.84063527357,13.62800756818,12.28749624908,13.62800756846,13.62800756846,13.62800756846,13.62800756846,13.62800756826,13.62800756836,13.62800756836,13.62800756836,8.13115289608,8.19915041928,10.04634660789
"t32",6.43745142881,5.78546832362,3.46143571682,3.46143571682,3.46143571602,3.21290765652,0,2.4068796401,2.3607045493,1.96382875372,2.80787525552,2.80787525552,2.80787525552,3.61027184651,3.61027184631,3.00592006124,3.31763261983,3.13907814243,3.22211070075,3.61027184625,3.61027184625,3.61027184635,3.61027184635,3.61027184641,3.610271846371,3.610271846371,3.61027184641,3.33955515521,3.61027184631,3.61027184631,3.61027184631,4.10805442691,6.32734556461,6.32734556421,6.32734556421,6.32734556421,6.32734556451,6.32734556391,6.32734556389,6.32734556389,4.43564058933,5.24309196153,6.40618810933,6.40618810933,5.61061403343,6.40618810947,6.40618810948,6.40618810942,6.40618810939,6.40618810939,6.40618810933,5.87534185166,6.40618810933,6.40618810933,6.40618810933,6.40618810933,6.40618810933,5.79796366825,6.40618810943,6.40618810923,6.13075548673,6.40618810913,6.40618810918,6.40618810918,6.40618810909,6.26465118469,6.40618810908,6.40618810908,6.38904808435,6.40618810915,6.36632448332,5.88618351892,6.40618810922,6.40618810922,6.38947627812,6.34923028902,6.23520140882,6.40618810892,6.40618810913,6.40618810913,6.40618810923,6.40618810873,4.63165588153,9.29023564923,8.55953584021,9.02354252994,12.20429354564,12.56753837464,12.74047929455,12.74047929455,12.74047929454,12.74047929444,12.74047929454,12.74047929454,12.74047929454,12.74047929405,12.74047929405,11.32783144164,11.35431676404,11.84182393764,11.27868607844,12.74047929484,12.74047929484,11.13935686064,12.74047929454,12.74047929454,12.74047929486,12.74047929486,12.74047929466,12.74047929434,12.74047929434,12.74047929434,12.74047929444,12.36487660044,12.04181846684,12.14531655344,12.74047929464,11.55444580666,12.65543729284,12.74047929394,12.74047929444,12.74047929434,12.74047929439,12.74047929439,12.74047929444,12.74047929444,8.11187995053,12.74047929413,12.74047929413,12.74047929413,12.74047929413,12.28354507959,12.74047929423,6.52635407139,7.48548881289,8.11078828809,12.8981605827,11.5576492636,12.89816058298,12.89816058298,12.89816058298,12.89816058298,12.89816058278,12.89816058288,12.89816058288,12.89816058288,7.4013059106,7.4693034338,9.31649962241
"t85",7.16729841411,6.51531530892,4.19128270212,4.19128270212,4.19128270132,3.94275464182,2.4068796401,0,1.0558659346,2.69367573902,3.53772224082,3.53772224082,3.53772224082,4.34011883181,4.34011883161,3.73576704654,4.04747960513,3.86892512773,3.95195768605,4.34011883155,4.34011883155,4.34011883165,4.34011883165,4.34011883171,4.340118831671,4.340118831671,4.34011883171,4.06940214051,4.34011883161,4.34011883161,4.34011883161,4.83790141221,7.05719254991,7.05719254951,7.05719254951,7.05719254951,7.05719254981,7.05719254921,7.05719254919,7.05719254919,5.16548757463,5.97293894683,7.13603509463,7.13603509463,6.34046101873,7.13603509477,7.13603509478,7.13603509472,7.13603509469,7.13603509469,7.13603509463,6.60518883696,7.13603509463,7.13603509463,7.13603509463,7.13603509463,7.13603509463,6.52781065355,7.13603509473,7.13603509453,6.86060247203,7.13603509443,7.13603509448,7.13603509448,7.13603509439,6.99449816999,7.13603509438,7.13603509438,7.11889506965,7.13603509445,7.09617146862,6.61603050422,7.13603509452,7.13603509452,7.11932326342,7.07907727432,6.96504839412,7.13603509422,7.13603509443,7.13603509443,7.13603509453,7.13603509403,5.36150286683,10.02008263453,9.28938282551,9.75338951524,12.93414053094,13.29738535994,13.47032627985,13.47032627985,13.47032627984,13.47032627974,13.47032627984,13.47032627984,13.47032627984,13.47032627935,13.47032627935,12.05767842694,12.08416374934,12.57167092294,12.00853306374,13.47032628014,13.47032628014,11.86920384594,13.47032627984,13.47032627984,13.47032628016,13.47032628016,13.47032627996,13.47032627964,13.47032627964,13.47032627964,13.47032627974,13.09472358574,12.77166545214,12.87516353874,13.47032627994,12.28429279196,13.38528427814,13.47032627924,13.47032627974,13.47032627964,13.47032627969,13.47032627969,13.47032627974,13.47032627974,8.84172693583,13.47032627943,13.47032627943,13.47032627943,13.47032627943,13.01339206489,13.47032627953,7.25620105669,8.21533579819,8.84063527339,13.628007568,12.2874962489,13.62800756828,13.62800756828,13.62800756828,13.62800756828,13.62800756808,13.62800756818,13.62800756818,13.62800756818,8.1311528959,8.1991504191,10.04634660771
"t86",7.12112332331,6.46914021812,4.14510761132,4.14510761132,4.14510761052,3.89657955102,2.3607045493,1.0558659346,0,2.64750064822,3.49154715002,3.49154715002,3.49154715002,4.29394374101,4.29394374081,3.68959195574,4.00130451433,3.82275003693,3.90578259525,4.29394374075,4.29394374075,4.29394374085,4.29394374085,4.29394374091,4.293943740871,4.293943740871,4.29394374091,4.02322704971,4.29394374081,4.29394374081,4.29394374081,4.79172632141,7.01101745911,7.01101745871,7.01101745871,7.01101745871,7.01101745901,7.01101745841,7.01101745839,7.01101745839,5.11931248383,5.92676385603,7.08986000383,7.08986000383,6.29428592793,7.08986000397,7.08986000398,7.08986000392,7.08986000389,7.08986000389,7.08986000383,6.55901374616,7.08986000383,7.08986000383,7.08986000383,7.08986000383,7.08986000383,6.48163556275,7.08986000393,7.08986000373,6.81442738123,7.08986000363,7.08986000368,7.08986000368,7.08986000359,6.94832307919,7.08986000358,7.08986000358,7.07271997885,7.08986000365,7.04999637782,6.56985541342,7.08986000372,7.08986000372,7.07314817262,7.03290218352,6.91887330332,7.08986000342,7.08986000363,7.08986000363,7.08986000373,7.08986000323,5.31532777603,9.97390754373,9.24320773471,9.70721442444,12.88796544014,13.25121026914,13.42415118905,13.42415118905,13.42415118904,13.42415118894,13.42415118904,13.42415118904,13.42415118904,13.42415118855,13.42415118855,12.01150333614,12.03798865854,12.52549583214,11.96235797294,13.42415118934,13.42415118934,11.82302875514,13.42415118904,13.42415118904,13.42415118936,13.42415118936,13.42415118916,13.42415118884,13.42415118884,13.42415118884,13.42415118894,13.04854849494,12.72549036134,12.82898844794,13.42415118914,12.23811770116,13.33910918734,13.42415118844,13.42415118894,13.42415118884,13.42415118889,13.42415118889,13.42415118894,13.42415118894,8.79555184503,13.42415118863,13.42415118863,13.42415118863,13.42415118863,12.96721697409,13.42415118873,7.21002596589,8.16916070739,8.79446018259,13.5818324772,12.2413211581,13.58183247748,13.58183247748,13.58183247748,13.58183247748,13.58183247728,13.58183247738,13.58183247738,13.58183247738,8.0849778051,8.1529753283,10.00017151691
"t31",6.68421016909,6.0322270639,3.7081944571,3.7081944571,3.7081944563,3.4596663968,1.96382875372,2.69367573902,2.64750064822,0,3.0546339958,3.0546339958,3.0546339958,3.85703058679,3.85703058659,3.25267880152,3.56439136011,3.38583688271,3.46886944103,3.85703058653,3.85703058653,3.85703058663,3.85703058663,3.85703058669,3.857030586651,3.857030586651,3.85703058669,3.58631389549,3.85703058659,3.85703058659,3.85703058659,4.35481316719,6.57410430489,6.57410430449,6.57410430449,6.57410430449,6.57410430479,6.57410430419,6.57410430417,6.57410430417,4.68239932961,5.48985070181,6.65294684961,6.65294684961,5.85737277371,6.65294684975,6.65294684976,6.6529468497,6.65294684967,6.65294684967,6.65294684961,6.12210059194,6.65294684961,6.65294684961,6.65294684961,6.65294684961,6.65294684961,6.04472240853,6.65294684971,6.65294684951,6.37751422701,6.65294684941,6.65294684946,6.65294684946,6.65294684937,6.51140992497,6.65294684936,6.65294684936,6.63580682463,6.65294684943,6.6130832236,6.1329422592,6.6529468495,6.6529468495,6.6362350184,6.5959890293,6.4819601491,6.6529468492,6.65294684941,6.65294684941,6.65294684951,6.65294684901,4.87841462181,9.53699438951,8.80629458049,9.27030127022,12.45105228592,12.81429711492,12.98723803483,12.98723803483,12.98723803482,12.98723803472,12.98723803482,12.98723803482,12.98723803482,12.98723803433,12.98723803433,11.57459018192,11.60107550432,12.08858267792,11.52544481872,12.98723803512,12.98723803512,11.38611560092,12.98723803482,12.98723803482,12.98723803514,12.98723803514,12.98723803494,12.98723803462,12.98723803462,12.98723803462,12.98723803472,12.61163534072,12.28857720712,12.39207529372,12.98723803492,11.80120454694,12.90219603312,12.98723803422,12.98723803472,12.98723803462,12.98723803467,12.98723803467,12.98723803472,12.98723803472,8.35863869081,12.98723803441,12.98723803441,12.98723803441,12.98723803441,12.53030381987,12.98723803451,6.77311281167,7.73224755317,8.35754702837,13.14491932298,11.80440800388,13.14491932326,13.14491932326,13.14491932326,13.14491932326,13.14491932306,13.14491932316,13.14491932316,13.14491932316,7.64806465088,7.71606217408,9.56325836269
"t117",7.16729841409,6.5153153089,4.1912827021,4.1912827021,4.1912827013,3.9427546418,2.80787525552,3.53772224082,3.49154715002,3.0546339958,0,0.3521598248,0.8831111408,4.34011883179,4.34011883159,3.73576704652,4.04747960511,3.86892512771,3.95195768603,4.34011883153,4.34011883153,4.34011883163,4.34011883163,4.34011883169,4.340118831651,4.340118831651,4.34011883169,4.06940214049,4.34011883159,4.34011883159,4.34011883159,4.83790141219,7.05719254989,7.05719254949,7.05719254949,7.05719254949,7.05719254979,7.05719254919,7.05719254917,7.05719254917,5.16548757461,5.97293894681,7.13603509461,7.13603509461,6.34046101871,7.13603509475,7.13603509476,7.1360350947,7.13603509467,7.13603509467,7.13603509461,6.60518883694,7.13603509461,7.13603509461,7.13603509461,7.13603509461,7.13603509461,6.52781065353,7.13603509471,7.13603509451,6.86060247201,7.13603509441,7.13603509446,7.13603509446,7.13603509437,6.99449816997,7.13603509436,7.13603509436,7.11889506963,7.13603509443,7.0961714686,6.6160305042,7.1360350945,7.1360350945,7.1193232634,7.0790772743,6.9650483941,7.1360350942,7.13603509441,7.13603509441,7.13603509451,7.13603509401,5.36150286681,10.02008263451,9.28938282549,9.75338951522,12.93414053092,13.29738535992,13.47032627983,13.47032627983,13.47032627982,13.47032627972,13.47032627982,13.47032627982,13.47032627982,13.47032627933,13.47032627933,12.05767842692,12.08416374932,12.57167092292,12.00853306372,13.47032628012,13.47032628012,11.86920384592,13.47032627982,13.47032627982,13.47032628014,13.47032628014,13.47032627994,13.47032627962,13.47032627962,13.47032627962,13.47032627972,13.09472358572,12.77166545212,12.87516353872,13.47032627992,12.28429279194,13.38528427812,13.47032627922,13.47032627972,13.47032627962,13.47032627967,13.47032627967,13.47032627972,13.47032627972,8.84172693581,13.47032627941,13.47032627941,13.47032627941,13.47032627941,13.01339206487,13.47032627951,7.25620105667,8.21533579817,8.84063527337,13.62800756798,12.28749624888,13.62800756826,13.62800756826,13.62800756826,13.62800756826,13.62800756806,13.62800756816,13.62800756816,13.62800756816,8.13115289588,8.19915041908,10.04634660769
"t118",7.16729841409,6.5153153089,4.1912827021,4.1912827021,4.1912827013,3.9427546418,2.80787525552,3.53772224082,3.49154715002,3.0546339958,0.3521598248,0,0.8831111408,4.34011883179,4.34011883159,3.73576704652,4.04747960511,3.86892512771,3.95195768603,4.34011883153,4.34011883153,4.34011883163,4.34011883163,4.34011883169,4.340118831651,4.340118831651,4.34011883169,4.06940214049,4.34011883159,4.34011883159,4.34011883159,4.83790141219,7.05719254989,7.05719254949,7.05719254949,7.05719254949,7.05719254979,7.05719254919,7.05719254917,7.05719254917,5.16548757461,5.97293894681,7.13603509461,7.13603509461,6.34046101871,7.13603509475,7.13603509476,7.1360350947,7.13603509467,7.13603509467,7.13603509461,6.60518883694,7.13603509461,7.13603509461,7.13603509461,7.13603509461,7.13603509461,6.52781065353,7.13603509471,7.13603509451,6.86060247201,7.13603509441,7.13603509446,7.13603509446,7.13603509437,6.99449816997,7.13603509436,7.13603509436,7.11889506963,7.13603509443,7.0961714686,6.6160305042,7.1360350945,7.1360350945,7.1193232634,7.0790772743,6.9650483941,7.1360350942,7.13603509441,7.13603509441,7.13603509451,7.13603509401,5.36150286681,10.02008263451,9.28938282549,9.75338951522,12.93414053092,13.29738535992,13.47032627983,13.47032627983,13.47032627982,13.47032627972,13.47032627982,13.47032627982,13.47032627982,13.47032627933,13.47032627933,12.05767842692,12.08416374932,12.57167092292,12.00853306372,13.47032628012,13.47032628012,11.86920384592,13.47032627982,13.47032627982,13.47032628014,13.47032628014,13.47032627994,13.47032627962,13.47032627962,13.47032627962,13.47032627972,13.09472358572,12.77166545212,12.87516353872,13.47032627992,12.28429279194,13.38528427812,13.47032627922,13.47032627972,13.47032627962,13.47032627967,13.47032627967,13.47032627972,13.47032627972,8.84172693581,13.47032627941,13.47032627941,13.47032627941,13.47032627941,13.01339206487,13.47032627951,7.25620105667,8.21533579817,8.84063527337,13.62800756798,12.28749624888,13.62800756826,13.62800756826,13.62800756826,13.62800756826,13.62800756806,13.62800756816,13.62800756816,13.62800756816,8.13115289588,8.19915041908,10.04634660769
"t99",7.16729841409,6.5153153089,4.1912827021,4.1912827021,4.1912827013,3.9427546418,2.80787525552,3.53772224082,3.49154715002,3.0546339958,0.8831111408,0.8831111408,0,4.34011883179,4.34011883159,3.73576704652,4.04747960511,3.86892512771,3.95195768603,4.34011883153,4.34011883153,4.34011883163,4.34011883163,4.34011883169,4.340118831651,4.340118831651,4.34011883169,4.06940214049,4.34011883159,4.34011883159,4.34011883159,4.83790141219,7.05719254989,7.05719254949,7.05719254949,7.05719254949,7.05719254979,7.05719254919,7.05719254917,7.05719254917,5.16548757461,5.97293894681,7.13603509461,7.13603509461,6.34046101871,7.13603509475,7.13603509476,7.1360350947,7.13603509467,7.13603509467,7.13603509461,6.60518883694,7.13603509461,7.13603509461,7.13603509461,7.13603509461,7.13603509461,6.52781065353,7.13603509471,7.13603509451,6.86060247201,7.13603509441,7.13603509446,7.13603509446,7.13603509437,6.99449816997,7.13603509436,7.13603509436,7.11889506963,7.13603509443,7.0961714686,6.6160305042,7.1360350945,7.1360350945,7.1193232634,7.0790772743,6.9650483941,7.1360350942,7.13603509441,7.13603509441,7.13603509451,7.13603509401,5.36150286681,10.02008263451,9.28938282549,9.75338951522,12.93414053092,13.29738535992,13.47032627983,13.47032627983,13.47032627982,13.47032627972,13.47032627982,13.47032627982,13.47032627982,13.47032627933,13.47032627933,12.05767842692,12.08416374932,12.57167092292,12.00853306372,13.47032628012,13.47032628012,11.86920384592,13.47032627982,13.47032627982,13.47032628014,13.47032628014,13.47032627994,13.47032627962,13.47032627962,13.47032627962,13.47032627972,13.09472358572,12.77166545212,12.87516353872,13.47032627992,12.28429279194,13.38528427812,13.47032627922,13.47032627972,13.47032627962,13.47032627967,13.47032627967,13.47032627972,13.47032627972,8.84172693581,13.47032627941,13.47032627941,13.47032627941,13.47032627941,13.01339206487,13.47032627951,7.25620105667,8.21533579817,8.84063527337,13.62800756798,12.28749624888,13.62800756826,13.62800756826,13.62800756826,13.62800756826,13.62800756806,13.62800756816,13.62800756816,13.62800756816,8.13115289588,8.19915041908,10.04634660769
"t43",7.1672984141,6.51531530891,4.34011883189,4.34011883189,4.34011883109,4.34011883199,3.61027184651,4.34011883181,4.29394374101,3.85703058679,4.34011883179,4.34011883179,4.34011883179,0,2.1625294118,1.55817762673,2.07546417172,1.89690969432,1.97994225264,2.36810339814,2.36810339814,2.36810339824,2.36810339824,2.3681033983,2.368103398261,2.368103398261,2.3681033983,3.1624104815,3.4331271726,3.4331271726,3.4331271726,4.8379014122,7.0571925499,7.0571925495,7.0571925495,7.0571925495,7.0571925498,7.0571925492,7.05719254918,7.05719254918,5.16548757462,5.97293894682,7.13603509462,7.13603509462,6.34046101872,7.13603509476,7.13603509477,7.13603509471,7.13603509468,7.13603509468,7.13603509462,6.60518883695,7.13603509462,7.13603509462,7.13603509462,7.13603509462,7.13603509462,6.52781065354,7.13603509472,7.13603509452,6.86060247202,7.13603509442,7.13603509447,7.13603509447,7.13603509438,6.99449816998,7.13603509437,7.13603509437,7.11889506964,7.13603509444,7.09617146861,6.61603050421,7.13603509451,7.13603509451,7.11932326341,7.07907727431,6.96504839411,7.13603509421,7.13603509442,7.13603509442,7.13603509452,7.13603509402,5.36150286682,10.02008263452,9.2893828255,9.75338951523,12.93414053093,13.29738535993,13.47032627984,13.47032627984,13.47032627983,13.47032627973,13.47032627983,13.47032627983,13.47032627983,13.47032627934,13.47032627934,12.05767842693,12.08416374933,12.57167092293,12.00853306373,13.47032628013,13.47032628013,11.86920384593,13.47032627983,13.47032627983,13.47032628015,13.47032628015,13.47032627995,13.47032627963,13.47032627963,13.47032627963,13.47032627973,13.09472358573,12.77166545213,12.87516353873,13.47032627993,12.28429279195,13.38528427813,13.47032627923,13.47032627973,13.47032627963,13.47032627968,13.47032627968,13.47032627973,13.47032627973,8.84172693582,13.47032627942,13.47032627942,13.47032627942,13.47032627942,13.01339206488,13.47032627952,7.25620105668,8.21533579818,8.84063527338,13.62800756799,12.28749624889,13.62800756827,13.62800756827,13.62800756827,13.62800756827,13.62800756807,13.62800756817,13.62800756817,13.62800756817,8.13115289589,8.19915041909,10.0463466077
"t67",7.1672984139,6.51531530871,4.34011883169,4.34011883169,4.34011883089,4.34011883179,3.61027184631,4.34011883161,4.29394374081,3.85703058659,4.34011883159,4.34011883159,4.34011883159,2.1625294118,0,0.76503498433,2.07546417152,1.89690969412,1.97994225244,2.36810339794,2.36810339794,2.36810339804,2.36810339804,2.3681033981,2.368103398061,2.368103398061,2.3681033981,3.1624104813,3.4331271724,3.4331271724,3.4331271724,4.837901412,7.0571925497,7.0571925493,7.0571925493,7.0571925493,7.0571925496,7.057192549,7.05719254898,7.05719254898,5.16548757442,5.97293894662,7.13603509442,7.13603509442,6.34046101852,7.13603509456,7.13603509457,7.13603509451,7.13603509448,7.13603509448,7.13603509442,6.60518883675,7.13603509442,7.13603509442,7.13603509442,7.13603509442,7.13603509442,6.52781065334,7.13603509452,7.13603509432,6.86060247182,7.13603509422,7.13603509427,7.13603509427,7.13603509418,6.99449816978,7.13603509417,7.13603509417,7.11889506944,7.13603509424,7.09617146841,6.61603050401,7.13603509431,7.13603509431,7.11932326321,7.07907727411,6.96504839391,7.13603509401,7.13603509422,7.13603509422,7.13603509432,7.13603509382,5.36150286662,10.02008263432,9.2893828253,9.75338951503,12.93414053073,13.29738535973,13.47032627964,13.47032627964,13.47032627963,13.47032627953,13.47032627963,13.47032627963,13.47032627963,13.47032627914,13.47032627914,12.05767842673,12.08416374913,12.57167092273,12.00853306353,13.47032627993,13.47032627993,11.86920384573,13.47032627963,13.47032627963,13.47032627995,13.47032627995,13.47032627975,13.47032627943,13.47032627943,13.47032627943,13.47032627953,13.09472358553,12.77166545193,12.87516353853,13.47032627973,12.28429279175,13.38528427793,13.47032627903,13.47032627953,13.47032627943,13.47032627948,13.47032627948,13.47032627953,13.47032627953,8.84172693562,13.47032627922,13.47032627922,13.47032627922,13.47032627922,13.01339206468,13.47032627932,7.25620105648,8.21533579798,8.84063527318,13.62800756779,12.28749624869,13.62800756807,13.62800756807,13.62800756807,13.62800756807,13.62800756787,13.62800756797,13.62800756797,13.62800756797,8.13115289569,8.19915041889,10.0463466075
"t68",6.56294662883,5.91096352364,3.73576704662,3.73576704662,3.73576704582,3.73576704672,3.00592006124,3.73576704654,3.68959195574,3.25267880152,3.73576704652,3.73576704652,3.73576704652,1.55817762673,0.76503498433,0,1.47111238645,1.29255790905,1.37559046737,1.76375161287,1.76375161287,1.76375161297,1.76375161297,1.76375161303,1.763751612991,1.763751612991,1.76375161303,2.55805869623,2.82877538733,2.82877538733,2.82877538733,4.23354962693,6.45284076463,6.45284076423,6.45284076423,6.45284076423,6.45284076453,6.45284076393,6.45284076391,6.45284076391,4.56113578935,5.36858716155,6.53168330935,6.53168330935,5.73610923345,6.53168330949,6.5316833095,6.53168330944,6.53168330941,6.53168330941,6.53168330935,6.00083705168,6.53168330935,6.53168330935,6.53168330935,6.53168330935,6.53168330935,5.92345886827,6.53168330945,6.53168330925,6.25625068675,6.53168330915,6.5316833092,6.5316833092,6.53168330911,6.39014638471,6.5316833091,6.5316833091,6.51454328437,6.53168330917,6.49181968334,6.01167871894,6.53168330924,6.53168330924,6.51497147814,6.47472548904,6.36069660884,6.53168330894,6.53168330915,6.53168330915,6.53168330925,6.53168330875,4.75715108155,9.41573084925,8.68503104023,9.14903772996,12.32978874566,12.69303357466,12.86597449457,12.86597449457,12.86597449456,12.86597449446,12.86597449456,12.86597449456,12.86597449456,12.86597449407,12.86597449407,11.45332664166,11.47981196406,11.96731913766,11.40418127846,12.86597449486,12.86597449486,11.26485206066,12.86597449456,12.86597449456,12.86597449488,12.86597449488,12.86597449468,12.86597449436,12.86597449436,12.86597449436,12.86597449446,12.49037180046,12.16731366686,12.27081175346,12.86597449466,11.67994100668,12.78093249286,12.86597449396,12.86597449446,12.86597449436,12.86597449441,12.86597449441,12.86597449446,12.86597449446,8.23737515055,12.86597449415,12.86597449415,12.86597449415,12.86597449415,12.40904027961,12.86597449425,6.65184927141,7.61098401291,8.23628348811,13.02365578272,11.68314446362,13.023655783,13.023655783,13.023655783,13.023655783,13.0236557828,13.0236557829,13.0236557829,13.0236557829,7.52680111062,7.59479863382,9.44199482243
"t69",6.87465918742,6.22267608223,4.04747960521,4.04747960521,4.04747960441,4.04747960531,3.31763261983,4.04747960513,4.00130451433,3.56439136011,4.04747960511,4.04747960511,4.04747960511,2.07546417172,2.07546417152,1.47111238645,0,0.5821910406,1.42619044972,1.81435159522,1.81435159522,1.81435159532,1.81435159532,1.84608751022,1.846087510181,1.846087510181,1.84608751022,2.86977125482,3.14048794592,3.14048794592,3.14048794592,4.54526218552,6.76455332322,6.76455332282,6.76455332282,6.76455332282,6.76455332312,6.76455332252,6.7645533225,6.7645533225,4.87284834794,5.68029972014,6.84339586794,6.84339586794,6.04782179204,6.84339586808,6.84339586809,6.84339586803,6.843395868,6.843395868,6.84339586794,6.31254961027,6.84339586794,6.84339586794,6.84339586794,6.84339586794,6.84339586794,6.23517142686,6.84339586804,6.84339586784,6.56796324534,6.84339586774,6.84339586779,6.84339586779,6.8433958677,6.7018589433,6.84339586769,6.84339586769,6.82625584296,6.84339586776,6.80353224193,6.32339127753,6.84339586783,6.84339586783,6.82668403673,6.78643804763,6.67240916743,6.84339586753,6.84339586774,6.84339586774,6.84339586784,6.84339586734,5.06886364014,9.72744340784,8.99674359882,9.46075028855,12.64150130425,13.00474613325,13.17768705316,13.17768705316,13.17768705315,13.17768705305,13.17768705315,13.17768705315,13.17768705315,13.17768705266,13.17768705266,11.76503920025,11.79152452265,12.27903169625,11.71589383705,13.17768705345,13.17768705345,11.57656461925,13.17768705315,13.17768705315,13.17768705347,13.17768705347,13.17768705327,13.17768705295,13.17768705295,13.17768705295,13.17768705305,12.80208435905,12.47902622545,12.58252431205,13.17768705325,11.99165356527,13.09264505145,13.17768705255,13.17768705305,13.17768705295,13.177687053,13.177687053,13.17768705305,13.17768705305,8.54908770914,13.17768705274,13.17768705274,13.17768705274,13.17768705274,12.7207528382,13.17768705284,6.96356183,7.9226965715,8.5479960467,13.33536834131,11.99485702221,13.33536834159,13.33536834159,13.33536834159,13.33536834159,13.33536834139,13.33536834149,13.33536834149,13.33536834149,7.83851366921,7.90651119241,9.75370738102
"t70",6.69610471002,6.04412160483,3.86892512781,3.86892512781,3.86892512701,3.86892512791,3.13907814243,3.86892512773,3.82275003693,3.38583688271,3.86892512771,3.86892512771,3.86892512771,1.89690969432,1.89690969412,1.29255790905,0.5821910406,0,1.24763597232,1.63579711782,1.63579711782,1.63579711792,1.63579711792,1.66753303282,1.667533032781,1.667533032781,1.66753303282,2.69121677742,2.96193346852,2.96193346852,2.96193346852,4.36670770812,6.58599884582,6.58599884542,6.58599884542,6.58599884542,6.58599884572,6.58599884512,6.5859988451,6.5859988451,4.69429387054,5.50174524274,6.66484139054,6.66484139054,5.86926731464,6.66484139068,6.66484139069,6.66484139063,6.6648413906,6.6648413906,6.66484139054,6.13399513287,6.66484139054,6.66484139054,6.66484139054,6.66484139054,6.66484139054,6.05661694946,6.66484139064,6.66484139044,6.38940876794,6.66484139034,6.66484139039,6.66484139039,6.6648413903,6.5233044659,6.66484139029,6.66484139029,6.64770136556,6.66484139036,6.62497776453,6.14483680013,6.66484139043,6.66484139043,6.64812955933,6.60788357023,6.49385469003,6.66484139013,6.66484139034,6.66484139034,6.66484139044,6.66484138994,4.89030916274,9.54888893044,8.81818912142,9.28219581115,12.46294682685,12.82619165585,12.99913257576,12.99913257576,12.99913257575,12.99913257565,12.99913257575,12.99913257575,12.99913257575,12.99913257526,12.99913257526,11.58648472285,11.61297004525,12.10047721885,11.53733935965,12.99913257605,12.99913257605,11.39801014185,12.99913257575,12.99913257575,12.99913257607,12.99913257607,12.99913257587,12.99913257555,12.99913257555,12.99913257555,12.99913257565,12.62352988165,12.30047174805,12.40396983465,12.99913257585,11.81309908787,12.91409057405,12.99913257515,12.99913257565,12.99913257555,12.9991325756,12.9991325756,12.99913257565,12.99913257565,8.37053323174,12.99913257534,12.99913257534,12.99913257534,12.99913257534,12.5421983608,12.99913257544,6.7850073526,7.7441420941,8.3694415693,13.15681386391,11.81630254481,13.15681386419,13.15681386419,13.15681386419,13.15681386419,13.15681386399,13.15681386409,13.15681386409,13.15681386409,7.65995919181,7.72795671501,9.57515290362
