"","t2","t16","t80","t81","t119","t120","t84","t44","t45","t46","t47","t4","t10","t66","t67","t29","t26","t13","t11","t8","t6","t7","t14","t53","t93","t94","t104","t105","t102","t123","t124","t82","t36","t27","t28","t42","t51","t70","t112","t113","t78","t79","t147","t148","t110","t77","t72","t125","t126","t50","t71","t86","t87","t18","t35","t54","t55","t88","t145","t146","t149","t150","t43","t31","t32","t75","t76","t58","t101","t133","t134","t85","t5","t22","t23","t19","t48","t49","t52","t56","t57","t39","t38","t33","t137","t138","t116","t117","t100","t98","t3","t90","t91","t64","t65","t60","t40","t121","t143","t144","t92","t139","t140","t151","t152","t127","t128","t111","t131","t132","t17","t62","t63","t34","t24","t25","t15","t68","t69","t114","t115","t96","t122","t135","t136","t30","t20","t21","t108","t109","t95","t89","t118","t129","t130","t37","t59","t83","t99","t106","t107","t97","t141","t142","t103","t73","t74","t61","t41","t12","t9","t1"
"t2",0,5.35174529199,6.50320922079,6.0808884403,6.50320922079,6.50320922079,6.50320922079,5.84242597229,5.82752384459,6.20544639849,6.15678934889,1.71912964149,6.50320922183,6.50320922193,6.50320922193,6.50320922193,5.09962531184,4.05247224334,4.55896995704,2.99888267003,2.449580394601,2.539618414469,4.794398221769,6.503209221469,6.503209221469,6.503209221469,6.503209221419,6.503209221419,6.503209221469,6.495608729369,6.503209221469,6.503209221469,5.207009755559,5.483690377469,6.503209221569,5.712899573369,6.148054114169,6.503209221169,6.503209221169,6.503209221169,6.503209221169,6.503209221169,6.503209221131,6.503209221131,6.503209221169,6.503209221169,6.503209221169,6.503209221169,6.503209221169,5.620806879469,5.963136944469,6.503209221169,6.503209221169,6.503209220969,6.503209221469,6.503209221169,6.503209221169,6.503209221069,6.503209221119,6.503209221119,6.50320922114,6.50320922114,6.503209221169,5.107695991759,6.503209221499,6.503209221099,6.503209221099,6.503209221099,6.503209221099,6.503209221049,6.503209221049,6.503209221099,1.718708310001,6.50320922103,6.50320922103,4.94331351103,6.50320922083,6.50320922083,6.50320922101,6.16477757228,5.91482383818,6.50320922081,6.06574996763,5.45295801563,6.50320922067,6.50320922067,6.50320922074,6.50320922074,6.30866005034,6.50320922073,2.82947971183,6.5032092215,6.5032092215,5.936313753627,6.503209221227,6.503209221277,5.561019580677,6.503209221277,6.503209221257,6.503209221257,6.503209221277,6.50320922126,6.50320922126,6.503209221296,6.503209221296,6.50320922127,6.50320922127,6.5032092213,6.50320922129,6.50320922129,4.8509791647,6.5032092212,5.71187301142,5.6463011968,6.50320922165,5.45645502495,4.35609022069,6.5032092213,6.4519887249,6.2796053701,6.5032092213,6.5032092213,6.503209221,6.50320922096,6.50320922096,5.5674137601,6.5032092208,5.5744721808,6.50320922141,6.35462111971,6.50320922141,6.50320922141,6.41637718761,6.50320922143,6.50320922143,6.32889353462,5.68695441329,6.50320922132,6.50320922133,6.50320922129,6.26741596119,6.35291396452,6.50320922135,6.50320922135,6.50320922132,6.5032092212,5.960192001,6.5032092213,6.5032092217,4.1206579557,3.07820158157,4.3976812886
"t16",5.35174529199,0,3.1540211388,2.73170035831,3.1540211388,3.1540211388,3.1540211388,2.4932378903,2.4783357626,2.8562583165,2.8076012669,3.8685444815,8.67513675336,8.67513675346,8.67513675346,8.67513675346,7.27155284337,6.22439977487,6.73089748857,5.17081020156,5.281064934131,5.371102953999,7.625882761299,9.334693760999,9.334693760999,9.334693760999,9.334693760949,9.334693760949,9.334693760999,9.327093268899,9.334693760999,9.334693760999,8.038494295089,8.315174916999,9.334693761099,8.544384112899,8.979538653699,9.334693760699,9.334693760699,9.334693760699,9.334693760699,9.334693760699,9.334693760661,9.334693760661,9.334693760699,9.334693760699,9.334693760699,9.334693760699,9.334693760699,8.452291418999,8.794621483999,9.334693760699,9.334693760699,9.334693760499,9.334693760999,9.334693760699,9.334693760699,9.334693760599,9.334693760649,9.334693760649,9.33469376067,9.33469376067,9.334693760699,7.939180531289,9.334693761029,9.334693760629,9.334693760629,9.334693760629,9.334693760629,9.334693760579,9.334693760579,9.334693760629,4.550192849531,9.33469376056,9.33469376056,7.77479805056,9.33469376036,9.33469376036,9.33469376054,8.99626211181,8.74630837771,9.33469376034,8.89723450716,8.28444255516,9.3346937602,9.3346937602,9.33469376027,9.33469376027,9.14014458987,9.33469376026,5.66096425136,9.40133803389,9.40133803389,8.834442566017,9.401338033617,9.401338033667,8.459148393067,9.401338033667,9.401338033647,9.401338033647,9.401338033667,9.40133803365,9.40133803365,9.401338033686,9.401338033686,9.40133803366,9.40133803366,9.40133803369,9.40133803368,9.40133803368,7.74910797709,9.40133803359,8.61000182381,8.54443000919,9.40133803404,8.35458383734,7.25421903308,9.40133803369,9.35011753729,9.17773418249,9.40133803369,9.40133803369,9.40133803339,9.40133803335,9.40133803335,8.46554257249,9.40133803319,8.47260099319,9.4013380338,9.2527499321,9.4013380338,9.4013380338,9.314506,9.40133803382,9.40133803382,9.22702234701,8.58508322568,9.40133803371,9.40133803372,9.40133803368,9.16554477358,9.25104277691,9.40133803374,9.40133803374,9.40133803371,9.40133803359,8.85832081339,9.40133803369,9.40133803409,7.01878676809,5.97633039396,7.95710159259
"t80",6.50320922079,3.1540211388,0,0.75050696571,1.1728277462,1.1728277462,1.1728277462,3.1097665537,3.094864426,3.4727869799,3.4241299303,5.0200084103,9.82660068216,9.82660068226,9.82660068226,9.82660068226,8.42301677217,7.37586370367,7.88236141737,6.32227413036,6.432528862931,6.522566882799,8.777346690099,10.486157689799,10.486157689799,10.486157689799,10.486157689749,10.486157689749,10.486157689799,10.478557197699,10.486157689799,10.486157689799,9.189958223889,9.466638845799,10.486157689899,9.695848041699,10.131002582499,10.486157689499,10.486157689499,10.486157689499,10.486157689499,10.486157689499,10.486157689461,10.486157689461,10.486157689499,10.486157689499,10.486157689499,10.486157689499,10.486157689499,9.603755347799,9.946085412799,10.486157689499,10.486157689499,10.486157689299,10.486157689799,10.486157689499,10.486157689499,10.486157689399,10.486157689449,10.486157689449,10.48615768947,10.48615768947,10.486157689499,9.090644460089,10.486157689829,10.486157689429,10.486157689429,10.486157689429,10.486157689429,10.486157689379,10.486157689379,10.486157689429,5.701656778331,10.48615768936,10.48615768936,8.92626197936,10.48615768916,10.48615768916,10.48615768934,10.14772604061,9.89777230651,10.48615768914,10.04869843596,9.43590648396,10.486157689,10.486157689,10.48615768907,10.48615768907,10.29160851867,10.48615768906,6.81242818016,10.55280196269,10.55280196269,9.985906494817,10.552801962417,10.552801962467,9.610612321867,10.552801962467,10.552801962447,10.552801962447,10.552801962467,10.55280196245,10.55280196245,10.552801962486,10.552801962486,10.55280196246,10.55280196246,10.55280196249,10.55280196248,10.55280196248,8.90057190589,10.55280196239,9.76146575261,9.69589393799,10.55280196284,9.50604776614,8.40568296188,10.55280196249,10.50158146609,10.32919811129,10.55280196249,10.55280196249,10.55280196219,10.55280196215,10.55280196215,9.61700650129,10.55280196199,9.62406492199,10.5528019626,10.4042138609,10.5528019626,10.5528019626,10.4659699288,10.55280196262,10.55280196262,10.37848627581,9.73654715448,10.55280196251,10.55280196252,10.55280196248,10.31700870238,10.40250670571,10.55280196254,10.55280196254,10.55280196251,10.55280196239,10.00978474219,10.55280196249,10.55280196289,8.17025069689,7.12779432276,9.10856552139
"t81",6.0808884403,2.73170035831,0.75050696571,0,0.71492281549,0.71492281549,0.71492281549,2.68744577321,2.67254364551,3.05046619941,3.00180914981,4.59768762981,9.40427990167,9.40427990177,9.40427990177,9.40427990177,8.00069599168,6.95354292318,7.46004063688,5.89995334987,6.010208082441,6.100246102309,8.355025909609,10.063836909309,10.063836909309,10.063836909309,10.063836909259,10.063836909259,10.063836909309,10.056236417209,10.063836909309,10.063836909309,8.767637443399,9.044318065309,10.063836909409,9.273527261209,9.708681802009,10.063836909009,10.063836909009,10.063836909009,10.063836909009,10.063836909009,10.063836908971,10.063836908971,10.063836909009,10.063836909009,10.063836909009,10.063836909009,10.063836909009,9.181434567309,9.523764632309,10.063836909009,10.063836909009,10.063836908809,10.063836909309,10.063836909009,10.063836909009,10.063836908909,10.063836908959,10.063836908959,10.06383690898,10.06383690898,10.063836909009,8.668323679599,10.063836909339,10.063836908939,10.063836908939,10.063836908939,10.063836908939,10.063836908889,10.063836908889,10.063836908939,5.279335997841,10.06383690887,10.06383690887,8.50394119887,10.06383690867,10.06383690867,10.06383690885,9.72540526012,9.47545152602,10.06383690865,9.62637765547,9.01358570347,10.06383690851,10.06383690851,10.06383690858,10.06383690858,9.86928773818,10.06383690857,6.39010739967,10.1304811822,10.1304811822,9.563585714327,10.130481181927,10.130481181977,9.188291541377,10.130481181977,10.130481181957,10.130481181957,10.130481181977,10.13048118196,10.13048118196,10.130481181996,10.130481181996,10.13048118197,10.13048118197,10.130481182,10.13048118199,10.13048118199,8.4782511254,10.1304811819,9.33914497212,9.2735731575,10.13048118235,9.08372698565,7.98336218139,10.130481182,10.0792606856,9.9068773308,10.130481182,10.130481182,10.1304811817,10.13048118166,10.13048118166,9.1946857208,10.1304811815,9.2017441415,10.13048118211,9.98189308041,10.13048118211,10.13048118211,10.04364914831,10.13048118213,10.13048118213,9.95616549532,9.31422637399,10.13048118202,10.13048118203,10.13048118199,9.89468792189,9.98018592522,10.13048118205,10.13048118205,10.13048118202,10.1304811819,9.5874639617,10.130481182,10.1304811824,7.7479299164,6.70547354227,8.6862447409
"t119",6.50320922079,3.1540211388,1.1728277462,0.71492281549,0,0.2866224788,1.0780919564,3.1097665537,3.094864426,3.4727869799,3.4241299303,5.0200084103,9.82660068216,9.82660068226,9.82660068226,9.82660068226,8.42301677217,7.37586370367,7.88236141737,6.32227413036,6.432528862931,6.522566882799,8.777346690099,10.486157689799,10.486157689799,10.486157689799,10.486157689749,10.486157689749,10.486157689799,10.478557197699,10.486157689799,10.486157689799,9.189958223889,9.466638845799,10.486157689899,9.695848041699,10.131002582499,10.486157689499,10.486157689499,10.486157689499,10.486157689499,10.486157689499,10.486157689461,10.486157689461,10.486157689499,10.486157689499,10.486157689499,10.486157689499,10.486157689499,9.603755347799,9.946085412799,10.486157689499,10.486157689499,10.486157689299,10.486157689799,10.486157689499,10.486157689499,10.486157689399,10.486157689449,10.486157689449,10.48615768947,10.48615768947,10.486157689499,9.090644460089,10.486157689829,10.486157689429,10.486157689429,10.486157689429,10.486157689429,10.486157689379,10.486157689379,10.486157689429,5.701656778331,10.48615768936,10.48615768936,8.92626197936,10.48615768916,10.48615768916,10.48615768934,10.14772604061,9.89777230651,10.48615768914,10.04869843596,9.43590648396,10.486157689,10.486157689,10.48615768907,10.48615768907,10.29160851867,10.48615768906,6.81242818016,10.55280196269,10.55280196269,9.985906494817,10.552801962417,10.552801962467,9.610612321867,10.552801962467,10.552801962447,10.552801962447,10.552801962467,10.55280196245,10.55280196245,10.552801962486,10.552801962486,10.55280196246,10.55280196246,10.55280196249,10.55280196248,10.55280196248,8.90057190589,10.55280196239,9.76146575261,9.69589393799,10.55280196284,9.50604776614,8.40568296188,10.55280196249,10.50158146609,10.32919811129,10.55280196249,10.55280196249,10.55280196219,10.55280196215,10.55280196215,9.61700650129,10.55280196199,9.62406492199,10.5528019626,10.4042138609,10.5528019626,10.5528019626,10.4659699288,10.55280196262,10.55280196262,10.37848627581,9.73654715448,10.55280196251,10.55280196252,10.55280196248,10.31700870238,10.40250670571,10.55280196254,10.55280196254,10.55280196251,10.55280196239,10.00978474219,10.55280196249,10.55280196289,8.17025069689,7.12779432276,9.10856552139
"t120",6.50320922079,3.1540211388,1.1728277462,0.71492281549,0.2866224788,0,1.0780919564,3.1097665537,3.094864426,3.4727869799,3.4241299303,5.0200084103,9.82660068216,9.82660068226,9.82660068226,9.82660068226,8.42301677217,7.37586370367,7.88236141737,6.32227413036,6.432528862931,6.522566882799,8.777346690099,10.486157689799,10.486157689799,10.486157689799,10.486157689749,10.486157689749,10.486157689799,10.478557197699,10.486157689799,10.486157689799,9.189958223889,9.466638845799,10.486157689899,9.695848041699,10.131002582499,10.486157689499,10.486157689499,10.486157689499,10.486157689499,10.486157689499,10.486157689461,10.486157689461,10.486157689499,10.486157689499,10.486157689499,10.486157689499,10.486157689499,9.603755347799,9.946085412799,10.486157689499,10.486157689499,10.486157689299,10.486157689799,10.486157689499,10.486157689499,10.486157689399,10.486157689449,10.486157689449,10.48615768947,10.48615768947,10.486157689499,9.090644460089,10.486157689829,10.486157689429,10.486157689429,10.486157689429,10.486157689429,10.486157689379,10.486157689379,10.486157689429,5.701656778331,10.48615768936,10.48615768936,8.92626197936,10.48615768916,10.48615768916,10.48615768934,10.14772604061,9.89777230651,10.48615768914,10.04869843596,9.43590648396,10.486157689,10.486157689,10.48615768907,10.48615768907,10.29160851867,10.48615768906,6.81242818016,10.55280196269,10.55280196269,9.985906494817,10.552801962417,10.552801962467,9.610612321867,10.552801962467,10.552801962447,10.552801962447,10.552801962467,10.55280196245,10.55280196245,10.552801962486,10.552801962486,10.55280196246,10.55280196246,10.55280196249,10.55280196248,10.55280196248,8.90057190589,10.55280196239,9.76146575261,9.69589393799,10.55280196284,9.50604776614,8.40568296188,10.55280196249,10.50158146609,10.32919811129,10.55280196249,10.55280196249,10.55280196219,10.55280196215,10.55280196215,9.61700650129,10.55280196199,9.62406492199,10.5528019626,10.4042138609,10.5528019626,10.5528019626,10.4659699288,10.55280196262,10.55280196262,10.37848627581,9.73654715448,10.55280196251,10.55280196252,10.55280196248,10.31700870238,10.40250670571,10.55280196254,10.55280196254,10.55280196251,10.55280196239,10.00978474219,10.55280196249,10.55280196289,8.17025069689,7.12779432276,9.10856552139
"t84",6.50320922079,3.1540211388,1.1728277462,0.71492281549,1.0780919564,1.0780919564,0,3.1097665537,3.094864426,3.4727869799,3.4241299303,5.0200084103,9.82660068216,9.82660068226,9.82660068226,9.82660068226,8.42301677217,7.37586370367,7.88236141737,6.32227413036,6.432528862931,6.522566882799,8.777346690099,10.486157689799,10.486157689799,10.486157689799,10.486157689749,10.486157689749,10.486157689799,10.478557197699,10.486157689799,10.486157689799,9.189958223889,9.466638845799,10.486157689899,9.695848041699,10.131002582499,10.486157689499,10.486157689499,10.486157689499,10.486157689499,10.486157689499,10.486157689461,10.486157689461,10.486157689499,10.486157689499,10.486157689499,10.486157689499,10.486157689499,9.603755347799,9.946085412799,10.486157689499,10.486157689499,10.486157689299,10.486157689799,10.486157689499,10.486157689499,10.486157689399,10.486157689449,10.486157689449,10.48615768947,10.48615768947,10.486157689499,9.090644460089,10.486157689829,10.486157689429,10.486157689429,10.486157689429,10.486157689429,10.486157689379,10.486157689379,10.486157689429,5.701656778331,10.48615768936,10.48615768936,8.92626197936,10.48615768916,10.48615768916,10.48615768934,10.14772604061,9.89777230651,10.48615768914,10.04869843596,9.43590648396,10.486157689,10.486157689,10.48615768907,10.48615768907,10.29160851867,10.48615768906,6.81242818016,10.55280196269,10.55280196269,9.985906494817,10.552801962417,10.552801962467,9.610612321867,10.552801962467,10.552801962447,10.552801962447,10.552801962467,10.55280196245,10.55280196245,10.552801962486,10.552801962486,10.55280196246,10.55280196246,10.55280196249,10.55280196248,10.55280196248,8.90057190589,10.55280196239,9.76146575261,9.69589393799,10.55280196284,9.50604776614,8.40568296188,10.55280196249,10.50158146609,10.32919811129,10.55280196249,10.55280196249,10.55280196219,10.55280196215,10.55280196215,9.61700650129,10.55280196199,9.62406492199,10.5528019626,10.4042138609,10.5528019626,10.5528019626,10.4659699288,10.55280196262,10.55280196262,10.37848627581,9.73654715448,10.55280196251,10.55280196252,10.55280196248,10.31700870238,10.40250670571,10.55280196254,10.55280196254,10.55280196251,10.55280196239,10.00978474219,10.55280196249,10.55280196289,8.17025069689,7.12779432276,9.10856552139
"t44",5.84242597229,2.4932378903,3.1097665537,2.68744577321,3.1097665537,3.1097665537,3.1097665537,0,0.7881843535,1.5739239286,1.525266879,4.3592251618,9.16581743366,9.16581743376,9.16581743376,9.16581743376,7.76223352367,6.71508045517,7.22157816887,5.66149088186,5.771745614431,5.861783634299,8.116563441599,9.825374441299,9.825374441299,9.825374441299,9.825374441249,9.825374441249,9.825374441299,9.817773949199,9.825374441299,9.825374441299,8.529174975389,8.805855597299,9.825374441399,9.035064793199,9.470219333999,9.825374440999,9.825374440999,9.825374440999,9.825374440999,9.825374440999,9.825374440961,9.825374440961,9.825374440999,9.825374440999,9.825374440999,9.825374440999,9.825374440999,8.942972099299,9.285302164299,9.825374440999,9.825374440999,9.825374440799,9.825374441299,9.825374440999,9.825374440999,9.825374440899,9.825374440949,9.825374440949,9.82537444097,9.82537444097,9.825374440999,8.429861211589,9.825374441329,9.825374440929,9.825374440929,9.825374440929,9.825374440929,9.825374440879,9.825374440879,9.825374440929,5.040873529831,9.82537444086,9.82537444086,8.26547873086,9.82537444066,9.82537444066,9.82537444084,9.48694279211,9.23698905801,9.82537444064,9.38791518746,8.77512323546,9.8253744405,9.8253744405,9.82537444057,9.82537444057,9.63082527017,9.82537444056,6.15164493166,9.89201871419,9.89201871419,9.325123246317,9.892018713917,9.892018713967,8.949829073367,9.892018713967,9.892018713947,9.892018713947,9.892018713967,9.89201871395,9.89201871395,9.892018713986,9.892018713986,9.89201871396,9.89201871396,9.89201871399,9.89201871398,9.89201871398,8.23978865739,9.89201871389,9.10068250411,9.03511068949,9.89201871434,8.84526451764,7.74489971338,9.89201871399,9.84079821759,9.66841486279,9.89201871399,9.89201871399,9.89201871369,9.89201871365,9.89201871365,8.95622325279,9.89201871349,8.96328167349,9.8920187141,9.7434306124,9.8920187141,9.8920187141,9.8051866803,9.89201871412,9.89201871412,9.71770302731,9.07576390598,9.89201871401,9.89201871402,9.89201871398,9.65622545388,9.74172345721,9.89201871404,9.89201871404,9.89201871401,9.89201871389,9.34900149369,9.89201871399,9.89201871439,7.50946744839,6.46701107426,8.44778227289
"t45",5.82752384459,2.4783357626,3.094864426,2.67254364551,3.094864426,3.094864426,3.094864426,0.7881843535,0,1.5590218009,1.5103647513,4.3443230341,9.15091530596,9.15091530606,9.15091530606,9.15091530606,7.74733139597,6.70017832747,7.20667604117,5.64658875416,5.756843486731,5.846881506599,8.101661313899,9.810472313599,9.810472313599,9.810472313599,9.810472313549,9.810472313549,9.810472313599,9.802871821499,9.810472313599,9.810472313599,8.514272847689,8.790953469599,9.810472313699,9.020162665499,9.455317206299,9.810472313299,9.810472313299,9.810472313299,9.810472313299,9.810472313299,9.810472313261,9.810472313261,9.810472313299,9.810472313299,9.810472313299,9.810472313299,9.810472313299,8.928069971599,9.270400036599,9.810472313299,9.810472313299,9.810472313099,9.810472313599,9.810472313299,9.810472313299,9.810472313199,9.810472313249,9.810472313249,9.81047231327,9.81047231327,9.810472313299,8.414959083889,9.810472313629,9.810472313229,9.810472313229,9.810472313229,9.810472313229,9.810472313179,9.810472313179,9.810472313229,5.025971402131,9.81047231316,9.81047231316,8.25057660316,9.81047231296,9.81047231296,9.81047231314,9.47204066441,9.22208693031,9.81047231294,9.37301305976,8.76022110776,9.8104723128,9.8104723128,9.81047231287,9.81047231287,9.61592314247,9.81047231286,6.13674280396,9.87711658649,9.87711658649,9.310221118617,9.877116586217,9.877116586267,8.934926945667,9.877116586267,9.877116586247,9.877116586247,9.877116586267,9.87711658625,9.87711658625,9.877116586286,9.877116586286,9.87711658626,9.87711658626,9.87711658629,9.87711658628,9.87711658628,8.22488652969,9.87711658619,9.08578037641,9.02020856179,9.87711658664,8.83036238994,7.72999758568,9.87711658629,9.82589608989,9.65351273509,9.87711658629,9.87711658629,9.87711658599,9.87711658595,9.87711658595,8.94132112509,9.87711658579,8.94837954579,9.8771165864,9.7285284847,9.8771165864,9.8771165864,9.7902845526,9.87711658642,9.87711658642,9.70280089961,9.06086177828,9.87711658631,9.87711658632,9.87711658628,9.64132332618,9.72682132951,9.87711658634,9.87711658634,9.87711658631,9.87711658619,9.33409936599,9.87711658629,9.87711658669,7.49456532069,6.45210894656,8.43288014519
"t46",6.20544639849,2.8562583165,3.4727869799,3.05046619941,3.4727869799,3.4727869799,3.4727869799,1.5739239286,1.5590218009,0,1.426737684,4.722245588,9.52883785986,9.52883785996,9.52883785996,9.52883785996,8.12525394987,7.07810088137,7.58459859507,6.02451130806,6.134766040631,6.224804060499,8.479583867799,10.188394867499,10.188394867499,10.188394867499,10.188394867449,10.188394867449,10.188394867499,10.180794375399,10.188394867499,10.188394867499,8.892195401589,9.168876023499,10.188394867599,9.398085219399,9.833239760199,10.188394867199,10.188394867199,10.188394867199,10.188394867199,10.188394867199,10.188394867161,10.188394867161,10.188394867199,10.188394867199,10.188394867199,10.188394867199,10.188394867199,9.305992525499,9.648322590499,10.188394867199,10.188394867199,10.188394866999,10.188394867499,10.188394867199,10.188394867199,10.188394867099,10.188394867149,10.188394867149,10.18839486717,10.18839486717,10.188394867199,8.792881637789,10.188394867529,10.188394867129,10.188394867129,10.188394867129,10.188394867129,10.188394867079,10.188394867079,10.188394867129,5.403893956031,10.18839486706,10.18839486706,8.62849915706,10.18839486686,10.18839486686,10.18839486704,9.84996321831,9.60000948421,10.18839486684,9.75093561366,9.13814366166,10.1883948667,10.1883948667,10.18839486677,10.18839486677,9.99384569637,10.18839486676,6.51466535786,10.25503914039,10.25503914039,9.688143672517,10.255039140117,10.255039140167,9.312849499567,10.255039140167,10.255039140147,10.255039140147,10.255039140167,10.25503914015,10.25503914015,10.255039140186,10.255039140186,10.25503914016,10.25503914016,10.25503914019,10.25503914018,10.25503914018,8.60280908359,10.25503914009,9.46370293031,9.39813111569,10.25503914054,9.20828494384,8.10792013958,10.25503914019,10.20381864379,10.03143528899,10.25503914019,10.25503914019,10.25503913989,10.25503913985,10.25503913985,9.31924367899,10.25503913969,9.32630209969,10.2550391403,10.1064510386,10.2550391403,10.2550391403,10.1682071065,10.25503914032,10.25503914032,10.08072345351,9.43878433218,10.25503914021,10.25503914022,10.25503914018,10.01924588008,10.10474388341,10.25503914024,10.25503914024,10.25503914021,10.25503914009,9.71202191989,10.25503914019,10.25503914059,7.87248787459,6.83003150046,8.81080269909
"t47",6.15678934889,2.8076012669,3.4241299303,3.00180914981,3.4241299303,3.4241299303,3.4241299303,1.525266879,1.5103647513,1.426737684,0,4.6735885384,9.48018081026,9.48018081036,9.48018081036,9.48018081036,8.07659690027,7.02944383177,7.53594154547,5.97585425846,6.086108991031,6.176147010899,8.430926818199,10.139737817899,10.139737817899,10.139737817899,10.139737817849,10.139737817849,10.139737817899,10.132137325799,10.139737817899,10.139737817899,8.843538351989,9.120218973899,10.139737817999,9.349428169799,9.784582710599,10.139737817599,10.139737817599,10.139737817599,10.139737817599,10.139737817599,10.139737817561,10.139737817561,10.139737817599,10.139737817599,10.139737817599,10.139737817599,10.139737817599,9.257335475899,9.599665540899,10.139737817599,10.139737817599,10.139737817399,10.139737817899,10.139737817599,10.139737817599,10.139737817499,10.139737817549,10.139737817549,10.13973781757,10.13973781757,10.139737817599,8.744224588189,10.139737817929,10.139737817529,10.139737817529,10.139737817529,10.139737817529,10.139737817479,10.139737817479,10.139737817529,5.355236906431,10.13973781746,10.13973781746,8.57984210746,10.13973781726,10.13973781726,10.13973781744,9.80130616871,9.55135243461,10.13973781724,9.70227856406,9.08948661206,10.1397378171,10.1397378171,10.13973781717,10.13973781717,9.94518864677,10.13973781716,6.46600830826,10.20638209079,10.20638209079,9.639486622917,10.206382090517,10.206382090567,9.264192449967,10.206382090567,10.206382090547,10.206382090547,10.206382090567,10.20638209055,10.20638209055,10.206382090586,10.206382090586,10.20638209056,10.20638209056,10.20638209059,10.20638209058,10.20638209058,8.55415203399,10.20638209049,9.41504588071,9.34947406609,10.20638209094,9.15962789424,8.05926308998,10.20638209059,10.15516159419,9.98277823939,10.20638209059,10.20638209059,10.20638209029,10.20638209025,10.20638209025,9.27058662939,10.20638209009,9.27764505009,10.2063820907,10.057793989,10.2063820907,10.2063820907,10.1195500569,10.20638209072,10.20638209072,10.03206640391,9.39012728258,10.20638209061,10.20638209062,10.20638209058,9.97058883048,10.05608683381,10.20638209064,10.20638209064,10.20638209061,10.20638209049,9.66336487029,10.20638209059,10.20638209099,7.82383082499,6.78137445086,8.76214564949
"t4",1.71912964149,3.8685444815,5.0200084103,4.59768762981,5.0200084103,5.0200084103,5.0200084103,4.3592251618,4.3443230341,4.722245588,4.6735885384,0,5.04252110286,5.04252110296,5.04252110296,5.04252110296,3.63893719287,2.59178412437,3.09828183807,1.53819455106,1.648449283631,1.738487303499,3.993267110799,5.702078110499,5.702078110499,5.702078110499,5.702078110449,5.702078110449,5.702078110499,5.694477618399,5.702078110499,5.702078110499,4.405878644589,4.682559266499,5.702078110599,4.911768462399,5.346923003199,5.702078110199,5.702078110199,5.702078110199,5.702078110199,5.702078110199,5.702078110161,5.702078110161,5.702078110199,5.702078110199,5.702078110199,5.702078110199,5.702078110199,4.819675768499,5.162005833499,5.702078110199,5.702078110199,5.702078109999,5.702078110499,5.702078110199,5.702078110199,5.702078110099,5.702078110149,5.702078110149,5.70207811017,5.70207811017,5.702078110199,4.306564880789,5.702078110529,5.702078110129,5.702078110129,5.702078110129,5.702078110129,5.702078110079,5.702078110079,5.702078110129,0.917577199031,5.70207811006,5.70207811006,4.14218240006,5.70207810986,5.70207810986,5.70207811004,5.36364646131,5.11369272721,5.70207810984,5.26461885666,4.65182690466,5.7020781097,5.7020781097,5.70207810977,5.70207810977,5.50752893937,5.70207810976,2.02834860086,5.76872238339,5.76872238339,5.201826915517,5.768722383117,5.768722383167,4.826532742567,5.768722383167,5.768722383147,5.768722383147,5.768722383167,5.76872238315,5.76872238315,5.768722383186,5.768722383186,5.76872238316,5.76872238316,5.76872238319,5.76872238318,5.76872238318,4.11649232659,5.76872238309,4.97738617331,4.91181435869,5.76872238354,4.72196818684,3.62160338258,5.76872238319,5.71750188679,5.54511853199,5.76872238319,5.76872238319,5.76872238289,5.76872238285,5.76872238285,4.83292692199,5.76872238269,4.83998534269,5.7687223833,5.6201342816,5.7687223833,5.7687223833,5.6818903495,5.76872238332,5.76872238332,5.59440669651,4.95246757518,5.76872238321,5.76872238322,5.76872238318,5.53292912308,5.61842712641,5.76872238324,5.76872238324,5.76872238321,5.76872238309,5.22570516289,5.76872238319,5.76872238359,3.38617111759,2.34371474346,4.32448594209
"t10",6.50320922183,8.67513675336,9.82660068216,9.40427990167,9.82660068216,9.82660068216,9.82660068216,9.16581743366,9.15091530596,9.52883785986,9.48018081026,5.04252110286,0,5.7253124801,5.7253124801,5.7253124801,4.32172857001,3.27457550151,3.78107321521,4.0107384234,6.432528863971,6.522566883839,8.777346691139,10.486157690839,10.486157690839,10.486157690839,10.486157690789,10.486157690789,10.486157690839,10.478557198739,10.486157690839,10.486157690839,9.189958224929,9.466638846839,10.486157690939,9.695848042739,10.131002583539,10.486157690539,10.486157690539,10.486157690539,10.486157690539,10.486157690539,10.486157690501,10.486157690501,10.486157690539,10.486157690539,10.486157690539,10.486157690539,10.486157690539,9.603755348839,9.946085413839,10.486157690539,10.486157690539,10.486157690339,10.486157690839,10.486157690539,10.486157690539,10.486157690439,10.486157690489,10.486157690489,10.48615769051,10.48615769051,10.486157690539,9.090644461129,10.486157690869,10.486157690469,10.486157690469,10.486157690469,10.486157690469,10.486157690419,10.486157690419,10.486157690469,5.701656779371,10.4861576904,10.4861576904,8.9262619804,10.4861576902,10.4861576902,10.48615769038,10.14772604165,9.89777230755,10.48615769018,10.048698437,9.435906485,10.48615769004,10.48615769004,10.48615769011,10.48615769011,10.29160851971,10.4861576901,6.8124281812,10.55280196373,10.55280196373,9.985906495857,10.552801963457,10.552801963507,9.610612322907,10.552801963507,10.552801963487,10.552801963487,10.552801963507,10.55280196349,10.55280196349,10.552801963526,10.552801963526,10.5528019635,10.5528019635,10.55280196353,10.55280196352,10.55280196352,8.90057190693,10.55280196343,9.76146575365,9.69589393903,10.55280196388,9.50604776718,8.40568296292,10.55280196353,10.50158146713,10.32919811233,10.55280196353,10.55280196353,10.55280196323,10.55280196319,10.55280196319,9.61700650233,10.55280196303,9.62406492303,10.55280196364,10.40421386194,10.55280196364,10.55280196364,10.46596992984,10.55280196366,10.55280196366,10.37848627685,9.73654715552,10.55280196355,10.55280196356,10.55280196352,10.31700870342,10.40250670675,10.55280196358,10.55280196358,10.55280196355,10.55280196343,10.00978474323,10.55280196353,10.55280196393,8.17025069793,7.1277943238,9.10856552243
"t66",6.50320922193,8.67513675346,9.82660068226,9.40427990177,9.82660068226,9.82660068226,9.82660068226,9.16581743376,9.15091530606,9.52883785996,9.48018081036,5.04252110296,5.7253124801,0,1.5896684398,2.984665482,1.68517980149,2.72561513099,3.61305002669,4.0107384235,6.432528864071,6.522566883939,8.777346691239,10.486157690939,10.486157690939,10.486157690939,10.486157690889,10.486157690889,10.486157690939,10.478557198839,10.486157690939,10.486157690939,9.189958225029,9.466638846939,10.486157691039,9.695848042839,10.131002583639,10.486157690639,10.486157690639,10.486157690639,10.486157690639,10.486157690639,10.486157690601,10.486157690601,10.486157690639,10.486157690639,10.486157690639,10.486157690639,10.486157690639,9.603755348939,9.946085413939,10.486157690639,10.486157690639,10.486157690439,10.486157690939,10.486157690639,10.486157690639,10.486157690539,10.486157690589,10.486157690589,10.48615769061,10.48615769061,10.486157690639,9.090644461229,10.486157690969,10.486157690569,10.486157690569,10.486157690569,10.486157690569,10.486157690519,10.486157690519,10.486157690569,5.701656779471,10.4861576905,10.4861576905,8.9262619805,10.4861576903,10.4861576903,10.48615769048,10.14772604175,9.89777230765,10.48615769028,10.0486984371,9.4359064851,10.48615769014,10.48615769014,10.48615769021,10.48615769021,10.29160851981,10.4861576902,6.8124281813,10.55280196383,10.55280196383,9.985906495957,10.552801963557,10.552801963607,9.610612323007,10.552801963607,10.552801963587,10.552801963587,10.552801963607,10.55280196359,10.55280196359,10.552801963626,10.552801963626,10.5528019636,10.5528019636,10.55280196363,10.55280196362,10.55280196362,8.90057190703,10.55280196353,9.76146575375,9.69589393913,10.55280196398,9.50604776728,8.40568296302,10.55280196363,10.50158146723,10.32919811243,10.55280196363,10.55280196363,10.55280196333,10.55280196329,10.55280196329,9.61700650243,10.55280196313,9.62406492313,10.55280196374,10.40421386204,10.55280196374,10.55280196374,10.46596992994,10.55280196376,10.55280196376,10.37848627695,9.73654715562,10.55280196365,10.55280196366,10.55280196362,10.31700870352,10.40250670685,10.55280196368,10.55280196368,10.55280196365,10.55280196353,10.00978474333,10.55280196363,10.55280196403,8.17025069803,7.1277943239,9.10856552253
"t67",6.50320922193,8.67513675346,9.82660068226,9.40427990177,9.82660068226,9.82660068226,9.82660068226,9.16581743376,9.15091530606,9.52883785996,9.48018081036,5.04252110296,5.7253124801,1.5896684398,0,2.984665482,1.68517980149,2.72561513099,3.61305002669,4.0107384235,6.432528864071,6.522566883939,8.777346691239,10.486157690939,10.486157690939,10.486157690939,10.486157690889,10.486157690889,10.486157690939,10.478557198839,10.486157690939,10.486157690939,9.189958225029,9.466638846939,10.486157691039,9.695848042839,10.131002583639,10.486157690639,10.486157690639,10.486157690639,10.486157690639,10.486157690639,10.486157690601,10.486157690601,10.486157690639,10.486157690639,10.486157690639,10.486157690639,10.486157690639,9.603755348939,9.946085413939,10.486157690639,10.486157690639,10.486157690439,10.486157690939,10.486157690639,10.486157690639,10.486157690539,10.486157690589,10.486157690589,10.48615769061,10.48615769061,10.486157690639,9.090644461229,10.486157690969,10.486157690569,10.486157690569,10.486157690569,10.486157690569,10.486157690519,10.486157690519,10.486157690569,5.701656779471,10.4861576905,10.4861576905,8.9262619805,10.4861576903,10.4861576903,10.48615769048,10.14772604175,9.89777230765,10.48615769028,10.0486984371,9.4359064851,10.48615769014,10.48615769014,10.48615769021,10.48615769021,10.29160851981,10.4861576902,6.8124281813,10.55280196383,10.55280196383,9.985906495957,10.552801963557,10.552801963607,9.610612323007,10.552801963607,10.552801963587,10.552801963587,10.552801963607,10.55280196359,10.55280196359,10.552801963626,10.552801963626,10.5528019636,10.5528019636,10.55280196363,10.55280196362,10.55280196362,8.90057190703,10.55280196353,9.76146575375,9.69589393913,10.55280196398,9.50604776728,8.40568296302,10.55280196363,10.50158146723,10.32919811243,10.55280196363,10.55280196363,10.55280196333,10.55280196329,10.55280196329,9.61700650243,10.55280196313,9.62406492313,10.55280196374,10.40421386204,10.55280196374,10.55280196374,10.46596992994,10.55280196376,10.55280196376,10.37848627695,9.73654715562,10.55280196365,10.55280196366,10.55280196362,10.31700870352,10.40250670685,10.55280196368,10.55280196368,10.55280196365,10.55280196353,10.00978474333,10.55280196363,10.55280196403,8.17025069803,7.1277943239,9.10856552253
"t29",6.50320922193,8.67513675346,9.82660068226,9.40427990177,9.82660068226,9.82660068226,9.82660068226,9.16581743376,9.15091530606,9.52883785996,9.48018081036,5.04252110296,5.7253124801,2.984665482,2.984665482,0,1.68517980149,2.72561513099,3.61305002669,4.0107384235,6.432528864071,6.522566883939,8.777346691239,10.486157690939,10.486157690939,10.486157690939,10.486157690889,10.486157690889,10.486157690939,10.478557198839,10.486157690939,10.486157690939,9.189958225029,9.466638846939,10.486157691039,9.695848042839,10.131002583639,10.486157690639,10.486157690639,10.486157690639,10.486157690639,10.486157690639,10.486157690601,10.486157690601,10.486157690639,10.486157690639,10.486157690639,10.486157690639,10.486157690639,9.603755348939,9.946085413939,10.486157690639,10.486157690639,10.486157690439,10.486157690939,10.486157690639,10.486157690639,10.486157690539,10.486157690589,10.486157690589,10.48615769061,10.48615769061,10.486157690639,9.090644461229,10.486157690969,10.486157690569,10.486157690569,10.486157690569,10.486157690569,10.486157690519,10.486157690519,10.486157690569,5.701656779471,10.4861576905,10.4861576905,8.9262619805,10.4861576903,10.4861576903,10.48615769048,10.14772604175,9.89777230765,10.48615769028,10.0486984371,9.4359064851,10.48615769014,10.48615769014,10.48615769021,10.48615769021,10.29160851981,10.4861576902,6.8124281813,10.55280196383,10.55280196383,9.985906495957,10.552801963557,10.552801963607,9.610612323007,10.552801963607,10.552801963587,10.552801963587,10.552801963607,10.55280196359,10.55280196359,10.552801963626,10.552801963626,10.5528019636,10.5528019636,10.55280196363,10.55280196362,10.55280196362,8.90057190703,10.55280196353,9.76146575375,9.69589393913,10.55280196398,9.50604776728,8.40568296302,10.55280196363,10.50158146723,10.32919811243,10.55280196363,10.55280196363,10.55280196333,10.55280196329,10.55280196329,9.61700650243,10.55280196313,9.62406492313,10.55280196374,10.40421386204,10.55280196374,10.55280196374,10.46596992994,10.55280196376,10.55280196376,10.37848627695,9.73654715562,10.55280196365,10.55280196366,10.55280196362,10.31700870352,10.40250670685,10.55280196368,10.55280196368,10.55280196365,10.55280196353,10.00978474333,10.55280196363,10.55280196403,8.17025069803,7.1277943239,9.10856552253
"t26",5.09962531184,7.27155284337,8.42301677217,8.00069599168,8.42301677217,8.42301677217,8.42301677217,7.76223352367,7.74733139597,8.12525394987,8.07659690027,3.63893719287,4.32172857001,1.68517980149,1.68517980149,1.68517980149,0,1.3220312209,2.2094661166,2.60715451341,5.028944953981,5.118982973849,7.373762781149,9.082573780849,9.082573780849,9.082573780849,9.082573780799,9.082573780799,9.082573780849,9.074973288749,9.082573780849,9.082573780849,7.786374314939,8.063054936849,9.082573780949,8.292264132749,8.727418673549,9.082573780549,9.082573780549,9.082573780549,9.082573780549,9.082573780549,9.082573780511,9.082573780511,9.082573780549,9.082573780549,9.082573780549,9.082573780549,9.082573780549,8.200171438849,8.542501503849,9.082573780549,9.082573780549,9.082573780349,9.082573780849,9.082573780549,9.082573780549,9.082573780449,9.082573780499,9.082573780499,9.08257378052,9.08257378052,9.082573780549,7.687060551139,9.082573780879,9.082573780479,9.082573780479,9.082573780479,9.082573780479,9.082573780429,9.082573780429,9.082573780479,4.298072869381,9.08257378041,9.08257378041,7.52267807041,9.08257378021,9.08257378021,9.08257378039,8.74414213166,8.49418839756,9.08257378019,8.64511452701,8.03232257501,9.08257378005,9.08257378005,9.08257378012,9.08257378012,8.88802460972,9.08257378011,5.40884427121,9.14921805374,9.14921805374,8.582322585867,9.149218053467,9.149218053517,8.207028412917,9.149218053517,9.149218053497,9.149218053497,9.149218053517,9.1492180535,9.1492180535,9.149218053536,9.149218053536,9.14921805351,9.14921805351,9.14921805354,9.14921805353,9.14921805353,7.49698799694,9.14921805344,8.35788184366,8.29231002904,9.14921805389,8.10246385719,7.00209905293,9.14921805354,9.09799755714,8.92561420234,9.14921805354,9.14921805354,9.14921805324,9.1492180532,9.1492180532,8.21342259234,9.14921805304,8.22048101304,9.14921805365,9.00062995195,9.14921805365,9.14921805365,9.06238601985,9.14921805367,9.14921805367,8.97490236686,8.33296324553,9.14921805356,9.14921805357,9.14921805353,8.91342479343,8.99892279676,9.14921805359,9.14921805359,9.14921805356,9.14921805344,8.60620083324,9.14921805354,9.14921805394,6.76666678794,5.72421041381,7.70498161244
