"","t8","t63","t64","t55","t84","t85","t80","t97","t115","t116","t34","t73","t74","t69","t122","t123","t114","t100","t124","t125","t98","t99","t26","t133","t134","t89","t50","t145","t146","t35","t17","t45","t46","t129","t130","t20","t23","t86","t92","t93","t15","t101","t102","t53","t54","t103","t104","t94","t33","t31","t32","t28","t13","t41","t65","t95","t96","t39","t117","t118","t67","t36","t27","t51","t52","t43","t16","t9","t10","t7","t6","t42","t60","t90","t91","t83","t105","t106","t82","t79","t143","t144","t38","t3","t4","t5","t21","t22","t66","t131","t132","t81","t71","t58","t112","t113","t76","t77","t87","t88","t30","t107","t108","t110","t111","t137","t138","t59","t147","t148","t121","t126","t127","t61","t62","t44","t49","t68","t109","t119","t120","t78","t40","t37","t24","t14","t29","t48","t56","t57","t25","t11","t12","t141","t142","t75","t139","t140","t128","t70","t72","t135","t136","t47","t18","t19","t2","t1"
"t8",0,4.4702372754,4.4702372754,4.4702372754,4.4702372758,4.4702372758,4.4702372758,4.47023727508,4.47023727512,4.47023727512,3.07462627647,4.47023727557,4.47023727557,4.47023727546,4.47023727556,4.47023727556,4.47023727556,4.47023727556,4.47023727556,4.47023727556,4.47023727557,4.47023727557,4.47023727548,4.47023727531,4.47023727531,4.47023727538,3.34009228778,4.4702372757128,4.4702372757128,2.6918781891938,2.8796915039238,4.1462602895,4.4702372755,4.47023727528,4.47023727528,2.6502397902,2.348598017,4.4702372753,4.47023727526,4.47023727526,2.6059185748,4.47023727529,4.47023727529,4.332326852116,3.502245374566,4.47023727548,4.47023727548,4.47023727549,4.47023727539,4.47023727568,3.40986749038,4.4702372756,9.09303434616,12.36504055359,12.36504055349,12.36504055349,12.36504055349,11.37046574042,12.36504055372,12.36504055372,11.75521716654,10.94923138002,11.64151005202,12.3650405534,12.3650405534,11.4811727615,10.2423322602,10.15015529593,8.92695511423,7.47418775501,7.53241966222,11.42636757445,12.36504055315,12.36504055318,12.36504055318,12.36504055318,12.36504055308,12.36504055308,12.36504055318,11.97274934616,12.365040553131,12.365040553131,11.35030990882,6.127173509487,8.6773427916,7.1782697397,10.6288925944,10.2131230676,12.3650405545,12.36504055451,12.36504055451,12.3650405545,12.3650405545,12.3650405545,12.36504055419,12.36504055419,12.14185025219,12.36504055449,12.36504055439,12.36504055439,12.3650405548,12.3650405537,12.3650405537,12.3650405538,12.29373253561,12.36504055381,12.36504055381,11.44349475362,12.365040553404,12.365040553404,12.3650405534,12.36504055339,12.29906257538,12.3650405534,12.3650405534,12.3650405537,12.3650405531,12.3650405533,12.3650405533,12.36504055327,12.36504055327,12.3650405533,11.0809619494,10.67914305844,10.4802725134,11.5143966038,10.5607779469,12.3650405536,12.3650405537,12.3650405537,10.9014596749,11.2809101789,10.162352119959,12.365040554029,12.365040554029,12.365040553989,12.365040554029,12.365040554029,12.365040554029,12.365040554029,12.3650405542,12.36504055421,12.36504055421,11.5213974683,9.857202622,10.9360225646,6.61018316362,4.81907794292
"t63",4.4702372754,0,1.6710451174,1.9895076896,3.9623445878,3.9623445878,3.9623445878,7.86828112308,7.86828112312,7.86828112312,6.47267012447,7.86828112357,7.86828112357,7.86828112346,7.86828112356,7.86828112356,7.86828112356,7.86828112356,7.86828112356,7.86828112356,7.86828112357,7.86828112357,7.86828112348,7.86828112331,7.86828112331,7.86828112338,6.73813613578,7.8682811237128,7.8682811237128,6.0899220371938,6.2777353519238,7.5443041375,7.8682811235,7.86828112328,7.86828112328,6.0482836382,5.746641865,7.8682811233,7.86828112326,7.86828112326,6.0039624228,7.86828112329,7.86828112329,7.730370700116,6.900289222566,7.86828112348,7.86828112348,7.86828112349,7.86828112339,7.86828112368,6.80791133838,7.8682811236,12.76920336976,16.04120957719,16.04120957709,16.04120957709,16.04120957709,15.04663476402,16.04120957732,16.04120957732,15.43138619014,14.62540040362,15.31767907562,16.041209577,16.041209577,15.1573417851,13.9185012838,13.82632431953,12.60312413783,11.15035677861,11.20858868582,15.10253659805,16.04120957675,16.04120957678,16.04120957678,16.04120957678,16.04120957668,16.04120957668,16.04120957678,15.64891836976,16.041209576731,16.041209576731,15.02647893242,9.803342533087,12.3535118152,10.8544387633,14.305061618,13.8892920912,16.0412095781,16.04120957811,16.04120957811,16.0412095781,16.0412095781,16.0412095781,16.04120957779,16.04120957779,15.81801927579,16.04120957809,16.04120957799,16.04120957799,16.0412095784,16.0412095773,16.0412095773,16.0412095774,15.96990155921,16.04120957741,16.04120957741,15.11966377722,16.041209577004,16.041209577004,16.041209577,16.04120957699,15.97523159898,16.041209577,16.041209577,16.0412095773,16.0412095767,16.0412095769,16.0412095769,16.04120957687,16.04120957687,16.0412095769,14.757130973,14.35531208204,14.156441537,15.1905656274,14.2369469705,16.0412095772,16.0412095773,16.0412095773,14.5776286985,14.9570792025,13.838521143559,16.041209577629,16.041209577629,16.041209577589,16.041209577629,16.041209577629,16.041209577629,16.041209577629,16.0412095778,16.04120957781,16.04120957781,15.1975664919,13.5333716456,14.6121915882,10.28635218722,8.49524696652
"t64",4.4702372754,1.6710451174,0,1.9895076896,3.9623445878,3.9623445878,3.9623445878,7.86828112308,7.86828112312,7.86828112312,6.47267012447,7.86828112357,7.86828112357,7.86828112346,7.86828112356,7.86828112356,7.86828112356,7.86828112356,7.86828112356,7.86828112356,7.86828112357,7.86828112357,7.86828112348,7.86828112331,7.86828112331,7.86828112338,6.73813613578,7.8682811237128,7.8682811237128,6.0899220371938,6.2777353519238,7.5443041375,7.8682811235,7.86828112328,7.86828112328,6.0482836382,5.746641865,7.8682811233,7.86828112326,7.86828112326,6.0039624228,7.86828112329,7.86828112329,7.730370700116,6.900289222566,7.86828112348,7.86828112348,7.86828112349,7.86828112339,7.86828112368,6.80791133838,7.8682811236,12.76920336976,16.04120957719,16.04120957709,16.04120957709,16.04120957709,15.04663476402,16.04120957732,16.04120957732,15.43138619014,14.62540040362,15.31767907562,16.041209577,16.041209577,15.1573417851,13.9185012838,13.82632431953,12.60312413783,11.15035677861,11.20858868582,15.10253659805,16.04120957675,16.04120957678,16.04120957678,16.04120957678,16.04120957668,16.04120957668,16.04120957678,15.64891836976,16.041209576731,16.041209576731,15.02647893242,9.803342533087,12.3535118152,10.8544387633,14.305061618,13.8892920912,16.0412095781,16.04120957811,16.04120957811,16.0412095781,16.0412095781,16.0412095781,16.04120957779,16.04120957779,15.81801927579,16.04120957809,16.04120957799,16.04120957799,16.0412095784,16.0412095773,16.0412095773,16.0412095774,15.96990155921,16.04120957741,16.04120957741,15.11966377722,16.041209577004,16.041209577004,16.041209577,16.04120957699,15.97523159898,16.041209577,16.041209577,16.0412095773,16.0412095767,16.0412095769,16.0412095769,16.04120957687,16.04120957687,16.0412095769,14.757130973,14.35531208204,14.156441537,15.1905656274,14.2369469705,16.0412095772,16.0412095773,16.0412095773,14.5776286985,14.9570792025,13.838521143559,16.041209577629,16.041209577629,16.041209577589,16.041209577629,16.041209577629,16.041209577629,16.041209577629,16.0412095778,16.04120957781,16.04120957781,15.1975664919,13.5333716456,14.6121915882,10.28635218722,8.49524696652
"t55",4.4702372754,1.9895076896,1.9895076896,0,3.9623445878,3.9623445878,3.9623445878,7.86828112308,7.86828112312,7.86828112312,6.47267012447,7.86828112357,7.86828112357,7.86828112346,7.86828112356,7.86828112356,7.86828112356,7.86828112356,7.86828112356,7.86828112356,7.86828112357,7.86828112357,7.86828112348,7.86828112331,7.86828112331,7.86828112338,6.73813613578,7.8682811237128,7.8682811237128,6.0899220371938,6.2777353519238,7.5443041375,7.8682811235,7.86828112328,7.86828112328,6.0482836382,5.746641865,7.8682811233,7.86828112326,7.86828112326,6.0039624228,7.86828112329,7.86828112329,7.730370700116,6.900289222566,7.86828112348,7.86828112348,7.86828112349,7.86828112339,7.86828112368,6.80791133838,7.8682811236,12.76920336976,16.04120957719,16.04120957709,16.04120957709,16.04120957709,15.04663476402,16.04120957732,16.04120957732,15.43138619014,14.62540040362,15.31767907562,16.041209577,16.041209577,15.1573417851,13.9185012838,13.82632431953,12.60312413783,11.15035677861,11.20858868582,15.10253659805,16.04120957675,16.04120957678,16.04120957678,16.04120957678,16.04120957668,16.04120957668,16.04120957678,15.64891836976,16.041209576731,16.041209576731,15.02647893242,9.803342533087,12.3535118152,10.8544387633,14.305061618,13.8892920912,16.0412095781,16.04120957811,16.04120957811,16.0412095781,16.0412095781,16.0412095781,16.04120957779,16.04120957779,15.81801927579,16.04120957809,16.04120957799,16.04120957799,16.0412095784,16.0412095773,16.0412095773,16.0412095774,15.96990155921,16.04120957741,16.04120957741,15.11966377722,16.041209577004,16.041209577004,16.041209577,16.04120957699,15.97523159898,16.041209577,16.041209577,16.0412095773,16.0412095767,16.0412095769,16.0412095769,16.04120957687,16.04120957687,16.0412095769,14.757130973,14.35531208204,14.156441537,15.1905656274,14.2369469705,16.0412095772,16.0412095773,16.0412095773,14.5776286985,14.9570792025,13.838521143559,16.041209577629,16.041209577629,16.041209577589,16.041209577629,16.041209577629,16.041209577629,16.041209577629,16.0412095778,16.04120957781,16.04120957781,15.1975664919,13.5333716456,14.6121915882,10.28635218722,8.49524696652
"t84",4.4702372758,3.9623445878,3.9623445878,3.9623445878,0,0.59240325,0.9113830802,7.86828112348,7.86828112352,7.86828112352,6.47267012487,7.86828112397,7.86828112397,7.86828112386,7.86828112396,7.86828112396,7.86828112396,7.86828112396,7.86828112396,7.86828112396,7.86828112397,7.86828112397,7.86828112388,7.86828112371,7.86828112371,7.86828112378,6.73813613618,7.8682811241128,7.8682811241128,6.0899220375938,6.2777353523238,7.5443041379,7.8682811239,7.86828112368,7.86828112368,6.0482836386,5.7466418654,7.8682811237,7.86828112366,7.86828112366,6.0039624232,7.86828112369,7.86828112369,7.730370700516,6.900289222966,7.86828112388,7.86828112388,7.86828112389,7.86828112379,7.86828112408,6.80791133878,7.868281124,12.76920337016,16.04120957759,16.04120957749,16.04120957749,16.04120957749,15.04663476442,16.04120957772,16.04120957772,15.43138619054,14.62540040402,15.31767907602,16.0412095774,16.0412095774,15.1573417855,13.9185012842,13.82632431993,12.60312413823,11.15035677901,11.20858868622,15.10253659845,16.04120957715,16.04120957718,16.04120957718,16.04120957718,16.04120957708,16.04120957708,16.04120957718,15.64891837016,16.041209577131,16.041209577131,15.02647893282,9.803342533487,12.3535118156,10.8544387637,14.3050616184,13.8892920916,16.0412095785,16.04120957851,16.04120957851,16.0412095785,16.0412095785,16.0412095785,16.04120957819,16.04120957819,15.81801927619,16.04120957849,16.04120957839,16.04120957839,16.0412095788,16.0412095777,16.0412095777,16.0412095778,15.96990155961,16.04120957781,16.04120957781,15.11966377762,16.041209577404,16.041209577404,16.0412095774,16.04120957739,15.97523159938,16.0412095774,16.0412095774,16.0412095777,16.0412095771,16.0412095773,16.0412095773,16.04120957727,16.04120957727,16.0412095773,14.7571309734,14.35531208244,14.1564415374,15.1905656278,14.2369469709,16.0412095776,16.0412095777,16.0412095777,14.5776286989,14.9570792029,13.838521143959,16.041209578029,16.041209578029,16.041209577989,16.041209578029,16.041209578029,16.041209578029,16.041209578029,16.0412095782,16.04120957821,16.04120957821,15.1975664923,13.533371646,14.6121915886,10.28635218762,8.49524696692
"t85",4.4702372758,3.9623445878,3.9623445878,3.9623445878,0.59240325,0,0.9113830802,7.86828112348,7.86828112352,7.86828112352,6.47267012487,7.86828112397,7.86828112397,7.86828112386,7.86828112396,7.86828112396,7.86828112396,7.86828112396,7.86828112396,7.86828112396,7.86828112397,7.86828112397,7.86828112388,7.86828112371,7.86828112371,7.86828112378,6.73813613618,7.8682811241128,7.8682811241128,6.0899220375938,6.2777353523238,7.5443041379,7.8682811239,7.86828112368,7.86828112368,6.0482836386,5.7466418654,7.8682811237,7.86828112366,7.86828112366,6.0039624232,7.86828112369,7.86828112369,7.730370700516,6.900289222966,7.86828112388,7.86828112388,7.86828112389,7.86828112379,7.86828112408,6.80791133878,7.868281124,12.76920337016,16.04120957759,16.04120957749,16.04120957749,16.04120957749,15.04663476442,16.04120957772,16.04120957772,15.43138619054,14.62540040402,15.31767907602,16.0412095774,16.0412095774,15.1573417855,13.9185012842,13.82632431993,12.60312413823,11.15035677901,11.20858868622,15.10253659845,16.04120957715,16.04120957718,16.04120957718,16.04120957718,16.04120957708,16.04120957708,16.04120957718,15.64891837016,16.041209577131,16.041209577131,15.02647893282,9.803342533487,12.3535118156,10.8544387637,14.3050616184,13.8892920916,16.0412095785,16.04120957851,16.04120957851,16.0412095785,16.0412095785,16.0412095785,16.04120957819,16.04120957819,15.81801927619,16.04120957849,16.04120957839,16.04120957839,16.0412095788,16.0412095777,16.0412095777,16.0412095778,15.96990155961,16.04120957781,16.04120957781,15.11966377762,16.041209577404,16.041209577404,16.0412095774,16.04120957739,15.97523159938,16.0412095774,16.0412095774,16.0412095777,16.0412095771,16.0412095773,16.0412095773,16.04120957727,16.04120957727,16.0412095773,14.7571309734,14.35531208244,14.1564415374,15.1905656278,14.2369469709,16.0412095776,16.0412095777,16.0412095777,14.5776286989,14.9570792029,13.838521143959,16.041209578029,16.041209578029,16.041209577989,16.041209578029,16.041209578029,16.041209578029,16.041209578029,16.0412095782,16.04120957821,16.04120957821,15.1975664923,13.533371646,14.6121915886,10.28635218762,8.49524696692
"t80",4.4702372758,3.9623445878,3.9623445878,3.9623445878,0.9113830802,0.9113830802,0,7.86828112348,7.86828112352,7.86828112352,6.47267012487,7.86828112397,7.86828112397,7.86828112386,7.86828112396,7.86828112396,7.86828112396,7.86828112396,7.86828112396,7.86828112396,7.86828112397,7.86828112397,7.86828112388,7.86828112371,7.86828112371,7.86828112378,6.73813613618,7.8682811241128,7.8682811241128,6.0899220375938,6.2777353523238,7.5443041379,7.8682811239,7.86828112368,7.86828112368,6.0482836386,5.7466418654,7.8682811237,7.86828112366,7.86828112366,6.0039624232,7.86828112369,7.86828112369,7.730370700516,6.900289222966,7.86828112388,7.86828112388,7.86828112389,7.86828112379,7.86828112408,6.80791133878,7.868281124,12.76920337016,16.04120957759,16.04120957749,16.04120957749,16.04120957749,15.04663476442,16.04120957772,16.04120957772,15.43138619054,14.62540040402,15.31767907602,16.0412095774,16.0412095774,15.1573417855,13.9185012842,13.82632431993,12.60312413823,11.15035677901,11.20858868622,15.10253659845,16.04120957715,16.04120957718,16.04120957718,16.04120957718,16.04120957708,16.04120957708,16.04120957718,15.64891837016,16.041209577131,16.041209577131,15.02647893282,9.803342533487,12.3535118156,10.8544387637,14.3050616184,13.8892920916,16.0412095785,16.04120957851,16.04120957851,16.0412095785,16.0412095785,16.0412095785,16.04120957819,16.04120957819,15.81801927619,16.04120957849,16.04120957839,16.04120957839,16.0412095788,16.0412095777,16.0412095777,16.0412095778,15.96990155961,16.04120957781,16.04120957781,15.11966377762,16.041209577404,16.041209577404,16.0412095774,16.04120957739,15.97523159938,16.0412095774,16.0412095774,16.0412095777,16.0412095771,16.0412095773,16.0412095773,16.04120957727,16.04120957727,16.0412095773,14.7571309734,14.35531208244,14.1564415374,15.1905656278,14.2369469709,16.0412095776,16.0412095777,16.0412095777,14.5776286989,14.9570792029,13.838521143959,16.041209578029,16.041209578029,16.041209577989,16.041209578029,16.041209578029,16.041209578029,16.041209578029,16.0412095782,16.04120957821,16.04120957821,15.1975664923,13.533371646,14.6121915886,10.28635218762,8.49524696692
"t97",4.47023727508,7.86828112308,7.86828112308,7.86828112308,7.86828112348,7.86828112348,7.86828112348,0,0.44149730704,0.44149730704,2.50544253039,3.90105352949,3.90105352949,3.90105352938,3.90105352948,3.90105352948,3.90105352948,3.90105352948,3.90105352948,3.90105352948,3.90105352949,3.90105352949,5.5194518718,5.51945187163,5.51945187163,5.5194518717,4.3893068841,5.5437241469928,5.5437241469928,3.7653650604738,3.9531783752038,5.52565897958,5.84963596558,5.84963596536,5.84963596536,5.65364621928,5.35200444608,7.47364370438,7.47364370434,7.47364370434,5.60932500388,7.47364370437,7.47364370437,7.335733281196,6.505651803646,7.47364370456,7.47364370456,7.47364370457,7.47364370447,7.47364370476,6.41327391946,7.47364370468,12.76920336944,16.04120957687,16.04120957677,16.04120957677,16.04120957677,15.0466347637,16.041209577,16.041209577,15.43138618982,14.6254004033,15.3176790753,16.04120957668,16.04120957668,15.15734178478,13.91850128348,13.82632431921,12.60312413751,11.15035677829,11.2085886855,15.10253659773,16.04120957643,16.04120957646,16.04120957646,16.04120957646,16.04120957636,16.04120957636,16.04120957646,15.64891836944,16.041209576411,16.041209576411,15.0264789321,9.803342532767,12.35351181488,10.85443876298,14.30506161768,13.88929209088,16.04120957778,16.04120957779,16.04120957779,16.04120957778,16.04120957778,16.04120957778,16.04120957747,16.04120957747,15.81801927547,16.04120957777,16.04120957767,16.04120957767,16.04120957808,16.04120957698,16.04120957698,16.04120957708,15.96990155889,16.04120957709,16.04120957709,15.1196637769,16.041209576684,16.041209576684,16.04120957668,16.04120957667,15.97523159866,16.04120957668,16.04120957668,16.04120957698,16.04120957638,16.04120957658,16.04120957658,16.04120957655,16.04120957655,16.04120957658,14.75713097268,14.35531208172,14.15644153668,15.19056562708,14.23694697018,16.04120957688,16.04120957698,16.04120957698,14.57762869818,14.95707920218,13.838521143239,16.041209577309,16.041209577309,16.041209577269,16.041209577309,16.041209577309,16.041209577309,16.041209577309,16.04120957748,16.04120957749,16.04120957749,15.19756649158,13.53337164528,14.61219158788,10.2863521869,8.4952469662
"t115",4.47023727512,7.86828112312,7.86828112312,7.86828112312,7.86828112352,7.86828112352,7.86828112352,0.44149730704,0,0.2670068322,2.50544253043,3.90105352953,3.90105352953,3.90105352942,3.90105352952,3.90105352952,3.90105352952,3.90105352952,3.90105352952,3.90105352952,3.90105352953,3.90105352953,5.51945187184,5.51945187167,5.51945187167,5.51945187174,4.38930688414,5.5437241470328,5.5437241470328,3.7653650605138,3.9531783752438,5.52565897962,5.84963596562,5.8496359654,5.8496359654,5.65364621932,5.35200444612,7.47364370442,7.47364370438,7.47364370438,5.60932500392,7.47364370441,7.47364370441,7.335733281236,6.505651803686,7.4736437046,7.4736437046,7.47364370461,7.47364370451,7.4736437048,6.4132739195,7.47364370472,12.76920336948,16.04120957691,16.04120957681,16.04120957681,16.04120957681,15.04663476374,16.04120957704,16.04120957704,15.43138618986,14.62540040334,15.31767907534,16.04120957672,16.04120957672,15.15734178482,13.91850128352,13.82632431925,12.60312413755,11.15035677833,11.20858868554,15.10253659777,16.04120957647,16.0412095765,16.0412095765,16.0412095765,16.0412095764,16.0412095764,16.0412095765,15.64891836948,16.041209576451,16.041209576451,15.02647893214,9.803342532807,12.35351181492,10.85443876302,14.30506161772,13.88929209092,16.04120957782,16.04120957783,16.04120957783,16.04120957782,16.04120957782,16.04120957782,16.04120957751,16.04120957751,15.81801927551,16.04120957781,16.04120957771,16.04120957771,16.04120957812,16.04120957702,16.04120957702,16.04120957712,15.96990155893,16.04120957713,16.04120957713,15.11966377694,16.041209576724,16.041209576724,16.04120957672,16.04120957671,15.9752315987,16.04120957672,16.04120957672,16.04120957702,16.04120957642,16.04120957662,16.04120957662,16.04120957659,16.04120957659,16.04120957662,14.75713097272,14.35531208176,14.15644153672,15.19056562712,14.23694697022,16.04120957692,16.04120957702,16.04120957702,14.57762869822,14.95707920222,13.838521143279,16.041209577349,16.041209577349,16.041209577309,16.041209577349,16.041209577349,16.041209577349,16.041209577349,16.04120957752,16.04120957753,16.04120957753,15.19756649162,13.53337164532,14.61219158792,10.28635218694,8.49524696624
"t116",4.47023727512,7.86828112312,7.86828112312,7.86828112312,7.86828112352,7.86828112352,7.86828112352,0.44149730704,0.2670068322,0,2.50544253043,3.90105352953,3.90105352953,3.90105352942,3.90105352952,3.90105352952,3.90105352952,3.90105352952,3.90105352952,3.90105352952,3.90105352953,3.90105352953,5.51945187184,5.51945187167,5.51945187167,5.51945187174,4.38930688414,5.5437241470328,5.5437241470328,3.7653650605138,3.9531783752438,5.52565897962,5.84963596562,5.8496359654,5.8496359654,5.65364621932,5.35200444612,7.47364370442,7.47364370438,7.47364370438,5.60932500392,7.47364370441,7.47364370441,7.335733281236,6.505651803686,7.4736437046,7.4736437046,7.47364370461,7.47364370451,7.4736437048,6.4132739195,7.47364370472,12.76920336948,16.04120957691,16.04120957681,16.04120957681,16.04120957681,15.04663476374,16.04120957704,16.04120957704,15.43138618986,14.62540040334,15.31767907534,16.04120957672,16.04120957672,15.15734178482,13.91850128352,13.82632431925,12.60312413755,11.15035677833,11.20858868554,15.10253659777,16.04120957647,16.0412095765,16.0412095765,16.0412095765,16.0412095764,16.0412095764,16.0412095765,15.64891836948,16.041209576451,16.041209576451,15.02647893214,9.803342532807,12.35351181492,10.85443876302,14.30506161772,13.88929209092,16.04120957782,16.04120957783,16.04120957783,16.04120957782,16.04120957782,16.04120957782,16.04120957751,16.04120957751,15.81801927551,16.04120957781,16.04120957771,16.04120957771,16.04120957812,16.04120957702,16.04120957702,16.04120957712,15.96990155893,16.04120957713,16.04120957713,15.11966377694,16.041209576724,16.041209576724,16.04120957672,16.04120957671,15.9752315987,16.04120957672,16.04120957672,16.04120957702,16.04120957642,16.04120957662,16.04120957662,16.04120957659,16.04120957659,16.04120957662,14.75713097272,14.35531208176,14.15644153672,15.19056562712,14.23694697022,16.04120957692,16.04120957702,16.04120957702,14.57762869822,14.95707920222,13.838521143279,16.041209577349,16.041209577349,16.041209577309,16.041209577349,16.041209577349,16.041209577349,16.041209577349,16.04120957752,16.04120957753,16.04120957753,15.19756649162,13.53337164532,14.61219158792,10.28635218694,8.49524696624
"t34",3.07462627647,6.47267012447,6.47267012447,6.47267012447,6.47267012487,6.47267012487,6.47267012487,2.50544253039,2.50544253043,2.50544253043,0,2.3832089441,2.3832089441,2.38320894399,2.38320894409,2.38320894409,2.38320894409,2.38320894409,2.38320894409,2.38320894409,2.3832089441,2.3832089441,4.12384087319,4.12384087302,4.12384087302,4.12384087309,2.99369588549,4.1481131483828,4.1481131483828,2.3697540618638,2.5575673765938,4.13004798097,4.45402496697,4.45402496675,4.45402496675,4.25803522067,3.95639344747,6.07803270577,6.07803270573,6.07803270573,4.21371400527,6.07803270576,6.07803270576,5.940122282586,5.110040805036,6.07803270595,6.07803270595,6.07803270596,6.07803270586,6.07803270615,5.01766292085,6.07803270607,11.37359237083,14.64559857826,14.64559857816,14.64559857816,14.64559857816,13.65102376509,14.64559857839,14.64559857839,14.03577519121,13.22978940469,13.92206807669,14.64559857807,14.64559857807,13.76173078617,12.52289028487,12.4307133206,11.2075131389,9.75474577968,9.81297768689,13.70692559912,14.64559857782,14.64559857785,14.64559857785,14.64559857785,14.64559857775,14.64559857775,14.64559857785,14.25330737083,14.645598577801,14.645598577801,13.63086793349,8.407731534157,10.95790081627,9.45882776437,12.90945061907,12.49368109227,14.64559857917,14.64559857918,14.64559857918,14.64559857917,14.64559857917,14.64559857917,14.64559857886,14.64559857886,14.42240827686,14.64559857916,14.64559857906,14.64559857906,14.64559857947,14.64559857837,14.64559857837,14.64559857847,14.57429056028,14.64559857848,14.64559857848,13.72405277829,14.645598578074,14.645598578074,14.64559857807,14.64559857806,14.57962060005,14.64559857807,14.64559857807,14.64559857837,14.64559857777,14.64559857797,14.64559857797,14.64559857794,14.64559857794,14.64559857797,13.36151997407,12.95970108311,12.76083053807,13.79495462847,12.84133597157,14.64559857827,14.64559857837,14.64559857837,13.18201769957,13.56146820357,12.442910144629,14.645598578699,14.645598578699,14.645598578659,14.645598578699,14.645598578699,14.645598578699,14.645598578699,14.64559857887,14.64559857888,14.64559857888,13.80195549297,12.13776064667,13.21658058927,8.89074118829,7.09963596759
"t73",4.47023727557,7.86828112357,7.86828112357,7.86828112357,7.86828112397,7.86828112397,7.86828112397,3.90105352949,3.90105352953,3.90105352953,2.3832089441,0,1.1038655868,1.35876236549,1.35876236559,1.35876236559,1.35876236559,1.35876236559,1.35876236559,1.35876236559,2.151716818,2.151716818,5.51945187229,5.51945187212,5.51945187212,5.51945187219,4.38930688459,5.5437241474828,5.5437241474828,3.7653650609638,3.9531783756938,5.52565898007,5.84963596607,5.84963596585,5.84963596585,5.65364621977,5.35200444657,7.47364370487,7.47364370483,7.47364370483,5.60932500437,7.47364370486,7.47364370486,7.335733281686,6.505651804136,7.47364370505,7.47364370505,7.47364370506,7.47364370496,7.47364370525,6.41327391995,7.47364370517,12.76920336993,16.04120957736,16.04120957726,16.04120957726,16.04120957726,15.04663476419,16.04120957749,16.04120957749,15.43138619031,14.62540040379,15.31767907579,16.04120957717,16.04120957717,15.15734178527,13.91850128397,13.8263243197,12.603124138,11.15035677878,11.20858868599,15.10253659822,16.04120957692,16.04120957695,16.04120957695,16.04120957695,16.04120957685,16.04120957685,16.04120957695,15.64891836993,16.041209576901,16.041209576901,15.02647893259,9.803342533257,12.35351181537,10.85443876347,14.30506161817,13.88929209137,16.04120957827,16.04120957828,16.04120957828,16.04120957827,16.04120957827,16.04120957827,16.04120957796,16.04120957796,15.81801927596,16.04120957826,16.04120957816,16.04120957816,16.04120957857,16.04120957747,16.04120957747,16.04120957757,15.96990155938,16.04120957758,16.04120957758,15.11966377739,16.041209577174,16.041209577174,16.04120957717,16.04120957716,15.97523159915,16.04120957717,16.04120957717,16.04120957747,16.04120957687,16.04120957707,16.04120957707,16.04120957704,16.04120957704,16.04120957707,14.75713097317,14.35531208221,14.15644153717,15.19056562757,14.23694697067,16.04120957737,16.04120957747,16.04120957747,14.57762869867,14.95707920267,13.838521143729,16.041209577799,16.041209577799,16.041209577759,16.041209577799,16.041209577799,16.041209577799,16.041209577799,16.04120957797,16.04120957798,16.04120957798,15.19756649207,13.53337164577,14.61219158837,10.28635218739,8.49524696669
"t74",4.47023727557,7.86828112357,7.86828112357,7.86828112357,7.86828112397,7.86828112397,7.86828112397,3.90105352949,3.90105352953,3.90105352953,2.3832089441,1.1038655868,0,1.35876236549,1.35876236559,1.35876236559,1.35876236559,1.35876236559,1.35876236559,1.35876236559,2.151716818,2.151716818,5.51945187229,5.51945187212,5.51945187212,5.51945187219,4.38930688459,5.5437241474828,5.5437241474828,3.7653650609638,3.9531783756938,5.52565898007,5.84963596607,5.84963596585,5.84963596585,5.65364621977,5.35200444657,7.47364370487,7.47364370483,7.47364370483,5.60932500437,7.47364370486,7.47364370486,7.335733281686,6.505651804136,7.47364370505,7.47364370505,7.47364370506,7.47364370496,7.47364370525,6.41327391995,7.47364370517,12.76920336993,16.04120957736,16.04120957726,16.04120957726,16.04120957726,15.04663476419,16.04120957749,16.04120957749,15.43138619031,14.62540040379,15.31767907579,16.04120957717,16.04120957717,15.15734178527,13.91850128397,13.8263243197,12.603124138,11.15035677878,11.20858868599,15.10253659822,16.04120957692,16.04120957695,16.04120957695,16.04120957695,16.04120957685,16.04120957685,16.04120957695,15.64891836993,16.041209576901,16.041209576901,15.02647893259,9.803342533257,12.35351181537,10.85443876347,14.30506161817,13.88929209137,16.04120957827,16.04120957828,16.04120957828,16.04120957827,16.04120957827,16.04120957827,16.04120957796,16.04120957796,15.81801927596,16.04120957826,16.04120957816,16.04120957816,16.04120957857,16.04120957747,16.04120957747,16.04120957757,15.96990155938,16.04120957758,16.04120957758,15.11966377739,16.041209577174,16.041209577174,16.04120957717,16.04120957716,15.97523159915,16.04120957717,16.04120957717,16.04120957747,16.04120957687,16.04120957707,16.04120957707,16.04120957704,16.04120957704,16.04120957707,14.75713097317,14.35531208221,14.15644153717,15.19056562757,14.23694697067,16.04120957737,16.04120957747,16.04120957747,14.57762869867,14.95707920267,13.838521143729,16.041209577799,16.041209577799,16.041209577759,16.041209577799,16.041209577799,16.041209577799,16.041209577799,16.04120957797,16.04120957798,16.04120957798,15.19756649207,13.53337164577,14.61219158837,10.28635218739,8.49524696669
"t69",4.47023727546,7.86828112346,7.86828112346,7.86828112346,7.86828112386,7.86828112386,7.86828112386,3.90105352938,3.90105352942,3.90105352942,2.38320894399,1.35876236549,1.35876236549,0,1.2200159047,1.2200159047,1.2200159047,1.2200159047,1.2200159047,1.2200159047,2.15171681789,2.15171681789,5.51945187218,5.51945187201,5.51945187201,5.51945187208,4.38930688448,5.5437241473728,5.5437241473728,3.7653650608538,3.9531783755838,5.52565897996,5.84963596596,5.84963596574,5.84963596574,5.65364621966,5.35200444646,7.47364370476,7.47364370472,7.47364370472,5.60932500426,7.47364370475,7.47364370475,7.335733281576,6.505651804026,7.47364370494,7.47364370494,7.47364370495,7.47364370485,7.47364370514,6.41327391984,7.47364370506,12.76920336982,16.04120957725,16.04120957715,16.04120957715,16.04120957715,15.04663476408,16.04120957738,16.04120957738,15.4313861902,14.62540040368,15.31767907568,16.04120957706,16.04120957706,15.15734178516,13.91850128386,13.82632431959,12.60312413789,11.15035677867,11.20858868588,15.10253659811,16.04120957681,16.04120957684,16.04120957684,16.04120957684,16.04120957674,16.04120957674,16.04120957684,15.64891836982,16.041209576791,16.041209576791,15.02647893248,9.803342533147,12.35351181526,10.85443876336,14.30506161806,13.88929209126,16.04120957816,16.04120957817,16.04120957817,16.04120957816,16.04120957816,16.04120957816,16.04120957785,16.04120957785,15.81801927585,16.04120957815,16.04120957805,16.04120957805,16.04120957846,16.04120957736,16.04120957736,16.04120957746,15.96990155927,16.04120957747,16.04120957747,15.11966377728,16.041209577064,16.041209577064,16.04120957706,16.04120957705,15.97523159904,16.04120957706,16.04120957706,16.04120957736,16.04120957676,16.04120957696,16.04120957696,16.04120957693,16.04120957693,16.04120957696,14.75713097306,14.3553120821,14.15644153706,15.19056562746,14.23694697056,16.04120957726,16.04120957736,16.04120957736,14.57762869856,14.95707920256,13.838521143619,16.041209577689,16.041209577689,16.041209577649,16.041209577689,16.041209577689,16.041209577689,16.041209577689,16.04120957786,16.04120957787,16.04120957787,15.19756649196,13.53337164566,14.61219158826,10.28635218728,8.49524696658
"t122",4.47023727556,7.86828112356,7.86828112356,7.86828112356,7.86828112396,7.86828112396,7.86828112396,3.90105352948,3.90105352952,3.90105352952,2.38320894409,1.35876236559,1.35876236559,1.2200159047,0,0.22429849,0.3063193772,0.5994443332,0.5994443332,0.5994443332,2.15171681799,2.15171681799,5.51945187228,5.51945187211,5.51945187211,5.51945187218,4.38930688458,5.5437241474728,5.5437241474728,3.7653650609538,3.9531783756838,5.52565898006,5.84963596606,5.84963596584,5.84963596584,5.65364621976,5.35200444656,7.47364370486,7.47364370482,7.47364370482,5.60932500436,7.47364370485,7.47364370485,7.335733281676,6.505651804126,7.47364370504,7.47364370504,7.47364370505,7.47364370495,7.47364370524,6.41327391994,7.47364370516,12.76920336992,16.04120957735,16.04120957725,16.04120957725,16.04120957725,15.04663476418,16.04120957748,16.04120957748,15.4313861903,14.62540040378,15.31767907578,16.04120957716,16.04120957716,15.15734178526,13.91850128396,13.82632431969,12.60312413799,11.15035677877,11.20858868598,15.10253659821,16.04120957691,16.04120957694,16.04120957694,16.04120957694,16.04120957684,16.04120957684,16.04120957694,15.64891836992,16.041209576891,16.041209576891,15.02647893258,9.803342533247,12.35351181536,10.85443876346,14.30506161816,13.88929209136,16.04120957826,16.04120957827,16.04120957827,16.04120957826,16.04120957826,16.04120957826,16.04120957795,16.04120957795,15.81801927595,16.04120957825,16.04120957815,16.04120957815,16.04120957856,16.04120957746,16.04120957746,16.04120957756,15.96990155937,16.04120957757,16.04120957757,15.11966377738,16.041209577164,16.041209577164,16.04120957716,16.04120957715,15.97523159914,16.04120957716,16.04120957716,16.04120957746,16.04120957686,16.04120957706,16.04120957706,16.04120957703,16.04120957703,16.04120957706,14.75713097316,14.3553120822,14.15644153716,15.19056562756,14.23694697066,16.04120957736,16.04120957746,16.04120957746,14.57762869866,14.95707920266,13.838521143719,16.041209577789,16.041209577789,16.041209577749,16.041209577789,16.041209577789,16.041209577789,16.041209577789,16.04120957796,16.04120957797,16.04120957797,15.19756649206,13.53337164576,14.61219158836,10.28635218738,8.49524696668
"t123",4.47023727556,7.86828112356,7.86828112356,7.86828112356,7.86828112396,7.86828112396,7.86828112396,3.90105352948,3.90105352952,3.90105352952,2.38320894409,1.35876236559,1.35876236559,1.2200159047,0.22429849,0,0.3063193772,0.5994443332,0.5994443332,0.5994443332,2.15171681799,2.15171681799,5.51945187228,5.51945187211,5.51945187211,5.51945187218,4.38930688458,5.5437241474728,5.5437241474728,3.7653650609538,3.9531783756838,5.52565898006,5.84963596606,5.84963596584,5.84963596584,5.65364621976,5.35200444656,7.47364370486,7.47364370482,7.47364370482,5.60932500436,7.47364370485,7.47364370485,7.335733281676,6.505651804126,7.47364370504,7.47364370504,7.47364370505,7.47364370495,7.47364370524,6.41327391994,7.47364370516,12.76920336992,16.04120957735,16.04120957725,16.04120957725,16.04120957725,15.04663476418,16.04120957748,16.04120957748,15.4313861903,14.62540040378,15.31767907578,16.04120957716,16.04120957716,15.15734178526,13.91850128396,13.82632431969,12.60312413799,11.15035677877,11.20858868598,15.10253659821,16.04120957691,16.04120957694,16.04120957694,16.04120957694,16.04120957684,16.04120957684,16.04120957694,15.64891836992,16.041209576891,16.041209576891,15.02647893258,9.803342533247,12.35351181536,10.85443876346,14.30506161816,13.88929209136,16.04120957826,16.04120957827,16.04120957827,16.04120957826,16.04120957826,16.04120957826,16.04120957795,16.04120957795,15.81801927595,16.04120957825,16.04120957815,16.04120957815,16.04120957856,16.04120957746,16.04120957746,16.04120957756,15.96990155937,16.04120957757,16.04120957757,15.11966377738,16.041209577164,16.041209577164,16.04120957716,16.04120957715,15.97523159914,16.04120957716,16.04120957716,16.04120957746,16.04120957686,16.04120957706,16.04120957706,16.04120957703,16.04120957703,16.04120957706,14.75713097316,14.3553120822,14.15644153716,15.19056562756,14.23694697066,16.04120957736,16.04120957746,16.04120957746,14.57762869866,14.95707920266,13.838521143719,16.041209577789,16.041209577789,16.041209577749,16.041209577789,16.041209577789,16.041209577789,16.041209577789,16.04120957796,16.04120957797,16.04120957797,15.19756649206,13.53337164576,14.61219158836,10.28635218738,8.49524696668
"t114",4.47023727556,7.86828112356,7.86828112356,7.86828112356,7.86828112396,7.86828112396,7.86828112396,3.90105352948,3.90105352952,3.90105352952,2.38320894409,1.35876236559,1.35876236559,1.2200159047,0.3063193772,0.3063193772,0,0.5994443332,0.5994443332,0.5994443332,2.15171681799,2.15171681799,5.51945187228,5.51945187211,5.51945187211,5.51945187218,4.38930688458,5.5437241474728,5.5437241474728,3.7653650609538,3.9531783756838,5.52565898006,5.84963596606,5.84963596584,5.84963596584,5.65364621976,5.35200444656,7.47364370486,7.47364370482,7.47364370482,5.60932500436,7.47364370485,7.47364370485,7.335733281676,6.505651804126,7.47364370504,7.47364370504,7.47364370505,7.47364370495,7.47364370524,6.41327391994,7.47364370516,12.76920336992,16.04120957735,16.04120957725,16.04120957725,16.04120957725,15.04663476418,16.04120957748,16.04120957748,15.4313861903,14.62540040378,15.31767907578,16.04120957716,16.04120957716,15.15734178526,13.91850128396,13.82632431969,12.60312413799,11.15035677877,11.20858868598,15.10253659821,16.04120957691,16.04120957694,16.04120957694,16.04120957694,16.04120957684,16.04120957684,16.04120957694,15.64891836992,16.041209576891,16.041209576891,15.02647893258,9.803342533247,12.35351181536,10.85443876346,14.30506161816,13.88929209136,16.04120957826,16.04120957827,16.04120957827,16.04120957826,16.04120957826,16.04120957826,16.04120957795,16.04120957795,15.81801927595,16.04120957825,16.04120957815,16.04120957815,16.04120957856,16.04120957746,16.04120957746,16.04120957756,15.96990155937,16.04120957757,16.04120957757,15.11966377738,16.041209577164,16.041209577164,16.04120957716,16.04120957715,15.97523159914,16.04120957716,16.04120957716,16.04120957746,16.04120957686,16.04120957706,16.04120957706,16.04120957703,16.04120957703,16.04120957706,14.75713097316,14.3553120822,14.15644153716,15.19056562756,14.23694697066,16.04120957736,16.04120957746,16.04120957746,14.57762869866,14.95707920266,13.838521143719,16.041209577789,16.041209577789,16.041209577749,16.041209577789,16.041209577789,16.041209577789,16.041209577789,16.04120957796,16.04120957797,16.04120957797,15.19756649206,13.53337164576,14.61219158836,10.28635218738,8.49524696668
"t100",4.47023727556,7.86828112356,7.86828112356,7.86828112356,7.86828112396,7.86828112396,7.86828112396,3.90105352948,3.90105352952,3.90105352952,2.38320894409,1.35876236559,1.35876236559,1.2200159047,0.5994443332,0.5994443332,0.5994443332,0,0.3989927976,0.3989927976,2.15171681799,2.15171681799,5.51945187228,5.51945187211,5.51945187211,5.51945187218,4.38930688458,5.5437241474728,5.5437241474728,3.7653650609538,3.9531783756838,5.52565898006,5.84963596606,5.84963596584,5.84963596584,5.65364621976,5.35200444656,7.47364370486,7.47364370482,7.47364370482,5.60932500436,7.47364370485,7.47364370485,7.335733281676,6.505651804126,7.47364370504,7.47364370504,7.47364370505,7.47364370495,7.47364370524,6.41327391994,7.47364370516,12.76920336992,16.04120957735,16.04120957725,16.04120957725,16.04120957725,15.04663476418,16.04120957748,16.04120957748,15.4313861903,14.62540040378,15.31767907578,16.04120957716,16.04120957716,15.15734178526,13.91850128396,13.82632431969,12.60312413799,11.15035677877,11.20858868598,15.10253659821,16.04120957691,16.04120957694,16.04120957694,16.04120957694,16.04120957684,16.04120957684,16.04120957694,15.64891836992,16.041209576891,16.041209576891,15.02647893258,9.803342533247,12.35351181536,10.85443876346,14.30506161816,13.88929209136,16.04120957826,16.04120957827,16.04120957827,16.04120957826,16.04120957826,16.04120957826,16.04120957795,16.04120957795,15.81801927595,16.04120957825,16.04120957815,16.04120957815,16.04120957856,16.04120957746,16.04120957746,16.04120957756,15.96990155937,16.04120957757,16.04120957757,15.11966377738,16.041209577164,16.041209577164,16.04120957716,16.04120957715,15.97523159914,16.04120957716,16.04120957716,16.04120957746,16.04120957686,16.04120957706,16.04120957706,16.04120957703,16.04120957703,16.04120957706,14.75713097316,14.3553120822,14.15644153716,15.19056562756,14.23694697066,16.04120957736,16.04120957746,16.04120957746,14.57762869866,14.95707920266,13.838521143719,16.041209577789,16.041209577789,16.041209577749,16.041209577789,16.041209577789,16.041209577789,16.041209577789,16.04120957796,16.04120957797,16.04120957797,15.19756649206,13.53337164576,14.61219158836,10.28635218738,8.49524696668
