"","t1","t3","t115","t116","t99","t100","t48","t49","t28","t46","t47","t29","t30","t12","t97","t98","t89","t90","t125","t126","t55","t92","t93","t31","t86","t87","t85","t123","t124","t4","t11","t13","t14","t5","t63","t64","t112","t113","t114","t88","t60","t61","t7","t6","t57","t62","t70","t71","t75","t76","t34","t35","t95","t96","t81","t82","t56","t68","t69","t27","t94","t107","t108","t39","t40","t25","t105","t106","t121","t122","t23","t53","t54","t36","t33","t17","t10","t77","t78","t104","t109","t110","t91","t102","t103","t72","t73","t32","t8","t74","t117","t118","t111","t51","t16","t79","t80","t65","t18","t19","t9","t22","t83","t84","t21","t15","t20","t45","t52","t119","t120","t101","t24","t41","t42","t58","t59","t26","t37","t38","t66","t67","t50","t43","t44","t2"
"t1",0,5.3369000143,9.35796239953,9.35796239953,9.3579623996,9.3579623996,9.3579623997,9.3579623997,9.3579623997,9.3579623995,9.0221542079,9.35796239948,9.35796239948,9.3579623994,9.3579623997,9.3579623997,9.3579623993,9.3579623993,9.3579623996671,9.3579623996671,9.3579623996,9.3579623996,9.1714432331,8.76453493985,9.35796239955,9.35796239955,9.28727892965,9.357962399537,9.357962399537,7.11111396145,7.7923737948,9.0114737259,7.9664257015,7.6278371811,9.3579623993,9.3579623993,9.35796239937,9.35796239937,9.35796239937,9.3579623994,9.35796239932,9.35796239932,7.6202720706,7.77985888,9.35796239976,9.35796239969,9.3579623997,9.3579623997,9.35796239926,9.35796239926,9.35796239926,9.35796239976,9.35796239976,9.35796239976,9.35796239976,9.35796239976,9.35796239981,9.35796239984,9.35796239984,9.35796239981,9.35796239981,9.35796239981,9.35796239981,9.35796239976,9.35796239976,9.35796239936,9.3579623992,9.25817640228,9.357962399205,9.357962399205,9.1508136348,9.35796239929,8.9508162397,9.35796239929,8.6608667815,9.3579623989,7.83458734829,9.35796239949,9.35796239949,9.35796239937,9.2779519049,9.35796239939,9.35796239937,9.35796239927,9.35796239927,9.35796239937,9.35796239937,8.59854805562,9.35796239959,9.35796239949,9.35796239944,9.35796239944,9.35796239944,9.35796239949,8.04566043589,9.3579623996,9.3579623996,9.35796239959,8.43943372759,9.35796239979,7.92832145259,9.3579623992,9.3579623995,9.3579623995,9.35796239989,8.36111780359,8.1828999151,9.35796239949,9.35796239952,9.35796239947,9.35796239947,9.35796239952,9.35796239969,9.35796239949,9.35796239949,9.35796239949,9.35796239949,9.35796239949,9.35796239959,9.35796239959,9.35796239959,9.35796239959,9.35796239959,9.35796239989,9.35796239989,3.3630077742
"t3",5.3369000143,0,6.94796835923,6.94796835923,6.9479683593,6.9479683593,6.9479683594,6.9479683594,6.9479683594,6.9479683592,6.6121601676,6.94796835918,6.94796835918,6.9479683591,6.9479683594,6.9479683594,6.947968359,6.947968359,6.9479683593671,6.9479683593671,6.9479683593,6.9479683593,6.7614491928,6.35454089955,6.94796835925,6.94796835925,6.87728488935,6.947968359237,6.947968359237,4.70111992115,5.3823797545,6.6014796856,5.5564316612,5.2178431408,6.947968359,6.947968359,6.94796835907,6.94796835907,6.94796835907,6.9479683591,6.94796835902,6.94796835902,5.2102780303,5.3698648397,6.94796835946,6.94796835939,6.9479683594,6.9479683594,6.94796835896,6.94796835896,6.94796835896,6.94796835946,6.94796835946,6.94796835946,6.94796835946,6.94796835946,6.94796835951,6.94796835954,6.94796835954,6.94796835951,6.94796835951,6.94796835951,6.94796835951,6.94796835946,6.94796835946,6.94796835906,6.9479683589,6.84818236198,6.947968358905,6.947968358905,6.7408195945,6.94796835899,6.5408221994,6.94796835899,6.2508727412,6.9479683586,5.42459330799,6.94796835919,6.94796835919,6.94796835907,6.8679578646,6.94796835909,6.94796835907,6.94796835897,6.94796835897,6.94796835907,6.94796835907,6.18855401532,6.94796835929,6.94796835919,6.94796835914,6.94796835914,6.94796835914,6.94796835919,5.63566639559,6.9479683593,6.9479683593,6.94796835929,6.02943968729,6.94796835949,5.51832741229,6.9479683589,6.9479683592,6.9479683592,6.94796835959,5.95112376329,5.7729058748,6.94796835919,6.94796835922,6.94796835917,6.94796835917,6.94796835922,6.94796835939,6.94796835919,6.94796835919,6.94796835919,6.94796835919,6.94796835919,6.94796835929,6.94796835929,6.94796835929,6.94796835929,6.94796835929,6.94796835959,6.94796835959,2.4723796283
"t115",9.35796239953,6.94796835923,0,0.09417721086,0.97275805233,0.97275805233,4.49683822443,4.49683822443,4.49683822443,7.56583115823,7.23002296663,7.56583115821,7.56583115821,7.56583115813,8.58489800663,8.58489800663,8.58489800623,8.58489800623,8.5848980065971,8.5848980065971,8.58489800653,8.58489800653,8.39837884003,7.99147054678,8.58489800648,8.58489800648,8.51421453658,8.584898006467,8.584898006467,6.33804956838,7.01930940173,8.23840933283,7.19336130843,6.85477278803,8.58489800623,8.58489800623,8.5848980063,8.5848980063,8.5848980063,8.58489800633,8.58489800625,8.58489800625,6.84720767753,7.00679448693,8.58489800669,8.58489800662,8.58489800663,8.58489800663,8.58489800619,8.58489800619,8.58489800619,8.58489800669,8.58489800669,8.58489800669,8.58489800669,8.58489800669,8.58489800674,8.58489800677,8.58489800677,8.58489800674,8.58489800674,8.58489800674,8.58489800674,8.58489800669,8.58489800669,8.58489800629,8.58489800613,8.48511200921,8.584898006135,8.584898006135,8.37774924173,8.58489800622,8.17775184663,8.58489800622,7.88780238843,8.58489800583,7.06152295522,8.58489800642,8.58489800642,8.5848980063,8.50488751183,8.58489800632,8.5848980063,8.5848980062,8.5848980062,8.5848980063,8.5848980063,7.82548366255,8.58489800652,8.58489800642,8.58489800637,8.58489800637,8.58489800637,8.58489800642,7.27259604282,8.58489800653,8.58489800653,8.58489800652,7.66636933452,8.58489800672,7.15525705952,8.58489800613,8.58489800643,8.58489800643,8.58489800682,7.58805341052,7.40983552203,8.58489800642,8.58489800645,8.5848980064,8.5848980064,8.58489800645,8.58489800662,8.58489800642,8.58489800642,8.58489800642,8.58489800642,8.58489800642,8.58489800652,8.58489800652,8.58489800652,8.58489800652,8.58489800652,8.58489800682,8.58489800682,6.49344201353
"t116",9.35796239953,6.94796835923,0.09417721086,0,0.97275805233,0.97275805233,4.49683822443,4.49683822443,4.49683822443,7.56583115823,7.23002296663,7.56583115821,7.56583115821,7.56583115813,8.58489800663,8.58489800663,8.58489800623,8.58489800623,8.5848980065971,8.5848980065971,8.58489800653,8.58489800653,8.39837884003,7.99147054678,8.58489800648,8.58489800648,8.51421453658,8.584898006467,8.584898006467,6.33804956838,7.01930940173,8.23840933283,7.19336130843,6.85477278803,8.58489800623,8.58489800623,8.5848980063,8.5848980063,8.5848980063,8.58489800633,8.58489800625,8.58489800625,6.84720767753,7.00679448693,8.58489800669,8.58489800662,8.58489800663,8.58489800663,8.58489800619,8.58489800619,8.58489800619,8.58489800669,8.58489800669,8.58489800669,8.58489800669,8.58489800669,8.58489800674,8.58489800677,8.58489800677,8.58489800674,8.58489800674,8.58489800674,8.58489800674,8.58489800669,8.58489800669,8.58489800629,8.58489800613,8.48511200921,8.584898006135,8.584898006135,8.37774924173,8.58489800622,8.17775184663,8.58489800622,7.88780238843,8.58489800583,7.06152295522,8.58489800642,8.58489800642,8.5848980063,8.50488751183,8.58489800632,8.5848980063,8.5848980062,8.5848980062,8.5848980063,8.5848980063,7.82548366255,8.58489800652,8.58489800642,8.58489800637,8.58489800637,8.58489800637,8.58489800642,7.27259604282,8.58489800653,8.58489800653,8.58489800652,7.66636933452,8.58489800672,7.15525705952,8.58489800613,8.58489800643,8.58489800643,8.58489800682,7.58805341052,7.40983552203,8.58489800642,8.58489800645,8.5848980064,8.5848980064,8.58489800645,8.58489800662,8.58489800642,8.58489800642,8.58489800642,8.58489800642,8.58489800642,8.58489800652,8.58489800652,8.58489800652,8.58489800652,8.58489800652,8.58489800682,8.58489800682,6.49344201353
"t99",9.3579623996,6.9479683593,0.97275805233,0.97275805233,0,0.4641348092,4.4968382245,4.4968382245,4.4968382245,7.5658311583,7.2300229667,7.56583115828,7.56583115828,7.5658311582,8.5848980067,8.5848980067,8.5848980063,8.5848980063,8.5848980066671,8.5848980066671,8.5848980066,8.5848980066,8.3983788401,7.99147054685,8.58489800655,8.58489800655,8.51421453665,8.584898006537,8.584898006537,6.33804956845,7.0193094018,8.2384093329,7.1933613085,6.8547727881,8.5848980063,8.5848980063,8.58489800637,8.58489800637,8.58489800637,8.5848980064,8.58489800632,8.58489800632,6.8472076776,7.006794487,8.58489800676,8.58489800669,8.5848980067,8.5848980067,8.58489800626,8.58489800626,8.58489800626,8.58489800676,8.58489800676,8.58489800676,8.58489800676,8.58489800676,8.58489800681,8.58489800684,8.58489800684,8.58489800681,8.58489800681,8.58489800681,8.58489800681,8.58489800676,8.58489800676,8.58489800636,8.5848980062,8.48511200928,8.584898006205,8.584898006205,8.3777492418,8.58489800629,8.1777518467,8.58489800629,7.8878023885,8.5848980059,7.06152295529,8.58489800649,8.58489800649,8.58489800637,8.5048875119,8.58489800639,8.58489800637,8.58489800627,8.58489800627,8.58489800637,8.58489800637,7.82548366262,8.58489800659,8.58489800649,8.58489800644,8.58489800644,8.58489800644,8.58489800649,7.27259604289,8.5848980066,8.5848980066,8.58489800659,7.66636933459,8.58489800679,7.15525705959,8.5848980062,8.5848980065,8.5848980065,8.58489800689,7.58805341059,7.4098355221,8.58489800649,8.58489800652,8.58489800647,8.58489800647,8.58489800652,8.58489800669,8.58489800649,8.58489800649,8.58489800649,8.58489800649,8.58489800649,8.58489800659,8.58489800659,8.58489800659,8.58489800659,8.58489800659,8.58489800689,8.58489800689,6.4934420136
"t100",9.3579623996,6.9479683593,0.97275805233,0.97275805233,0.4641348092,0,4.4968382245,4.4968382245,4.4968382245,7.5658311583,7.2300229667,7.56583115828,7.56583115828,7.5658311582,8.5848980067,8.5848980067,8.5848980063,8.5848980063,8.5848980066671,8.5848980066671,8.5848980066,8.5848980066,8.3983788401,7.99147054685,8.58489800655,8.58489800655,8.51421453665,8.584898006537,8.584898006537,6.33804956845,7.0193094018,8.2384093329,7.1933613085,6.8547727881,8.5848980063,8.5848980063,8.58489800637,8.58489800637,8.58489800637,8.5848980064,8.58489800632,8.58489800632,6.8472076776,7.006794487,8.58489800676,8.58489800669,8.5848980067,8.5848980067,8.58489800626,8.58489800626,8.58489800626,8.58489800676,8.58489800676,8.58489800676,8.58489800676,8.58489800676,8.58489800681,8.58489800684,8.58489800684,8.58489800681,8.58489800681,8.58489800681,8.58489800681,8.58489800676,8.58489800676,8.58489800636,8.5848980062,8.48511200928,8.584898006205,8.584898006205,8.3777492418,8.58489800629,8.1777518467,8.58489800629,7.8878023885,8.5848980059,7.06152295529,8.58489800649,8.58489800649,8.58489800637,8.5048875119,8.58489800639,8.58489800637,8.58489800627,8.58489800627,8.58489800637,8.58489800637,7.82548366262,8.58489800659,8.58489800649,8.58489800644,8.58489800644,8.58489800644,8.58489800649,7.27259604289,8.5848980066,8.5848980066,8.58489800659,7.66636933459,8.58489800679,7.15525705959,8.5848980062,8.5848980065,8.5848980065,8.58489800689,7.58805341059,7.4098355221,8.58489800649,8.58489800652,8.58489800647,8.58489800647,8.58489800652,8.58489800669,8.58489800649,8.58489800649,8.58489800649,8.58489800649,8.58489800649,8.58489800659,8.58489800659,8.58489800659,8.58489800659,8.58489800659,8.58489800689,8.58489800689,6.4934420136
"t48",9.3579623997,6.9479683594,4.49683822443,4.49683822443,4.4968382245,4.4968382245,0,1.1267928794,1.8733683286,7.5658311584,7.2300229668,7.56583115838,7.56583115838,7.5658311583,8.5848980068,8.5848980068,8.5848980064,8.5848980064,8.5848980067671,8.5848980067671,8.5848980067,8.5848980067,8.3983788402,7.99147054695,8.58489800665,8.58489800665,8.51421453675,8.584898006637,8.584898006637,6.33804956855,7.0193094019,8.238409333,7.1933613086,6.8547727882,8.5848980064,8.5848980064,8.58489800647,8.58489800647,8.58489800647,8.5848980065,8.58489800642,8.58489800642,6.8472076777,7.0067944871,8.58489800686,8.58489800679,8.5848980068,8.5848980068,8.58489800636,8.58489800636,8.58489800636,8.58489800686,8.58489800686,8.58489800686,8.58489800686,8.58489800686,8.58489800691,8.58489800694,8.58489800694,8.58489800691,8.58489800691,8.58489800691,8.58489800691,8.58489800686,8.58489800686,8.58489800646,8.5848980063,8.48511200938,8.584898006305,8.584898006305,8.3777492419,8.58489800639,8.1777518468,8.58489800639,7.8878023886,8.584898006,7.06152295539,8.58489800659,8.58489800659,8.58489800647,8.504887512,8.58489800649,8.58489800647,8.58489800637,8.58489800637,8.58489800647,8.58489800647,7.82548366272,8.58489800669,8.58489800659,8.58489800654,8.58489800654,8.58489800654,8.58489800659,7.27259604299,8.5848980067,8.5848980067,8.58489800669,7.66636933469,8.58489800689,7.15525705969,8.5848980063,8.5848980066,8.5848980066,8.58489800699,7.58805341069,7.4098355222,8.58489800659,8.58489800662,8.58489800657,8.58489800657,8.58489800662,8.58489800679,8.58489800659,8.58489800659,8.58489800659,8.58489800659,8.58489800659,8.58489800669,8.58489800669,8.58489800669,8.58489800669,8.58489800669,8.58489800699,8.58489800699,6.4934420137
"t49",9.3579623997,6.9479683594,4.49683822443,4.49683822443,4.4968382245,4.4968382245,1.1267928794,0,1.8733683286,7.5658311584,7.2300229668,7.56583115838,7.56583115838,7.5658311583,8.5848980068,8.5848980068,8.5848980064,8.5848980064,8.5848980067671,8.5848980067671,8.5848980067,8.5848980067,8.3983788402,7.99147054695,8.58489800665,8.58489800665,8.51421453675,8.584898006637,8.584898006637,6.33804956855,7.0193094019,8.238409333,7.1933613086,6.8547727882,8.5848980064,8.5848980064,8.58489800647,8.58489800647,8.58489800647,8.5848980065,8.58489800642,8.58489800642,6.8472076777,7.0067944871,8.58489800686,8.58489800679,8.5848980068,8.5848980068,8.58489800636,8.58489800636,8.58489800636,8.58489800686,8.58489800686,8.58489800686,8.58489800686,8.58489800686,8.58489800691,8.58489800694,8.58489800694,8.58489800691,8.58489800691,8.58489800691,8.58489800691,8.58489800686,8.58489800686,8.58489800646,8.5848980063,8.48511200938,8.584898006305,8.584898006305,8.3777492419,8.58489800639,8.1777518468,8.58489800639,7.8878023886,8.584898006,7.06152295539,8.58489800659,8.58489800659,8.58489800647,8.504887512,8.58489800649,8.58489800647,8.58489800637,8.58489800637,8.58489800647,8.58489800647,7.82548366272,8.58489800669,8.58489800659,8.58489800654,8.58489800654,8.58489800654,8.58489800659,7.27259604299,8.5848980067,8.5848980067,8.58489800669,7.66636933469,8.58489800689,7.15525705969,8.5848980063,8.5848980066,8.5848980066,8.58489800699,7.58805341069,7.4098355222,8.58489800659,8.58489800662,8.58489800657,8.58489800657,8.58489800662,8.58489800679,8.58489800659,8.58489800659,8.58489800659,8.58489800659,8.58489800659,8.58489800669,8.58489800669,8.58489800669,8.58489800669,8.58489800669,8.58489800699,8.58489800699,6.4934420137
"t28",9.3579623997,6.9479683594,4.49683822443,4.49683822443,4.4968382245,4.4968382245,1.8733683286,1.8733683286,0,7.5658311584,7.2300229668,7.56583115838,7.56583115838,7.5658311583,8.5848980068,8.5848980068,8.5848980064,8.5848980064,8.5848980067671,8.5848980067671,8.5848980067,8.5848980067,8.3983788402,7.99147054695,8.58489800665,8.58489800665,8.51421453675,8.584898006637,8.584898006637,6.33804956855,7.0193094019,8.238409333,7.1933613086,6.8547727882,8.5848980064,8.5848980064,8.58489800647,8.58489800647,8.58489800647,8.5848980065,8.58489800642,8.58489800642,6.8472076777,7.0067944871,8.58489800686,8.58489800679,8.5848980068,8.5848980068,8.58489800636,8.58489800636,8.58489800636,8.58489800686,8.58489800686,8.58489800686,8.58489800686,8.58489800686,8.58489800691,8.58489800694,8.58489800694,8.58489800691,8.58489800691,8.58489800691,8.58489800691,8.58489800686,8.58489800686,8.58489800646,8.5848980063,8.48511200938,8.584898006305,8.584898006305,8.3777492419,8.58489800639,8.1777518468,8.58489800639,7.8878023886,8.584898006,7.06152295539,8.58489800659,8.58489800659,8.58489800647,8.504887512,8.58489800649,8.58489800647,8.58489800637,8.58489800637,8.58489800647,8.58489800647,7.82548366272,8.58489800669,8.58489800659,8.58489800654,8.58489800654,8.58489800654,8.58489800659,7.27259604299,8.5848980067,8.5848980067,8.58489800669,7.66636933469,8.58489800689,7.15525705969,8.5848980063,8.5848980066,8.5848980066,8.58489800699,7.58805341069,7.4098355222,8.58489800659,8.58489800662,8.58489800657,8.58489800657,8.58489800662,8.58489800679,8.58489800659,8.58489800659,8.58489800659,8.58489800659,8.58489800659,8.58489800669,8.58489800669,8.58489800669,8.58489800669,8.58489800669,8.58489800699,8.58489800699,6.4934420137
"t46",9.3579623995,6.9479683592,7.56583115823,7.56583115823,7.5658311583,7.5658311583,7.5658311584,7.5658311584,7.5658311584,0,0.803339946,1.87890948518,1.87890948518,3.3582227881,8.5848980066,8.5848980066,8.5848980062,8.5848980062,8.5848980065671,8.5848980065671,8.5848980065,8.5848980065,8.39837884,7.99147054675,8.58489800645,8.58489800645,8.51421453655,8.584898006437,8.584898006437,6.33804956835,7.0193094017,8.2384093328,7.1933613084,6.854772788,8.5848980062,8.5848980062,8.58489800627,8.58489800627,8.58489800627,8.5848980063,8.58489800622,8.58489800622,6.8472076775,7.0067944869,8.58489800666,8.58489800659,8.5848980066,8.5848980066,8.58489800616,8.58489800616,8.58489800616,8.58489800666,8.58489800666,8.58489800666,8.58489800666,8.58489800666,8.58489800671,8.58489800674,8.58489800674,8.58489800671,8.58489800671,8.58489800671,8.58489800671,8.58489800666,8.58489800666,8.58489800626,8.5848980061,8.48511200918,8.584898006105,8.584898006105,8.3777492417,8.58489800619,8.1777518466,8.58489800619,7.8878023884,8.5848980058,7.06152295519,8.58489800639,8.58489800639,8.58489800627,8.5048875118,8.58489800629,8.58489800627,8.58489800617,8.58489800617,8.58489800627,8.58489800627,7.82548366252,8.58489800649,8.58489800639,8.58489800634,8.58489800634,8.58489800634,8.58489800639,7.27259604279,8.5848980065,8.5848980065,8.58489800649,7.66636933449,8.58489800669,7.15525705949,8.5848980061,8.5848980064,8.5848980064,8.58489800679,7.58805341049,7.409835522,8.58489800639,8.58489800642,8.58489800637,8.58489800637,8.58489800642,8.58489800659,8.58489800639,8.58489800639,8.58489800639,8.58489800639,8.58489800639,8.58489800649,8.58489800649,8.58489800649,8.58489800649,8.58489800649,8.58489800679,8.58489800679,6.4934420135
"t47",9.0221542079,6.6121601676,7.23002296663,7.23002296663,7.2300229667,7.2300229667,7.2300229668,7.2300229668,7.2300229668,0.803339946,0,1.54310129358,1.54310129358,3.0224145965,8.249089815,8.249089815,8.2490898146,8.2490898146,8.2490898149671,8.2490898149671,8.2490898149,8.2490898149,8.0625706484,7.65566235515,8.24908981485,8.24908981485,8.17840634495,8.249089814837,8.249089814837,6.00224137675,6.6835012101,7.9026011412,6.8575531168,6.5189645964,8.2490898146,8.2490898146,8.24908981467,8.24908981467,8.24908981467,8.2490898147,8.24908981462,8.24908981462,6.5113994859,6.6709862953,8.24908981506,8.24908981499,8.249089815,8.249089815,8.24908981456,8.24908981456,8.24908981456,8.24908981506,8.24908981506,8.24908981506,8.24908981506,8.24908981506,8.24908981511,8.24908981514,8.24908981514,8.24908981511,8.24908981511,8.24908981511,8.24908981511,8.24908981506,8.24908981506,8.24908981466,8.2490898145,8.14930381758,8.249089814505,8.249089814505,8.0419410501,8.24908981459,7.841943655,8.24908981459,7.5519941968,8.2490898142,6.72571476359,8.24908981479,8.24908981479,8.24908981467,8.1690793202,8.24908981469,8.24908981467,8.24908981457,8.24908981457,8.24908981467,8.24908981467,7.48967547092,8.24908981489,8.24908981479,8.24908981474,8.24908981474,8.24908981474,8.24908981479,6.93678785119,8.2490898149,8.2490898149,8.24908981489,7.33056114289,8.24908981509,6.81944886789,8.2490898145,8.2490898148,8.2490898148,8.24908981519,7.25224521889,7.0740273304,8.24908981479,8.24908981482,8.24908981477,8.24908981477,8.24908981482,8.24908981499,8.24908981479,8.24908981479,8.24908981479,8.24908981479,8.24908981479,8.24908981489,8.24908981489,8.24908981489,8.24908981489,8.24908981489,8.24908981519,8.24908981519,6.1576338219
"t29",9.35796239948,6.94796835918,7.56583115821,7.56583115821,7.56583115828,7.56583115828,7.56583115838,7.56583115838,7.56583115838,1.87890948518,1.54310129358,0,1.8039529224,3.35822278808,8.58489800658,8.58489800658,8.58489800618,8.58489800618,8.5848980065471,8.5848980065471,8.58489800648,8.58489800648,8.39837883998,7.99147054673,8.58489800643,8.58489800643,8.51421453653,8.584898006417,8.584898006417,6.33804956833,7.01930940168,8.23840933278,7.19336130838,6.85477278798,8.58489800618,8.58489800618,8.58489800625,8.58489800625,8.58489800625,8.58489800628,8.5848980062,8.5848980062,6.84720767748,7.00679448688,8.58489800664,8.58489800657,8.58489800658,8.58489800658,8.58489800614,8.58489800614,8.58489800614,8.58489800664,8.58489800664,8.58489800664,8.58489800664,8.58489800664,8.58489800669,8.58489800672,8.58489800672,8.58489800669,8.58489800669,8.58489800669,8.58489800669,8.58489800664,8.58489800664,8.58489800624,8.58489800608,8.48511200916,8.584898006085,8.584898006085,8.37774924168,8.58489800617,8.17775184658,8.58489800617,7.88780238838,8.58489800578,7.06152295517,8.58489800637,8.58489800637,8.58489800625,8.50488751178,8.58489800627,8.58489800625,8.58489800615,8.58489800615,8.58489800625,8.58489800625,7.8254836625,8.58489800647,8.58489800637,8.58489800632,8.58489800632,8.58489800632,8.58489800637,7.27259604277,8.58489800648,8.58489800648,8.58489800647,7.66636933447,8.58489800667,7.15525705947,8.58489800608,8.58489800638,8.58489800638,8.58489800677,7.58805341047,7.40983552198,8.58489800637,8.5848980064,8.58489800635,8.58489800635,8.5848980064,8.58489800657,8.58489800637,8.58489800637,8.58489800637,8.58489800637,8.58489800637,8.58489800647,8.58489800647,8.58489800647,8.58489800647,8.58489800647,8.58489800677,8.58489800677,6.49344201348
"t30",9.35796239948,6.94796835918,7.56583115821,7.56583115821,7.56583115828,7.56583115828,7.56583115838,7.56583115838,7.56583115838,1.87890948518,1.54310129358,1.8039529224,0,3.35822278808,8.58489800658,8.58489800658,8.58489800618,8.58489800618,8.5848980065471,8.5848980065471,8.58489800648,8.58489800648,8.39837883998,7.99147054673,8.58489800643,8.58489800643,8.51421453653,8.584898006417,8.584898006417,6.33804956833,7.01930940168,8.23840933278,7.19336130838,6.85477278798,8.58489800618,8.58489800618,8.58489800625,8.58489800625,8.58489800625,8.58489800628,8.5848980062,8.5848980062,6.84720767748,7.00679448688,8.58489800664,8.58489800657,8.58489800658,8.58489800658,8.58489800614,8.58489800614,8.58489800614,8.58489800664,8.58489800664,8.58489800664,8.58489800664,8.58489800664,8.58489800669,8.58489800672,8.58489800672,8.58489800669,8.58489800669,8.58489800669,8.58489800669,8.58489800664,8.58489800664,8.58489800624,8.58489800608,8.48511200916,8.584898006085,8.584898006085,8.37774924168,8.58489800617,8.17775184658,8.58489800617,7.88780238838,8.58489800578,7.06152295517,8.58489800637,8.58489800637,8.58489800625,8.50488751178,8.58489800627,8.58489800625,8.58489800615,8.58489800615,8.58489800625,8.58489800625,7.8254836625,8.58489800647,8.58489800637,8.58489800632,8.58489800632,8.58489800632,8.58489800637,7.27259604277,8.58489800648,8.58489800648,8.58489800647,7.66636933447,8.58489800667,7.15525705947,8.58489800608,8.58489800638,8.58489800638,8.58489800677,7.58805341047,7.40983552198,8.58489800637,8.5848980064,8.58489800635,8.58489800635,8.5848980064,8.58489800657,8.58489800637,8.58489800637,8.58489800637,8.58489800637,8.58489800637,8.58489800647,8.58489800647,8.58489800647,8.58489800647,8.58489800647,8.58489800677,8.58489800677,6.49344201348
"t12",9.3579623994,6.9479683591,7.56583115813,7.56583115813,7.5658311582,7.5658311582,7.5658311583,7.5658311583,7.5658311583,3.3582227881,3.0224145965,3.35822278808,3.35822278808,0,8.5848980065,8.5848980065,8.5848980061,8.5848980061,8.5848980064671,8.5848980064671,8.5848980064,8.5848980064,8.3983788399,7.99147054665,8.58489800635,8.58489800635,8.51421453645,8.584898006337,8.584898006337,6.33804956825,7.0193094016,8.2384093327,7.1933613083,6.8547727879,8.5848980061,8.5848980061,8.58489800617,8.58489800617,8.58489800617,8.5848980062,8.58489800612,8.58489800612,6.8472076774,7.0067944868,8.58489800656,8.58489800649,8.5848980065,8.5848980065,8.58489800606,8.58489800606,8.58489800606,8.58489800656,8.58489800656,8.58489800656,8.58489800656,8.58489800656,8.58489800661,8.58489800664,8.58489800664,8.58489800661,8.58489800661,8.58489800661,8.58489800661,8.58489800656,8.58489800656,8.58489800616,8.584898006,8.48511200908,8.584898006005,8.584898006005,8.3777492416,8.58489800609,8.1777518465,8.58489800609,7.8878023883,8.5848980057,7.06152295509,8.58489800629,8.58489800629,8.58489800617,8.5048875117,8.58489800619,8.58489800617,8.58489800607,8.58489800607,8.58489800617,8.58489800617,7.82548366242,8.58489800639,8.58489800629,8.58489800624,8.58489800624,8.58489800624,8.58489800629,7.27259604269,8.5848980064,8.5848980064,8.58489800639,7.66636933439,8.58489800659,7.15525705939,8.584898006,8.5848980063,8.5848980063,8.58489800669,7.58805341039,7.4098355219,8.58489800629,8.58489800632,8.58489800627,8.58489800627,8.58489800632,8.58489800649,8.58489800629,8.58489800629,8.58489800629,8.58489800629,8.58489800629,8.58489800639,8.58489800639,8.58489800639,8.58489800639,8.58489800639,8.58489800669,8.58489800669,6.4934420134
"t97",9.3579623997,6.9479683594,8.58489800663,8.58489800663,8.5848980067,8.5848980067,8.5848980068,8.5848980068,8.5848980068,8.5848980066,8.249089815,8.58489800658,8.58489800658,8.5848980065,0,0.4695050162,3.3095798258,3.3095798258,3.5819661823671,3.5819661823671,3.5819661823,3.5819661823,3.3954470158,6.25741795455,6.85084541425,6.85084541425,6.78016194435,6.850845414237,6.850845414237,4.60399697615,5.2852568095,6.5043567406,5.4593087162,5.1207201958,6.850845414,6.850845414,6.85084541407,6.85084541407,6.85084541407,6.8508454141,6.85084541402,6.85084541402,5.1131550853,5.2727418947,6.85084541446,6.85084541439,6.8508454144,6.8508454144,6.85084541396,6.85084541396,6.85084541396,6.85084541446,6.85084541446,6.85084541446,6.85084541446,6.85084541446,6.85084541451,6.85084541454,6.85084541454,6.85084541451,6.85084541451,6.85084541451,6.85084541451,6.85084541446,6.85084541446,6.85084541406,6.8508454139,6.75105941698,6.850845413905,6.850845413905,6.6436966495,6.85084541399,6.4436992544,6.85084541399,6.1537497962,6.8508454136,5.69156605319,7.21494110439,7.21494110439,7.21494110427,7.1349306098,7.21494110429,7.21494110427,7.21494110417,7.21494110417,7.21494110427,7.21494110427,6.45552676052,7.21494110449,7.21494110439,7.21494110434,7.21494110434,7.21494110434,7.21494110439,5.90263914079,7.2149411045,7.2149411045,7.21494110449,6.29641243249,7.21494110469,5.78530015749,7.2149411041,7.2149411044,7.2149411044,7.21494110479,6.21809650849,6.03987862,7.21494110439,7.21494110442,7.21494110437,7.21494110437,7.21494110442,7.21494110459,7.21494110439,7.21494110439,7.21494110439,7.21494110439,7.21494110439,7.21494110449,7.21494110449,7.21494110449,7.21494110449,7.21494110449,7.21494110479,7.21494110479,6.4934420137
"t98",9.3579623997,6.9479683594,8.58489800663,8.58489800663,8.5848980067,8.5848980067,8.5848980068,8.5848980068,8.5848980068,8.5848980066,8.249089815,8.58489800658,8.58489800658,8.5848980065,0.4695050162,0,3.3095798258,3.3095798258,3.5819661823671,3.5819661823671,3.5819661823,3.5819661823,3.3954470158,6.25741795455,6.85084541425,6.85084541425,6.78016194435,6.850845414237,6.850845414237,4.60399697615,5.2852568095,6.5043567406,5.4593087162,5.1207201958,6.850845414,6.850845414,6.85084541407,6.85084541407,6.85084541407,6.8508454141,6.85084541402,6.85084541402,5.1131550853,5.2727418947,6.85084541446,6.85084541439,6.8508454144,6.8508454144,6.85084541396,6.85084541396,6.85084541396,6.85084541446,6.85084541446,6.85084541446,6.85084541446,6.85084541446,6.85084541451,6.85084541454,6.85084541454,6.85084541451,6.85084541451,6.85084541451,6.85084541451,6.85084541446,6.85084541446,6.85084541406,6.8508454139,6.75105941698,6.850845413905,6.850845413905,6.6436966495,6.85084541399,6.4436992544,6.85084541399,6.1537497962,6.8508454136,5.69156605319,7.21494110439,7.21494110439,7.21494110427,7.1349306098,7.21494110429,7.21494110427,7.21494110417,7.21494110417,7.21494110427,7.21494110427,6.45552676052,7.21494110449,7.21494110439,7.21494110434,7.21494110434,7.21494110434,7.21494110439,5.90263914079,7.2149411045,7.2149411045,7.21494110449,6.29641243249,7.21494110469,5.78530015749,7.2149411041,7.2149411044,7.2149411044,7.21494110479,6.21809650849,6.03987862,7.21494110439,7.21494110442,7.21494110437,7.21494110437,7.21494110442,7.21494110459,7.21494110439,7.21494110439,7.21494110439,7.21494110439,7.21494110439,7.21494110449,7.21494110449,7.21494110449,7.21494110449,7.21494110449,7.21494110479,7.21494110479,6.4934420137
"t89",9.3579623993,6.947968359,8.58489800623,8.58489800623,8.5848980063,8.5848980063,8.5848980064,8.5848980064,8.5848980064,8.5848980062,8.2490898146,8.58489800618,8.58489800618,8.5848980061,3.3095798258,3.3095798258,0,0.5999120354,3.5819661819671,3.5819661819671,3.5819661819,3.5819661819,3.3954470154,6.25741795415,6.85084541385,6.85084541385,6.78016194395,6.850845413837,6.850845413837,4.60399697575,5.2852568091,6.5043567402,5.4593087158,5.1207201954,6.8508454136,6.8508454136,6.85084541367,6.85084541367,6.85084541367,6.8508454137,6.85084541362,6.85084541362,5.1131550849,5.2727418943,6.85084541406,6.85084541399,6.850845414,6.850845414,6.85084541356,6.85084541356,6.85084541356,6.85084541406,6.85084541406,6.85084541406,6.85084541406,6.85084541406,6.85084541411,6.85084541414,6.85084541414,6.85084541411,6.85084541411,6.85084541411,6.85084541411,6.85084541406,6.85084541406,6.85084541366,6.8508454135,6.75105941658,6.850845413505,6.850845413505,6.6436966491,6.85084541359,6.443699254,6.85084541359,6.1537497958,6.8508454132,5.69156605279,7.21494110399,7.21494110399,7.21494110387,7.1349306094,7.21494110389,7.21494110387,7.21494110377,7.21494110377,7.21494110387,7.21494110387,6.45552676012,7.21494110409,7.21494110399,7.21494110394,7.21494110394,7.21494110394,7.21494110399,5.90263914039,7.2149411041,7.2149411041,7.21494110409,6.29641243209,7.21494110429,5.78530015709,7.2149411037,7.214941104,7.214941104,7.21494110439,6.21809650809,6.0398786196,7.21494110399,7.21494110402,7.21494110397,7.21494110397,7.21494110402,7.21494110419,7.21494110399,7.21494110399,7.21494110399,7.21494110399,7.21494110399,7.21494110409,7.21494110409,7.21494110409,7.21494110409,7.21494110409,7.21494110439,7.21494110439,6.4934420133
"t90",9.3579623993,6.947968359,8.58489800623,8.58489800623,8.5848980063,8.5848980063,8.5848980064,8.5848980064,8.5848980064,8.5848980062,8.2490898146,8.58489800618,8.58489800618,8.5848980061,3.3095798258,3.3095798258,0.5999120354,0,3.5819661819671,3.5819661819671,3.5819661819,3.5819661819,3.3954470154,6.25741795415,6.85084541385,6.85084541385,6.78016194395,6.850845413837,6.850845413837,4.60399697575,5.2852568091,6.5043567402,5.4593087158,5.1207201954,6.8508454136,6.8508454136,6.85084541367,6.85084541367,6.85084541367,6.8508454137,6.85084541362,6.85084541362,5.1131550849,5.2727418943,6.85084541406,6.85084541399,6.850845414,6.850845414,6.85084541356,6.85084541356,6.85084541356,6.85084541406,6.85084541406,6.85084541406,6.85084541406,6.85084541406,6.85084541411,6.85084541414,6.85084541414,6.85084541411,6.85084541411,6.85084541411,6.85084541411,6.85084541406,6.85084541406,6.85084541366,6.8508454135,6.75105941658,6.850845413505,6.850845413505,6.6436966491,6.85084541359,6.443699254,6.85084541359,6.1537497958,6.8508454132,5.69156605279,7.21494110399,7.21494110399,7.21494110387,7.1349306094,7.21494110389,7.21494110387,7.21494110377,7.21494110377,7.21494110387,7.21494110387,6.45552676012,7.21494110409,7.21494110399,7.21494110394,7.21494110394,7.21494110394,7.21494110399,5.90263914039,7.2149411041,7.2149411041,7.21494110409,6.29641243209,7.21494110429,5.78530015709,7.2149411037,7.214941104,7.214941104,7.21494110439,6.21809650809,6.0398786196,7.21494110399,7.21494110402,7.21494110397,7.21494110397,7.21494110402,7.21494110419,7.21494110399,7.21494110399,7.21494110399,7.21494110399,7.21494110399,7.21494110409,7.21494110409,7.21494110409,7.21494110409,7.21494110409,7.21494110439,7.21494110439,6.4934420133
"t125",9.3579623996671,6.9479683593671,8.5848980065971,8.5848980065971,8.5848980066671,8.5848980066671,8.5848980067671,8.5848980067671,8.5848980067671,8.5848980065671,8.2490898149671,8.5848980065471,8.5848980065471,8.5848980064671,3.5819661823671,3.5819661823671,3.5819661819671,3.5819661819671,0,0.0009087965342,1.8257133004671,1.8257133004671,1.6391941339671,6.2574179545171,6.8508454142171,6.8508454142171,6.7801619443171,6.8508454142041,6.8508454142041,4.6039969761171,5.2852568094671,6.5043567405671,5.4593087161671,5.1207201957671,6.8508454139671,6.8508454139671,6.8508454140371,6.8508454140371,6.8508454140371,6.8508454140671,6.8508454139871,6.8508454139871,5.1131550852671,5.2727418946671,6.8508454144271,6.8508454143571,6.8508454143671,6.8508454143671,6.8508454139271,6.8508454139271,6.8508454139271,6.8508454144271,6.8508454144271,6.8508454144271,6.8508454144271,6.8508454144271,6.8508454144771,6.8508454145071,6.8508454145071,6.8508454144771,6.8508454144771,6.8508454144771,6.8508454144771,6.8508454144271,6.8508454144271,6.8508454140271,6.8508454138671,6.7510594169471,6.8508454138721,6.8508454138721,6.6436966494671,6.8508454139571,6.4436992543671,6.8508454139571,6.1537497961671,6.8508454135671,5.6915660531571,7.2149411043571,7.2149411043571,7.2149411042371,7.1349306097671,7.2149411042571,7.2149411042371,7.2149411041371,7.2149411041371,7.2149411042371,7.2149411042371,6.4555267604871,7.2149411044571,7.2149411043571,7.2149411043071,7.2149411043071,7.2149411043071,7.2149411043571,5.9026391407571,7.2149411044671,7.2149411044671,7.2149411044571,6.2964124324571,7.2149411046571,5.7853001574571,7.2149411040671,7.2149411043671,7.2149411043671,7.2149411047571,6.2180965084571,6.0398786199671,7.2149411043571,7.2149411043871,7.2149411043371,7.2149411043371,7.2149411043871,7.2149411045571,7.2149411043571,7.2149411043571,7.2149411043571,7.2149411043571,7.2149411043571,7.2149411044571,7.2149411044571,7.2149411044571,7.2149411044571,7.2149411044571,7.2149411047571,7.2149411047571,6.4934420136671
"t126",9.3579623996671,6.9479683593671,8.5848980065971,8.5848980065971,8.5848980066671,8.5848980066671,8.5848980067671,8.5848980067671,8.5848980067671,8.5848980065671,8.2490898149671,8.5848980065471,8.5848980065471,8.5848980064671,3.5819661823671,3.5819661823671,3.5819661819671,3.5819661819671,0.0009087965342,0,1.8257133004671,1.8257133004671,1.6391941339671,6.2574179545171,6.8508454142171,6.8508454142171,6.7801619443171,6.8508454142041,6.8508454142041,4.6039969761171,5.2852568094671,6.5043567405671,5.4593087161671,5.1207201957671,6.8508454139671,6.8508454139671,6.8508454140371,6.8508454140371,6.8508454140371,6.8508454140671,6.8508454139871,6.8508454139871,5.1131550852671,5.2727418946671,6.8508454144271,6.8508454143571,6.8508454143671,6.8508454143671,6.8508454139271,6.8508454139271,6.8508454139271,6.8508454144271,6.8508454144271,6.8508454144271,6.8508454144271,6.8508454144271,6.8508454144771,6.8508454145071,6.8508454145071,6.8508454144771,6.8508454144771,6.8508454144771,6.8508454144771,6.8508454144271,6.8508454144271,6.8508454140271,6.8508454138671,6.7510594169471,6.8508454138721,6.8508454138721,6.6436966494671,6.8508454139571,6.4436992543671,6.8508454139571,6.1537497961671,6.8508454135671,5.6915660531571,7.2149411043571,7.2149411043571,7.2149411042371,7.1349306097671,7.2149411042571,7.2149411042371,7.2149411041371,7.2149411041371,7.2149411042371,7.2149411042371,6.4555267604871,7.2149411044571,7.2149411043571,7.2149411043071,7.2149411043071,7.2149411043071,7.2149411043571,5.9026391407571,7.2149411044671,7.2149411044671,7.2149411044571,6.2964124324571,7.2149411046571,5.7853001574571,7.2149411040671,7.2149411043671,7.2149411043671,7.2149411047571,6.2180965084571,6.0398786199671,7.2149411043571,7.2149411043871,7.2149411043371,7.2149411043371,7.2149411043871,7.2149411045571,7.2149411043571,7.2149411043571,7.2149411043571,7.2149411043571,7.2149411043571,7.2149411044571,7.2149411044571,7.2149411044571,7.2149411044571,7.2149411044571,7.2149411047571,7.2149411047571,6.4934420136671
"t55",9.3579623996,6.9479683593,8.58489800653,8.58489800653,8.5848980066,8.5848980066,8.5848980067,8.5848980067,8.5848980067,8.5848980065,8.2490898149,8.58489800648,8.58489800648,8.5848980064,3.5819661823,3.5819661823,3.5819661819,3.5819661819,1.8257133004671,1.8257133004671,0,0.9670371402,0.7805179737,6.25741795445,6.85084541415,6.85084541415,6.78016194425,6.850845414137,6.850845414137,4.60399697605,5.2852568094,6.5043567405,5.4593087161,5.1207201957,6.8508454139,6.8508454139,6.85084541397,6.85084541397,6.85084541397,6.850845414,6.85084541392,6.85084541392,5.1131550852,5.2727418946,6.85084541436,6.85084541429,6.8508454143,6.8508454143,6.85084541386,6.85084541386,6.85084541386,6.85084541436,6.85084541436,6.85084541436,6.85084541436,6.85084541436,6.85084541441,6.85084541444,6.85084541444,6.85084541441,6.85084541441,6.85084541441,6.85084541441,6.85084541436,6.85084541436,6.85084541396,6.8508454138,6.75105941688,6.850845413805,6.850845413805,6.6436966494,6.85084541389,6.4436992543,6.85084541389,6.1537497961,6.8508454135,5.69156605309,7.21494110429,7.21494110429,7.21494110417,7.1349306097,7.21494110419,7.21494110417,7.21494110407,7.21494110407,7.21494110417,7.21494110417,6.45552676042,7.21494110439,7.21494110429,7.21494110424,7.21494110424,7.21494110424,7.21494110429,5.90263914069,7.2149411044,7.2149411044,7.21494110439,6.29641243239,7.21494110459,5.78530015739,7.214941104,7.2149411043,7.2149411043,7.21494110469,6.21809650839,6.0398786199,7.21494110429,7.21494110432,7.21494110427,7.21494110427,7.21494110432,7.21494110449,7.21494110429,7.21494110429,7.21494110429,7.21494110429,7.21494110429,7.21494110439,7.21494110439,7.21494110439,7.21494110439,7.21494110439,7.21494110469,7.21494110469,6.4934420136
"t92",9.3579623996,6.9479683593,8.58489800653,8.58489800653,8.5848980066,8.5848980066,8.5848980067,8.5848980067,8.5848980067,8.5848980065,8.2490898149,8.58489800648,8.58489800648,8.5848980064,3.5819661823,3.5819661823,3.5819661819,3.5819661819,1.8257133004671,1.8257133004671,0.9670371402,0,0.3916843783,6.25741795445,6.85084541415,6.85084541415,6.78016194425,6.850845414137,6.850845414137,4.60399697605,5.2852568094,6.5043567405,5.4593087161,5.1207201957,6.8508454139,6.8508454139,6.85084541397,6.85084541397,6.85084541397,6.850845414,6.85084541392,6.85084541392,5.1131550852,5.2727418946,6.85084541436,6.85084541429,6.8508454143,6.8508454143,6.85084541386,6.85084541386,6.85084541386,6.85084541436,6.85084541436,6.85084541436,6.85084541436,6.85084541436,6.85084541441,6.85084541444,6.85084541444,6.85084541441,6.85084541441,6.85084541441,6.85084541441,6.85084541436,6.85084541436,6.85084541396,6.8508454138,6.75105941688,6.850845413805,6.850845413805,6.6436966494,6.85084541389,6.4436992543,6.85084541389,6.1537497961,6.8508454135,5.69156605309,7.21494110429,7.21494110429,7.21494110417,7.1349306097,7.21494110419,7.21494110417,7.21494110407,7.21494110407,7.21494110417,7.21494110417,6.45552676042,7.21494110439,7.21494110429,7.21494110424,7.21494110424,7.21494110424,7.21494110429,5.90263914069,7.2149411044,7.2149411044,7.21494110439,6.29641243239,7.21494110459,5.78530015739,7.214941104,7.2149411043,7.2149411043,7.21494110469,6.21809650839,6.0398786199,7.21494110429,7.21494110432,7.21494110427,7.21494110427,7.21494110432,7.21494110449,7.21494110429,7.21494110429,7.21494110429,7.21494110429,7.21494110429,7.21494110439,7.21494110439,7.21494110439,7.21494110439,7.21494110439,7.21494110469,7.21494110469,6.4934420136
