"","t1","t3","t37","t38","t108","t126","t127","t98","t103","t104","t89","t90","t142","t143","t93","t41","t49","t70","t71","t65","t66","t60","t109","t110","t52","t76","t81","t82","t11","t12","t8","t46","t78","t79","t99","t115","t116","t54","t55","t17","t18","t34","t58","t59","t105","t132","t133","t80","t91","t92","t21","t72","t73","t67","t68","t56","t57","t24","t25","t106","t107","t61","t19","t20","t100","t101","t40","t48","t77","t117","t118","t36","t5","t7","t29","t50","t51","t16","t26","t27","t138","t139","t83","t84","t15","t30","t31","t6","t85","t86","t32","t69","t128","t129","t39","t53","t130","t131","t96","t97","t74","t35","t44","t45","t9","t121","t122","t87","t88","t64","t75","t111","t112","t124","t125","t102","t136","t137","t47","t113","t114","t134","t135","t123","t28","t13","t14","t33","t119","t120","t62","t63","t140","t141","t42","t43","t22","t23","t94","t95","t10","t4","t2"
"t1",0,3.83409327846,8.948813983726,8.948813983756,8.948813983696,8.948813983766,8.948813983766,8.948813983747,8.948813983777,8.948813983777,8.948813983726,8.948813983726,8.948813983715,8.948813983715,8.948813983726,8.948813983926,8.948813983916,8.948813983886,8.948813983886,8.948813983886,8.948813983886,8.948813983876,8.948813983876,8.948813983876,8.948813983876,8.948813983826,8.948813983816,8.948813983816,6.341980833826,6.470080895126,5.848903887926,8.948813983126,8.948813983126,8.819674984126,8.948813983726,8.948813983726,8.948813983726,8.509214671326,8.948813983726,8.782574637376,8.948813983376,8.106256041486,8.948813983386,8.948813983386,8.948813983476,8.948813983476,8.948813983476,8.948813983476,8.948813983476,8.948813983476,8.948813983676,8.678072126176,8.948813983376,8.948813983476,8.523553210476,8.320837099409,8.948813983376,7.740794006276,8.263044592076,8.948813983476,8.948813983476,8.948813983476,7.370993930256,7.915139298196,8.948813983406,8.948813983406,8.541768240406,8.948813983506,8.948813983406,8.948813983406,8.948813983406,8.948813983506,5.637302761126,5.457150078456,8.948813983776,8.948813983676,8.948813983676,6.917262417786,8.948813983376,8.020058571876,8.948813983746,8.948813983746,8.948813983676,8.948813983676,8.373811352376,8.845228974726,8.078767766626,5.734441810126,8.733866758826,8.948813983226,8.252880148626,8.745716064826,8.948813983426,8.948813983426,8.590947785226,8.948813983456,8.948813983426,8.948813983426,8.948813983956,8.948813983956,8.948813983956,8.743989360326,8.258015879126,8.948813983526,5.913565854836,8.948813983366,8.948813983366,8.948813983586,8.887365093086,8.948813983486,8.579538323636,8.948813983496,8.948813983496,8.948813983486,8.948813983486,8.948813983486,8.948813983496,8.948813983496,8.700823951286,8.948813983586,8.948813983586,8.948813983706,8.948813983706,8.948813983706,8.948813983266,7.025894066166,6.582816934466,8.948813983556,8.948813983056,8.948813983056,8.44046888655,8.948813983256,8.948813983276,8.948813983276,8.948813983376,8.344616802376,8.643204556256,8.948813983256,8.948813983126,8.948813983126,6.255303564786,3.013025583126,0.70292371796
"t3",3.83409327846,0,8.664052925266,8.664052925296,8.664052925236,8.664052925306,8.664052925306,8.664052925287,8.664052925317,8.664052925317,8.664052925266,8.664052925266,8.664052925255,8.664052925255,8.664052925266,8.664052925466,8.664052925456,8.664052925426,8.664052925426,8.664052925426,8.664052925426,8.664052925416,8.664052925416,8.664052925416,8.664052925416,8.664052925366,8.664052925356,8.664052925356,6.057219775366,6.185319836666,5.564142829466,8.664052924666,8.664052924666,8.534913925666,8.664052925266,8.664052925266,8.664052925266,8.224453612866,8.664052925266,8.497813578916,8.664052924916,7.821494983026,8.664052924926,8.664052924926,8.664052925016,8.664052925016,8.664052925016,8.664052925016,8.664052925016,8.664052925016,8.664052925216,8.393311067716,8.664052924916,8.664052925016,8.238792152016,8.036076040949,8.664052924916,7.456032947816,7.978283533616,8.664052925016,8.664052925016,8.664052925016,7.086232871796,7.630378239736,8.664052924946,8.664052924946,8.257007181946,8.664052925046,8.664052924946,8.664052924946,8.664052924946,8.664052925046,5.352541702666,5.172389019996,8.664052925316,8.664052925216,8.664052925216,6.632501359326,8.664052924916,7.735297513416,8.664052925286,8.664052925286,8.664052925216,8.664052925216,8.089050293916,8.560467916266,7.794006708166,5.449680751666,8.449105700366,8.664052924766,7.968119090166,8.460955006366,8.664052924966,8.664052924966,8.306186726766,8.664052924996,8.664052924966,8.664052924966,8.664052925496,8.664052925496,8.664052925496,8.459228301866,7.973254820666,8.664052925066,5.628804796376,8.664052924906,8.664052924906,8.664052925126,8.602604034626,8.664052925026,8.294777265176,8.664052925036,8.664052925036,8.664052925026,8.664052925026,8.664052925026,8.664052925036,8.664052925036,8.416062892826,8.664052925126,8.664052925126,8.664052925246,8.664052925246,8.664052925246,8.664052924806,6.741133007706,6.298055876006,8.664052925096,8.664052924596,8.664052924596,8.15570782809,8.664052924796,8.664052924816,8.664052924816,8.664052924916,8.059855743916,8.358443497796,8.664052924796,8.664052924666,8.664052924666,5.970542506326,2.728264524666,4.0920501255
"t37",8.948813983726,8.664052925266,0,1.90938197143,1.90938197137,1.90938197144,1.90938197144,1.909381971421,1.909381971451,1.909381971451,1.9093819714,1.9093819714,1.909381971389,1.909381971389,1.9093819714,9.2257154256,9.22571542559,9.22571542556,9.22571542556,9.22571542556,9.22571542556,9.22571542555,9.22571542555,9.22571542555,9.22571542555,9.2257154255,9.22571542549,9.22571542549,6.6188822755,6.7469823368,6.1258053296,9.2257154248,9.2257154248,9.0965764258,9.2257154254,9.2257154254,9.2257154254,8.786116113,9.2257154254,9.05947607905,9.22571542505,8.38315748316,9.22571542506,9.22571542506,9.22571542515,9.22571542515,9.22571542515,9.22571542515,9.22571542515,9.22571542515,9.22571542535,8.95497356785,9.22571542505,9.22571542515,8.80045465215,8.597738541083,9.22571542505,8.01769544795,8.53994603375,9.22571542515,9.22571542515,9.22571542515,7.64789537193,8.19204073987,9.22571542508,9.22571542508,8.81866968208,9.22571542518,9.22571542508,9.22571542508,9.22571542508,9.22571542518,5.9142042028,6.20618588253,9.69784978785,9.69784978775,9.69784978775,7.66629822186,9.69784978745,8.76909437595,9.69784978782,9.69784978782,9.69784978775,9.69784978775,9.12284715645,9.5942647788,8.8278035707,6.4834776142,10.0852241391,10.3001713635,9.6042375289,10.0970734451,10.3001713637,10.3001713637,9.9423051655,10.30017136373,10.3001713637,10.3001713637,10.30017136423,10.30017136423,10.30017136423,10.0953467406,9.6093732594,10.3001713638,7.26492323511,10.30017136364,10.30017136364,10.30017136386,10.23872247336,10.30017136376,9.93089570391,10.30017136377,10.30017136377,10.30017136376,10.30017136376,10.30017136376,10.30017136377,10.30017136377,10.05218133156,10.30017136386,10.30017136386,10.30017136398,10.30017136398,10.30017136398,10.30017136354,8.37725144644,7.93417431474,10.30017136383,10.30017136333,10.30017136333,9.791826266824,10.30017136353,10.30017136355,10.30017136355,10.30017136365,9.69597418265,9.99456193653,10.30017136353,10.3001713634,10.3001713634,7.60666094506,7.8382498474,9.206770830766
"t38",8.948813983756,8.664052925296,1.90938197143,0,1.88427563094,1.88427563101,1.88427563101,1.884275630991,1.884275631021,1.884275631021,1.88427563097,1.88427563097,1.884275630959,1.884275630959,1.88427563097,9.22571542563,9.22571542562,9.22571542559,9.22571542559,9.22571542559,9.22571542559,9.22571542558,9.22571542558,9.22571542558,9.22571542558,9.22571542553,9.22571542552,9.22571542552,6.61888227553,6.74698233683,6.12580532963,9.22571542483,9.22571542483,9.09657642583,9.22571542543,9.22571542543,9.22571542543,8.78611611303,9.22571542543,9.05947607908,9.22571542508,8.38315748319,9.22571542509,9.22571542509,9.22571542518,9.22571542518,9.22571542518,9.22571542518,9.22571542518,9.22571542518,9.22571542538,8.95497356788,9.22571542508,9.22571542518,8.80045465218,8.597738541113,9.22571542508,8.01769544798,8.53994603378,9.22571542518,9.22571542518,9.22571542518,7.64789537196,8.1920407399,9.22571542511,9.22571542511,8.81866968211,9.22571542521,9.22571542511,9.22571542511,9.22571542511,9.22571542521,5.91420420283,6.20618588256,9.69784978788,9.69784978778,9.69784978778,7.66629822189,9.69784978748,8.76909437598,9.69784978785,9.69784978785,9.69784978778,9.69784978778,9.12284715648,9.59426477883,8.82780357073,6.48347761423,10.08522413913,10.30017136353,9.60423752893,10.09707344513,10.30017136373,10.30017136373,9.94230516553,10.30017136376,10.30017136373,10.30017136373,10.30017136426,10.30017136426,10.30017136426,10.09534674063,9.60937325943,10.30017136383,7.26492323514,10.30017136367,10.30017136367,10.30017136389,10.23872247339,10.30017136379,9.93089570394,10.3001713638,10.3001713638,10.30017136379,10.30017136379,10.30017136379,10.3001713638,10.3001713638,10.05218133159,10.30017136389,10.30017136389,10.30017136401,10.30017136401,10.30017136401,10.30017136357,8.37725144647,7.93417431477,10.30017136386,10.30017136336,10.30017136336,9.791826266854,10.30017136356,10.30017136358,10.30017136358,10.30017136368,9.69597418268,9.99456193656,10.30017136356,10.30017136343,10.30017136343,7.60666094509,7.83824984743,9.206770830796
"t108",8.948813983696,8.664052925236,1.90938197137,1.88427563094,0,0.37174792427,0.37174792427,0.523398980391,0.523398980421,0.523398980421,1.39631020137,1.39631020137,1.848566138359,1.848566138359,1.84856613837,9.22571542557,9.22571542556,9.22571542553,9.22571542553,9.22571542553,9.22571542553,9.22571542552,9.22571542552,9.22571542552,9.22571542552,9.22571542547,9.22571542546,9.22571542546,6.61888227547,6.74698233677,6.12580532957,9.22571542477,9.22571542477,9.09657642577,9.22571542537,9.22571542537,9.22571542537,8.78611611297,9.22571542537,9.05947607902,9.22571542502,8.38315748313,9.22571542503,9.22571542503,9.22571542512,9.22571542512,9.22571542512,9.22571542512,9.22571542512,9.22571542512,9.22571542532,8.95497356782,9.22571542502,9.22571542512,8.80045465212,8.597738541053,9.22571542502,8.01769544792,8.53994603372,9.22571542512,9.22571542512,9.22571542512,7.6478953719,8.19204073984,9.22571542505,9.22571542505,8.81866968205,9.22571542515,9.22571542505,9.22571542505,9.22571542505,9.22571542515,5.91420420277,6.2061858825,9.69784978782,9.69784978772,9.69784978772,7.66629822183,9.69784978742,8.76909437592,9.69784978779,9.69784978779,9.69784978772,9.69784978772,9.12284715642,9.59426477877,8.82780357067,6.48347761417,10.08522413907,10.30017136347,9.60423752887,10.09707344507,10.30017136367,10.30017136367,9.94230516547,10.3001713637,10.30017136367,10.30017136367,10.3001713642,10.3001713642,10.3001713642,10.09534674057,9.60937325937,10.30017136377,7.26492323508,10.30017136361,10.30017136361,10.30017136383,10.23872247333,10.30017136373,9.93089570388,10.30017136374,10.30017136374,10.30017136373,10.30017136373,10.30017136373,10.30017136374,10.30017136374,10.05218133153,10.30017136383,10.30017136383,10.30017136395,10.30017136395,10.30017136395,10.30017136351,8.37725144641,7.93417431471,10.3001713638,10.3001713633,10.3001713633,9.791826266794,10.3001713635,10.30017136352,10.30017136352,10.30017136362,9.69597418262,9.9945619365,10.3001713635,10.30017136337,10.30017136337,7.60666094503,7.83824984737,9.206770830736
"t126",8.948813983766,8.664052925306,1.90938197144,1.88427563101,0.37174792427,0,0.14868976134,0.523398980461,0.523398980491,0.523398980491,1.39631020144,1.39631020144,1.848566138429,1.848566138429,1.84856613844,9.22571542564,9.22571542563,9.2257154256,9.2257154256,9.2257154256,9.2257154256,9.22571542559,9.22571542559,9.22571542559,9.22571542559,9.22571542554,9.22571542553,9.22571542553,6.61888227554,6.74698233684,6.12580532964,9.22571542484,9.22571542484,9.09657642584,9.22571542544,9.22571542544,9.22571542544,8.78611611304,9.22571542544,9.05947607909,9.22571542509,8.3831574832,9.2257154251,9.2257154251,9.22571542519,9.22571542519,9.22571542519,9.22571542519,9.22571542519,9.22571542519,9.22571542539,8.95497356789,9.22571542509,9.22571542519,8.80045465219,8.597738541123,9.22571542509,8.01769544799,8.53994603379,9.22571542519,9.22571542519,9.22571542519,7.64789537197,8.19204073991,9.22571542512,9.22571542512,8.81866968212,9.22571542522,9.22571542512,9.22571542512,9.22571542512,9.22571542522,5.91420420284,6.20618588257,9.69784978789,9.69784978779,9.69784978779,7.6662982219,9.69784978749,8.76909437599,9.69784978786,9.69784978786,9.69784978779,9.69784978779,9.12284715649,9.59426477884,8.82780357074,6.48347761424,10.08522413914,10.30017136354,9.60423752894,10.09707344514,10.30017136374,10.30017136374,9.94230516554,10.30017136377,10.30017136374,10.30017136374,10.30017136427,10.30017136427,10.30017136427,10.09534674064,9.60937325944,10.30017136384,7.26492323515,10.30017136368,10.30017136368,10.3001713639,10.2387224734,10.3001713638,9.93089570395,10.30017136381,10.30017136381,10.3001713638,10.3001713638,10.3001713638,10.30017136381,10.30017136381,10.0521813316,10.3001713639,10.3001713639,10.30017136402,10.30017136402,10.30017136402,10.30017136358,8.37725144648,7.93417431478,10.30017136387,10.30017136337,10.30017136337,9.791826266864,10.30017136357,10.30017136359,10.30017136359,10.30017136369,9.69597418269,9.99456193657,10.30017136357,10.30017136344,10.30017136344,7.6066609451,7.83824984744,9.206770830806
"t127",8.948813983766,8.664052925306,1.90938197144,1.88427563101,0.37174792427,0.14868976134,0,0.523398980461,0.523398980491,0.523398980491,1.39631020144,1.39631020144,1.848566138429,1.848566138429,1.84856613844,9.22571542564,9.22571542563,9.2257154256,9.2257154256,9.2257154256,9.2257154256,9.22571542559,9.22571542559,9.22571542559,9.22571542559,9.22571542554,9.22571542553,9.22571542553,6.61888227554,6.74698233684,6.12580532964,9.22571542484,9.22571542484,9.09657642584,9.22571542544,9.22571542544,9.22571542544,8.78611611304,9.22571542544,9.05947607909,9.22571542509,8.3831574832,9.2257154251,9.2257154251,9.22571542519,9.22571542519,9.22571542519,9.22571542519,9.22571542519,9.22571542519,9.22571542539,8.95497356789,9.22571542509,9.22571542519,8.80045465219,8.597738541123,9.22571542509,8.01769544799,8.53994603379,9.22571542519,9.22571542519,9.22571542519,7.64789537197,8.19204073991,9.22571542512,9.22571542512,8.81866968212,9.22571542522,9.22571542512,9.22571542512,9.22571542512,9.22571542522,5.91420420284,6.20618588257,9.69784978789,9.69784978779,9.69784978779,7.6662982219,9.69784978749,8.76909437599,9.69784978786,9.69784978786,9.69784978779,9.69784978779,9.12284715649,9.59426477884,8.82780357074,6.48347761424,10.08522413914,10.30017136354,9.60423752894,10.09707344514,10.30017136374,10.30017136374,9.94230516554,10.30017136377,10.30017136374,10.30017136374,10.30017136427,10.30017136427,10.30017136427,10.09534674064,9.60937325944,10.30017136384,7.26492323515,10.30017136368,10.30017136368,10.3001713639,10.2387224734,10.3001713638,9.93089570395,10.30017136381,10.30017136381,10.3001713638,10.3001713638,10.3001713638,10.30017136381,10.30017136381,10.0521813316,10.3001713639,10.3001713639,10.30017136402,10.30017136402,10.30017136402,10.30017136358,8.37725144648,7.93417431478,10.30017136387,10.30017136337,10.30017136337,9.791826266864,10.30017136357,10.30017136359,10.30017136359,10.30017136369,9.69597418269,9.99456193657,10.30017136357,10.30017136344,10.30017136344,7.6066609451,7.83824984744,9.206770830806
"t98",8.948813983747,8.664052925287,1.909381971421,1.884275630991,0.523398980391,0.523398980461,0.523398980461,0,0.50880570003,0.50880570003,1.396310201421,1.396310201421,1.84856613841,1.84856613841,1.848566138421,9.225715425621,9.225715425611,9.225715425581,9.225715425581,9.225715425581,9.225715425581,9.225715425571,9.225715425571,9.225715425571,9.225715425571,9.225715425521,9.225715425511,9.225715425511,6.618882275521,6.746982336821,6.125805329621,9.225715424821,9.225715424821,9.096576425821,9.225715425421,9.225715425421,9.225715425421,8.786116113021,9.225715425421,9.059476079071,9.225715425071,8.383157483181,9.225715425081,9.225715425081,9.225715425171,9.225715425171,9.225715425171,9.225715425171,9.225715425171,9.225715425171,9.225715425371,8.954973567871,9.225715425071,9.225715425171,8.800454652171,8.597738541104,9.225715425071,8.017695447971,8.539946033771,9.225715425171,9.225715425171,9.225715425171,7.647895371951,8.192040739891,9.225715425101,9.225715425101,8.818669682101,9.225715425201,9.225715425101,9.225715425101,9.225715425101,9.225715425201,5.914204202821,6.206185882551,9.697849787871,9.697849787771,9.697849787771,7.666298221881,9.697849787471,8.769094375971,9.697849787841,9.697849787841,9.697849787771,9.697849787771,9.122847156471,9.594264778821,8.827803570721,6.483477614221,10.085224139121,10.300171363521,9.604237528921,10.097073445121,10.300171363721,10.300171363721,9.942305165521,10.300171363751,10.300171363721,10.300171363721,10.300171364251,10.300171364251,10.300171364251,10.095346740621,9.609373259421,10.300171363821,7.264923235131,10.300171363661,10.300171363661,10.300171363881,10.238722473381,10.300171363781,9.930895703931,10.300171363791,10.300171363791,10.300171363781,10.300171363781,10.300171363781,10.300171363791,10.300171363791,10.052181331581,10.300171363881,10.300171363881,10.300171364001,10.300171364001,10.300171364001,10.300171363561,8.377251446461,7.934174314761,10.300171363851,10.300171363351,10.300171363351,9.791826266845,10.300171363551,10.300171363571,10.300171363571,10.300171363671,9.695974182671,9.994561936551,10.300171363551,10.300171363421,10.300171363421,7.606660945081,7.838249847421,9.206770830787
"t103",8.948813983777,8.664052925317,1.909381971451,1.884275631021,0.523398980421,0.523398980491,0.523398980491,0.50880570003,0,0.3963619454,1.396310201451,1.396310201451,1.84856613844,1.84856613844,1.848566138451,9.225715425651,9.225715425641,9.225715425611,9.225715425611,9.225715425611,9.225715425611,9.225715425601,9.225715425601,9.225715425601,9.225715425601,9.225715425551,9.225715425541,9.225715425541,6.618882275551,6.746982336851,6.125805329651,9.225715424851,9.225715424851,9.096576425851,9.225715425451,9.225715425451,9.225715425451,8.786116113051,9.225715425451,9.059476079101,9.225715425101,8.383157483211,9.225715425111,9.225715425111,9.225715425201,9.225715425201,9.225715425201,9.225715425201,9.225715425201,9.225715425201,9.225715425401,8.954973567901,9.225715425101,9.225715425201,8.800454652201,8.597738541134,9.225715425101,8.017695448001,8.539946033801,9.225715425201,9.225715425201,9.225715425201,7.647895371981,8.192040739921,9.225715425131,9.225715425131,8.818669682131,9.225715425231,9.225715425131,9.225715425131,9.225715425131,9.225715425231,5.914204202851,6.206185882581,9.697849787901,9.697849787801,9.697849787801,7.666298221911,9.697849787501,8.769094376001,9.697849787871,9.697849787871,9.697849787801,9.697849787801,9.122847156501,9.594264778851,8.827803570751,6.483477614251,10.085224139151,10.300171363551,9.604237528951,10.097073445151,10.300171363751,10.300171363751,9.942305165551,10.300171363781,10.300171363751,10.300171363751,10.300171364281,10.300171364281,10.300171364281,10.095346740651,9.609373259451,10.300171363851,7.264923235161,10.300171363691,10.300171363691,10.300171363911,10.238722473411,10.300171363811,9.930895703961,10.300171363821,10.300171363821,10.300171363811,10.300171363811,10.300171363811,10.300171363821,10.300171363821,10.052181331611,10.300171363911,10.300171363911,10.300171364031,10.300171364031,10.300171364031,10.300171363591,8.377251446491,7.934174314791,10.300171363881,10.300171363381,10.300171363381,9.791826266875,10.300171363581,10.300171363601,10.300171363601,10.300171363701,9.695974182701,9.994561936581,10.300171363581,10.300171363451,10.300171363451,7.606660945111,7.838249847451,9.206770830817
"t104",8.948813983777,8.664052925317,1.909381971451,1.884275631021,0.523398980421,0.523398980491,0.523398980491,0.50880570003,0.3963619454,0,1.396310201451,1.396310201451,1.84856613844,1.84856613844,1.848566138451,9.225715425651,9.225715425641,9.225715425611,9.225715425611,9.225715425611,9.225715425611,9.225715425601,9.225715425601,9.225715425601,9.225715425601,9.225715425551,9.225715425541,9.225715425541,6.618882275551,6.746982336851,6.125805329651,9.225715424851,9.225715424851,9.096576425851,9.225715425451,9.225715425451,9.225715425451,8.786116113051,9.225715425451,9.059476079101,9.225715425101,8.383157483211,9.225715425111,9.225715425111,9.225715425201,9.225715425201,9.225715425201,9.225715425201,9.225715425201,9.225715425201,9.225715425401,8.954973567901,9.225715425101,9.225715425201,8.800454652201,8.597738541134,9.225715425101,8.017695448001,8.539946033801,9.225715425201,9.225715425201,9.225715425201,7.647895371981,8.192040739921,9.225715425131,9.225715425131,8.818669682131,9.225715425231,9.225715425131,9.225715425131,9.225715425131,9.225715425231,5.914204202851,6.206185882581,9.697849787901,9.697849787801,9.697849787801,7.666298221911,9.697849787501,8.769094376001,9.697849787871,9.697849787871,9.697849787801,9.697849787801,9.122847156501,9.594264778851,8.827803570751,6.483477614251,10.085224139151,10.300171363551,9.604237528951,10.097073445151,10.300171363751,10.300171363751,9.942305165551,10.300171363781,10.300171363751,10.300171363751,10.300171364281,10.300171364281,10.300171364281,10.095346740651,9.609373259451,10.300171363851,7.264923235161,10.300171363691,10.300171363691,10.300171363911,10.238722473411,10.300171363811,9.930895703961,10.300171363821,10.300171363821,10.300171363811,10.300171363811,10.300171363811,10.300171363821,10.300171363821,10.052181331611,10.300171363911,10.300171363911,10.300171364031,10.300171364031,10.300171364031,10.300171363591,8.377251446491,7.934174314791,10.300171363881,10.300171363381,10.300171363381,9.791826266875,10.300171363581,10.300171363601,10.300171363601,10.300171363701,9.695974182701,9.994561936581,10.300171363581,10.300171363451,10.300171363451,7.606660945111,7.838249847451,9.206770830817
"t89",8.948813983726,8.664052925266,1.9093819714,1.88427563097,1.39631020137,1.39631020144,1.39631020144,1.396310201421,1.396310201451,1.396310201451,0,0.6623522312,1.848566138389,1.848566138389,1.8485661384,9.2257154256,9.22571542559,9.22571542556,9.22571542556,9.22571542556,9.22571542556,9.22571542555,9.22571542555,9.22571542555,9.22571542555,9.2257154255,9.22571542549,9.22571542549,6.6188822755,6.7469823368,6.1258053296,9.2257154248,9.2257154248,9.0965764258,9.2257154254,9.2257154254,9.2257154254,8.786116113,9.2257154254,9.05947607905,9.22571542505,8.38315748316,9.22571542506,9.22571542506,9.22571542515,9.22571542515,9.22571542515,9.22571542515,9.22571542515,9.22571542515,9.22571542535,8.95497356785,9.22571542505,9.22571542515,8.80045465215,8.597738541083,9.22571542505,8.01769544795,8.53994603375,9.22571542515,9.22571542515,9.22571542515,7.64789537193,8.19204073987,9.22571542508,9.22571542508,8.81866968208,9.22571542518,9.22571542508,9.22571542508,9.22571542508,9.22571542518,5.9142042028,6.20618588253,9.69784978785,9.69784978775,9.69784978775,7.66629822186,9.69784978745,8.76909437595,9.69784978782,9.69784978782,9.69784978775,9.69784978775,9.12284715645,9.5942647788,8.8278035707,6.4834776142,10.0852241391,10.3001713635,9.6042375289,10.0970734451,10.3001713637,10.3001713637,9.9423051655,10.30017136373,10.3001713637,10.3001713637,10.30017136423,10.30017136423,10.30017136423,10.0953467406,9.6093732594,10.3001713638,7.26492323511,10.30017136364,10.30017136364,10.30017136386,10.23872247336,10.30017136376,9.93089570391,10.30017136377,10.30017136377,10.30017136376,10.30017136376,10.30017136376,10.30017136377,10.30017136377,10.05218133156,10.30017136386,10.30017136386,10.30017136398,10.30017136398,10.30017136398,10.30017136354,8.37725144644,7.93417431474,10.30017136383,10.30017136333,10.30017136333,9.791826266824,10.30017136353,10.30017136355,10.30017136355,10.30017136365,9.69597418265,9.99456193653,10.30017136353,10.3001713634,10.3001713634,7.60666094506,7.8382498474,9.206770830766
"t90",8.948813983726,8.664052925266,1.9093819714,1.88427563097,1.39631020137,1.39631020144,1.39631020144,1.396310201421,1.396310201451,1.396310201451,0.6623522312,0,1.848566138389,1.848566138389,1.8485661384,9.2257154256,9.22571542559,9.22571542556,9.22571542556,9.22571542556,9.22571542556,9.22571542555,9.22571542555,9.22571542555,9.22571542555,9.2257154255,9.22571542549,9.22571542549,6.6188822755,6.7469823368,6.1258053296,9.2257154248,9.2257154248,9.0965764258,9.2257154254,9.2257154254,9.2257154254,8.786116113,9.2257154254,9.05947607905,9.22571542505,8.38315748316,9.22571542506,9.22571542506,9.22571542515,9.22571542515,9.22571542515,9.22571542515,9.22571542515,9.22571542515,9.22571542535,8.95497356785,9.22571542505,9.22571542515,8.80045465215,8.597738541083,9.22571542505,8.01769544795,8.53994603375,9.22571542515,9.22571542515,9.22571542515,7.64789537193,8.19204073987,9.22571542508,9.22571542508,8.81866968208,9.22571542518,9.22571542508,9.22571542508,9.22571542508,9.22571542518,5.9142042028,6.20618588253,9.69784978785,9.69784978775,9.69784978775,7.66629822186,9.69784978745,8.76909437595,9.69784978782,9.69784978782,9.69784978775,9.69784978775,9.12284715645,9.5942647788,8.8278035707,6.4834776142,10.0852241391,10.3001713635,9.6042375289,10.0970734451,10.3001713637,10.3001713637,9.9423051655,10.30017136373,10.3001713637,10.3001713637,10.30017136423,10.30017136423,10.30017136423,10.0953467406,9.6093732594,10.3001713638,7.26492323511,10.30017136364,10.30017136364,10.30017136386,10.23872247336,10.30017136376,9.93089570391,10.30017136377,10.30017136377,10.30017136376,10.30017136376,10.30017136376,10.30017136377,10.30017136377,10.05218133156,10.30017136386,10.30017136386,10.30017136398,10.30017136398,10.30017136398,10.30017136354,8.37725144644,7.93417431474,10.30017136383,10.30017136333,10.30017136333,9.791826266824,10.30017136353,10.30017136355,10.30017136355,10.30017136365,9.69597418265,9.99456193653,10.30017136353,10.3001713634,10.3001713634,7.60666094506,7.8382498474,9.206770830766
"t142",8.948813983715,8.664052925255,1.909381971389,1.884275630959,1.848566138359,1.848566138429,1.848566138429,1.84856613841,1.84856613844,1.84856613844,1.848566138389,1.848566138389,0,0.006659420778,0.579523221189,9.225715425589,9.225715425579,9.225715425549,9.225715425549,9.225715425549,9.225715425549,9.225715425539,9.225715425539,9.225715425539,9.225715425539,9.225715425489,9.225715425479,9.225715425479,6.618882275489,6.746982336789,6.125805329589,9.225715424789,9.225715424789,9.096576425789,9.225715425389,9.225715425389,9.225715425389,8.786116112989,9.225715425389,9.059476079039,9.225715425039,8.383157483149,9.225715425049,9.225715425049,9.225715425139,9.225715425139,9.225715425139,9.225715425139,9.225715425139,9.225715425139,9.225715425339,8.954973567839,9.225715425039,9.225715425139,8.800454652139,8.597738541072,9.225715425039,8.017695447939,8.539946033739,9.225715425139,9.225715425139,9.225715425139,7.647895371919,8.192040739859,9.225715425069,9.225715425069,8.818669682069,9.225715425169,9.225715425069,9.225715425069,9.225715425069,9.225715425169,5.914204202789,6.206185882519,9.697849787839,9.697849787739,9.697849787739,7.666298221849,9.697849787439,8.769094375939,9.697849787809,9.697849787809,9.697849787739,9.697849787739,9.122847156439,9.594264778789,8.827803570689,6.483477614189,10.085224139089,10.300171363489,9.604237528889,10.097073445089,10.300171363689,10.300171363689,9.942305165489,10.300171363719,10.300171363689,10.300171363689,10.300171364219,10.300171364219,10.300171364219,10.095346740589,9.609373259389,10.300171363789,7.264923235099,10.300171363629,10.300171363629,10.300171363849,10.238722473349,10.300171363749,9.930895703899,10.300171363759,10.300171363759,10.300171363749,10.300171363749,10.300171363749,10.300171363759,10.300171363759,10.052181331549,10.300171363849,10.300171363849,10.300171363969,10.300171363969,10.300171363969,10.300171363529,8.377251446429,7.934174314729,10.300171363819,10.300171363319,10.300171363319,9.791826266813,10.300171363519,10.300171363539,10.300171363539,10.300171363639,9.695974182639,9.994561936519,10.300171363519,10.300171363389,10.300171363389,7.606660945049,7.838249847389,9.206770830755
"t143",8.948813983715,8.664052925255,1.909381971389,1.884275630959,1.848566138359,1.848566138429,1.848566138429,1.84856613841,1.84856613844,1.84856613844,1.848566138389,1.848566138389,0.006659420778,0,0.579523221189,9.225715425589,9.225715425579,9.225715425549,9.225715425549,9.225715425549,9.225715425549,9.225715425539,9.225715425539,9.225715425539,9.225715425539,9.225715425489,9.225715425479,9.225715425479,6.618882275489,6.746982336789,6.125805329589,9.225715424789,9.225715424789,9.096576425789,9.225715425389,9.225715425389,9.225715425389,8.786116112989,9.225715425389,9.059476079039,9.225715425039,8.383157483149,9.225715425049,9.225715425049,9.225715425139,9.225715425139,9.225715425139,9.225715425139,9.225715425139,9.225715425139,9.225715425339,8.954973567839,9.225715425039,9.225715425139,8.800454652139,8.597738541072,9.225715425039,8.017695447939,8.539946033739,9.225715425139,9.225715425139,9.225715425139,7.647895371919,8.192040739859,9.225715425069,9.225715425069,8.818669682069,9.225715425169,9.225715425069,9.225715425069,9.225715425069,9.225715425169,5.914204202789,6.206185882519,9.697849787839,9.697849787739,9.697849787739,7.666298221849,9.697849787439,8.769094375939,9.697849787809,9.697849787809,9.697849787739,9.697849787739,9.122847156439,9.594264778789,8.827803570689,6.483477614189,10.085224139089,10.300171363489,9.604237528889,10.097073445089,10.300171363689,10.300171363689,9.942305165489,10.300171363719,10.300171363689,10.300171363689,10.300171364219,10.300171364219,10.300171364219,10.095346740589,9.609373259389,10.300171363789,7.264923235099,10.300171363629,10.300171363629,10.300171363849,10.238722473349,10.300171363749,9.930895703899,10.300171363759,10.300171363759,10.300171363749,10.300171363749,10.300171363749,10.300171363759,10.300171363759,10.052181331549,10.300171363849,10.300171363849,10.300171363969,10.300171363969,10.300171363969,10.300171363529,8.377251446429,7.934174314729,10.300171363819,10.300171363319,10.300171363319,9.791826266813,10.300171363519,10.300171363539,10.300171363539,10.300171363639,9.695974182639,9.994561936519,10.300171363519,10.300171363389,10.300171363389,7.606660945049,7.838249847389,9.206770830755
"t93",8.948813983726,8.664052925266,1.9093819714,1.88427563097,1.84856613837,1.84856613844,1.84856613844,1.848566138421,1.848566138451,1.848566138451,1.8485661384,1.8485661384,0.579523221189,0.579523221189,0,9.2257154256,9.22571542559,9.22571542556,9.22571542556,9.22571542556,9.22571542556,9.22571542555,9.22571542555,9.22571542555,9.22571542555,9.2257154255,9.22571542549,9.22571542549,6.6188822755,6.7469823368,6.1258053296,9.2257154248,9.2257154248,9.0965764258,9.2257154254,9.2257154254,9.2257154254,8.786116113,9.2257154254,9.05947607905,9.22571542505,8.38315748316,9.22571542506,9.22571542506,9.22571542515,9.22571542515,9.22571542515,9.22571542515,9.22571542515,9.22571542515,9.22571542535,8.95497356785,9.22571542505,9.22571542515,8.80045465215,8.597738541083,9.22571542505,8.01769544795,8.53994603375,9.22571542515,9.22571542515,9.22571542515,7.64789537193,8.19204073987,9.22571542508,9.22571542508,8.81866968208,9.22571542518,9.22571542508,9.22571542508,9.22571542508,9.22571542518,5.9142042028,6.20618588253,9.69784978785,9.69784978775,9.69784978775,7.66629822186,9.69784978745,8.76909437595,9.69784978782,9.69784978782,9.69784978775,9.69784978775,9.12284715645,9.5942647788,8.8278035707,6.4834776142,10.0852241391,10.3001713635,9.6042375289,10.0970734451,10.3001713637,10.3001713637,9.9423051655,10.30017136373,10.3001713637,10.3001713637,10.30017136423,10.30017136423,10.30017136423,10.0953467406,9.6093732594,10.3001713638,7.26492323511,10.30017136364,10.30017136364,10.30017136386,10.23872247336,10.30017136376,9.93089570391,10.30017136377,10.30017136377,10.30017136376,10.30017136376,10.30017136376,10.30017136377,10.30017136377,10.05218133156,10.30017136386,10.30017136386,10.30017136398,10.30017136398,10.30017136398,10.30017136354,8.37725144644,7.93417431474,10.30017136383,10.30017136333,10.30017136333,9.791826266824,10.30017136353,10.30017136355,10.30017136355,10.30017136365,9.69597418265,9.99456193653,10.30017136353,10.3001713634,10.3001713634,7.60666094506,7.8382498474,9.206770830766
"t41",8.948813983926,8.664052925466,9.2257154256,9.22571542563,9.22571542557,9.22571542564,9.22571542564,9.225715425621,9.225715425651,9.225715425651,9.2257154256,9.2257154256,9.225715425589,9.225715425589,9.2257154256,0,1.85194737819,1.85194737816,1.85194737816,1.85194737816,1.85194737816,1.85194737815,1.85194737815,1.85194737815,1.85194737815,2.3291087031,2.32910870309,2.32910870309,4.4365681091,4.5646681704,4.7941105384,7.8940206336,7.8940206336,7.7648816346,7.8940206342,7.8940206342,7.8940206342,7.4544213218,7.8940206342,7.72778128785,7.89402063385,7.05146269196,7.89402063386,7.89402063386,7.89402063395,7.89402063395,7.89402063395,7.89402063395,7.89402063395,7.89402063395,7.89402063415,7.62327877665,7.89402063385,7.89402063395,7.46875986095,7.266043749883,7.89402063385,6.68600065675,7.20825124255,7.89402063395,7.89402063395,7.89402063395,6.31620058073,6.86034594867,7.89402063388,7.89402063388,7.48697489088,7.89402063398,7.89402063388,7.89402063388,7.89402063388,7.89402063398,5.4911020128,6.20618588273,9.69784978805,9.69784978795,9.69784978795,7.66629822206,9.69784978765,8.76909437615,9.69784978802,9.69784978802,9.69784978795,9.69784978795,9.12284715665,9.594264779,8.8278035709,6.4834776144,10.0852241393,10.3001713637,9.6042375291,10.0970734453,10.3001713639,10.3001713639,9.9423051657,10.30017136393,10.3001713639,10.3001713639,10.30017136443,10.30017136443,10.30017136443,10.0953467408,9.6093732596,10.300171364,7.26492323531,10.30017136384,10.30017136384,10.30017136406,10.23872247356,10.30017136396,9.93089570411,10.30017136397,10.30017136397,10.30017136396,10.30017136396,10.30017136396,10.30017136397,10.30017136397,10.05218133176,10.30017136406,10.30017136406,10.30017136418,10.30017136418,10.30017136418,10.30017136374,8.37725144664,7.93417431494,10.30017136403,10.30017136353,10.30017136353,9.791826267024,10.30017136373,10.30017136375,10.30017136375,10.30017136385,9.69597418285,9.99456193673,10.30017136373,10.3001713636,10.3001713636,7.60666094526,7.8382498476,9.206770830966
"t49",8.948813983916,8.664052925456,9.22571542559,9.22571542562,9.22571542556,9.22571542563,9.22571542563,9.225715425611,9.225715425641,9.225715425641,9.22571542559,9.22571542559,9.225715425579,9.225715425579,9.22571542559,1.85194737819,0,1.50783866637,1.50783866637,1.50783866637,1.50783866637,1.52878505214,1.52878505214,1.52878505214,1.52878505214,2.32910870309,2.32910870308,2.32910870308,4.43656810909,4.56466817039,4.79411053839,7.89402063359,7.89402063359,7.76488163459,7.89402063419,7.89402063419,7.89402063419,7.45442132179,7.89402063419,7.72778128784,7.89402063384,7.05146269195,7.89402063385,7.89402063385,7.89402063394,7.89402063394,7.89402063394,7.89402063394,7.89402063394,7.89402063394,7.89402063414,7.62327877664,7.89402063384,7.89402063394,7.46875986094,7.266043749873,7.89402063384,6.68600065674,7.20825124254,7.89402063394,7.89402063394,7.89402063394,6.31620058072,6.86034594866,7.89402063387,7.89402063387,7.48697489087,7.89402063397,7.89402063387,7.89402063387,7.89402063387,7.89402063397,5.49110201279,6.20618588272,9.69784978804,9.69784978794,9.69784978794,7.66629822205,9.69784978764,8.76909437614,9.69784978801,9.69784978801,9.69784978794,9.69784978794,9.12284715664,9.59426477899,8.82780357089,6.48347761439,10.08522413929,10.30017136369,9.60423752909,10.09707344529,10.30017136389,10.30017136389,9.94230516569,10.30017136392,10.30017136389,10.30017136389,10.30017136442,10.30017136442,10.30017136442,10.09534674079,9.60937325959,10.30017136399,7.2649232353,10.30017136383,10.30017136383,10.30017136405,10.23872247355,10.30017136395,9.9308957041,10.30017136396,10.30017136396,10.30017136395,10.30017136395,10.30017136395,10.30017136396,10.30017136396,10.05218133175,10.30017136405,10.30017136405,10.30017136417,10.30017136417,10.30017136417,10.30017136373,8.37725144663,7.93417431493,10.30017136402,10.30017136352,10.30017136352,9.791826267014,10.30017136372,10.30017136374,10.30017136374,10.30017136384,9.69597418284,9.99456193672,10.30017136372,10.30017136359,10.30017136359,7.60666094525,7.83824984759,9.206770830956
"t70",8.948813983886,8.664052925426,9.22571542556,9.22571542559,9.22571542553,9.2257154256,9.2257154256,9.225715425581,9.225715425611,9.225715425611,9.22571542556,9.22571542556,9.225715425549,9.225715425549,9.22571542556,1.85194737816,1.50783866637,0,0.9467622028,1.3739491522,1.3739491522,1.52878505211,1.52878505211,1.52878505211,1.52878505211,2.32910870306,2.32910870305,2.32910870305,4.43656810906,4.56466817036,4.79411053836,7.89402063356,7.89402063356,7.76488163456,7.89402063416,7.89402063416,7.89402063416,7.45442132176,7.89402063416,7.72778128781,7.89402063381,7.05146269192,7.89402063382,7.89402063382,7.89402063391,7.89402063391,7.89402063391,7.89402063391,7.89402063391,7.89402063391,7.89402063411,7.62327877661,7.89402063381,7.89402063391,7.46875986091,7.266043749843,7.89402063381,6.68600065671,7.20825124251,7.89402063391,7.89402063391,7.89402063391,6.31620058069,6.86034594863,7.89402063384,7.89402063384,7.48697489084,7.89402063394,7.89402063384,7.89402063384,7.89402063384,7.89402063394,5.49110201276,6.20618588269,9.69784978801,9.69784978791,9.69784978791,7.66629822202,9.69784978761,8.76909437611,9.69784978798,9.69784978798,9.69784978791,9.69784978791,9.12284715661,9.59426477896,8.82780357086,6.48347761436,10.08522413926,10.30017136366,9.60423752906,10.09707344526,10.30017136386,10.30017136386,9.94230516566,10.30017136389,10.30017136386,10.30017136386,10.30017136439,10.30017136439,10.30017136439,10.09534674076,9.60937325956,10.30017136396,7.26492323527,10.3001713638,10.3001713638,10.30017136402,10.23872247352,10.30017136392,9.93089570407,10.30017136393,10.30017136393,10.30017136392,10.30017136392,10.30017136392,10.30017136393,10.30017136393,10.05218133172,10.30017136402,10.30017136402,10.30017136414,10.30017136414,10.30017136414,10.3001713637,8.3772514466,7.9341743149,10.30017136399,10.30017136349,10.30017136349,9.791826266984,10.30017136369,10.30017136371,10.30017136371,10.30017136381,9.69597418281,9.99456193669,10.30017136369,10.30017136356,10.30017136356,7.60666094522,7.83824984756,9.206770830926
