"","t59","t60","t23","t24","t99","t100","t45","t31","t32","t39","t56","t80","t85","t86","t34","t17","t91","t92","t49","t40","t41","t26","t52","t53","t51","t42","t43","t44","t97","t98","t68","t69","t89","t90","t57","t58","t20","t83","t84","t19","t13","t54","t55","t14","t37","t38","t30","t25","t72","t73","t27","t1","t10","t81","t82","t70","t71","t78","t79","t18","t33","t35","t36","t6","t3","t4","t5","t8","t48","t76","t77","t95","t96","t21","t22","t7","t46","t47","t93","t94","t67","t50","t61","t62","t2","t65","t66","t16","t63","t64","t9","t87","t88","t15","t74","t75","t11","t12","t28","t29"
"t59",0,0.3839899296,7.24642420314,7.24642420314,7.2464242032737,7.2464242032737,7.24642420324,7.24642420324,7.24642420324,7.24642420315,7.24642420325,7.2464242032,7.2464242032,7.2464242032,7.24642420314,7.24642420354,7.24642420358,7.24642420358,7.24642420354,7.24642420354,7.24642420354,7.24642420334,7.246424203231,7.246424203231,7.24642420322,7.24642420324,7.2464242031,7.2464242031,7.24642420301,7.24642420301,7.246424203,7.246424203,7.24642420308,7.24642420308,7.24642420308,7.24642420308,7.24642420308,7.24642420314,7.24642420314,7.2464242031,7.2464242034,7.2464242034,7.2464242034,7.2464242034,7.24642420346,7.24642420346,7.24642420346,7.24642420345,7.24642420335,7.24642420335,7.24642420345,7.2464242031,7.2464242031,7.24642420319,7.24642420319,7.2464242032,7.2464242032,7.2464242031,7.2464242031,7.2464242031,7.24642420295,7.246424202948,7.246424202948,7.24642420315,7.24642420325,7.24642420325,7.24642420265,7.24642420325,7.24642420305,7.24642420305,7.24642420305,7.24642420309,7.24642420309,7.24642420265,7.24642420265,7.2464242036,7.2464242031,7.2464242031,7.24642420307,7.24642420307,7.2464242031,7.2464242028,7.24642420283,7.24642420283,7.2464242033,7.2464242029,7.2464242029,7.2464242028,7.2464242029,7.2464242029,7.2464242025,7.24642420317,7.24642420317,7.2464242032,7.2464242033,7.2464242033,7.30623452715,7.30623452715,7.30623452725,7.30623452725
"t60",0.3839899296,0,7.24642420314,7.24642420314,7.2464242032737,7.2464242032737,7.24642420324,7.24642420324,7.24642420324,7.24642420315,7.24642420325,7.2464242032,7.2464242032,7.2464242032,7.24642420314,7.24642420354,7.24642420358,7.24642420358,7.24642420354,7.24642420354,7.24642420354,7.24642420334,7.246424203231,7.246424203231,7.24642420322,7.24642420324,7.2464242031,7.2464242031,7.24642420301,7.24642420301,7.246424203,7.246424203,7.24642420308,7.24642420308,7.24642420308,7.24642420308,7.24642420308,7.24642420314,7.24642420314,7.2464242031,7.2464242034,7.2464242034,7.2464242034,7.2464242034,7.24642420346,7.24642420346,7.24642420346,7.24642420345,7.24642420335,7.24642420335,7.24642420345,7.2464242031,7.2464242031,7.24642420319,7.24642420319,7.2464242032,7.2464242032,7.2464242031,7.2464242031,7.2464242031,7.24642420295,7.246424202948,7.246424202948,7.24642420315,7.24642420325,7.24642420325,7.24642420265,7.24642420325,7.24642420305,7.24642420305,7.24642420305,7.24642420309,7.24642420309,7.24642420265,7.24642420265,7.2464242036,7.2464242031,7.2464242031,7.24642420307,7.24642420307,7.2464242031,7.2464242028,7.24642420283,7.24642420283,7.2464242033,7.2464242029,7.2464242029,7.2464242028,7.2464242029,7.2464242029,7.2464242025,7.24642420317,7.24642420317,7.2464242032,7.2464242033,7.2464242033,7.30623452715,7.30623452715,7.30623452725,7.30623452725
"t23",7.24642420314,7.24642420314,0,1.066605894,3.0176044533337,3.0176044533337,3.0176044533,3.0176044533,3.0176044533,3.01760445321,3.01760445331,3.01760445326,3.01760445326,3.01760445326,3.0176044532,3.9177367244,3.91773672444,3.91773672444,3.9177367244,3.9177367244,3.9177367244,3.9177367242,3.917736724091,3.917736724091,3.91773672408,3.9177367241,4.02397704704,4.02397704704,4.02397704695,4.02397704695,4.02397704694,4.02397704694,4.02397704702,4.02397704702,4.02397704702,4.02397704702,4.02397704702,4.02397704708,4.02397704708,4.02397704704,5.64480394914,5.64480394914,5.64480394914,5.64480394914,5.6448039492,5.6448039492,5.6448039492,5.64480394919,5.64480394909,5.64480394909,5.64480394919,6.77581045724,6.77581045724,6.77581045733,6.77581045733,6.77581045734,6.77581045734,6.77581045724,6.77581045724,6.77581045724,6.77581045709,6.775810457088,6.775810457088,6.77581045729,6.77581045739,6.77581045739,6.77581045679,6.77581045739,6.77581045719,6.77581045719,6.77581045719,6.77581045723,6.77581045723,6.77581045679,6.77581045679,6.77581045774,6.77581045724,6.77581045724,6.77581045721,6.77581045721,6.77581045724,6.77581045694,6.77581045697,6.77581045697,6.77581045744,6.77581045704,6.77581045704,6.77581045694,6.77581045704,6.77581045704,6.77581045664,6.77581045731,6.77581045731,6.77581045734,6.77581045744,6.77581045744,7.30623452669,7.30623452669,7.30623452679,7.30623452679
"t24",7.24642420314,7.24642420314,1.066605894,0,3.0176044533337,3.0176044533337,3.0176044533,3.0176044533,3.0176044533,3.01760445321,3.01760445331,3.01760445326,3.01760445326,3.01760445326,3.0176044532,3.9177367244,3.91773672444,3.91773672444,3.9177367244,3.9177367244,3.9177367244,3.9177367242,3.917736724091,3.917736724091,3.91773672408,3.9177367241,4.02397704704,4.02397704704,4.02397704695,4.02397704695,4.02397704694,4.02397704694,4.02397704702,4.02397704702,4.02397704702,4.02397704702,4.02397704702,4.02397704708,4.02397704708,4.02397704704,5.64480394914,5.64480394914,5.64480394914,5.64480394914,5.6448039492,5.6448039492,5.6448039492,5.64480394919,5.64480394909,5.64480394909,5.64480394919,6.77581045724,6.77581045724,6.77581045733,6.77581045733,6.77581045734,6.77581045734,6.77581045724,6.77581045724,6.77581045724,6.77581045709,6.775810457088,6.775810457088,6.77581045729,6.77581045739,6.77581045739,6.77581045679,6.77581045739,6.77581045719,6.77581045719,6.77581045719,6.77581045723,6.77581045723,6.77581045679,6.77581045679,6.77581045774,6.77581045724,6.77581045724,6.77581045721,6.77581045721,6.77581045724,6.77581045694,6.77581045697,6.77581045697,6.77581045744,6.77581045704,6.77581045704,6.77581045694,6.77581045704,6.77581045704,6.77581045664,6.77581045731,6.77581045731,6.77581045734,6.77581045744,6.77581045744,7.30623452669,7.30623452669,7.30623452679,7.30623452679
"t99",7.2464242032737,7.2464242032737,3.0176044533337,3.0176044533337,0,0.0007301938674,0.6078892290337,1.7174614694337,1.7174614694337,1.9944067577437,1.9944067578437,1.9944067577937,1.9944067577937,1.9944067577937,1.9944067577337,3.9177367245337,3.9177367245737,3.9177367245737,3.9177367245337,3.9177367245337,3.9177367245337,3.9177367243337,3.9177367242247,3.9177367242247,3.9177367242137,3.9177367242337,4.0239770471737,4.0239770471737,4.0239770470837,4.0239770470837,4.0239770470737,4.0239770470737,4.0239770471537,4.0239770471537,4.0239770471537,4.0239770471537,4.0239770471537,4.0239770472137,4.0239770472137,4.0239770471737,5.6448039492737,5.6448039492737,5.6448039492737,5.6448039492737,5.6448039493337,5.6448039493337,5.6448039493337,5.6448039493237,5.6448039492237,5.6448039492237,5.6448039493237,6.7758104573737,6.7758104573737,6.7758104574637,6.7758104574637,6.7758104574737,6.7758104574737,6.7758104573737,6.7758104573737,6.7758104573737,6.7758104572237,6.7758104572217,6.7758104572217,6.7758104574237,6.7758104575237,6.7758104575237,6.7758104569237,6.7758104575237,6.7758104573237,6.7758104573237,6.7758104573237,6.7758104573637,6.7758104573637,6.7758104569237,6.7758104569237,6.7758104578737,6.7758104573737,6.7758104573737,6.7758104573437,6.7758104573437,6.7758104573737,6.7758104570737,6.7758104571037,6.7758104571037,6.7758104575737,6.7758104571737,6.7758104571737,6.7758104570737,6.7758104571737,6.7758104571737,6.7758104567737,6.7758104574437,6.7758104574437,6.7758104574737,6.7758104575737,6.7758104575737,7.3062345268237,7.3062345268237,7.3062345269237,7.3062345269237
"t100",7.2464242032737,7.2464242032737,3.0176044533337,3.0176044533337,0.0007301938674,0,0.6078892290337,1.7174614694337,1.7174614694337,1.9944067577437,1.9944067578437,1.9944067577937,1.9944067577937,1.9944067577937,1.9944067577337,3.9177367245337,3.9177367245737,3.9177367245737,3.9177367245337,3.9177367245337,3.9177367245337,3.9177367243337,3.9177367242247,3.9177367242247,3.9177367242137,3.9177367242337,4.0239770471737,4.0239770471737,4.0239770470837,4.0239770470837,4.0239770470737,4.0239770470737,4.0239770471537,4.0239770471537,4.0239770471537,4.0239770471537,4.0239770471537,4.0239770472137,4.0239770472137,4.0239770471737,5.6448039492737,5.6448039492737,5.6448039492737,5.6448039492737,5.6448039493337,5.6448039493337,5.6448039493337,5.6448039493237,5.6448039492237,5.6448039492237,5.6448039493237,6.7758104573737,6.7758104573737,6.7758104574637,6.7758104574637,6.7758104574737,6.7758104574737,6.7758104573737,6.7758104573737,6.7758104573737,6.7758104572237,6.7758104572217,6.7758104572217,6.7758104574237,6.7758104575237,6.7758104575237,6.7758104569237,6.7758104575237,6.7758104573237,6.7758104573237,6.7758104573237,6.7758104573637,6.7758104573637,6.7758104569237,6.7758104569237,6.7758104578737,6.7758104573737,6.7758104573737,6.7758104573437,6.7758104573437,6.7758104573737,6.7758104570737,6.7758104571037,6.7758104571037,6.7758104575737,6.7758104571737,6.7758104571737,6.7758104570737,6.7758104571737,6.7758104571737,6.7758104567737,6.7758104574437,6.7758104574437,6.7758104574737,6.7758104575737,6.7758104575737,7.3062345268237,7.3062345268237,7.3062345269237,7.3062345269237
"t45",7.24642420324,7.24642420324,3.0176044533,3.0176044533,0.6078892290337,0.6078892290337,0,1.7174614694,1.7174614694,1.99440675771,1.99440675781,1.99440675776,1.99440675776,1.99440675776,1.9944067577,3.9177367245,3.91773672454,3.91773672454,3.9177367245,3.9177367245,3.9177367245,3.9177367243,3.917736724191,3.917736724191,3.91773672418,3.9177367242,4.02397704714,4.02397704714,4.02397704705,4.02397704705,4.02397704704,4.02397704704,4.02397704712,4.02397704712,4.02397704712,4.02397704712,4.02397704712,4.02397704718,4.02397704718,4.02397704714,5.64480394924,5.64480394924,5.64480394924,5.64480394924,5.6448039493,5.6448039493,5.6448039493,5.64480394929,5.64480394919,5.64480394919,5.64480394929,6.77581045734,6.77581045734,6.77581045743,6.77581045743,6.77581045744,6.77581045744,6.77581045734,6.77581045734,6.77581045734,6.77581045719,6.775810457188,6.775810457188,6.77581045739,6.77581045749,6.77581045749,6.77581045689,6.77581045749,6.77581045729,6.77581045729,6.77581045729,6.77581045733,6.77581045733,6.77581045689,6.77581045689,6.77581045784,6.77581045734,6.77581045734,6.77581045731,6.77581045731,6.77581045734,6.77581045704,6.77581045707,6.77581045707,6.77581045754,6.77581045714,6.77581045714,6.77581045704,6.77581045714,6.77581045714,6.77581045674,6.77581045741,6.77581045741,6.77581045744,6.77581045754,6.77581045754,7.30623452679,7.30623452679,7.30623452689,7.30623452689
"t31",7.24642420324,7.24642420324,3.0176044533,3.0176044533,1.7174614694337,1.7174614694337,1.7174614694,0,0.773787671,1.99440675771,1.99440675781,1.99440675776,1.99440675776,1.99440675776,1.9944067577,3.9177367245,3.91773672454,3.91773672454,3.9177367245,3.9177367245,3.9177367245,3.9177367243,3.917736724191,3.917736724191,3.91773672418,3.9177367242,4.02397704714,4.02397704714,4.02397704705,4.02397704705,4.02397704704,4.02397704704,4.02397704712,4.02397704712,4.02397704712,4.02397704712,4.02397704712,4.02397704718,4.02397704718,4.02397704714,5.64480394924,5.64480394924,5.64480394924,5.64480394924,5.6448039493,5.6448039493,5.6448039493,5.64480394929,5.64480394919,5.64480394919,5.64480394929,6.77581045734,6.77581045734,6.77581045743,6.77581045743,6.77581045744,6.77581045744,6.77581045734,6.77581045734,6.77581045734,6.77581045719,6.775810457188,6.775810457188,6.77581045739,6.77581045749,6.77581045749,6.77581045689,6.77581045749,6.77581045729,6.77581045729,6.77581045729,6.77581045733,6.77581045733,6.77581045689,6.77581045689,6.77581045784,6.77581045734,6.77581045734,6.77581045731,6.77581045731,6.77581045734,6.77581045704,6.77581045707,6.77581045707,6.77581045754,6.77581045714,6.77581045714,6.77581045704,6.77581045714,6.77581045714,6.77581045674,6.77581045741,6.77581045741,6.77581045744,6.77581045754,6.77581045754,7.30623452679,7.30623452679,7.30623452689,7.30623452689
"t32",7.24642420324,7.24642420324,3.0176044533,3.0176044533,1.7174614694337,1.7174614694337,1.7174614694,0.773787671,0,1.99440675771,1.99440675781,1.99440675776,1.99440675776,1.99440675776,1.9944067577,3.9177367245,3.91773672454,3.91773672454,3.9177367245,3.9177367245,3.9177367245,3.9177367243,3.917736724191,3.917736724191,3.91773672418,3.9177367242,4.02397704714,4.02397704714,4.02397704705,4.02397704705,4.02397704704,4.02397704704,4.02397704712,4.02397704712,4.02397704712,4.02397704712,4.02397704712,4.02397704718,4.02397704718,4.02397704714,5.64480394924,5.64480394924,5.64480394924,5.64480394924,5.6448039493,5.6448039493,5.6448039493,5.64480394929,5.64480394919,5.64480394919,5.64480394929,6.77581045734,6.77581045734,6.77581045743,6.77581045743,6.77581045744,6.77581045744,6.77581045734,6.77581045734,6.77581045734,6.77581045719,6.775810457188,6.775810457188,6.77581045739,6.77581045749,6.77581045749,6.77581045689,6.77581045749,6.77581045729,6.77581045729,6.77581045729,6.77581045733,6.77581045733,6.77581045689,6.77581045689,6.77581045784,6.77581045734,6.77581045734,6.77581045731,6.77581045731,6.77581045734,6.77581045704,6.77581045707,6.77581045707,6.77581045754,6.77581045714,6.77581045714,6.77581045704,6.77581045714,6.77581045714,6.77581045674,6.77581045741,6.77581045741,6.77581045744,6.77581045754,6.77581045754,7.30623452679,7.30623452679,7.30623452689,7.30623452689
"t39",7.24642420315,7.24642420315,3.01760445321,3.01760445321,1.9944067577437,1.9944067577437,1.99440675771,1.99440675771,1.99440675771,0,0.6719470619,0.67194706185,0.67194706185,0.67194706185,0.72777657781,3.91773672441,3.91773672445,3.91773672445,3.91773672441,3.91773672441,3.91773672441,3.91773672421,3.917736724101,3.917736724101,3.91773672409,3.91773672411,4.02397704705,4.02397704705,4.02397704696,4.02397704696,4.02397704695,4.02397704695,4.02397704703,4.02397704703,4.02397704703,4.02397704703,4.02397704703,4.02397704709,4.02397704709,4.02397704705,5.64480394915,5.64480394915,5.64480394915,5.64480394915,5.64480394921,5.64480394921,5.64480394921,5.6448039492,5.6448039491,5.6448039491,5.6448039492,6.77581045725,6.77581045725,6.77581045734,6.77581045734,6.77581045735,6.77581045735,6.77581045725,6.77581045725,6.77581045725,6.7758104571,6.775810457098,6.775810457098,6.7758104573,6.7758104574,6.7758104574,6.7758104568,6.7758104574,6.7758104572,6.7758104572,6.7758104572,6.77581045724,6.77581045724,6.7758104568,6.7758104568,6.77581045775,6.77581045725,6.77581045725,6.77581045722,6.77581045722,6.77581045725,6.77581045695,6.77581045698,6.77581045698,6.77581045745,6.77581045705,6.77581045705,6.77581045695,6.77581045705,6.77581045705,6.77581045665,6.77581045732,6.77581045732,6.77581045735,6.77581045745,6.77581045745,7.3062345267,7.3062345267,7.3062345268,7.3062345268
"t56",7.24642420325,7.24642420325,3.01760445331,3.01760445331,1.9944067578437,1.9944067578437,1.99440675781,1.99440675781,1.99440675781,0.6719470619,0,0.42295195915,0.42295195915,0.42295195915,0.72777657791,3.91773672451,3.91773672455,3.91773672455,3.91773672451,3.91773672451,3.91773672451,3.91773672431,3.917736724201,3.917736724201,3.91773672419,3.91773672421,4.02397704715,4.02397704715,4.02397704706,4.02397704706,4.02397704705,4.02397704705,4.02397704713,4.02397704713,4.02397704713,4.02397704713,4.02397704713,4.02397704719,4.02397704719,4.02397704715,5.64480394925,5.64480394925,5.64480394925,5.64480394925,5.64480394931,5.64480394931,5.64480394931,5.6448039493,5.6448039492,5.6448039492,5.6448039493,6.77581045735,6.77581045735,6.77581045744,6.77581045744,6.77581045745,6.77581045745,6.77581045735,6.77581045735,6.77581045735,6.7758104572,6.775810457198,6.775810457198,6.7758104574,6.7758104575,6.7758104575,6.7758104569,6.7758104575,6.7758104573,6.7758104573,6.7758104573,6.77581045734,6.77581045734,6.7758104569,6.7758104569,6.77581045785,6.77581045735,6.77581045735,6.77581045732,6.77581045732,6.77581045735,6.77581045705,6.77581045708,6.77581045708,6.77581045755,6.77581045715,6.77581045715,6.77581045705,6.77581045715,6.77581045715,6.77581045675,6.77581045742,6.77581045742,6.77581045745,6.77581045755,6.77581045755,7.3062345268,7.3062345268,7.3062345269,7.3062345269
"t80",7.2464242032,7.2464242032,3.01760445326,3.01760445326,1.9944067577937,1.9944067577937,1.99440675776,1.99440675776,1.99440675776,0.67194706185,0.42295195915,0,0.1513174747,0.1513174747,0.72777657786,3.91773672446,3.9177367245,3.9177367245,3.91773672446,3.91773672446,3.91773672446,3.91773672426,3.917736724151,3.917736724151,3.91773672414,3.91773672416,4.0239770471,4.0239770471,4.02397704701,4.02397704701,4.023977047,4.023977047,4.02397704708,4.02397704708,4.02397704708,4.02397704708,4.02397704708,4.02397704714,4.02397704714,4.0239770471,5.6448039492,5.6448039492,5.6448039492,5.6448039492,5.64480394926,5.64480394926,5.64480394926,5.64480394925,5.64480394915,5.64480394915,5.64480394925,6.7758104573,6.7758104573,6.77581045739,6.77581045739,6.7758104574,6.7758104574,6.7758104573,6.7758104573,6.7758104573,6.77581045715,6.775810457148,6.775810457148,6.77581045735,6.77581045745,6.77581045745,6.77581045685,6.77581045745,6.77581045725,6.77581045725,6.77581045725,6.77581045729,6.77581045729,6.77581045685,6.77581045685,6.7758104578,6.7758104573,6.7758104573,6.77581045727,6.77581045727,6.7758104573,6.775810457,6.77581045703,6.77581045703,6.7758104575,6.7758104571,6.7758104571,6.775810457,6.7758104571,6.7758104571,6.7758104567,6.77581045737,6.77581045737,6.7758104574,6.7758104575,6.7758104575,7.30623452675,7.30623452675,7.30623452685,7.30623452685
"t85",7.2464242032,7.2464242032,3.01760445326,3.01760445326,1.9944067577937,1.9944067577937,1.99440675776,1.99440675776,1.99440675776,0.67194706185,0.42295195915,0.1513174747,0,0.13162099928,0.72777657786,3.91773672446,3.9177367245,3.9177367245,3.91773672446,3.91773672446,3.91773672446,3.91773672426,3.917736724151,3.917736724151,3.91773672414,3.91773672416,4.0239770471,4.0239770471,4.02397704701,4.02397704701,4.023977047,4.023977047,4.02397704708,4.02397704708,4.02397704708,4.02397704708,4.02397704708,4.02397704714,4.02397704714,4.0239770471,5.6448039492,5.6448039492,5.6448039492,5.6448039492,5.64480394926,5.64480394926,5.64480394926,5.64480394925,5.64480394915,5.64480394915,5.64480394925,6.7758104573,6.7758104573,6.77581045739,6.77581045739,6.7758104574,6.7758104574,6.7758104573,6.7758104573,6.7758104573,6.77581045715,6.775810457148,6.775810457148,6.77581045735,6.77581045745,6.77581045745,6.77581045685,6.77581045745,6.77581045725,6.77581045725,6.77581045725,6.77581045729,6.77581045729,6.77581045685,6.77581045685,6.7758104578,6.7758104573,6.7758104573,6.77581045727,6.77581045727,6.7758104573,6.775810457,6.77581045703,6.77581045703,6.7758104575,6.7758104571,6.7758104571,6.775810457,6.7758104571,6.7758104571,6.7758104567,6.77581045737,6.77581045737,6.7758104574,6.7758104575,6.7758104575,7.30623452675,7.30623452675,7.30623452685,7.30623452685
"t86",7.2464242032,7.2464242032,3.01760445326,3.01760445326,1.9944067577937,1.9944067577937,1.99440675776,1.99440675776,1.99440675776,0.67194706185,0.42295195915,0.1513174747,0.13162099928,0,0.72777657786,3.91773672446,3.9177367245,3.9177367245,3.91773672446,3.91773672446,3.91773672446,3.91773672426,3.917736724151,3.917736724151,3.91773672414,3.91773672416,4.0239770471,4.0239770471,4.02397704701,4.02397704701,4.023977047,4.023977047,4.02397704708,4.02397704708,4.02397704708,4.02397704708,4.02397704708,4.02397704714,4.02397704714,4.0239770471,5.6448039492,5.6448039492,5.6448039492,5.6448039492,5.64480394926,5.64480394926,5.64480394926,5.64480394925,5.64480394915,5.64480394915,5.64480394925,6.7758104573,6.7758104573,6.77581045739,6.77581045739,6.7758104574,6.7758104574,6.7758104573,6.7758104573,6.7758104573,6.77581045715,6.775810457148,6.775810457148,6.77581045735,6.77581045745,6.77581045745,6.77581045685,6.77581045745,6.77581045725,6.77581045725,6.77581045725,6.77581045729,6.77581045729,6.77581045685,6.77581045685,6.7758104578,6.7758104573,6.7758104573,6.77581045727,6.77581045727,6.7758104573,6.775810457,6.77581045703,6.77581045703,6.7758104575,6.7758104571,6.7758104571,6.775810457,6.7758104571,6.7758104571,6.7758104567,6.77581045737,6.77581045737,6.7758104574,6.7758104575,6.7758104575,7.30623452675,7.30623452675,7.30623452685,7.30623452685
"t34",7.24642420314,7.24642420314,3.0176044532,3.0176044532,1.9944067577337,1.9944067577337,1.9944067577,1.9944067577,1.9944067577,0.72777657781,0.72777657791,0.72777657786,0.72777657786,0.72777657786,0,3.9177367244,3.91773672444,3.91773672444,3.9177367244,3.9177367244,3.9177367244,3.9177367242,3.917736724091,3.917736724091,3.91773672408,3.9177367241,4.02397704704,4.02397704704,4.02397704695,4.02397704695,4.02397704694,4.02397704694,4.02397704702,4.02397704702,4.02397704702,4.02397704702,4.02397704702,4.02397704708,4.02397704708,4.02397704704,5.64480394914,5.64480394914,5.64480394914,5.64480394914,5.6448039492,5.6448039492,5.6448039492,5.64480394919,5.64480394909,5.64480394909,5.64480394919,6.77581045724,6.77581045724,6.77581045733,6.77581045733,6.77581045734,6.77581045734,6.77581045724,6.77581045724,6.77581045724,6.77581045709,6.775810457088,6.775810457088,6.77581045729,6.77581045739,6.77581045739,6.77581045679,6.77581045739,6.77581045719,6.77581045719,6.77581045719,6.77581045723,6.77581045723,6.77581045679,6.77581045679,6.77581045774,6.77581045724,6.77581045724,6.77581045721,6.77581045721,6.77581045724,6.77581045694,6.77581045697,6.77581045697,6.77581045744,6.77581045704,6.77581045704,6.77581045694,6.77581045704,6.77581045704,6.77581045664,6.77581045731,6.77581045731,6.77581045734,6.77581045744,6.77581045744,7.30623452669,7.30623452669,7.30623452679,7.30623452679
"t17",7.24642420354,7.24642420354,3.9177367244,3.9177367244,3.9177367245337,3.9177367245337,3.9177367245,3.9177367245,3.9177367245,3.91773672441,3.91773672451,3.91773672446,3.91773672446,3.91773672446,3.9177367244,0,1.36152066444,1.36152066444,1.3615206644,1.6310014674,1.6310014674,3.6619695312,3.661969531091,3.661969531091,3.66196953108,3.6619695311,4.02397704744,4.02397704744,4.02397704735,4.02397704735,4.02397704734,4.02397704734,4.02397704742,4.02397704742,4.02397704742,4.02397704742,4.02397704742,4.02397704748,4.02397704748,4.02397704744,5.64480394954,5.64480394954,5.64480394954,5.64480394954,5.6448039496,5.6448039496,5.6448039496,5.64480394959,5.64480394949,5.64480394949,5.64480394959,6.77581045764,6.77581045764,6.77581045773,6.77581045773,6.77581045774,6.77581045774,6.77581045764,6.77581045764,6.77581045764,6.77581045749,6.775810457488,6.775810457488,6.77581045769,6.77581045779,6.77581045779,6.77581045719,6.77581045779,6.77581045759,6.77581045759,6.77581045759,6.77581045763,6.77581045763,6.77581045719,6.77581045719,6.77581045814,6.77581045764,6.77581045764,6.77581045761,6.77581045761,6.77581045764,6.77581045734,6.77581045737,6.77581045737,6.77581045784,6.77581045744,6.77581045744,6.77581045734,6.77581045744,6.77581045744,6.77581045704,6.77581045771,6.77581045771,6.77581045774,6.77581045784,6.77581045784,7.30623452709,7.30623452709,7.30623452719,7.30623452719
"t91",7.24642420358,7.24642420358,3.91773672444,3.91773672444,3.9177367245737,3.9177367245737,3.91773672454,3.91773672454,3.91773672454,3.91773672445,3.91773672455,3.9177367245,3.9177367245,3.9177367245,3.91773672444,1.36152066444,0,0.09079654148,0.55263996724,1.63100146744,1.63100146744,3.66196953124,3.661969531131,3.661969531131,3.66196953112,3.66196953114,4.02397704748,4.02397704748,4.02397704739,4.02397704739,4.02397704738,4.02397704738,4.02397704746,4.02397704746,4.02397704746,4.02397704746,4.02397704746,4.02397704752,4.02397704752,4.02397704748,5.64480394958,5.64480394958,5.64480394958,5.64480394958,5.64480394964,5.64480394964,5.64480394964,5.64480394963,5.64480394953,5.64480394953,5.64480394963,6.77581045768,6.77581045768,6.77581045777,6.77581045777,6.77581045778,6.77581045778,6.77581045768,6.77581045768,6.77581045768,6.77581045753,6.775810457528,6.775810457528,6.77581045773,6.77581045783,6.77581045783,6.77581045723,6.77581045783,6.77581045763,6.77581045763,6.77581045763,6.77581045767,6.77581045767,6.77581045723,6.77581045723,6.77581045818,6.77581045768,6.77581045768,6.77581045765,6.77581045765,6.77581045768,6.77581045738,6.77581045741,6.77581045741,6.77581045788,6.77581045748,6.77581045748,6.77581045738,6.77581045748,6.77581045748,6.77581045708,6.77581045775,6.77581045775,6.77581045778,6.77581045788,6.77581045788,7.30623452713,7.30623452713,7.30623452723,7.30623452723
"t92",7.24642420358,7.24642420358,3.91773672444,3.91773672444,3.9177367245737,3.9177367245737,3.91773672454,3.91773672454,3.91773672454,3.91773672445,3.91773672455,3.9177367245,3.9177367245,3.9177367245,3.91773672444,1.36152066444,0.09079654148,0,0.55263996724,1.63100146744,1.63100146744,3.66196953124,3.661969531131,3.661969531131,3.66196953112,3.66196953114,4.02397704748,4.02397704748,4.02397704739,4.02397704739,4.02397704738,4.02397704738,4.02397704746,4.02397704746,4.02397704746,4.02397704746,4.02397704746,4.02397704752,4.02397704752,4.02397704748,5.64480394958,5.64480394958,5.64480394958,5.64480394958,5.64480394964,5.64480394964,5.64480394964,5.64480394963,5.64480394953,5.64480394953,5.64480394963,6.77581045768,6.77581045768,6.77581045777,6.77581045777,6.77581045778,6.77581045778,6.77581045768,6.77581045768,6.77581045768,6.77581045753,6.775810457528,6.775810457528,6.77581045773,6.77581045783,6.77581045783,6.77581045723,6.77581045783,6.77581045763,6.77581045763,6.77581045763,6.77581045767,6.77581045767,6.77581045723,6.77581045723,6.77581045818,6.77581045768,6.77581045768,6.77581045765,6.77581045765,6.77581045768,6.77581045738,6.77581045741,6.77581045741,6.77581045788,6.77581045748,6.77581045748,6.77581045738,6.77581045748,6.77581045748,6.77581045708,6.77581045775,6.77581045775,6.77581045778,6.77581045788,6.77581045788,7.30623452713,7.30623452713,7.30623452723,7.30623452723
"t49",7.24642420354,7.24642420354,3.9177367244,3.9177367244,3.9177367245337,3.9177367245337,3.9177367245,3.9177367245,3.9177367245,3.91773672441,3.91773672451,3.91773672446,3.91773672446,3.91773672446,3.9177367244,1.3615206644,0.55263996724,0.55263996724,0,1.6310014674,1.6310014674,3.6619695312,3.661969531091,3.661969531091,3.66196953108,3.6619695311,4.02397704744,4.02397704744,4.02397704735,4.02397704735,4.02397704734,4.02397704734,4.02397704742,4.02397704742,4.02397704742,4.02397704742,4.02397704742,4.02397704748,4.02397704748,4.02397704744,5.64480394954,5.64480394954,5.64480394954,5.64480394954,5.6448039496,5.6448039496,5.6448039496,5.64480394959,5.64480394949,5.64480394949,5.64480394959,6.77581045764,6.77581045764,6.77581045773,6.77581045773,6.77581045774,6.77581045774,6.77581045764,6.77581045764,6.77581045764,6.77581045749,6.775810457488,6.775810457488,6.77581045769,6.77581045779,6.77581045779,6.77581045719,6.77581045779,6.77581045759,6.77581045759,6.77581045759,6.77581045763,6.77581045763,6.77581045719,6.77581045719,6.77581045814,6.77581045764,6.77581045764,6.77581045761,6.77581045761,6.77581045764,6.77581045734,6.77581045737,6.77581045737,6.77581045784,6.77581045744,6.77581045744,6.77581045734,6.77581045744,6.77581045744,6.77581045704,6.77581045771,6.77581045771,6.77581045774,6.77581045784,6.77581045784,7.30623452709,7.30623452709,7.30623452719,7.30623452719
"t40",7.24642420354,7.24642420354,3.9177367244,3.9177367244,3.9177367245337,3.9177367245337,3.9177367245,3.9177367245,3.9177367245,3.91773672441,3.91773672451,3.91773672446,3.91773672446,3.91773672446,3.9177367244,1.6310014674,1.63100146744,1.63100146744,1.6310014674,0,0.6617767372,3.6619695312,3.661969531091,3.661969531091,3.66196953108,3.6619695311,4.02397704744,4.02397704744,4.02397704735,4.02397704735,4.02397704734,4.02397704734,4.02397704742,4.02397704742,4.02397704742,4.02397704742,4.02397704742,4.02397704748,4.02397704748,4.02397704744,5.64480394954,5.64480394954,5.64480394954,5.64480394954,5.6448039496,5.6448039496,5.6448039496,5.64480394959,5.64480394949,5.64480394949,5.64480394959,6.77581045764,6.77581045764,6.77581045773,6.77581045773,6.77581045774,6.77581045774,6.77581045764,6.77581045764,6.77581045764,6.77581045749,6.775810457488,6.775810457488,6.77581045769,6.77581045779,6.77581045779,6.77581045719,6.77581045779,6.77581045759,6.77581045759,6.77581045759,6.77581045763,6.77581045763,6.77581045719,6.77581045719,6.77581045814,6.77581045764,6.77581045764,6.77581045761,6.77581045761,6.77581045764,6.77581045734,6.77581045737,6.77581045737,6.77581045784,6.77581045744,6.77581045744,6.77581045734,6.77581045744,6.77581045744,6.77581045704,6.77581045771,6.77581045771,6.77581045774,6.77581045784,6.77581045784,7.30623452709,7.30623452709,7.30623452719,7.30623452719
"t41",7.24642420354,7.24642420354,3.9177367244,3.9177367244,3.9177367245337,3.9177367245337,3.9177367245,3.9177367245,3.9177367245,3.91773672441,3.91773672451,3.91773672446,3.91773672446,3.91773672446,3.9177367244,1.6310014674,1.63100146744,1.63100146744,1.6310014674,0.6617767372,0,3.6619695312,3.661969531091,3.661969531091,3.66196953108,3.6619695311,4.02397704744,4.02397704744,4.02397704735,4.02397704735,4.02397704734,4.02397704734,4.02397704742,4.02397704742,4.02397704742,4.02397704742,4.02397704742,4.02397704748,4.02397704748,4.02397704744,5.64480394954,5.64480394954,5.64480394954,5.64480394954,5.6448039496,5.6448039496,5.6448039496,5.64480394959,5.64480394949,5.64480394949,5.64480394959,6.77581045764,6.77581045764,6.77581045773,6.77581045773,6.77581045774,6.77581045774,6.77581045764,6.77581045764,6.77581045764,6.77581045749,6.775810457488,6.775810457488,6.77581045769,6.77581045779,6.77581045779,6.77581045719,6.77581045779,6.77581045759,6.77581045759,6.77581045759,6.77581045763,6.77581045763,6.77581045719,6.77581045719,6.77581045814,6.77581045764,6.77581045764,6.77581045761,6.77581045761,6.77581045764,6.77581045734,6.77581045737,6.77581045737,6.77581045784,6.77581045744,6.77581045744,6.77581045734,6.77581045744,6.77581045744,6.77581045704,6.77581045771,6.77581045771,6.77581045774,6.77581045784,6.77581045784,7.30623452709,7.30623452709,7.30623452719,7.30623452719
"t26",7.24642420334,7.24642420334,3.9177367242,3.9177367242,3.9177367243337,3.9177367243337,3.9177367243,3.9177367243,3.9177367243,3.91773672421,3.91773672431,3.91773672426,3.91773672426,3.91773672426,3.9177367242,3.6619695312,3.66196953124,3.66196953124,3.6619695312,3.6619695312,3.6619695312,0,0.890595262891,0.890595262891,0.89059526288,0.8905952629,4.02397704724,4.02397704724,4.02397704715,4.02397704715,4.02397704714,4.02397704714,4.02397704722,4.02397704722,4.02397704722,4.02397704722,4.02397704722,4.02397704728,4.02397704728,4.02397704724,5.64480394934,5.64480394934,5.64480394934,5.64480394934,5.6448039494,5.6448039494,5.6448039494,5.64480394939,5.64480394929,5.64480394929,5.64480394939,6.77581045744,6.77581045744,6.77581045753,6.77581045753,6.77581045754,6.77581045754,6.77581045744,6.77581045744,6.77581045744,6.77581045729,6.775810457288,6.775810457288,6.77581045749,6.77581045759,6.77581045759,6.77581045699,6.77581045759,6.77581045739,6.77581045739,6.77581045739,6.77581045743,6.77581045743,6.77581045699,6.77581045699,6.77581045794,6.77581045744,6.77581045744,6.77581045741,6.77581045741,6.77581045744,6.77581045714,6.77581045717,6.77581045717,6.77581045764,6.77581045724,6.77581045724,6.77581045714,6.77581045724,6.77581045724,6.77581045684,6.77581045751,6.77581045751,6.77581045754,6.77581045764,6.77581045764,7.30623452689,7.30623452689,7.30623452699,7.30623452699
"t52",7.246424203231,7.246424203231,3.917736724091,3.917736724091,3.9177367242247,3.9177367242247,3.917736724191,3.917736724191,3.917736724191,3.917736724101,3.917736724201,3.917736724151,3.917736724151,3.917736724151,3.917736724091,3.661969531091,3.661969531131,3.661969531131,3.661969531091,3.661969531091,3.661969531091,0.890595262891,0,0.5031097124,0.509558656411,0.659643828991,4.023977047131,4.023977047131,4.023977047041,4.023977047041,4.023977047031,4.023977047031,4.023977047111,4.023977047111,4.023977047111,4.023977047111,4.023977047111,4.023977047171,4.023977047171,4.023977047131,5.644803949231,5.644803949231,5.644803949231,5.644803949231,5.644803949291,5.644803949291,5.644803949291,5.644803949281,5.644803949181,5.644803949181,5.644803949281,6.775810457331,6.775810457331,6.775810457421,6.775810457421,6.775810457431,6.775810457431,6.775810457331,6.775810457331,6.775810457331,6.775810457181,6.775810457179,6.775810457179,6.775810457381,6.775810457481,6.775810457481,6.775810456881,6.775810457481,6.775810457281,6.775810457281,6.775810457281,6.775810457321,6.775810457321,6.775810456881,6.775810456881,6.775810457831,6.775810457331,6.775810457331,6.775810457301,6.775810457301,6.775810457331,6.775810457031,6.775810457061,6.775810457061,6.775810457531,6.775810457131,6.775810457131,6.775810457031,6.775810457131,6.775810457131,6.775810456731,6.775810457401,6.775810457401,6.775810457431,6.775810457531,6.775810457531,7.306234526781,7.306234526781,7.306234526881,7.306234526881
"t53",7.246424203231,7.246424203231,3.917736724091,3.917736724091,3.9177367242247,3.9177367242247,3.917736724191,3.917736724191,3.917736724191,3.917736724101,3.917736724201,3.917736724151,3.917736724151,3.917736724151,3.917736724091,3.661969531091,3.661969531131,3.661969531131,3.661969531091,3.661969531091,3.661969531091,0.890595262891,0.5031097124,0,0.509558656411,0.659643828991,4.023977047131,4.023977047131,4.023977047041,4.023977047041,4.023977047031,4.023977047031,4.023977047111,4.023977047111,4.023977047111,4.023977047111,4.023977047111,4.023977047171,4.023977047171,4.023977047131,5.644803949231,5.644803949231,5.644803949231,5.644803949231,5.644803949291,5.644803949291,5.644803949291,5.644803949281,5.644803949181,5.644803949181,5.644803949281,6.775810457331,6.775810457331,6.775810457421,6.775810457421,6.775810457431,6.775810457431,6.775810457331,6.775810457331,6.775810457331,6.775810457181,6.775810457179,6.775810457179,6.775810457381,6.775810457481,6.775810457481,6.775810456881,6.775810457481,6.775810457281,6.775810457281,6.775810457281,6.775810457321,6.775810457321,6.775810456881,6.775810456881,6.775810457831,6.775810457331,6.775810457331,6.775810457301,6.775810457301,6.775810457331,6.775810457031,6.775810457061,6.775810457061,6.775810457531,6.775810457131,6.775810457131,6.775810457031,6.775810457131,6.775810457131,6.775810456731,6.775810457401,6.775810457401,6.775810457431,6.775810457531,6.775810457531,7.306234526781,7.306234526781,7.306234526881,7.306234526881
"t51",7.24642420322,7.24642420322,3.91773672408,3.91773672408,3.9177367242137,3.9177367242137,3.91773672418,3.91773672418,3.91773672418,3.91773672409,3.91773672419,3.91773672414,3.91773672414,3.91773672414,3.91773672408,3.66196953108,3.66196953112,3.66196953112,3.66196953108,3.66196953108,3.66196953108,0.89059526288,0.509558656411,0.509558656411,0,0.65964382898,4.02397704712,4.02397704712,4.02397704703,4.02397704703,4.02397704702,4.02397704702,4.0239770471,4.0239770471,4.0239770471,4.0239770471,4.0239770471,4.02397704716,4.02397704716,4.02397704712,5.64480394922,5.64480394922,5.64480394922,5.64480394922,5.64480394928,5.64480394928,5.64480394928,5.64480394927,5.64480394917,5.64480394917,5.64480394927,6.77581045732,6.77581045732,6.77581045741,6.77581045741,6.77581045742,6.77581045742,6.77581045732,6.77581045732,6.77581045732,6.77581045717,6.775810457168,6.775810457168,6.77581045737,6.77581045747,6.77581045747,6.77581045687,6.77581045747,6.77581045727,6.77581045727,6.77581045727,6.77581045731,6.77581045731,6.77581045687,6.77581045687,6.77581045782,6.77581045732,6.77581045732,6.77581045729,6.77581045729,6.77581045732,6.77581045702,6.77581045705,6.77581045705,6.77581045752,6.77581045712,6.77581045712,6.77581045702,6.77581045712,6.77581045712,6.77581045672,6.77581045739,6.77581045739,6.77581045742,6.77581045752,6.77581045752,7.30623452677,7.30623452677,7.30623452687,7.30623452687
"t42",7.24642420324,7.24642420324,3.9177367241,3.9177367241,3.9177367242337,3.9177367242337,3.9177367242,3.9177367242,3.9177367242,3.91773672411,3.91773672421,3.91773672416,3.91773672416,3.91773672416,3.9177367241,3.6619695311,3.66196953114,3.66196953114,3.6619695311,3.6619695311,3.6619695311,0.8905952629,0.659643828991,0.659643828991,0.65964382898,0,4.02397704714,4.02397704714,4.02397704705,4.02397704705,4.02397704704,4.02397704704,4.02397704712,4.02397704712,4.02397704712,4.02397704712,4.02397704712,4.02397704718,4.02397704718,4.02397704714,5.64480394924,5.64480394924,5.64480394924,5.64480394924,5.6448039493,5.6448039493,5.6448039493,5.64480394929,5.64480394919,5.64480394919,5.64480394929,6.77581045734,6.77581045734,6.77581045743,6.77581045743,6.77581045744,6.77581045744,6.77581045734,6.77581045734,6.77581045734,6.77581045719,6.775810457188,6.775810457188,6.77581045739,6.77581045749,6.77581045749,6.77581045689,6.77581045749,6.77581045729,6.77581045729,6.77581045729,6.77581045733,6.77581045733,6.77581045689,6.77581045689,6.77581045784,6.77581045734,6.77581045734,6.77581045731,6.77581045731,6.77581045734,6.77581045704,6.77581045707,6.77581045707,6.77581045754,6.77581045714,6.77581045714,6.77581045704,6.77581045714,6.77581045714,6.77581045674,6.77581045741,6.77581045741,6.77581045744,6.77581045754,6.77581045754,7.30623452679,7.30623452679,7.30623452689,7.30623452689
"t43",7.2464242031,7.2464242031,4.02397704704,4.02397704704,4.0239770471737,4.0239770471737,4.02397704714,4.02397704714,4.02397704714,4.02397704705,4.02397704715,4.0239770471,4.0239770471,4.0239770471,4.02397704704,4.02397704744,4.02397704748,4.02397704748,4.02397704744,4.02397704744,4.02397704744,4.02397704724,4.023977047131,4.023977047131,4.02397704712,4.02397704714,0,0.6407156658,2.10897140291,2.10897140291,3.0956564197,3.0956564197,3.09565641978,3.09565641978,3.09565641978,3.09565641978,3.09565641978,3.09565641984,3.09565641984,3.0956564198,5.6448039491,5.6448039491,5.6448039491,5.6448039491,5.64480394916,5.64480394916,5.64480394916,5.64480394915,5.64480394905,5.64480394905,5.64480394915,6.7758104572,6.7758104572,6.77581045729,6.77581045729,6.7758104573,6.7758104573,6.7758104572,6.7758104572,6.7758104572,6.77581045705,6.775810457048,6.775810457048,6.77581045725,6.77581045735,6.77581045735,6.77581045675,6.77581045735,6.77581045715,6.77581045715,6.77581045715,6.77581045719,6.77581045719,6.77581045675,6.77581045675,6.7758104577,6.7758104572,6.7758104572,6.77581045717,6.77581045717,6.7758104572,6.7758104569,6.77581045693,6.77581045693,6.7758104574,6.775810457,6.775810457,6.7758104569,6.775810457,6.775810457,6.7758104566,6.77581045727,6.77581045727,6.7758104573,6.7758104574,6.7758104574,7.30623452665,7.30623452665,7.30623452675,7.30623452675
"t44",7.2464242031,7.2464242031,4.02397704704,4.02397704704,4.0239770471737,4.0239770471737,4.02397704714,4.02397704714,4.02397704714,4.02397704705,4.02397704715,4.0239770471,4.0239770471,4.0239770471,4.02397704704,4.02397704744,4.02397704748,4.02397704748,4.02397704744,4.02397704744,4.02397704744,4.02397704724,4.023977047131,4.023977047131,4.02397704712,4.02397704714,0.6407156658,0,2.10897140291,2.10897140291,3.0956564197,3.0956564197,3.09565641978,3.09565641978,3.09565641978,3.09565641978,3.09565641978,3.09565641984,3.09565641984,3.0956564198,5.6448039491,5.6448039491,5.6448039491,5.6448039491,5.64480394916,5.64480394916,5.64480394916,5.64480394915,5.64480394905,5.64480394905,5.64480394915,6.7758104572,6.7758104572,6.77581045729,6.77581045729,6.7758104573,6.7758104573,6.7758104572,6.7758104572,6.7758104572,6.77581045705,6.775810457048,6.775810457048,6.77581045725,6.77581045735,6.77581045735,6.77581045675,6.77581045735,6.77581045715,6.77581045715,6.77581045715,6.77581045719,6.77581045719,6.77581045675,6.77581045675,6.7758104577,6.7758104572,6.7758104572,6.77581045717,6.77581045717,6.7758104572,6.7758104569,6.77581045693,6.77581045693,6.7758104574,6.775810457,6.775810457,6.7758104569,6.775810457,6.775810457,6.7758104566,6.77581045727,6.77581045727,6.7758104573,6.7758104574,6.7758104574,7.30623452665,7.30623452665,7.30623452675,7.30623452675
