"","t97","t98","t43","t44","t1","t77","t78","t50","t51","t45","t48","t49","t88","t89","t99","t100","t81","t55","t64","t65","t56","t26","t27","t12","t13","t24","t25","t90","t91","t22","t61","t79","t80","t3","t4","t68","t69","t42","t15","t34","t35","t82","t83","t2","t18","t20","t21","t32","t33","t16","t66","t67","t14","t75","t76","t73","t74","t29","t95","t96","t94","t54","t30","t31","t62","t63","t19","t84","t85","t23","t57","t58","t36","t11","t86","t87","t7","t52","t53","t46","t47","t5","t40","t41","t8","t9","t37","t38","t10","t28","t70","t92","t93","t71","t72","t17","t6","t59","t60","t39"
"t97",0,0.0846824933,2.27184091885,2.27184091885,4.93869527048,4.93869527068,4.93869527068,4.93869527073,4.93869527073,4.93869527097,4.93869527091,4.93869527091,4.93869527087,4.93869527087,4.93869527094,4.93869527094,4.93869527093,4.93869527083,4.93869527096,4.93869527096,4.93869527102,4.93869527082,4.93869527082,4.9386952708,4.9386952708,4.9386952708,4.9386952708,4.9386952708,4.9386952708,4.9386952709,4.9386952709,4.9386952709,4.9386952709,4.93869527112,4.93869527042,4.93869527082,4.93869527082,4.93869527092,4.93869527102,4.93869527082,4.93869527082,4.93869527122,4.93869527122,4.93869527128,4.93869527098,4.93869527097,4.93869527097,4.93869527088,4.93869527088,5.39207896658,5.39207896658,5.39207896658,5.39207896655,5.80988223215,5.80988223215,5.80988223225,5.80988223225,5.80988223225,5.80988223225,5.80988223225,5.80988223225,5.80988223225,5.80988223225,5.80988223225,5.80988223195,5.80988223195,5.80988223225,5.80988223225,5.80988223225,6.94184754805,6.94184754815,6.94184754815,6.94184754815,6.94184754775,6.94184754815,6.94184754815,6.94184754885,6.94184754845,6.94184754845,6.94184754845,6.94184754845,7.03395333024,7.03395333067,7.03395333067,7.03395333077,7.03395333077,7.03395333061,7.03395333061,7.03395333011,7.03395333041,7.03395333041,7.03395333041,7.03395333041,7.03395333101,7.03395333101,7.03395333101,7.03395333111,7.03395333091,7.03395333091,7.03395333101
"t98",0.0846824933,0,2.27184091885,2.27184091885,4.93869527048,4.93869527068,4.93869527068,4.93869527073,4.93869527073,4.93869527097,4.93869527091,4.93869527091,4.93869527087,4.93869527087,4.93869527094,4.93869527094,4.93869527093,4.93869527083,4.93869527096,4.93869527096,4.93869527102,4.93869527082,4.93869527082,4.9386952708,4.9386952708,4.9386952708,4.9386952708,4.9386952708,4.9386952708,4.9386952709,4.9386952709,4.9386952709,4.9386952709,4.93869527112,4.93869527042,4.93869527082,4.93869527082,4.93869527092,4.93869527102,4.93869527082,4.93869527082,4.93869527122,4.93869527122,4.93869527128,4.93869527098,4.93869527097,4.93869527097,4.93869527088,4.93869527088,5.39207896658,5.39207896658,5.39207896658,5.39207896655,5.80988223215,5.80988223215,5.80988223225,5.80988223225,5.80988223225,5.80988223225,5.80988223225,5.80988223225,5.80988223225,5.80988223225,5.80988223225,5.80988223195,5.80988223195,5.80988223225,5.80988223225,5.80988223225,6.94184754805,6.94184754815,6.94184754815,6.94184754815,6.94184754775,6.94184754815,6.94184754815,6.94184754885,6.94184754845,6.94184754845,6.94184754845,6.94184754845,7.03395333024,7.03395333067,7.03395333067,7.03395333077,7.03395333077,7.03395333061,7.03395333061,7.03395333011,7.03395333041,7.03395333041,7.03395333041,7.03395333041,7.03395333101,7.03395333101,7.03395333101,7.03395333111,7.03395333091,7.03395333091,7.03395333101
"t43",2.27184091885,2.27184091885,0,1.1500592198,4.93869527003,4.93869527023,4.93869527023,4.93869527028,4.93869527028,4.93869527052,4.93869527046,4.93869527046,4.93869527042,4.93869527042,4.93869527049,4.93869527049,4.93869527048,4.93869527038,4.93869527051,4.93869527051,4.93869527057,4.93869527037,4.93869527037,4.93869527035,4.93869527035,4.93869527035,4.93869527035,4.93869527035,4.93869527035,4.93869527045,4.93869527045,4.93869527045,4.93869527045,4.93869527067,4.93869526997,4.93869527037,4.93869527037,4.93869527047,4.93869527057,4.93869527037,4.93869527037,4.93869527077,4.93869527077,4.93869527083,4.93869527053,4.93869527052,4.93869527052,4.93869527043,4.93869527043,5.39207896613,5.39207896613,5.39207896613,5.3920789661,5.8098822317,5.8098822317,5.8098822318,5.8098822318,5.8098822318,5.8098822318,5.8098822318,5.8098822318,5.8098822318,5.8098822318,5.8098822318,5.8098822315,5.8098822315,5.8098822318,5.8098822318,5.8098822318,6.9418475476,6.9418475477,6.9418475477,6.9418475477,6.9418475473,6.9418475477,6.9418475477,6.9418475484,6.941847548,6.941847548,6.941847548,6.941847548,7.03395332979,7.03395333022,7.03395333022,7.03395333032,7.03395333032,7.03395333016,7.03395333016,7.03395332966,7.03395332996,7.03395332996,7.03395332996,7.03395332996,7.03395333056,7.03395333056,7.03395333056,7.03395333066,7.03395333046,7.03395333046,7.03395333056
"t44",2.27184091885,2.27184091885,1.1500592198,0,4.93869527003,4.93869527023,4.93869527023,4.93869527028,4.93869527028,4.93869527052,4.93869527046,4.93869527046,4.93869527042,4.93869527042,4.93869527049,4.93869527049,4.93869527048,4.93869527038,4.93869527051,4.93869527051,4.93869527057,4.93869527037,4.93869527037,4.93869527035,4.93869527035,4.93869527035,4.93869527035,4.93869527035,4.93869527035,4.93869527045,4.93869527045,4.93869527045,4.93869527045,4.93869527067,4.93869526997,4.93869527037,4.93869527037,4.93869527047,4.93869527057,4.93869527037,4.93869527037,4.93869527077,4.93869527077,4.93869527083,4.93869527053,4.93869527052,4.93869527052,4.93869527043,4.93869527043,5.39207896613,5.39207896613,5.39207896613,5.3920789661,5.8098822317,5.8098822317,5.8098822318,5.8098822318,5.8098822318,5.8098822318,5.8098822318,5.8098822318,5.8098822318,5.8098822318,5.8098822318,5.8098822315,5.8098822315,5.8098822318,5.8098822318,5.8098822318,6.9418475476,6.9418475477,6.9418475477,6.9418475477,6.9418475473,6.9418475477,6.9418475477,6.9418475484,6.941847548,6.941847548,6.941847548,6.941847548,7.03395332979,7.03395333022,7.03395333022,7.03395333032,7.03395333032,7.03395333016,7.03395333016,7.03395332966,7.03395332996,7.03395332996,7.03395332996,7.03395332996,7.03395333056,7.03395333056,7.03395333056,7.03395333066,7.03395333046,7.03395333046,7.03395333056
"t1",4.93869527048,4.93869527048,4.93869527003,4.93869527003,0,3.8864369542,3.8864369542,3.88643695425,3.88643695425,4.75378278529,4.75378278523,4.75378278523,4.75378278519,4.75378278519,4.75378278526,4.75378278526,4.75378278525,4.75378278515,4.75378278528,4.75378278528,4.75378278534,4.75378278514,4.75378278514,4.75378278512,4.75378278512,4.75378278512,4.75378278512,4.75378278512,4.75378278512,4.75378278522,4.75378278522,4.75378278522,4.75378278522,4.75378278544,4.75378278474,4.75378278514,4.75378278514,4.75378278524,4.75378278534,4.75378278514,4.75378278514,4.75378278554,4.75378278554,4.7537827856,4.7537827853,4.75378278529,4.75378278529,4.7537827852,4.7537827852,5.39207896576,5.39207896576,5.39207896576,5.39207896573,5.80988223133,5.80988223133,5.80988223143,5.80988223143,5.80988223143,5.80988223143,5.80988223143,5.80988223143,5.80988223143,5.80988223143,5.80988223143,5.80988223113,5.80988223113,5.80988223143,5.80988223143,5.80988223143,6.94184754723,6.94184754733,6.94184754733,6.94184754733,6.94184754693,6.94184754733,6.94184754733,6.94184754803,6.94184754763,6.94184754763,6.94184754763,6.94184754763,7.03395332942,7.03395332985,7.03395332985,7.03395332995,7.03395332995,7.03395332979,7.03395332979,7.03395332929,7.03395332959,7.03395332959,7.03395332959,7.03395332959,7.03395333019,7.03395333019,7.03395333019,7.03395333029,7.03395333009,7.03395333009,7.03395333019
"t77",4.93869527068,4.93869527068,4.93869527023,4.93869527023,3.8864369542,0,0.5310186114,1.18025576845,1.18025576845,4.75378278549,4.75378278543,4.75378278543,4.75378278539,4.75378278539,4.75378278546,4.75378278546,4.75378278545,4.75378278535,4.75378278548,4.75378278548,4.75378278554,4.75378278534,4.75378278534,4.75378278532,4.75378278532,4.75378278532,4.75378278532,4.75378278532,4.75378278532,4.75378278542,4.75378278542,4.75378278542,4.75378278542,4.75378278564,4.75378278494,4.75378278534,4.75378278534,4.75378278544,4.75378278554,4.75378278534,4.75378278534,4.75378278574,4.75378278574,4.7537827858,4.7537827855,4.75378278549,4.75378278549,4.7537827854,4.7537827854,5.39207896596,5.39207896596,5.39207896596,5.39207896593,5.80988223153,5.80988223153,5.80988223163,5.80988223163,5.80988223163,5.80988223163,5.80988223163,5.80988223163,5.80988223163,5.80988223163,5.80988223163,5.80988223133,5.80988223133,5.80988223163,5.80988223163,5.80988223163,6.94184754743,6.94184754753,6.94184754753,6.94184754753,6.94184754713,6.94184754753,6.94184754753,6.94184754823,6.94184754783,6.94184754783,6.94184754783,6.94184754783,7.03395332962,7.03395333005,7.03395333005,7.03395333015,7.03395333015,7.03395332999,7.03395332999,7.03395332949,7.03395332979,7.03395332979,7.03395332979,7.03395332979,7.03395333039,7.03395333039,7.03395333039,7.03395333049,7.03395333029,7.03395333029,7.03395333039
"t78",4.93869527068,4.93869527068,4.93869527023,4.93869527023,3.8864369542,0.5310186114,0,1.18025576845,1.18025576845,4.75378278549,4.75378278543,4.75378278543,4.75378278539,4.75378278539,4.75378278546,4.75378278546,4.75378278545,4.75378278535,4.75378278548,4.75378278548,4.75378278554,4.75378278534,4.75378278534,4.75378278532,4.75378278532,4.75378278532,4.75378278532,4.75378278532,4.75378278532,4.75378278542,4.75378278542,4.75378278542,4.75378278542,4.75378278564,4.75378278494,4.75378278534,4.75378278534,4.75378278544,4.75378278554,4.75378278534,4.75378278534,4.75378278574,4.75378278574,4.7537827858,4.7537827855,4.75378278549,4.75378278549,4.7537827854,4.7537827854,5.39207896596,5.39207896596,5.39207896596,5.39207896593,5.80988223153,5.80988223153,5.80988223163,5.80988223163,5.80988223163,5.80988223163,5.80988223163,5.80988223163,5.80988223163,5.80988223163,5.80988223163,5.80988223133,5.80988223133,5.80988223163,5.80988223163,5.80988223163,6.94184754743,6.94184754753,6.94184754753,6.94184754753,6.94184754713,6.94184754753,6.94184754753,6.94184754823,6.94184754783,6.94184754783,6.94184754783,6.94184754783,7.03395332962,7.03395333005,7.03395333005,7.03395333015,7.03395333015,7.03395332999,7.03395332999,7.03395332949,7.03395332979,7.03395332979,7.03395332979,7.03395332979,7.03395333039,7.03395333039,7.03395333039,7.03395333049,7.03395333029,7.03395333029,7.03395333039
"t50",4.93869527073,4.93869527073,4.93869527028,4.93869527028,3.88643695425,1.18025576845,1.18025576845,0,1.0310577524,4.75378278554,4.75378278548,4.75378278548,4.75378278544,4.75378278544,4.75378278551,4.75378278551,4.7537827855,4.7537827854,4.75378278553,4.75378278553,4.75378278559,4.75378278539,4.75378278539,4.75378278537,4.75378278537,4.75378278537,4.75378278537,4.75378278537,4.75378278537,4.75378278547,4.75378278547,4.75378278547,4.75378278547,4.75378278569,4.75378278499,4.75378278539,4.75378278539,4.75378278549,4.75378278559,4.75378278539,4.75378278539,4.75378278579,4.75378278579,4.75378278585,4.75378278555,4.75378278554,4.75378278554,4.75378278545,4.75378278545,5.39207896601,5.39207896601,5.39207896601,5.39207896598,5.80988223158,5.80988223158,5.80988223168,5.80988223168,5.80988223168,5.80988223168,5.80988223168,5.80988223168,5.80988223168,5.80988223168,5.80988223168,5.80988223138,5.80988223138,5.80988223168,5.80988223168,5.80988223168,6.94184754748,6.94184754758,6.94184754758,6.94184754758,6.94184754718,6.94184754758,6.94184754758,6.94184754828,6.94184754788,6.94184754788,6.94184754788,6.94184754788,7.03395332967,7.0339533301,7.0339533301,7.0339533302,7.0339533302,7.03395333004,7.03395333004,7.03395332954,7.03395332984,7.03395332984,7.03395332984,7.03395332984,7.03395333044,7.03395333044,7.03395333044,7.03395333054,7.03395333034,7.03395333034,7.03395333044
"t51",4.93869527073,4.93869527073,4.93869527028,4.93869527028,3.88643695425,1.18025576845,1.18025576845,1.0310577524,0,4.75378278554,4.75378278548,4.75378278548,4.75378278544,4.75378278544,4.75378278551,4.75378278551,4.7537827855,4.7537827854,4.75378278553,4.75378278553,4.75378278559,4.75378278539,4.75378278539,4.75378278537,4.75378278537,4.75378278537,4.75378278537,4.75378278537,4.75378278537,4.75378278547,4.75378278547,4.75378278547,4.75378278547,4.75378278569,4.75378278499,4.75378278539,4.75378278539,4.75378278549,4.75378278559,4.75378278539,4.75378278539,4.75378278579,4.75378278579,4.75378278585,4.75378278555,4.75378278554,4.75378278554,4.75378278545,4.75378278545,5.39207896601,5.39207896601,5.39207896601,5.39207896598,5.80988223158,5.80988223158,5.80988223168,5.80988223168,5.80988223168,5.80988223168,5.80988223168,5.80988223168,5.80988223168,5.80988223168,5.80988223168,5.80988223138,5.80988223138,5.80988223168,5.80988223168,5.80988223168,6.94184754748,6.94184754758,6.94184754758,6.94184754758,6.94184754718,6.94184754758,6.94184754758,6.94184754828,6.94184754788,6.94184754788,6.94184754788,6.94184754788,7.03395332967,7.0339533301,7.0339533301,7.0339533302,7.0339533302,7.03395333004,7.03395333004,7.03395332954,7.03395332984,7.03395332984,7.03395332984,7.03395332984,7.03395333044,7.03395333044,7.03395333044,7.03395333054,7.03395333034,7.03395333034,7.03395333044
"t45",4.93869527097,4.93869527097,4.93869527052,4.93869527052,4.75378278529,4.75378278549,4.75378278549,4.75378278554,4.75378278554,0,1.13766747474,1.13766747474,2.3905948813,2.3905948813,2.39059488137,2.39059488137,2.39059488136,2.39059488126,3.65933091199,3.65933091199,3.65933091205,3.65933091185,3.65933091185,3.96864316263,3.96864316263,3.96864316263,3.96864316263,3.96864316263,3.96864316263,3.96864316273,3.96864316273,3.96864316273,3.96864316273,3.96864316295,3.96864316225,3.96864316265,3.96864316265,3.96864316275,3.96864316285,3.96864316265,3.96864316265,3.96864316305,3.96864316305,3.99330961529,3.99330961499,3.99330961498,3.99330961498,3.99330961489,3.99330961489,5.39207896625,5.39207896625,5.39207896625,5.39207896622,5.80988223182,5.80988223182,5.80988223192,5.80988223192,5.80988223192,5.80988223192,5.80988223192,5.80988223192,5.80988223192,5.80988223192,5.80988223192,5.80988223162,5.80988223162,5.80988223192,5.80988223192,5.80988223192,6.94184754772,6.94184754782,6.94184754782,6.94184754782,6.94184754742,6.94184754782,6.94184754782,6.94184754852,6.94184754812,6.94184754812,6.94184754812,6.94184754812,7.03395332991,7.03395333034,7.03395333034,7.03395333044,7.03395333044,7.03395333028,7.03395333028,7.03395332978,7.03395333008,7.03395333008,7.03395333008,7.03395333008,7.03395333068,7.03395333068,7.03395333068,7.03395333078,7.03395333058,7.03395333058,7.03395333068
"t48",4.93869527091,4.93869527091,4.93869527046,4.93869527046,4.75378278523,4.75378278543,4.75378278543,4.75378278548,4.75378278548,1.13766747474,0,1.0342395852,2.39059488124,2.39059488124,2.39059488131,2.39059488131,2.3905948813,2.3905948812,3.65933091193,3.65933091193,3.65933091199,3.65933091179,3.65933091179,3.96864316257,3.96864316257,3.96864316257,3.96864316257,3.96864316257,3.96864316257,3.96864316267,3.96864316267,3.96864316267,3.96864316267,3.96864316289,3.96864316219,3.96864316259,3.96864316259,3.96864316269,3.96864316279,3.96864316259,3.96864316259,3.96864316299,3.96864316299,3.99330961523,3.99330961493,3.99330961492,3.99330961492,3.99330961483,3.99330961483,5.39207896619,5.39207896619,5.39207896619,5.39207896616,5.80988223176,5.80988223176,5.80988223186,5.80988223186,5.80988223186,5.80988223186,5.80988223186,5.80988223186,5.80988223186,5.80988223186,5.80988223186,5.80988223156,5.80988223156,5.80988223186,5.80988223186,5.80988223186,6.94184754766,6.94184754776,6.94184754776,6.94184754776,6.94184754736,6.94184754776,6.94184754776,6.94184754846,6.94184754806,6.94184754806,6.94184754806,6.94184754806,7.03395332985,7.03395333028,7.03395333028,7.03395333038,7.03395333038,7.03395333022,7.03395333022,7.03395332972,7.03395333002,7.03395333002,7.03395333002,7.03395333002,7.03395333062,7.03395333062,7.03395333062,7.03395333072,7.03395333052,7.03395333052,7.03395333062
"t49",4.93869527091,4.93869527091,4.93869527046,4.93869527046,4.75378278523,4.75378278543,4.75378278543,4.75378278548,4.75378278548,1.13766747474,1.0342395852,0,2.39059488124,2.39059488124,2.39059488131,2.39059488131,2.3905948813,2.3905948812,3.65933091193,3.65933091193,3.65933091199,3.65933091179,3.65933091179,3.96864316257,3.96864316257,3.96864316257,3.96864316257,3.96864316257,3.96864316257,3.96864316267,3.96864316267,3.96864316267,3.96864316267,3.96864316289,3.96864316219,3.96864316259,3.96864316259,3.96864316269,3.96864316279,3.96864316259,3.96864316259,3.96864316299,3.96864316299,3.99330961523,3.99330961493,3.99330961492,3.99330961492,3.99330961483,3.99330961483,5.39207896619,5.39207896619,5.39207896619,5.39207896616,5.80988223176,5.80988223176,5.80988223186,5.80988223186,5.80988223186,5.80988223186,5.80988223186,5.80988223186,5.80988223186,5.80988223186,5.80988223186,5.80988223156,5.80988223156,5.80988223186,5.80988223186,5.80988223186,6.94184754766,6.94184754776,6.94184754776,6.94184754776,6.94184754736,6.94184754776,6.94184754776,6.94184754846,6.94184754806,6.94184754806,6.94184754806,6.94184754806,7.03395332985,7.03395333028,7.03395333028,7.03395333038,7.03395333038,7.03395333022,7.03395333022,7.03395332972,7.03395333002,7.03395333002,7.03395333002,7.03395333002,7.03395333062,7.03395333062,7.03395333062,7.03395333072,7.03395333052,7.03395333052,7.03395333062
"t88",4.93869527087,4.93869527087,4.93869527042,4.93869527042,4.75378278519,4.75378278539,4.75378278539,4.75378278544,4.75378278544,2.3905948813,2.39059488124,2.39059488124,0,0.4521231638,1.07347841707,1.07347841707,1.07347841706,1.07347841696,3.65933091189,3.65933091189,3.65933091195,3.65933091175,3.65933091175,3.96864316253,3.96864316253,3.96864316253,3.96864316253,3.96864316253,3.96864316253,3.96864316263,3.96864316263,3.96864316263,3.96864316263,3.96864316285,3.96864316215,3.96864316255,3.96864316255,3.96864316265,3.96864316275,3.96864316255,3.96864316255,3.96864316295,3.96864316295,3.99330961519,3.99330961489,3.99330961488,3.99330961488,3.99330961479,3.99330961479,5.39207896615,5.39207896615,5.39207896615,5.39207896612,5.80988223172,5.80988223172,5.80988223182,5.80988223182,5.80988223182,5.80988223182,5.80988223182,5.80988223182,5.80988223182,5.80988223182,5.80988223182,5.80988223152,5.80988223152,5.80988223182,5.80988223182,5.80988223182,6.94184754762,6.94184754772,6.94184754772,6.94184754772,6.94184754732,6.94184754772,6.94184754772,6.94184754842,6.94184754802,6.94184754802,6.94184754802,6.94184754802,7.03395332981,7.03395333024,7.03395333024,7.03395333034,7.03395333034,7.03395333018,7.03395333018,7.03395332968,7.03395332998,7.03395332998,7.03395332998,7.03395332998,7.03395333058,7.03395333058,7.03395333058,7.03395333068,7.03395333048,7.03395333048,7.03395333058
"t89",4.93869527087,4.93869527087,4.93869527042,4.93869527042,4.75378278519,4.75378278539,4.75378278539,4.75378278544,4.75378278544,2.3905948813,2.39059488124,2.39059488124,0.4521231638,0,1.07347841707,1.07347841707,1.07347841706,1.07347841696,3.65933091189,3.65933091189,3.65933091195,3.65933091175,3.65933091175,3.96864316253,3.96864316253,3.96864316253,3.96864316253,3.96864316253,3.96864316253,3.96864316263,3.96864316263,3.96864316263,3.96864316263,3.96864316285,3.96864316215,3.96864316255,3.96864316255,3.96864316265,3.96864316275,3.96864316255,3.96864316255,3.96864316295,3.96864316295,3.99330961519,3.99330961489,3.99330961488,3.99330961488,3.99330961479,3.99330961479,5.39207896615,5.39207896615,5.39207896615,5.39207896612,5.80988223172,5.80988223172,5.80988223182,5.80988223182,5.80988223182,5.80988223182,5.80988223182,5.80988223182,5.80988223182,5.80988223182,5.80988223182,5.80988223152,5.80988223152,5.80988223182,5.80988223182,5.80988223182,6.94184754762,6.94184754772,6.94184754772,6.94184754772,6.94184754732,6.94184754772,6.94184754772,6.94184754842,6.94184754802,6.94184754802,6.94184754802,6.94184754802,7.03395332981,7.03395333024,7.03395333024,7.03395333034,7.03395333034,7.03395333018,7.03395333018,7.03395332968,7.03395332998,7.03395332998,7.03395332998,7.03395332998,7.03395333058,7.03395333058,7.03395333058,7.03395333068,7.03395333048,7.03395333048,7.03395333058
"t99",4.93869527094,4.93869527094,4.93869527049,4.93869527049,4.75378278526,4.75378278546,4.75378278546,4.75378278551,4.75378278551,2.39059488137,2.39059488131,2.39059488131,1.07347841707,1.07347841707,0,0.05215899702,0.51793874761,0.90918793631,3.65933091196,3.65933091196,3.65933091202,3.65933091182,3.65933091182,3.9686431626,3.9686431626,3.9686431626,3.9686431626,3.9686431626,3.9686431626,3.9686431627,3.9686431627,3.9686431627,3.9686431627,3.96864316292,3.96864316222,3.96864316262,3.96864316262,3.96864316272,3.96864316282,3.96864316262,3.96864316262,3.96864316302,3.96864316302,3.99330961526,3.99330961496,3.99330961495,3.99330961495,3.99330961486,3.99330961486,5.39207896622,5.39207896622,5.39207896622,5.39207896619,5.80988223179,5.80988223179,5.80988223189,5.80988223189,5.80988223189,5.80988223189,5.80988223189,5.80988223189,5.80988223189,5.80988223189,5.80988223189,5.80988223159,5.80988223159,5.80988223189,5.80988223189,5.80988223189,6.94184754769,6.94184754779,6.94184754779,6.94184754779,6.94184754739,6.94184754779,6.94184754779,6.94184754849,6.94184754809,6.94184754809,6.94184754809,6.94184754809,7.03395332988,7.03395333031,7.03395333031,7.03395333041,7.03395333041,7.03395333025,7.03395333025,7.03395332975,7.03395333005,7.03395333005,7.03395333005,7.03395333005,7.03395333065,7.03395333065,7.03395333065,7.03395333075,7.03395333055,7.03395333055,7.03395333065
"t100",4.93869527094,4.93869527094,4.93869527049,4.93869527049,4.75378278526,4.75378278546,4.75378278546,4.75378278551,4.75378278551,2.39059488137,2.39059488131,2.39059488131,1.07347841707,1.07347841707,0.05215899702,0,0.51793874761,0.90918793631,3.65933091196,3.65933091196,3.65933091202,3.65933091182,3.65933091182,3.9686431626,3.9686431626,3.9686431626,3.9686431626,3.9686431626,3.9686431626,3.9686431627,3.9686431627,3.9686431627,3.9686431627,3.96864316292,3.96864316222,3.96864316262,3.96864316262,3.96864316272,3.96864316282,3.96864316262,3.96864316262,3.96864316302,3.96864316302,3.99330961526,3.99330961496,3.99330961495,3.99330961495,3.99330961486,3.99330961486,5.39207896622,5.39207896622,5.39207896622,5.39207896619,5.80988223179,5.80988223179,5.80988223189,5.80988223189,5.80988223189,5.80988223189,5.80988223189,5.80988223189,5.80988223189,5.80988223189,5.80988223189,5.80988223159,5.80988223159,5.80988223189,5.80988223189,5.80988223189,6.94184754769,6.94184754779,6.94184754779,6.94184754779,6.94184754739,6.94184754779,6.94184754779,6.94184754849,6.94184754809,6.94184754809,6.94184754809,6.94184754809,7.03395332988,7.03395333031,7.03395333031,7.03395333041,7.03395333041,7.03395333025,7.03395333025,7.03395332975,7.03395333005,7.03395333005,7.03395333005,7.03395333005,7.03395333065,7.03395333065,7.03395333065,7.03395333075,7.03395333055,7.03395333055,7.03395333065
"t81",4.93869527093,4.93869527093,4.93869527048,4.93869527048,4.75378278525,4.75378278545,4.75378278545,4.7537827855,4.7537827855,2.39059488136,2.3905948813,2.3905948813,1.07347841706,1.07347841706,0.51793874761,0.51793874761,0,0.9091879363,3.65933091195,3.65933091195,3.65933091201,3.65933091181,3.65933091181,3.96864316259,3.96864316259,3.96864316259,3.96864316259,3.96864316259,3.96864316259,3.96864316269,3.96864316269,3.96864316269,3.96864316269,3.96864316291,3.96864316221,3.96864316261,3.96864316261,3.96864316271,3.96864316281,3.96864316261,3.96864316261,3.96864316301,3.96864316301,3.99330961525,3.99330961495,3.99330961494,3.99330961494,3.99330961485,3.99330961485,5.39207896621,5.39207896621,5.39207896621,5.39207896618,5.80988223178,5.80988223178,5.80988223188,5.80988223188,5.80988223188,5.80988223188,5.80988223188,5.80988223188,5.80988223188,5.80988223188,5.80988223188,5.80988223158,5.80988223158,5.80988223188,5.80988223188,5.80988223188,6.94184754768,6.94184754778,6.94184754778,6.94184754778,6.94184754738,6.94184754778,6.94184754778,6.94184754848,6.94184754808,6.94184754808,6.94184754808,6.94184754808,7.03395332987,7.0339533303,7.0339533303,7.0339533304,7.0339533304,7.03395333024,7.03395333024,7.03395332974,7.03395333004,7.03395333004,7.03395333004,7.03395333004,7.03395333064,7.03395333064,7.03395333064,7.03395333074,7.03395333054,7.03395333054,7.03395333064
"t55",4.93869527083,4.93869527083,4.93869527038,4.93869527038,4.75378278515,4.75378278535,4.75378278535,4.7537827854,4.7537827854,2.39059488126,2.3905948812,2.3905948812,1.07347841696,1.07347841696,0.90918793631,0.90918793631,0.9091879363,0,3.65933091185,3.65933091185,3.65933091191,3.65933091171,3.65933091171,3.96864316249,3.96864316249,3.96864316249,3.96864316249,3.96864316249,3.96864316249,3.96864316259,3.96864316259,3.96864316259,3.96864316259,3.96864316281,3.96864316211,3.96864316251,3.96864316251,3.96864316261,3.96864316271,3.96864316251,3.96864316251,3.96864316291,3.96864316291,3.99330961515,3.99330961485,3.99330961484,3.99330961484,3.99330961475,3.99330961475,5.39207896611,5.39207896611,5.39207896611,5.39207896608,5.80988223168,5.80988223168,5.80988223178,5.80988223178,5.80988223178,5.80988223178,5.80988223178,5.80988223178,5.80988223178,5.80988223178,5.80988223178,5.80988223148,5.80988223148,5.80988223178,5.80988223178,5.80988223178,6.94184754758,6.94184754768,6.94184754768,6.94184754768,6.94184754728,6.94184754768,6.94184754768,6.94184754838,6.94184754798,6.94184754798,6.94184754798,6.94184754798,7.03395332977,7.0339533302,7.0339533302,7.0339533303,7.0339533303,7.03395333014,7.03395333014,7.03395332964,7.03395332994,7.03395332994,7.03395332994,7.03395332994,7.03395333054,7.03395333054,7.03395333054,7.03395333064,7.03395333044,7.03395333044,7.03395333054
"t64",4.93869527096,4.93869527096,4.93869527051,4.93869527051,4.75378278528,4.75378278548,4.75378278548,4.75378278553,4.75378278553,3.65933091199,3.65933091193,3.65933091193,3.65933091189,3.65933091189,3.65933091196,3.65933091196,3.65933091195,3.65933091185,0,0.7409331968,0.84468555074,3.54968925854,3.54968925854,3.96864316262,3.96864316262,3.96864316262,3.96864316262,3.96864316262,3.96864316262,3.96864316272,3.96864316272,3.96864316272,3.96864316272,3.96864316294,3.96864316224,3.96864316264,3.96864316264,3.96864316274,3.96864316284,3.96864316264,3.96864316264,3.96864316304,3.96864316304,3.99330961528,3.99330961498,3.99330961497,3.99330961497,3.99330961488,3.99330961488,5.39207896624,5.39207896624,5.39207896624,5.39207896621,5.80988223181,5.80988223181,5.80988223191,5.80988223191,5.80988223191,5.80988223191,5.80988223191,5.80988223191,5.80988223191,5.80988223191,5.80988223191,5.80988223161,5.80988223161,5.80988223191,5.80988223191,5.80988223191,6.94184754771,6.94184754781,6.94184754781,6.94184754781,6.94184754741,6.94184754781,6.94184754781,6.94184754851,6.94184754811,6.94184754811,6.94184754811,6.94184754811,7.0339533299,7.03395333033,7.03395333033,7.03395333043,7.03395333043,7.03395333027,7.03395333027,7.03395332977,7.03395333007,7.03395333007,7.03395333007,7.03395333007,7.03395333067,7.03395333067,7.03395333067,7.03395333077,7.03395333057,7.03395333057,7.03395333067
"t65",4.93869527096,4.93869527096,4.93869527051,4.93869527051,4.75378278528,4.75378278548,4.75378278548,4.75378278553,4.75378278553,3.65933091199,3.65933091193,3.65933091193,3.65933091189,3.65933091189,3.65933091196,3.65933091196,3.65933091195,3.65933091185,0.7409331968,0,0.84468555074,3.54968925854,3.54968925854,3.96864316262,3.96864316262,3.96864316262,3.96864316262,3.96864316262,3.96864316262,3.96864316272,3.96864316272,3.96864316272,3.96864316272,3.96864316294,3.96864316224,3.96864316264,3.96864316264,3.96864316274,3.96864316284,3.96864316264,3.96864316264,3.96864316304,3.96864316304,3.99330961528,3.99330961498,3.99330961497,3.99330961497,3.99330961488,3.99330961488,5.39207896624,5.39207896624,5.39207896624,5.39207896621,5.80988223181,5.80988223181,5.80988223191,5.80988223191,5.80988223191,5.80988223191,5.80988223191,5.80988223191,5.80988223191,5.80988223191,5.80988223191,5.80988223161,5.80988223161,5.80988223191,5.80988223191,5.80988223191,6.94184754771,6.94184754781,6.94184754781,6.94184754781,6.94184754741,6.94184754781,6.94184754781,6.94184754851,6.94184754811,6.94184754811,6.94184754811,6.94184754811,7.0339533299,7.03395333033,7.03395333033,7.03395333043,7.03395333043,7.03395333027,7.03395333027,7.03395332977,7.03395333007,7.03395333007,7.03395333007,7.03395333007,7.03395333067,7.03395333067,7.03395333067,7.03395333077,7.03395333057,7.03395333057,7.03395333067
"t56",4.93869527102,4.93869527102,4.93869527057,4.93869527057,4.75378278534,4.75378278554,4.75378278554,4.75378278559,4.75378278559,3.65933091205,3.65933091199,3.65933091199,3.65933091195,3.65933091195,3.65933091202,3.65933091202,3.65933091201,3.65933091191,0.84468555074,0.84468555074,0,3.5496892586,3.5496892586,3.96864316268,3.96864316268,3.96864316268,3.96864316268,3.96864316268,3.96864316268,3.96864316278,3.96864316278,3.96864316278,3.96864316278,3.968643163,3.9686431623,3.9686431627,3.9686431627,3.9686431628,3.9686431629,3.9686431627,3.9686431627,3.9686431631,3.9686431631,3.99330961534,3.99330961504,3.99330961503,3.99330961503,3.99330961494,3.99330961494,5.3920789663,5.3920789663,5.3920789663,5.39207896627,5.80988223187,5.80988223187,5.80988223197,5.80988223197,5.80988223197,5.80988223197,5.80988223197,5.80988223197,5.80988223197,5.80988223197,5.80988223197,5.80988223167,5.80988223167,5.80988223197,5.80988223197,5.80988223197,6.94184754777,6.94184754787,6.94184754787,6.94184754787,6.94184754747,6.94184754787,6.94184754787,6.94184754857,6.94184754817,6.94184754817,6.94184754817,6.94184754817,7.03395332996,7.03395333039,7.03395333039,7.03395333049,7.03395333049,7.03395333033,7.03395333033,7.03395332983,7.03395333013,7.03395333013,7.03395333013,7.03395333013,7.03395333073,7.03395333073,7.03395333073,7.03395333083,7.03395333063,7.03395333063,7.03395333073
"t26",4.93869527082,4.93869527082,4.93869527037,4.93869527037,4.75378278514,4.75378278534,4.75378278534,4.75378278539,4.75378278539,3.65933091185,3.65933091179,3.65933091179,3.65933091175,3.65933091175,3.65933091182,3.65933091182,3.65933091181,3.65933091171,3.54968925854,3.54968925854,3.5496892586,0,1.6703206898,3.96864316248,3.96864316248,3.96864316248,3.96864316248,3.96864316248,3.96864316248,3.96864316258,3.96864316258,3.96864316258,3.96864316258,3.9686431628,3.9686431621,3.9686431625,3.9686431625,3.9686431626,3.9686431627,3.9686431625,3.9686431625,3.9686431629,3.9686431629,3.99330961514,3.99330961484,3.99330961483,3.99330961483,3.99330961474,3.99330961474,5.3920789661,5.3920789661,5.3920789661,5.39207896607,5.80988223167,5.80988223167,5.80988223177,5.80988223177,5.80988223177,5.80988223177,5.80988223177,5.80988223177,5.80988223177,5.80988223177,5.80988223177,5.80988223147,5.80988223147,5.80988223177,5.80988223177,5.80988223177,6.94184754757,6.94184754767,6.94184754767,6.94184754767,6.94184754727,6.94184754767,6.94184754767,6.94184754837,6.94184754797,6.94184754797,6.94184754797,6.94184754797,7.03395332976,7.03395333019,7.03395333019,7.03395333029,7.03395333029,7.03395333013,7.03395333013,7.03395332963,7.03395332993,7.03395332993,7.03395332993,7.03395332993,7.03395333053,7.03395333053,7.03395333053,7.03395333063,7.03395333043,7.03395333043,7.03395333053
"t27",4.93869527082,4.93869527082,4.93869527037,4.93869527037,4.75378278514,4.75378278534,4.75378278534,4.75378278539,4.75378278539,3.65933091185,3.65933091179,3.65933091179,3.65933091175,3.65933091175,3.65933091182,3.65933091182,3.65933091181,3.65933091171,3.54968925854,3.54968925854,3.5496892586,1.6703206898,0,3.96864316248,3.96864316248,3.96864316248,3.96864316248,3.96864316248,3.96864316248,3.96864316258,3.96864316258,3.96864316258,3.96864316258,3.9686431628,3.9686431621,3.9686431625,3.9686431625,3.9686431626,3.9686431627,3.9686431625,3.9686431625,3.9686431629,3.9686431629,3.99330961514,3.99330961484,3.99330961483,3.99330961483,3.99330961474,3.99330961474,5.3920789661,5.3920789661,5.3920789661,5.39207896607,5.80988223167,5.80988223167,5.80988223177,5.80988223177,5.80988223177,5.80988223177,5.80988223177,5.80988223177,5.80988223177,5.80988223177,5.80988223177,5.80988223147,5.80988223147,5.80988223177,5.80988223177,5.80988223177,6.94184754757,6.94184754767,6.94184754767,6.94184754767,6.94184754727,6.94184754767,6.94184754767,6.94184754837,6.94184754797,6.94184754797,6.94184754797,6.94184754797,7.03395332976,7.03395333019,7.03395333019,7.03395333029,7.03395333029,7.03395333013,7.03395333013,7.03395332963,7.03395332993,7.03395332993,7.03395332993,7.03395332993,7.03395333053,7.03395333053,7.03395333053,7.03395333063,7.03395333043,7.03395333043,7.03395333053
"t12",4.9386952708,4.9386952708,4.93869527035,4.93869527035,4.75378278512,4.75378278532,4.75378278532,4.75378278537,4.75378278537,3.96864316263,3.96864316257,3.96864316257,3.96864316253,3.96864316253,3.9686431626,3.9686431626,3.96864316259,3.96864316249,3.96864316262,3.96864316262,3.96864316268,3.96864316248,3.96864316248,0,2.146137008,2.405663269,2.405663269,3.2833561362,3.2833561362,3.2833561363,3.2833561363,3.2833561363,3.2833561363,3.44657353768,3.62732980618,3.62732980658,3.62732980658,3.62732980668,3.62732980678,3.87516706058,3.87516706058,3.87516706098,3.87516706098,3.99330961512,3.99330961482,3.99330961481,3.99330961481,3.99330961472,3.99330961472,5.39207896608,5.39207896608,5.39207896608,5.39207896605,5.80988223165,5.80988223165,5.80988223175,5.80988223175,5.80988223175,5.80988223175,5.80988223175,5.80988223175,5.80988223175,5.80988223175,5.80988223175,5.80988223145,5.80988223145,5.80988223175,5.80988223175,5.80988223175,6.94184754755,6.94184754765,6.94184754765,6.94184754765,6.94184754725,6.94184754765,6.94184754765,6.94184754835,6.94184754795,6.94184754795,6.94184754795,6.94184754795,7.03395332974,7.03395333017,7.03395333017,7.03395333027,7.03395333027,7.03395333011,7.03395333011,7.03395332961,7.03395332991,7.03395332991,7.03395332991,7.03395332991,7.03395333051,7.03395333051,7.03395333051,7.03395333061,7.03395333041,7.03395333041,7.03395333051
"t13",4.9386952708,4.9386952708,4.93869527035,4.93869527035,4.75378278512,4.75378278532,4.75378278532,4.75378278537,4.75378278537,3.96864316263,3.96864316257,3.96864316257,3.96864316253,3.96864316253,3.9686431626,3.9686431626,3.96864316259,3.96864316249,3.96864316262,3.96864316262,3.96864316268,3.96864316248,3.96864316248,2.146137008,0,2.405663269,2.405663269,3.2833561362,3.2833561362,3.2833561363,3.2833561363,3.2833561363,3.2833561363,3.44657353768,3.62732980618,3.62732980658,3.62732980658,3.62732980668,3.62732980678,3.87516706058,3.87516706058,3.87516706098,3.87516706098,3.99330961512,3.99330961482,3.99330961481,3.99330961481,3.99330961472,3.99330961472,5.39207896608,5.39207896608,5.39207896608,5.39207896605,5.80988223165,5.80988223165,5.80988223175,5.80988223175,5.80988223175,5.80988223175,5.80988223175,5.80988223175,5.80988223175,5.80988223175,5.80988223175,5.80988223145,5.80988223145,5.80988223175,5.80988223175,5.80988223175,6.94184754755,6.94184754765,6.94184754765,6.94184754765,6.94184754725,6.94184754765,6.94184754765,6.94184754835,6.94184754795,6.94184754795,6.94184754795,6.94184754795,7.03395332974,7.03395333017,7.03395333017,7.03395333027,7.03395333027,7.03395333011,7.03395333011,7.03395332961,7.03395332991,7.03395332991,7.03395332991,7.03395332991,7.03395333051,7.03395333051,7.03395333051,7.03395333061,7.03395333041,7.03395333041,7.03395333051
"t24",4.9386952708,4.9386952708,4.93869527035,4.93869527035,4.75378278512,4.75378278532,4.75378278532,4.75378278537,4.75378278537,3.96864316263,3.96864316257,3.96864316257,3.96864316253,3.96864316253,3.9686431626,3.9686431626,3.96864316259,3.96864316249,3.96864316262,3.96864316262,3.96864316268,3.96864316248,3.96864316248,2.405663269,2.405663269,0,1.6996326308,3.2833561362,3.2833561362,3.2833561363,3.2833561363,3.2833561363,3.2833561363,3.44657353768,3.62732980618,3.62732980658,3.62732980658,3.62732980668,3.62732980678,3.87516706058,3.87516706058,3.87516706098,3.87516706098,3.99330961512,3.99330961482,3.99330961481,3.99330961481,3.99330961472,3.99330961472,5.39207896608,5.39207896608,5.39207896608,5.39207896605,5.80988223165,5.80988223165,5.80988223175,5.80988223175,5.80988223175,5.80988223175,5.80988223175,5.80988223175,5.80988223175,5.80988223175,5.80988223175,5.80988223145,5.80988223145,5.80988223175,5.80988223175,5.80988223175,6.94184754755,6.94184754765,6.94184754765,6.94184754765,6.94184754725,6.94184754765,6.94184754765,6.94184754835,6.94184754795,6.94184754795,6.94184754795,6.94184754795,7.03395332974,7.03395333017,7.03395333017,7.03395333027,7.03395333027,7.03395333011,7.03395333011,7.03395332961,7.03395332991,7.03395332991,7.03395332991,7.03395332991,7.03395333051,7.03395333051,7.03395333051,7.03395333061,7.03395333041,7.03395333041,7.03395333051
"t25",4.9386952708,4.9386952708,4.93869527035,4.93869527035,4.75378278512,4.75378278532,4.75378278532,4.75378278537,4.75378278537,3.96864316263,3.96864316257,3.96864316257,3.96864316253,3.96864316253,3.9686431626,3.9686431626,3.96864316259,3.96864316249,3.96864316262,3.96864316262,3.96864316268,3.96864316248,3.96864316248,2.405663269,2.405663269,1.6996326308,0,3.2833561362,3.2833561362,3.2833561363,3.2833561363,3.2833561363,3.2833561363,3.44657353768,3.62732980618,3.62732980658,3.62732980658,3.62732980668,3.62732980678,3.87516706058,3.87516706058,3.87516706098,3.87516706098,3.99330961512,3.99330961482,3.99330961481,3.99330961481,3.99330961472,3.99330961472,5.39207896608,5.39207896608,5.39207896608,5.39207896605,5.80988223165,5.80988223165,5.80988223175,5.80988223175,5.80988223175,5.80988223175,5.80988223175,5.80988223175,5.80988223175,5.80988223175,5.80988223175,5.80988223145,5.80988223145,5.80988223175,5.80988223175,5.80988223175,6.94184754755,6.94184754765,6.94184754765,6.94184754765,6.94184754725,6.94184754765,6.94184754765,6.94184754835,6.94184754795,6.94184754795,6.94184754795,6.94184754795,7.03395332974,7.03395333017,7.03395333017,7.03395333027,7.03395333027,7.03395333011,7.03395333011,7.03395332961,7.03395332991,7.03395332991,7.03395332991,7.03395332991,7.03395333051,7.03395333051,7.03395333051,7.03395333061,7.03395333041,7.03395333041,7.03395333051
"t90",4.9386952708,4.9386952708,4.93869527035,4.93869527035,4.75378278512,4.75378278532,4.75378278532,4.75378278537,4.75378278537,3.96864316263,3.96864316257,3.96864316257,3.96864316253,3.96864316253,3.9686431626,3.9686431626,3.96864316259,3.96864316249,3.96864316262,3.96864316262,3.96864316268,3.96864316248,3.96864316248,3.2833561362,3.2833561362,3.2833561362,3.2833561362,0,0.3237186482,1.7588144397,1.8051709269,1.8051709269,1.8051709269,3.44657353768,3.62732980618,3.62732980658,3.62732980658,3.62732980668,3.62732980678,3.87516706058,3.87516706058,3.87516706098,3.87516706098,3.99330961512,3.99330961482,3.99330961481,3.99330961481,3.99330961472,3.99330961472,5.39207896608,5.39207896608,5.39207896608,5.39207896605,5.80988223165,5.80988223165,5.80988223175,5.80988223175,5.80988223175,5.80988223175,5.80988223175,5.80988223175,5.80988223175,5.80988223175,5.80988223175,5.80988223145,5.80988223145,5.80988223175,5.80988223175,5.80988223175,6.94184754755,6.94184754765,6.94184754765,6.94184754765,6.94184754725,6.94184754765,6.94184754765,6.94184754835,6.94184754795,6.94184754795,6.94184754795,6.94184754795,7.03395332974,7.03395333017,7.03395333017,7.03395333027,7.03395333027,7.03395333011,7.03395333011,7.03395332961,7.03395332991,7.03395332991,7.03395332991,7.03395332991,7.03395333051,7.03395333051,7.03395333051,7.03395333061,7.03395333041,7.03395333041,7.03395333051
