"","t15","t76","t77","t73","t89","t90","t43","t44","t16","t13","t6","t25","t26","t3","t38","t91","t146","t147","t92","t8","t7","t24","t33","t34","t22","t5","t1","t9","t17","t105","t106","t80","t39","t55","t118","t119","t114","t115","t142","t143","t113","t50","t111","t112","t45","t46","t12","t47","t56","t57","t101","t102","t66","t20","t21","t61","t136","t137","t128","t129","t70","t95","t138","t139","t108","t58","t60","t107","t109","t110","t144","t145","t132","t133","t85","t86","t122","t123","t72","t83","t84","t93","t94","t4","t130","t131","t28","t41","t54","t81","t82","t74","t75","t59","t32","t126","t127","t64","t116","t117","t53","t120","t121","t23","t18","t31","t71","t98","t134","t135","t51","t52","t37","t78","t99","t100","t62","t63","t79","t103","t104","t65","t40","t11","t10","t14","t19","t27","t68","t69","t87","t88","t124","t125","t140","t141","t67","t96","t97","t29","t48","t49","t42","t35","t36","t30","t2"
"t15",0,2.88704659674,2.88704659674,3.66837758214,3.66837758214,3.66837758214,3.66837758194,2.53475636604,1.79483879624,0.489339746883,1.217452700513,7.513580506183,6.226697855183,3.193284001903,6.125597013483,7.513580506083,7.513580506132,7.513580506132,7.513580506143,3.989941947383,3.887974918183,5.891661941383,5.964715235383,7.513580506883,5.216258061813,4.427156320683,4.659428448513,5.830808372323,6.628613991423,9.107127379123,9.107127379123,9.107127379123,8.683201346323,9.107127378223,9.107127378623,9.107127378623,9.107127378823,9.107127378823,9.107127378883,9.107127378883,9.107127378823,9.107127378963,9.107127379063,9.107127379063,9.107127379023,8.121455193423,7.083045460823,8.859624207273,8.128648344873,9.107127379273,9.107127379073,9.107127379073,9.107127379073,9.107127378673,9.107127378673,8.280013422373,9.107127379833,9.107127379833,9.107127379573,9.107127379573,9.107127379563,9.107127379563,9.107127379583,9.107127379583,9.107127379603,9.107127379673,9.107127379973,9.107127379573,9.107127379563,9.107127379563,9.107127379573,9.107127379573,9.107127379553,9.107127379553,9.10712737962,9.10712737962,9.10712737962,9.10712737962,9.10712737962,9.10712737962,9.10712737962,9.10712737962,9.10712737962,6.723655601773,9.107127378883,9.107127378883,9.107127378173,7.661097965593,8.082130403773,9.107127378573,8.570562846473,8.514739052273,9.107127379073,9.107127378673,7.376298473663,9.107127379023,9.107127379023,9.107127379023,8.879189855329,9.107127379029,9.107127378729,9.015492394123,9.107127378823,6.897195634313,6.688983275033,7.935481603583,9.107127379083,9.095290970783,9.107127379083,9.107127379083,9.107127378683,9.107127378683,9.107127378583,9.107127378683,9.107127378683,9.107127378683,9.107127378633,9.107127378633,8.928323387593,9.107127378593,8.792643759143,9.107127378693,7.561193886673,5.894893217593,6.461517004723,6.215456258723,7.261934745023,9.107127378723,9.107127378873,9.107127378873,9.107127378843,9.107127378843,9.107127378823,9.107127378823,9.107127378693,9.107127378693,9.107127378723,9.107127378743,9.107127378743,7.782722042443,9.107127379303,9.107127379303,7.848283713903,7.704828076688,9.107127379188,7.870913200603,6.043715243213
"t76",2.88704659674,0,1.4412413422,6.4476724456,6.4476724456,6.4476724456,6.4476724454,5.3140512295,4.5741336597,3.268634610343,3.996747563973,10.292875369643,9.005992718643,5.972578865363,8.904891876943,10.292875369543,10.292875369592,10.292875369592,10.292875369603,6.769236810843,6.667269781643,8.670956804843,8.744010098843,10.292875370343,7.995552925273,7.206451184143,7.438723311973,8.610103235783,9.407908854883,11.886422242583,11.886422242583,11.886422242583,11.462496209783,11.886422241683,11.886422242083,11.886422242083,11.886422242283,11.886422242283,11.886422242343,11.886422242343,11.886422242283,11.886422242423,11.886422242523,11.886422242523,11.886422242483,10.900750056883,9.862340324283,11.638919070733,10.907943208333,11.886422242733,11.886422242533,11.886422242533,11.886422242533,11.886422242133,11.886422242133,11.059308285833,11.886422243293,11.886422243293,11.886422243033,11.886422243033,11.886422243023,11.886422243023,11.886422243043,11.886422243043,11.886422243063,11.886422243133,11.886422243433,11.886422243033,11.886422243023,11.886422243023,11.886422243033,11.886422243033,11.886422243013,11.886422243013,11.88642224308,11.88642224308,11.88642224308,11.88642224308,11.88642224308,11.88642224308,11.88642224308,11.88642224308,11.88642224308,9.502950465233,11.886422242343,11.886422242343,11.886422241633,10.440392829053,10.861425267233,11.886422242033,11.349857709933,11.294033915733,11.886422242533,11.886422242133,10.155593337123,11.886422242483,11.886422242483,11.886422242483,11.658484718789,11.886422242489,11.886422242189,11.794787257583,11.886422242283,9.676490497773,9.468278138493,10.714776467043,11.886422242543,11.874585834243,11.886422242543,11.886422242543,11.886422242143,11.886422242143,11.886422242043,11.886422242143,11.886422242143,11.886422242143,11.886422242093,11.886422242093,11.707618251053,11.886422242053,11.571938622603,11.886422242153,10.340488750133,8.674188081053,9.240811868183,8.994751122183,10.041229608483,11.886422242183,11.886422242333,11.886422242333,11.886422242303,11.886422242303,11.886422242283,11.886422242283,11.886422242153,11.886422242153,11.886422242183,11.886422242203,11.886422242203,10.562016905903,11.886422242763,11.886422242763,10.627578577363,10.484122940148,11.886422242648,10.650208064063,8.823010106673
"t77",2.88704659674,1.4412413422,0,6.4476724456,6.4476724456,6.4476724456,6.4476724454,5.3140512295,4.5741336597,3.268634610343,3.996747563973,10.292875369643,9.005992718643,5.972578865363,8.904891876943,10.292875369543,10.292875369592,10.292875369592,10.292875369603,6.769236810843,6.667269781643,8.670956804843,8.744010098843,10.292875370343,7.995552925273,7.206451184143,7.438723311973,8.610103235783,9.407908854883,11.886422242583,11.886422242583,11.886422242583,11.462496209783,11.886422241683,11.886422242083,11.886422242083,11.886422242283,11.886422242283,11.886422242343,11.886422242343,11.886422242283,11.886422242423,11.886422242523,11.886422242523,11.886422242483,10.900750056883,9.862340324283,11.638919070733,10.907943208333,11.886422242733,11.886422242533,11.886422242533,11.886422242533,11.886422242133,11.886422242133,11.059308285833,11.886422243293,11.886422243293,11.886422243033,11.886422243033,11.886422243023,11.886422243023,11.886422243043,11.886422243043,11.886422243063,11.886422243133,11.886422243433,11.886422243033,11.886422243023,11.886422243023,11.886422243033,11.886422243033,11.886422243013,11.886422243013,11.88642224308,11.88642224308,11.88642224308,11.88642224308,11.88642224308,11.88642224308,11.88642224308,11.88642224308,11.88642224308,9.502950465233,11.886422242343,11.886422242343,11.886422241633,10.440392829053,10.861425267233,11.886422242033,11.349857709933,11.294033915733,11.886422242533,11.886422242133,10.155593337123,11.886422242483,11.886422242483,11.886422242483,11.658484718789,11.886422242489,11.886422242189,11.794787257583,11.886422242283,9.676490497773,9.468278138493,10.714776467043,11.886422242543,11.874585834243,11.886422242543,11.886422242543,11.886422242143,11.886422242143,11.886422242043,11.886422242143,11.886422242143,11.886422242143,11.886422242093,11.886422242093,11.707618251053,11.886422242053,11.571938622603,11.886422242153,10.340488750133,8.674188081053,9.240811868183,8.994751122183,10.041229608483,11.886422242183,11.886422242333,11.886422242333,11.886422242303,11.886422242303,11.886422242283,11.886422242283,11.886422242153,11.886422242153,11.886422242183,11.886422242203,11.886422242203,10.562016905903,11.886422242763,11.886422242763,10.627578577363,10.484122940148,11.886422242648,10.650208064063,8.823010106673
"t73",3.66837758214,6.4476724456,6.4476724456,0,1.4908474596,1.4908474596,3.7905744874,2.6569532715,3.6338534929,3.268634610943,3.996747564573,10.292875370243,9.005992719243,5.972578865963,8.904891877543,10.292875370143,10.292875370192,10.292875370192,10.292875370203,6.769236811443,6.667269782243,8.670956805443,8.744010099443,10.292875370943,7.995552925873,7.206451184743,7.438723312573,8.610103236383,9.407908855483,11.886422243183,11.886422243183,11.886422243183,11.462496210383,11.886422242283,11.886422242683,11.886422242683,11.886422242883,11.886422242883,11.886422242943,11.886422242943,11.886422242883,11.886422243023,11.886422243123,11.886422243123,11.886422243083,10.900750057483,9.862340324883,11.638919071333,10.907943208933,11.886422243333,11.886422243133,11.886422243133,11.886422243133,11.886422242733,11.886422242733,11.059308286433,11.886422243893,11.886422243893,11.886422243633,11.886422243633,11.886422243623,11.886422243623,11.886422243643,11.886422243643,11.886422243663,11.886422243733,11.886422244033,11.886422243633,11.886422243623,11.886422243623,11.886422243633,11.886422243633,11.886422243613,11.886422243613,11.88642224368,11.88642224368,11.88642224368,11.88642224368,11.88642224368,11.88642224368,11.88642224368,11.88642224368,11.88642224368,9.502950465833,11.886422242943,11.886422242943,11.886422242233,10.440392829653,10.861425267833,11.886422242633,11.349857710533,11.294033916333,11.886422243133,11.886422242733,10.155593337723,11.886422243083,11.886422243083,11.886422243083,11.658484719389,11.886422243089,11.886422242789,11.794787258183,11.886422242883,9.676490498373,9.468278139093,10.714776467643,11.886422243143,11.874585834843,11.886422243143,11.886422243143,11.886422242743,11.886422242743,11.886422242643,11.886422242743,11.886422242743,11.886422242743,11.886422242693,11.886422242693,11.707618251653,11.886422242653,11.571938623203,11.886422242753,10.340488750733,8.674188081653,9.240811868783,8.994751122783,10.041229609083,11.886422242783,11.886422242933,11.886422242933,11.886422242903,11.886422242903,11.886422242883,11.886422242883,11.886422242753,11.886422242753,11.886422242783,11.886422242803,11.886422242803,10.562016906503,11.886422243363,11.886422243363,10.627578577963,10.484122940748,11.886422243248,10.650208064663,8.823010107273
"t89",3.66837758214,6.4476724456,6.4476724456,1.4908474596,0,0.9591316076,3.7905744874,2.6569532715,3.6338534929,3.268634610943,3.996747564573,10.292875370243,9.005992719243,5.972578865963,8.904891877543,10.292875370143,10.292875370192,10.292875370192,10.292875370203,6.769236811443,6.667269782243,8.670956805443,8.744010099443,10.292875370943,7.995552925873,7.206451184743,7.438723312573,8.610103236383,9.407908855483,11.886422243183,11.886422243183,11.886422243183,11.462496210383,11.886422242283,11.886422242683,11.886422242683,11.886422242883,11.886422242883,11.886422242943,11.886422242943,11.886422242883,11.886422243023,11.886422243123,11.886422243123,11.886422243083,10.900750057483,9.862340324883,11.638919071333,10.907943208933,11.886422243333,11.886422243133,11.886422243133,11.886422243133,11.886422242733,11.886422242733,11.059308286433,11.886422243893,11.886422243893,11.886422243633,11.886422243633,11.886422243623,11.886422243623,11.886422243643,11.886422243643,11.886422243663,11.886422243733,11.886422244033,11.886422243633,11.886422243623,11.886422243623,11.886422243633,11.886422243633,11.886422243613,11.886422243613,11.88642224368,11.88642224368,11.88642224368,11.88642224368,11.88642224368,11.88642224368,11.88642224368,11.88642224368,11.88642224368,9.502950465833,11.886422242943,11.886422242943,11.886422242233,10.440392829653,10.861425267833,11.886422242633,11.349857710533,11.294033916333,11.886422243133,11.886422242733,10.155593337723,11.886422243083,11.886422243083,11.886422243083,11.658484719389,11.886422243089,11.886422242789,11.794787258183,11.886422242883,9.676490498373,9.468278139093,10.714776467643,11.886422243143,11.874585834843,11.886422243143,11.886422243143,11.886422242743,11.886422242743,11.886422242643,11.886422242743,11.886422242743,11.886422242743,11.886422242693,11.886422242693,11.707618251653,11.886422242653,11.571938623203,11.886422242753,10.340488750733,8.674188081653,9.240811868783,8.994751122783,10.041229609083,11.886422242783,11.886422242933,11.886422242933,11.886422242903,11.886422242903,11.886422242883,11.886422242883,11.886422242753,11.886422242753,11.886422242783,11.886422242803,11.886422242803,10.562016906503,11.886422243363,11.886422243363,10.627578577963,10.484122940748,11.886422243248,10.650208064663,8.823010107273
"t90",3.66837758214,6.4476724456,6.4476724456,1.4908474596,0.9591316076,0,3.7905744874,2.6569532715,3.6338534929,3.268634610943,3.996747564573,10.292875370243,9.005992719243,5.972578865963,8.904891877543,10.292875370143,10.292875370192,10.292875370192,10.292875370203,6.769236811443,6.667269782243,8.670956805443,8.744010099443,10.292875370943,7.995552925873,7.206451184743,7.438723312573,8.610103236383,9.407908855483,11.886422243183,11.886422243183,11.886422243183,11.462496210383,11.886422242283,11.886422242683,11.886422242683,11.886422242883,11.886422242883,11.886422242943,11.886422242943,11.886422242883,11.886422243023,11.886422243123,11.886422243123,11.886422243083,10.900750057483,9.862340324883,11.638919071333,10.907943208933,11.886422243333,11.886422243133,11.886422243133,11.886422243133,11.886422242733,11.886422242733,11.059308286433,11.886422243893,11.886422243893,11.886422243633,11.886422243633,11.886422243623,11.886422243623,11.886422243643,11.886422243643,11.886422243663,11.886422243733,11.886422244033,11.886422243633,11.886422243623,11.886422243623,11.886422243633,11.886422243633,11.886422243613,11.886422243613,11.88642224368,11.88642224368,11.88642224368,11.88642224368,11.88642224368,11.88642224368,11.88642224368,11.88642224368,11.88642224368,9.502950465833,11.886422242943,11.886422242943,11.886422242233,10.440392829653,10.861425267833,11.886422242633,11.349857710533,11.294033916333,11.886422243133,11.886422242733,10.155593337723,11.886422243083,11.886422243083,11.886422243083,11.658484719389,11.886422243089,11.886422242789,11.794787258183,11.886422242883,9.676490498373,9.468278139093,10.714776467643,11.886422243143,11.874585834843,11.886422243143,11.886422243143,11.886422242743,11.886422242743,11.886422242643,11.886422242743,11.886422242743,11.886422242743,11.886422242693,11.886422242693,11.707618251653,11.886422242653,11.571938623203,11.886422242753,10.340488750733,8.674188081653,9.240811868783,8.994751122783,10.041229609083,11.886422242783,11.886422242933,11.886422242933,11.886422242903,11.886422242903,11.886422242883,11.886422242883,11.886422242753,11.886422242753,11.886422242783,11.886422242803,11.886422242803,10.562016906503,11.886422243363,11.886422243363,10.627578577963,10.484122940748,11.886422243248,10.650208064663,8.823010107273
"t43",3.66837758194,6.4476724454,6.4476724454,3.7905744874,3.7905744874,3.7905744874,0,1.7114636221,3.6338534927,3.268634610743,3.996747564373,10.292875370043,9.005992719043,5.972578865763,8.904891877343,10.292875369943,10.292875369992,10.292875369992,10.292875370003,6.769236811243,6.667269782043,8.670956805243,8.744010099243,10.292875370743,7.995552925673,7.206451184543,7.438723312373,8.610103236183,9.407908855283,11.886422242983,11.886422242983,11.886422242983,11.462496210183,11.886422242083,11.886422242483,11.886422242483,11.886422242683,11.886422242683,11.886422242743,11.886422242743,11.886422242683,11.886422242823,11.886422242923,11.886422242923,11.886422242883,10.900750057283,9.862340324683,11.638919071133,10.907943208733,11.886422243133,11.886422242933,11.886422242933,11.886422242933,11.886422242533,11.886422242533,11.059308286233,11.886422243693,11.886422243693,11.886422243433,11.886422243433,11.886422243423,11.886422243423,11.886422243443,11.886422243443,11.886422243463,11.886422243533,11.886422243833,11.886422243433,11.886422243423,11.886422243423,11.886422243433,11.886422243433,11.886422243413,11.886422243413,11.88642224348,11.88642224348,11.88642224348,11.88642224348,11.88642224348,11.88642224348,11.88642224348,11.88642224348,11.88642224348,9.502950465633,11.886422242743,11.886422242743,11.886422242033,10.440392829453,10.861425267633,11.886422242433,11.349857710333,11.294033916133,11.886422242933,11.886422242533,10.155593337523,11.886422242883,11.886422242883,11.886422242883,11.658484719189,11.886422242889,11.886422242589,11.794787257983,11.886422242683,9.676490498173,9.468278138893,10.714776467443,11.886422242943,11.874585834643,11.886422242943,11.886422242943,11.886422242543,11.886422242543,11.886422242443,11.886422242543,11.886422242543,11.886422242543,11.886422242493,11.886422242493,11.707618251453,11.886422242453,11.571938623003,11.886422242553,10.340488750533,8.674188081453,9.240811868583,8.994751122583,10.041229608883,11.886422242583,11.886422242733,11.886422242733,11.886422242703,11.886422242703,11.886422242683,11.886422242683,11.886422242553,11.886422242553,11.886422242583,11.886422242603,11.886422242603,10.562016906303,11.886422243163,11.886422243163,10.627578577763,10.484122940548,11.886422243048,10.650208064463,8.823010107073
"t44",2.53475636604,5.3140512295,5.3140512295,2.6569532715,2.6569532715,2.6569532715,1.7114636221,0,2.5002322768,2.135013394843,2.863126348473,9.159254154143,7.872371503143,4.838957649863,7.771270661443,9.159254154043,9.159254154092,9.159254154092,9.159254154103,5.635615595343,5.533648566143,7.537335589343,7.610388883343,9.159254154843,6.861931709773,6.072829968643,6.305102096473,7.476482020283,8.274287639383,10.752801027083,10.752801027083,10.752801027083,10.328874994283,10.752801026183,10.752801026583,10.752801026583,10.752801026783,10.752801026783,10.752801026843,10.752801026843,10.752801026783,10.752801026923,10.752801027023,10.752801027023,10.752801026983,9.767128841383,8.728719108783,10.505297855233,9.774321992833,10.752801027233,10.752801027033,10.752801027033,10.752801027033,10.752801026633,10.752801026633,9.925687070333,10.752801027793,10.752801027793,10.752801027533,10.752801027533,10.752801027523,10.752801027523,10.752801027543,10.752801027543,10.752801027563,10.752801027633,10.752801027933,10.752801027533,10.752801027523,10.752801027523,10.752801027533,10.752801027533,10.752801027513,10.752801027513,10.75280102758,10.75280102758,10.75280102758,10.75280102758,10.75280102758,10.75280102758,10.75280102758,10.75280102758,10.75280102758,8.369329249733,10.752801026843,10.752801026843,10.752801026133,9.306771613553,9.727804051733,10.752801026533,10.216236494433,10.160412700233,10.752801027033,10.752801026633,9.021972121623,10.752801026983,10.752801026983,10.752801026983,10.524863503289,10.752801026989,10.752801026689,10.661166042083,10.752801026783,8.542869282273,8.334656922993,9.581155251543,10.752801027043,10.740964618743,10.752801027043,10.752801027043,10.752801026643,10.752801026643,10.752801026543,10.752801026643,10.752801026643,10.752801026643,10.752801026593,10.752801026593,10.573997035553,10.752801026553,10.438317407103,10.752801026653,9.206867534633,7.540566865553,8.107190652683,7.861129906683,8.907608392983,10.752801026683,10.752801026833,10.752801026833,10.752801026803,10.752801026803,10.752801026783,10.752801026783,10.752801026653,10.752801026653,10.752801026683,10.752801026703,10.752801026703,9.428395690403,10.752801027263,10.752801027263,9.493957361863,9.350501724648,10.752801027148,9.516586848563,7.689388891173
"t16",1.79483879624,4.5741336597,4.5741336597,3.6338534929,3.6338534929,3.6338534929,3.6338534927,2.5002322768,0,1.395095825043,2.123208778673,8.419336584343,7.132453933343,4.099040080063,7.031353091643,8.419336584243,8.419336584292,8.419336584292,8.419336584303,4.895698025543,4.793730996343,6.797418019543,6.870471313543,8.419336585043,6.122014139973,5.332912398843,5.565184526673,6.736564450483,7.534370069583,10.012883457283,10.012883457283,10.012883457283,9.588957424483,10.012883456383,10.012883456783,10.012883456783,10.012883456983,10.012883456983,10.012883457043,10.012883457043,10.012883456983,10.012883457123,10.012883457223,10.012883457223,10.012883457183,9.027211271583,7.988801538983,9.765380285433,9.034404423033,10.012883457433,10.012883457233,10.012883457233,10.012883457233,10.012883456833,10.012883456833,9.185769500533,10.012883457993,10.012883457993,10.012883457733,10.012883457733,10.012883457723,10.012883457723,10.012883457743,10.012883457743,10.012883457763,10.012883457833,10.012883458133,10.012883457733,10.012883457723,10.012883457723,10.012883457733,10.012883457733,10.012883457713,10.012883457713,10.01288345778,10.01288345778,10.01288345778,10.01288345778,10.01288345778,10.01288345778,10.01288345778,10.01288345778,10.01288345778,7.629411679933,10.012883457043,10.012883457043,10.012883456333,8.566854043753,8.987886481933,10.012883456733,9.476318924633,9.420495130433,10.012883457233,10.012883456833,8.282054551823,10.012883457183,10.012883457183,10.012883457183,9.784945933489,10.012883457189,10.012883456889,9.921248472283,10.012883456983,7.802951712473,7.594739353193,8.841237681743,10.012883457243,10.001047048943,10.012883457243,10.012883457243,10.012883456843,10.012883456843,10.012883456743,10.012883456843,10.012883456843,10.012883456843,10.012883456793,10.012883456793,9.834079465753,10.012883456753,9.698399837303,10.012883456853,8.466949964833,6.800649295753,7.367273082883,7.121212336883,8.167690823183,10.012883456883,10.012883457033,10.012883457033,10.012883457003,10.012883457003,10.012883456983,10.012883456983,10.012883456853,10.012883456853,10.012883456883,10.012883456903,10.012883456903,8.688478120603,10.012883457463,10.012883457463,8.754039792063,8.610584154848,10.012883457348,8.776669278763,6.949471321373
"t13",0.489339746883,3.268634610343,3.268634610343,3.268634610943,3.268634610943,3.268634610943,3.268634610743,2.135013394843,1.395095825043,0,0.79883275797,7.09496056364,5.80807791264,2.77466405936,5.70697707094,7.09496056354,7.094960563589,7.094960563589,7.0949605636,3.57132200484,3.46935497564,5.47304199884,5.54609529284,7.09496056434,4.79763811927,4.00853637814,4.24080850597,5.41218842978,6.20999404888,8.68850743658,8.68850743658,8.68850743658,8.26458140378,8.68850743568,8.68850743608,8.68850743608,8.68850743628,8.68850743628,8.68850743634,8.68850743634,8.68850743628,8.68850743642,8.68850743652,8.68850743652,8.68850743648,7.70283525088,6.66442551828,8.44100426473,7.71002840233,8.68850743673,8.68850743653,8.68850743653,8.68850743653,8.68850743613,8.68850743613,7.86139347983,8.68850743729,8.68850743729,8.68850743703,8.68850743703,8.68850743702,8.68850743702,8.68850743704,8.68850743704,8.68850743706,8.68850743713,8.68850743743,8.68850743703,8.68850743702,8.68850743702,8.68850743703,8.68850743703,8.68850743701,8.68850743701,8.688507437077,8.688507437077,8.688507437077,8.688507437077,8.688507437077,8.688507437077,8.688507437077,8.688507437077,8.688507437077,6.30503565923,8.68850743634,8.68850743634,8.68850743563,7.24247802305,7.66351046123,8.68850743603,8.15194290393,8.09611910973,8.68850743653,8.68850743613,6.95767853112,8.68850743648,8.68850743648,8.68850743648,8.460569912786,8.688507436486,8.688507436186,8.59687245158,8.68850743628,6.47857569177,6.27036333249,7.51686166104,8.68850743654,8.67667102824,8.68850743654,8.68850743654,8.68850743614,8.68850743614,8.68850743604,8.68850743614,8.68850743614,8.68850743614,8.68850743609,8.68850743609,8.50970344505,8.68850743605,8.3740238166,8.68850743615,7.14257394413,5.47627327505,6.04289706218,5.79683631618,6.84331480248,8.68850743618,8.68850743633,8.68850743633,8.6885074363,8.6885074363,8.68850743628,8.68850743628,8.68850743615,8.68850743615,8.68850743618,8.6885074362,8.6885074362,7.3641020999,8.68850743676,8.68850743676,7.42966377136,7.286208134145,8.688507436645,7.45229325806,5.62509530067
"t6",1.217452700513,3.996747563973,3.996747563973,3.996747564573,3.996747564573,3.996747564573,3.996747564373,2.863126348473,2.123208778673,0.79883275797,0,6.50144148967,5.21455883867,2.18114498539,5.11345799697,6.50144148957,6.501441489619,6.501441489619,6.50144148963,2.97780293087,2.87583590167,4.87952292487,4.95257621887,6.50144149037,4.2041190453,3.41501730417,3.647289432,4.81866935581,5.61647497491,8.09498836261,8.09498836261,8.09498836261,7.67106232981,8.09498836171,8.09498836211,8.09498836211,8.09498836231,8.09498836231,8.09498836237,8.09498836237,8.09498836231,8.09498836245,8.09498836255,8.09498836255,8.09498836251,7.10931617691,6.07090644431,7.84748519076,7.11650932836,8.09498836276,8.09498836256,8.09498836256,8.09498836256,8.09498836216,8.09498836216,7.26787440586,8.09498836332,8.09498836332,8.09498836306,8.09498836306,8.09498836305,8.09498836305,8.09498836307,8.09498836307,8.09498836309,8.09498836316,8.09498836346,8.09498836306,8.09498836305,8.09498836305,8.09498836306,8.09498836306,8.09498836304,8.09498836304,8.094988363107,8.094988363107,8.094988363107,8.094988363107,8.094988363107,8.094988363107,8.094988363107,8.094988363107,8.094988363107,5.71151658526,8.09498836237,8.09498836237,8.09498836166,6.64895894908,7.06999138726,8.09498836206,7.55842382996,7.50260003576,8.09498836256,8.09498836216,6.36415945715,8.09498836251,8.09498836251,8.09498836251,7.867050838816,8.094988362516,8.094988362216,8.00335337761,8.09498836231,5.8850566178,5.67684425852,6.92334258707,8.09498836257,8.08315195427,8.09498836257,8.09498836257,8.09498836217,8.09498836217,8.09498836207,8.09498836217,8.09498836217,8.09498836217,8.09498836212,8.09498836212,7.91618437108,8.09498836208,7.78050474263,8.09498836218,6.54905487016,4.88275420108,5.44937798821,5.20331724221,6.24979572851,8.09498836221,8.09498836236,8.09498836236,8.09498836233,8.09498836233,8.09498836231,8.09498836231,8.09498836218,8.09498836218,8.09498836221,8.09498836223,8.09498836223,6.77058302593,8.09498836279,8.09498836279,6.83614469739,6.692689060175,8.094988362675,6.85877418409,5.0315762267
"t25",7.513580506183,10.292875369643,10.292875369643,10.292875370243,10.292875370243,10.292875370243,10.292875370043,9.159254154143,8.419336584343,7.09496056364,6.50144148967,0,2.807099323,5.87529972572,8.8076127373,10.1955962299,10.195596229949,10.195596229949,10.19559622996,6.6719576712,6.569990642,8.5736776652,8.6467309592,10.1955962307,7.89827378563,7.1091720445,7.43872331167,8.61010323548,9.40790885458,11.88642224228,11.88642224228,11.88642224228,11.46249620948,11.88642224138,11.88642224178,11.88642224178,11.88642224198,11.88642224198,11.88642224204,11.88642224204,11.88642224198,11.88642224212,11.88642224222,11.88642224222,11.88642224218,10.90075005658,9.86234032398,11.63891907043,10.90794320803,11.88642224243,11.88642224223,11.88642224223,11.88642224223,11.88642224183,11.88642224183,11.05930828553,11.88642224299,11.88642224299,11.88642224273,11.88642224273,11.88642224272,11.88642224272,11.88642224274,11.88642224274,11.88642224276,11.88642224283,11.88642224313,11.88642224273,11.88642224272,11.88642224272,11.88642224273,11.88642224273,11.88642224271,11.88642224271,11.886422242777,11.886422242777,11.886422242777,11.886422242777,11.886422242777,11.886422242777,11.886422242777,11.886422242777,11.886422242777,9.50295046493,11.88642224204,11.88642224204,11.88642224133,10.44039282875,10.86142526693,11.88642224173,11.34985770963,11.29403391543,11.88642224223,11.88642224183,10.15559333682,11.88642224218,11.88642224218,11.88642224218,11.658484718486,11.886422242186,11.886422241886,11.79478725728,11.88642224198,9.67649049747,9.46827813819,10.71477646674,11.88642224224,11.87458583394,11.88642224224,11.88642224224,11.88642224184,11.88642224184,11.88642224174,11.88642224184,11.88642224184,11.88642224184,11.88642224179,11.88642224179,11.70761825075,11.88642224175,11.5719386223,11.88642224185,10.34048874983,8.67418808075,9.24081186788,8.99475112188,10.04122960818,11.88642224188,11.88642224203,11.88642224203,11.886422242,11.886422242,11.88642224198,11.88642224198,11.88642224185,11.88642224185,11.88642224188,11.8864222419,11.8864222419,10.5620169056,11.88642224246,11.88642224246,10.62757857706,10.484122939845,11.886422242345,10.65020806376,8.82301010637
"t26",6.226697855183,9.005992718643,9.005992718643,9.005992719243,9.005992719243,9.005992719243,9.005992719043,7.872371503143,7.132453933343,5.80807791264,5.21455883867,2.807099323,0,4.58841707472,7.5207300863,8.9087135789,8.908713578949,8.908713578949,8.90871357896,5.3850750202,5.283107991,7.2867950142,7.3598483082,8.9087135797,6.61139113463,5.8222893935,6.15184066067,7.32322058448,8.12102620358,10.59953959128,10.59953959128,10.59953959128,10.17561355848,10.59953959038,10.59953959078,10.59953959078,10.59953959098,10.59953959098,10.59953959104,10.59953959104,10.59953959098,10.59953959112,10.59953959122,10.59953959122,10.59953959118,9.61386740558,8.57545767298,10.35203641943,9.62106055703,10.59953959143,10.59953959123,10.59953959123,10.59953959123,10.59953959083,10.59953959083,9.77242563453,10.59953959199,10.59953959199,10.59953959173,10.59953959173,10.59953959172,10.59953959172,10.59953959174,10.59953959174,10.59953959176,10.59953959183,10.59953959213,10.59953959173,10.59953959172,10.59953959172,10.59953959173,10.59953959173,10.59953959171,10.59953959171,10.599539591777,10.599539591777,10.599539591777,10.599539591777,10.599539591777,10.599539591777,10.599539591777,10.599539591777,10.599539591777,8.21606781393,10.59953959104,10.59953959104,10.59953959033,9.15351017775,9.57454261593,10.59953959073,10.06297505863,10.00715126443,10.59953959123,10.59953959083,8.86871068582,10.59953959118,10.59953959118,10.59953959118,10.371602067486,10.599539591186,10.599539590886,10.50790460628,10.59953959098,8.38960784647,8.18139548719,9.42789381574,10.59953959124,10.58770318294,10.59953959124,10.59953959124,10.59953959084,10.59953959084,10.59953959074,10.59953959084,10.59953959084,10.59953959084,10.59953959079,10.59953959079,10.42073559975,10.59953959075,10.2850559713,10.59953959085,9.05360609883,7.38730542975,7.95392921688,7.70786847088,8.75434695718,10.59953959088,10.59953959103,10.59953959103,10.599539591,10.599539591,10.59953959098,10.59953959098,10.59953959085,10.59953959085,10.59953959088,10.5995395909,10.5995395909,9.2751342546,10.59953959146,10.59953959146,9.34069592606,9.197240288845,10.599539591345,9.36332541276,7.53612745537
"t3",3.193284001903,5.972578865363,5.972578865363,5.972578865963,5.972578865963,5.972578865963,5.972578865763,4.838957649863,4.099040080063,2.77466405936,2.18114498539,5.87529972572,4.58841707472,0,3.06192112822,4.44990462082,4.449904620869,4.449904620869,4.44990462088,0.92626606212,1.79302876452,3.79671578772,3.86976908172,5.41863435322,3.12131190815,2.33221016702,3.11842680739,4.2898067312,5.0876123503,7.566125738,7.566125738,7.566125738,7.1421997052,7.5661257371,7.5661257375,7.5661257375,7.5661257377,7.5661257377,7.56612573776,7.56612573776,7.5661257377,7.56612573784,7.56612573794,7.56612573794,7.5661257379,6.5804535523,5.5420438197,7.31862256615,6.58764670375,7.56612573815,7.56612573795,7.56612573795,7.56612573795,7.56612573755,7.56612573755,6.73901178125,7.56612573871,7.56612573871,7.56612573845,7.56612573845,7.56612573844,7.56612573844,7.56612573846,7.56612573846,7.56612573848,7.56612573855,7.56612573885,7.56612573845,7.56612573844,7.56612573844,7.56612573845,7.56612573845,7.56612573843,7.56612573843,7.566125738497,7.566125738497,7.566125738497,7.566125738497,7.566125738497,7.566125738497,7.566125738497,7.566125738497,7.566125738497,5.18265396065,7.56612573776,7.56612573776,7.56612573705,6.12009632447,6.54112876265,7.56612573745,7.02956120535,6.97373741115,7.56612573795,7.56612573755,5.83529683254,7.5661257379,7.5661257379,7.5661257379,7.338188214206,7.566125737906,7.566125737606,7.474490753,7.5661257377,5.35619399319,5.14798163391,6.39447996246,7.56612573796,7.55428932966,7.56612573796,7.56612573796,7.56612573756,7.56612573756,7.56612573746,7.56612573756,7.56612573756,7.56612573756,7.56612573751,7.56612573751,7.38732174647,7.56612573747,7.25164211802,7.56612573757,6.02019224555,4.35389157647,4.9205153636,4.6744546176,5.7209331039,7.5661257376,7.56612573775,7.56612573775,7.56612573772,7.56612573772,7.5661257377,7.5661257377,7.56612573757,7.56612573757,7.5661257376,7.56612573762,7.56612573762,6.24172040132,7.56612573818,7.56612573818,6.30728207278,6.163826435565,7.566125738065,6.32991155948,4.50271360209
"t38",6.125597013483,8.904891876943,8.904891876943,8.904891877543,8.904891877543,8.904891877543,8.904891877343,7.771270661443,7.031353091643,5.70697707094,5.11345799697,8.8076127373,7.5207300863,3.06192112822,0,1.7402455936,1.740245593649,1.740245593649,1.74024559366,2.4641120829,4.7253417761,6.7290287993,6.8020820933,8.3509473648,6.05362491973,5.2645231786,6.05073981897,7.22211974278,8.01992536188,10.49843874958,10.49843874958,10.49843874958,10.07451271678,10.49843874868,10.49843874908,10.49843874908,10.49843874928,10.49843874928,10.49843874934,10.49843874934,10.49843874928,10.49843874942,10.49843874952,10.49843874952,10.49843874948,9.51276656388,8.47435683128,10.25093557773,9.51995971533,10.49843874973,10.49843874953,10.49843874953,10.49843874953,10.49843874913,10.49843874913,9.67132479283,10.49843875029,10.49843875029,10.49843875003,10.49843875003,10.49843875002,10.49843875002,10.49843875004,10.49843875004,10.49843875006,10.49843875013,10.49843875043,10.49843875003,10.49843875002,10.49843875002,10.49843875003,10.49843875003,10.49843875001,10.49843875001,10.498438750077,10.498438750077,10.498438750077,10.498438750077,10.498438750077,10.498438750077,10.498438750077,10.498438750077,10.498438750077,8.11496697223,10.49843874934,10.49843874934,10.49843874863,9.05240933605,9.47344177423,10.49843874903,9.96187421693,9.90605042273,10.49843874953,10.49843874913,8.76760984412,10.49843874948,10.49843874948,10.49843874948,10.270501225786,10.498438749486,10.498438749186,10.40680376458,10.49843874928,8.28850700477,8.08029464549,9.32679297404,10.49843874954,10.48660234124,10.49843874954,10.49843874954,10.49843874914,10.49843874914,10.49843874904,10.49843874914,10.49843874914,10.49843874914,10.49843874909,10.49843874909,10.31963475805,10.49843874905,10.1839551296,10.49843874915,8.95250525713,7.28620458805,7.85282837518,7.60676762918,8.65324611548,10.49843874918,10.49843874933,10.49843874933,10.4984387493,10.4984387493,10.49843874928,10.49843874928,10.49843874915,10.49843874915,10.49843874918,10.4984387492,10.4984387492,9.1740334129,10.49843874976,10.49843874976,9.23959508436,9.096139447145,10.498438749645,9.26222457106,7.43502661367
"t91",7.513580506083,10.292875369543,10.292875369543,10.292875370143,10.292875370143,10.292875370143,10.292875369943,9.159254154043,8.419336584243,7.09496056354,6.50144148957,10.1955962299,8.9087135789,4.44990462082,1.7402455936,0,0.907692656249,0.907692656249,0.90769265626,3.8520955755,6.1133252687,8.1170122919,8.1900655859,9.7389308574,7.44160841233,6.6525066712,7.43872331157,8.61010323538,9.40790885448,11.88642224218,11.88642224218,11.88642224218,11.46249620938,11.88642224128,11.88642224168,11.88642224168,11.88642224188,11.88642224188,11.88642224194,11.88642224194,11.88642224188,11.88642224202,11.88642224212,11.88642224212,11.88642224208,10.90075005648,9.86234032388,11.63891907033,10.90794320793,11.88642224233,11.88642224213,11.88642224213,11.88642224213,11.88642224173,11.88642224173,11.05930828543,11.88642224289,11.88642224289,11.88642224263,11.88642224263,11.88642224262,11.88642224262,11.88642224264,11.88642224264,11.88642224266,11.88642224273,11.88642224303,11.88642224263,11.88642224262,11.88642224262,11.88642224263,11.88642224263,11.88642224261,11.88642224261,11.886422242677,11.886422242677,11.886422242677,11.886422242677,11.886422242677,11.886422242677,11.886422242677,11.886422242677,11.886422242677,9.50295046483,11.88642224194,11.88642224194,11.88642224123,10.44039282865,10.86142526683,11.88642224163,11.34985770953,11.29403391533,11.88642224213,11.88642224173,10.15559333672,11.88642224208,11.88642224208,11.88642224208,11.658484718386,11.886422242086,11.886422241786,11.79478725718,11.88642224188,9.67649049737,9.46827813809,10.71477646664,11.88642224214,11.87458583384,11.88642224214,11.88642224214,11.88642224174,11.88642224174,11.88642224164,11.88642224174,11.88642224174,11.88642224174,11.88642224169,11.88642224169,11.70761825065,11.88642224165,11.5719386222,11.88642224175,10.34048874973,8.67418808065,9.24081186778,8.99475112178,10.04122960808,11.88642224178,11.88642224193,11.88642224193,11.8864222419,11.8864222419,11.88642224188,11.88642224188,11.88642224175,11.88642224175,11.88642224178,11.8864222418,11.8864222418,10.5620169055,11.88642224236,11.88642224236,10.62757857696,10.484122939745,11.886422242245,10.65020806366,8.82301010627
"t146",7.513580506132,10.292875369592,10.292875369592,10.292875370192,10.292875370192,10.292875370192,10.292875369992,9.159254154092,8.419336584292,7.094960563589,6.501441489619,10.195596229949,8.908713578949,4.449904620869,1.740245593649,0.907692656249,0,0.009127219778,0.861643432189,3.852095575549,6.113325268749,8.117012291949,8.190065585949,9.738930857449,7.441608412379,6.652506671249,7.438723311619,8.610103235429,9.407908854529,11.886422242229,11.886422242229,11.886422242229,11.462496209429,11.886422241329,11.886422241729,11.886422241729,11.886422241929,11.886422241929,11.886422241989,11.886422241989,11.886422241929,11.886422242069,11.886422242169,11.886422242169,11.886422242129,10.900750056529,9.862340323929,11.638919070379,10.907943207979,11.886422242379,11.886422242179,11.886422242179,11.886422242179,11.886422241779,11.886422241779,11.059308285479,11.886422242939,11.886422242939,11.886422242679,11.886422242679,11.886422242669,11.886422242669,11.886422242689,11.886422242689,11.886422242709,11.886422242779,11.886422243079,11.886422242679,11.886422242669,11.886422242669,11.886422242679,11.886422242679,11.886422242659,11.886422242659,11.886422242726,11.886422242726,11.886422242726,11.886422242726,11.886422242726,11.886422242726,11.886422242726,11.886422242726,11.886422242726,9.502950464879,11.886422241989,11.886422241989,11.886422241279,10.440392828699,10.861425266879,11.886422241679,11.349857709579,11.294033915379,11.886422242179,11.886422241779,10.155593336769,11.886422242129,11.886422242129,11.886422242129,11.658484718435,11.886422242135,11.886422241835,11.794787257229,11.886422241929,9.676490497419,9.468278138139,10.714776466689,11.886422242189,11.874585833889,11.886422242189,11.886422242189,11.886422241789,11.886422241789,11.886422241689,11.886422241789,11.886422241789,11.886422241789,11.886422241739,11.886422241739,11.707618250699,11.886422241699,11.571938622249,11.886422241799,10.340488749779,8.674188080699,9.240811867829,8.994751121829,10.041229608129,11.886422241829,11.886422241979,11.886422241979,11.886422241949,11.886422241949,11.886422241929,11.886422241929,11.886422241799,11.886422241799,11.886422241829,11.886422241849,11.886422241849,10.562016905549,11.886422242409,11.886422242409,10.627578577009,10.484122939794,11.886422242294,10.650208063709,8.823010106319
