"","t53","t120","t121","t27","t7","t8","t25","t28","t62","t63","t44","t50","t75","t76","t72","t84","t113","t114","t65","t66","t9","t10","t13","t14","t43","t73","t74","t12","t11","t35","t85","t86","t81","t139","t140","t46","t45","t29","t47","t71","t105","t106","t24","t124","t125","t33","t41","t42","t60","t61","t21","t20","t2","t89","t128","t129","t143","t144","t70","t39","t18","t126","t127","t146","t147","t138","t79","t48","t49","t40","t107","t108","t82","t83","t80","t6","t36","t68","t69","t92","t141","t142","t3","t1","t4","t5","t26","t93","t94","t15","t19","t30","t31","t51","t52","t38","t58","t115","t116","t134","t135","t34","t17","t32","t59","t67","t77","t78","t103","t104","t109","t110","t102","t37","t87","t88","t130","t131","t98","t95","t122","t123","t56","t111","t112","t64","t148","t149","t90","t16","t22","t23","t136","t137","t119","t100","t101","t57","t145","t150","t151","t91","t117","t118","t97","t99","t132","t133","t96","t54","t55"
"t53",0,1.8719810658,1.8719810658,3.0728021448,5.57023991251,3.84204764581,5.3969195744,7.0628098567,7.06280985723,7.06280985723,6.75596048323,6.82725260833,6.61510429393,6.58296577983,7.0628098571,7.0628098571,7.0628098571,7.0628098571,7.0628098571,7.0628098571,7.71559825732,8.81168180692,7.96213658682,7.87234184982,10.23230127372,10.23230127332,10.23230127332,8.54498700772,7.53309571587,9.32420842167,9.94030222087,10.23230127367,9.81170727767,10.232301273719,10.232301273719,10.232301273459,10.23230127377,10.23230127407,10.23230127367,10.23230127367,10.23230127367,10.23230127367,10.23230127327,10.232301273557,10.232301273557,9.688688368487,9.922516309527,10.232301273727,9.949605011727,10.232301273727,8.557737970057,9.59200188707,6.30647011412,10.017837279153,10.232301273453,10.232301273453,10.232301273443,10.232301273443,9.7696845972,10.2323012729,10.2323012739,10.2323012736,10.2323012736,10.232301274,10.232301274,10.232301274,10.232301274,10.2323012741,10.2323012741,10.1758618961,10.23230127402,10.23230127402,10.05219149833,9.72875738253,10.23230127402,7.3082786979,10.2323012734,10.0611969762,10.2323012736,10.232301274,10.23230127398,10.23230127398,6.6932354664,8.646951154,7.47751311132,7.55595266742,10.7956296542,10.7956296549,10.7956296549,8.38212320852,8.5606943104,10.43673828373,9.46332356023,9.91968778452,10.79562965453,9.70411903083,10.79562965447,10.79562965447,10.79562965447,10.79562965448,10.79562965448,10.18820797073,9.91497294849,9.69832289939,10.79562965399,10.79562965398,10.43427091718,10.46124845908,10.79562965399,10.79562965399,10.79562965406,10.79562965406,10.79562965399,10.79562965419,10.79562965399,10.79562965399,10.795629653888,10.795629653888,10.795629653888,10.79562965389,10.79562965399,10.79562965399,9.91271095263,10.79562965429,10.79562965429,10.18910476349,10.7956296539,10.7956296539,10.79562965389,8.95875883929,8.81699974519,8.88399002779,10.79562965356,10.79562965356,10.79562965354,10.79562965447,10.79562965447,10.79562965447,10.79562965443,10.795629654438,10.795629654438,10.79562965437,10.79562965359,10.79562965359,10.79562965367,10.79562965375,10.79562965375,10.79562965375,10.60280178504,10.79562965384,10.79562965384
"t120",1.8719810658,0,0.337481133,3.0728021448,5.57023991251,3.84204764581,5.3969195744,7.0628098567,7.06280985723,7.06280985723,6.75596048323,6.82725260833,6.61510429393,6.58296577983,7.0628098571,7.0628098571,7.0628098571,7.0628098571,7.0628098571,7.0628098571,7.71559825732,8.81168180692,7.96213658682,7.87234184982,10.23230127372,10.23230127332,10.23230127332,8.54498700772,7.53309571587,9.32420842167,9.94030222087,10.23230127367,9.81170727767,10.232301273719,10.232301273719,10.232301273459,10.23230127377,10.23230127407,10.23230127367,10.23230127367,10.23230127367,10.23230127367,10.23230127327,10.232301273557,10.232301273557,9.688688368487,9.922516309527,10.232301273727,9.949605011727,10.232301273727,8.557737970057,9.59200188707,6.30647011412,10.017837279153,10.232301273453,10.232301273453,10.232301273443,10.232301273443,9.7696845972,10.2323012729,10.2323012739,10.2323012736,10.2323012736,10.232301274,10.232301274,10.232301274,10.232301274,10.2323012741,10.2323012741,10.1758618961,10.23230127402,10.23230127402,10.05219149833,9.72875738253,10.23230127402,7.3082786979,10.2323012734,10.0611969762,10.2323012736,10.232301274,10.23230127398,10.23230127398,6.6932354664,8.646951154,7.47751311132,7.55595266742,10.7956296542,10.7956296549,10.7956296549,8.38212320852,8.5606943104,10.43673828373,9.46332356023,9.91968778452,10.79562965453,9.70411903083,10.79562965447,10.79562965447,10.79562965447,10.79562965448,10.79562965448,10.18820797073,9.91497294849,9.69832289939,10.79562965399,10.79562965398,10.43427091718,10.46124845908,10.79562965399,10.79562965399,10.79562965406,10.79562965406,10.79562965399,10.79562965419,10.79562965399,10.79562965399,10.795629653888,10.795629653888,10.795629653888,10.79562965389,10.79562965399,10.79562965399,9.91271095263,10.79562965429,10.79562965429,10.18910476349,10.7956296539,10.7956296539,10.79562965389,8.95875883929,8.81699974519,8.88399002779,10.79562965356,10.79562965356,10.79562965354,10.79562965447,10.79562965447,10.79562965447,10.79562965443,10.795629654438,10.795629654438,10.79562965437,10.79562965359,10.79562965359,10.79562965367,10.79562965375,10.79562965375,10.79562965375,10.60280178504,10.79562965384,10.79562965384
"t121",1.8719810658,0.337481133,0,3.0728021448,5.57023991251,3.84204764581,5.3969195744,7.0628098567,7.06280985723,7.06280985723,6.75596048323,6.82725260833,6.61510429393,6.58296577983,7.0628098571,7.0628098571,7.0628098571,7.0628098571,7.0628098571,7.0628098571,7.71559825732,8.81168180692,7.96213658682,7.87234184982,10.23230127372,10.23230127332,10.23230127332,8.54498700772,7.53309571587,9.32420842167,9.94030222087,10.23230127367,9.81170727767,10.232301273719,10.232301273719,10.232301273459,10.23230127377,10.23230127407,10.23230127367,10.23230127367,10.23230127367,10.23230127367,10.23230127327,10.232301273557,10.232301273557,9.688688368487,9.922516309527,10.232301273727,9.949605011727,10.232301273727,8.557737970057,9.59200188707,6.30647011412,10.017837279153,10.232301273453,10.232301273453,10.232301273443,10.232301273443,9.7696845972,10.2323012729,10.2323012739,10.2323012736,10.2323012736,10.232301274,10.232301274,10.232301274,10.232301274,10.2323012741,10.2323012741,10.1758618961,10.23230127402,10.23230127402,10.05219149833,9.72875738253,10.23230127402,7.3082786979,10.2323012734,10.0611969762,10.2323012736,10.232301274,10.23230127398,10.23230127398,6.6932354664,8.646951154,7.47751311132,7.55595266742,10.7956296542,10.7956296549,10.7956296549,8.38212320852,8.5606943104,10.43673828373,9.46332356023,9.91968778452,10.79562965453,9.70411903083,10.79562965447,10.79562965447,10.79562965447,10.79562965448,10.79562965448,10.18820797073,9.91497294849,9.69832289939,10.79562965399,10.79562965398,10.43427091718,10.46124845908,10.79562965399,10.79562965399,10.79562965406,10.79562965406,10.79562965399,10.79562965419,10.79562965399,10.79562965399,10.795629653888,10.795629653888,10.795629653888,10.79562965389,10.79562965399,10.79562965399,9.91271095263,10.79562965429,10.79562965429,10.18910476349,10.7956296539,10.7956296539,10.79562965389,8.95875883929,8.81699974519,8.88399002779,10.79562965356,10.79562965356,10.79562965354,10.79562965447,10.79562965447,10.79562965447,10.79562965443,10.795629654438,10.795629654438,10.79562965437,10.79562965359,10.79562965359,10.79562965367,10.79562965375,10.79562965375,10.79562965375,10.60280178504,10.79562965384,10.79562965384
"t27",3.0728021448,3.0728021448,3.0728021448,0,5.25889371171,3.53070144501,5.0855733736,6.7514636559,6.75146365643,6.75146365643,6.44461428243,6.51590640753,6.30375809313,6.27161957903,6.7514636563,6.7514636563,6.7514636563,6.7514636563,6.7514636563,6.7514636563,7.40425205652,8.50033560612,7.65079038602,7.56099564902,9.92095507292,9.92095507252,9.92095507252,8.23364080692,7.22174951507,9.01286222087,9.62895602007,9.92095507287,9.50036107687,9.920955072919,9.920955072919,9.920955072659,9.92095507297,9.92095507327,9.92095507287,9.92095507287,9.92095507287,9.92095507287,9.92095507247,9.920955072757,9.920955072757,9.377342167687,9.611170108727,9.920955072927,9.638258810927,9.920955072927,8.246391769257,9.28065568627,5.99512391332,9.706491078353,9.920955072653,9.920955072653,9.920955072643,9.920955072643,9.4583383964,9.9209550721,9.9209550731,9.9209550728,9.9209550728,9.9209550732,9.9209550732,9.9209550732,9.9209550732,9.9209550733,9.9209550733,9.8645156953,9.92095507322,9.92095507322,9.74084529753,9.41741118173,9.92095507322,6.9969324971,9.9209550726,9.7498507754,9.9209550728,9.9209550732,9.92095507318,9.92095507318,6.3818892656,8.3356049532,7.16616691052,7.24460646662,10.4842834534,10.4842834541,10.4842834541,8.07077700772,8.2493481096,10.12539208293,9.15197735943,9.60834158372,10.48428345373,9.39277283003,10.48428345367,10.48428345367,10.48428345367,10.48428345368,10.48428345368,9.87686176993,9.60362674769,9.38697669859,10.48428345319,10.48428345318,10.12292471638,10.14990225828,10.48428345319,10.48428345319,10.48428345326,10.48428345326,10.48428345319,10.48428345339,10.48428345319,10.48428345319,10.484283453088,10.484283453088,10.484283453088,10.48428345309,10.48428345319,10.48428345319,9.60136475183,10.48428345349,10.48428345349,9.87775856269,10.4842834531,10.4842834531,10.48428345309,8.64741263849,8.50565354439,8.57264382699,10.48428345276,10.48428345276,10.48428345274,10.48428345367,10.48428345367,10.48428345367,10.48428345363,10.484283453638,10.484283453638,10.48428345357,10.48428345279,10.48428345279,10.48428345287,10.48428345295,10.48428345295,10.48428345295,10.29145558424,10.48428345304,10.48428345304
"t7",5.57023991251,5.57023991251,5.57023991251,5.25889371171,0,2.7559080893,4.47386775531,6.13975803761,6.13975803814,6.13975803814,5.83290866414,5.90420078924,5.69205247484,5.65991396074,6.13975803801,6.13975803801,6.13975803801,6.13975803801,6.13975803801,6.13975803801,6.79254643823,7.88862998783,7.03908476773,6.94929003073,9.30924945463,9.30924945423,9.30924945423,7.62193518863,6.61004389678,8.40115660258,9.01725040178,9.30924945458,8.88865545858,9.309249454629,9.309249454629,9.309249454369,9.30924945468,9.30924945498,9.30924945458,9.30924945458,9.30924945458,9.30924945458,9.30924945418,9.309249454467,9.309249454467,8.765636549397,8.999464490437,9.309249454637,9.026553192637,9.309249454637,7.634686150967,8.66895006798,5.38341829503,9.094785460063,9.309249454363,9.309249454363,9.309249454353,9.309249454353,8.84663277811,9.30924945381,9.30924945481,9.30924945451,9.30924945451,9.30924945491,9.30924945491,9.30924945491,9.30924945491,9.30924945501,9.30924945501,9.25281007701,9.30924945493,9.30924945493,9.12913967924,8.80570556344,9.30924945493,6.38522687881,9.30924945431,9.13814515711,9.30924945451,9.30924945491,9.30924945489,9.30924945489,5.77018364731,7.72389933491,6.55446129223,6.63290084833,9.87257783511,9.87257783581,9.87257783581,7.45907138943,7.63764249131,9.51368646464,8.54027174114,8.99663596543,9.87257783544,8.78106721174,9.87257783538,9.87257783538,9.87257783538,9.87257783539,9.87257783539,9.26515615164,8.9919211294,8.7752710803,9.8725778349,9.87257783489,9.51121909809,9.53819663999,9.8725778349,9.8725778349,9.87257783497,9.87257783497,9.8725778349,9.8725778351,9.8725778349,9.8725778349,9.872577834798,9.872577834798,9.872577834798,9.8725778348,9.8725778349,9.8725778349,8.98965913354,9.8725778352,9.8725778352,9.2660529444,9.87257783481,9.87257783481,9.8725778348,8.0357070202,7.8939479261,7.9609382087,9.87257783447,9.87257783447,9.87257783445,9.87257783538,9.87257783538,9.87257783538,9.87257783534,9.872577835348,9.872577835348,9.87257783528,9.8725778345,9.8725778345,9.87257783458,9.87257783466,9.87257783466,9.87257783466,9.67974996595,9.87257783475,9.87257783475
"t8",3.84204764581,3.84204764581,3.84204764581,3.53070144501,2.7559080893,0,2.74567548861,4.41156577091,4.41156577144,4.41156577144,4.10471639744,4.17600852254,3.96386020814,3.93172169404,4.41156577131,4.41156577131,4.41156577131,4.41156577131,4.41156577131,4.41156577131,5.06435417153,6.16043772113,5.31089250103,5.22109776403,7.58105718793,7.58105718753,7.58105718753,5.89374292193,4.88185163008,6.67296433588,7.28905813508,7.58105718788,7.16046319188,7.581057187929,7.581057187929,7.581057187669,7.58105718798,7.58105718828,7.58105718788,7.58105718788,7.58105718788,7.58105718788,7.58105718748,7.581057187767,7.581057187767,7.037444282697,7.271272223737,7.581057187937,7.298360925937,7.581057187937,5.906493884267,6.94075780128,3.65522602833,7.366593193363,7.581057187663,7.581057187663,7.581057187653,7.581057187653,7.11844051141,7.58105718711,7.58105718811,7.58105718781,7.58105718781,7.58105718821,7.58105718821,7.58105718821,7.58105718821,7.58105718831,7.58105718831,7.52461781031,7.58105718823,7.58105718823,7.40094741254,7.07751329674,7.58105718823,4.65703461211,7.58105718761,7.40995289041,7.58105718781,7.58105718821,7.58105718819,7.58105718819,4.04199138061,5.99570706821,4.82626902553,4.90470858163,8.14438556841,8.14438556911,8.14438556911,5.73087912273,5.90945022461,7.78549419794,6.81207947444,7.26844369873,8.14438556874,7.05287494504,8.14438556868,8.14438556868,8.14438556868,8.14438556869,8.14438556869,7.53696388494,7.2637288627,7.0470788136,8.1443855682,8.14438556819,7.78302683139,7.81000437329,8.1443855682,8.1443855682,8.14438556827,8.14438556827,8.1443855682,8.1443855684,8.1443855682,8.1443855682,8.144385568098,8.144385568098,8.144385568098,8.1443855681,8.1443855682,8.1443855682,7.26146686684,8.1443855685,8.1443855685,7.5378606777,8.14438556811,8.14438556811,8.1443855681,6.3075147535,6.1657556594,6.232745942,8.14438556777,8.14438556777,8.14438556775,8.14438556868,8.14438556868,8.14438556868,8.14438556864,8.144385568648,8.144385568648,8.14438556858,8.1443855678,8.1443855678,8.14438556788,8.14438556796,8.14438556796,8.14438556796,7.95155769925,8.14438556805,8.14438556805
"t25",5.3969195744,5.3969195744,5.3969195744,5.0855733736,4.47386775531,2.74567548861,0,1.9881792715,1.98817927203,1.98817927203,1.68132989803,1.75262202313,1.54047370873,1.50833519463,1.9881792719,1.9881792719,1.9881792719,1.9881792719,1.9881792719,1.9881792719,6.04970797412,7.14579152372,6.29624630362,6.20645156662,8.56641099052,8.56641099012,8.56641099012,6.87909672452,5.86720543267,7.65831813847,8.27441193767,8.56641099047,8.14581699447,8.566410990519,8.566410990519,8.566410990259,8.56641099057,8.56641099087,8.56641099047,8.56641099047,8.56641099047,8.56641099047,8.56641099007,8.566410990357,8.566410990357,8.022798085287,8.256626026327,8.566410990527,8.283714728527,8.566410990527,6.891847686857,7.92611160387,4.64057983092,8.351946995953,8.566410990253,8.566410990253,8.566410990243,8.566410990243,8.103794314,8.5664109897,8.5664109907,8.5664109904,8.5664109904,8.5664109908,8.5664109908,8.5664109908,8.5664109908,8.5664109909,8.5664109909,8.5099716129,8.56641099082,8.56641099082,8.38630121513,8.06286709933,8.56641099082,5.6423884147,8.5664109902,8.395306693,8.5664109904,8.5664109908,8.56641099078,8.56641099078,5.0273451832,6.9810608708,5.81162282812,5.89006238422,9.129739371,9.1297393717,9.1297393717,6.71623292532,6.8948040272,8.77084800053,7.79743327703,8.25379750132,9.12973937133,8.03822874763,9.12973937127,9.12973937127,9.12973937127,9.12973937128,9.12973937128,8.52231768753,8.24908266529,8.03243261619,9.12973937079,9.12973937078,8.76838063398,8.79535817588,9.12973937079,9.12973937079,9.12973937086,9.12973937086,9.12973937079,9.12973937099,9.12973937079,9.12973937079,9.129739370688,9.129739370688,9.129739370688,9.12973937069,9.12973937079,9.12973937079,8.24682066943,9.12973937109,9.12973937109,8.52321448029,9.1297393707,9.1297393707,9.12973937069,7.29286855609,7.15110946199,7.21809974459,9.12973937036,9.12973937036,9.12973937034,9.12973937127,9.12973937127,9.12973937127,9.12973937123,9.129739371238,9.129739371238,9.12973937117,9.12973937039,9.12973937039,9.12973937047,9.12973937055,9.12973937055,9.12973937055,8.93691150184,9.12973937064,9.12973937064
"t28",7.0628098567,7.0628098567,7.0628098567,6.7514636559,6.13975803761,4.41156577091,1.9881792715,0,3.16483982253,3.16483982253,2.85799044853,2.92928257363,2.71713425923,2.68499574513,3.1648398224,3.1648398224,3.1648398224,3.1648398224,3.1648398224,3.1648398224,7.71559825642,8.81168180602,7.96213658592,7.87234184892,10.23230127282,10.23230127242,10.23230127242,8.54498700682,7.53309571497,9.32420842077,9.94030221997,10.23230127277,9.81170727677,10.232301272819,10.232301272819,10.232301272559,10.23230127287,10.23230127317,10.23230127277,10.23230127277,10.23230127277,10.23230127277,10.23230127237,10.232301272657,10.232301272657,9.688688367587,9.922516308627,10.232301272827,9.949605010827,10.232301272827,8.557737969157,9.59200188617,6.30647011322,10.017837278253,10.232301272553,10.232301272553,10.232301272543,10.232301272543,9.7696845963,10.232301272,10.232301273,10.2323012727,10.2323012727,10.2323012731,10.2323012731,10.2323012731,10.2323012731,10.2323012732,10.2323012732,10.1758618952,10.23230127312,10.23230127312,10.05219149743,9.72875738163,10.23230127312,7.308278697,10.2323012725,10.0611969753,10.2323012727,10.2323012731,10.23230127308,10.23230127308,6.6932354655,8.6469511531,7.47751311042,7.55595266652,10.7956296533,10.795629654,10.795629654,8.38212320762,8.5606943095,10.43673828283,9.46332355933,9.91968778362,10.79562965363,9.70411902993,10.79562965357,10.79562965357,10.79562965357,10.79562965358,10.79562965358,10.18820796983,9.91497294759,9.69832289849,10.79562965309,10.79562965308,10.43427091628,10.46124845818,10.79562965309,10.79562965309,10.79562965316,10.79562965316,10.79562965309,10.79562965329,10.79562965309,10.79562965309,10.795629652988,10.795629652988,10.795629652988,10.79562965299,10.79562965309,10.79562965309,9.91271095173,10.79562965339,10.79562965339,10.18910476259,10.795629653,10.795629653,10.79562965299,8.95875883839,8.81699974429,8.88399002689,10.79562965266,10.79562965266,10.79562965264,10.79562965357,10.79562965357,10.79562965357,10.79562965353,10.795629653538,10.795629653538,10.79562965347,10.79562965269,10.79562965269,10.79562965277,10.79562965285,10.79562965285,10.79562965285,10.60280178414,10.79562965294,10.79562965294
"t62",7.06280985723,7.06280985723,7.06280985723,6.75146365643,6.13975803814,4.41156577144,1.98817927203,3.16483982253,0,1.6355648456,1.9028750314,2.2340857339,2.0219374195,1.9897989054,2.64179956893,2.64179956893,2.64179956893,2.64179956893,2.64179956893,2.64179956893,7.71559825695,8.81168180655,7.96213658645,7.87234184945,10.23230127335,10.23230127295,10.23230127295,8.54498700735,7.5330957155,9.3242084213,9.9403022205,10.2323012733,9.8117072773,10.232301273349,10.232301273349,10.232301273089,10.2323012734,10.2323012737,10.2323012733,10.2323012733,10.2323012733,10.2323012733,10.2323012729,10.232301273187,10.232301273187,9.688688368117,9.922516309157,10.232301273357,9.949605011357,10.232301273357,8.557737969687,9.5920018867,6.30647011375,10.017837278783,10.232301273083,10.232301273083,10.232301273073,10.232301273073,9.76968459683,10.23230127253,10.23230127353,10.23230127323,10.23230127323,10.23230127363,10.23230127363,10.23230127363,10.23230127363,10.23230127373,10.23230127373,10.17586189573,10.23230127365,10.23230127365,10.05219149796,9.72875738216,10.23230127365,7.30827869753,10.23230127303,10.06119697583,10.23230127323,10.23230127363,10.23230127361,10.23230127361,6.69323546603,8.64695115363,7.47751311095,7.55595266705,10.79562965383,10.79562965453,10.79562965453,8.38212320815,8.56069431003,10.43673828336,9.46332355986,9.91968778415,10.79562965416,9.70411903046,10.7956296541,10.7956296541,10.7956296541,10.79562965411,10.79562965411,10.18820797036,9.91497294812,9.69832289902,10.79562965362,10.79562965361,10.43427091681,10.46124845871,10.79562965362,10.79562965362,10.79562965369,10.79562965369,10.79562965362,10.79562965382,10.79562965362,10.79562965362,10.795629653518,10.795629653518,10.795629653518,10.79562965352,10.79562965362,10.79562965362,9.91271095226,10.79562965392,10.79562965392,10.18910476312,10.79562965353,10.79562965353,10.79562965352,8.95875883892,8.81699974482,8.88399002742,10.79562965319,10.79562965319,10.79562965317,10.7956296541,10.7956296541,10.7956296541,10.79562965406,10.795629654068,10.795629654068,10.795629654,10.79562965322,10.79562965322,10.7956296533,10.79562965338,10.79562965338,10.79562965338,10.60280178467,10.79562965347,10.79562965347
"t63",7.06280985723,7.06280985723,7.06280985723,6.75146365643,6.13975803814,4.41156577144,1.98817927203,3.16483982253,1.6355648456,0,1.9028750314,2.2340857339,2.0219374195,1.9897989054,2.64179956893,2.64179956893,2.64179956893,2.64179956893,2.64179956893,2.64179956893,7.71559825695,8.81168180655,7.96213658645,7.87234184945,10.23230127335,10.23230127295,10.23230127295,8.54498700735,7.5330957155,9.3242084213,9.9403022205,10.2323012733,9.8117072773,10.232301273349,10.232301273349,10.232301273089,10.2323012734,10.2323012737,10.2323012733,10.2323012733,10.2323012733,10.2323012733,10.2323012729,10.232301273187,10.232301273187,9.688688368117,9.922516309157,10.232301273357,9.949605011357,10.232301273357,8.557737969687,9.5920018867,6.30647011375,10.017837278783,10.232301273083,10.232301273083,10.232301273073,10.232301273073,9.76968459683,10.23230127253,10.23230127353,10.23230127323,10.23230127323,10.23230127363,10.23230127363,10.23230127363,10.23230127363,10.23230127373,10.23230127373,10.17586189573,10.23230127365,10.23230127365,10.05219149796,9.72875738216,10.23230127365,7.30827869753,10.23230127303,10.06119697583,10.23230127323,10.23230127363,10.23230127361,10.23230127361,6.69323546603,8.64695115363,7.47751311095,7.55595266705,10.79562965383,10.79562965453,10.79562965453,8.38212320815,8.56069431003,10.43673828336,9.46332355986,9.91968778415,10.79562965416,9.70411903046,10.7956296541,10.7956296541,10.7956296541,10.79562965411,10.79562965411,10.18820797036,9.91497294812,9.69832289902,10.79562965362,10.79562965361,10.43427091681,10.46124845871,10.79562965362,10.79562965362,10.79562965369,10.79562965369,10.79562965362,10.79562965382,10.79562965362,10.79562965362,10.795629653518,10.795629653518,10.795629653518,10.79562965352,10.79562965362,10.79562965362,9.91271095226,10.79562965392,10.79562965392,10.18910476312,10.79562965353,10.79562965353,10.79562965352,8.95875883892,8.81699974482,8.88399002742,10.79562965319,10.79562965319,10.79562965317,10.7956296541,10.7956296541,10.7956296541,10.79562965406,10.795629654068,10.795629654068,10.795629654,10.79562965322,10.79562965322,10.7956296533,10.79562965338,10.79562965338,10.79562965338,10.60280178467,10.79562965347,10.79562965347
"t44",6.75596048323,6.75596048323,6.75596048323,6.44461428243,5.83290866414,4.10471639744,1.68132989803,2.85799044853,1.9028750314,1.9028750314,0,1.9272363599,1.7150880455,1.6829495314,2.33495019493,2.33495019493,2.33495019493,2.33495019493,2.33495019493,2.33495019493,7.40874888295,8.50483243255,7.65528721245,7.56549247545,9.92545189935,9.92545189895,9.92545189895,8.23813763335,7.2262463415,9.0173590473,9.6334528465,9.9254518993,9.5048579033,9.925451899349,9.925451899349,9.925451899089,9.9254518994,9.9254518997,9.9254518993,9.9254518993,9.9254518993,9.9254518993,9.9254518989,9.925451899187,9.925451899187,9.381838994117,9.615666935157,9.925451899357,9.642755637357,9.925451899357,8.250888595687,9.2851525127,5.99962073975,9.710987904783,9.925451899083,9.925451899083,9.925451899073,9.925451899073,9.46283522283,9.92545189853,9.92545189953,9.92545189923,9.92545189923,9.92545189963,9.92545189963,9.92545189963,9.92545189963,9.92545189973,9.92545189973,9.86901252173,9.92545189965,9.92545189965,9.74534212396,9.42190800816,9.92545189965,7.00142932353,9.92545189903,9.75434760183,9.92545189923,9.92545189963,9.92545189961,9.92545189961,6.38638609203,8.34010177963,7.17066373695,7.24910329305,10.48878027983,10.48878028053,10.48878028053,8.07527383415,8.25384493603,10.12988890936,9.15647418586,9.61283841015,10.48878028016,9.39726965646,10.4887802801,10.4887802801,10.4887802801,10.48878028011,10.48878028011,9.88135859636,9.60812357412,9.39147352502,10.48878027962,10.48878027961,10.12742154281,10.15439908471,10.48878027962,10.48878027962,10.48878027969,10.48878027969,10.48878027962,10.48878027982,10.48878027962,10.48878027962,10.488780279518,10.488780279518,10.488780279518,10.48878027952,10.48878027962,10.48878027962,9.60586157826,10.48878027992,10.48878027992,9.88225538912,10.48878027953,10.48878027953,10.48878027952,8.65190946492,8.51015037082,8.57714065342,10.48878027919,10.48878027919,10.48878027917,10.4887802801,10.4887802801,10.4887802801,10.48878028006,10.488780280068,10.488780280068,10.48878028,10.48878027922,10.48878027922,10.4887802793,10.48878027938,10.48878027938,10.48878027938,10.29595241067,10.48878027947,10.48878027947
"t50",6.82725260833,6.82725260833,6.82725260833,6.51590640753,5.90420078924,4.17600852254,1.75262202313,2.92928257363,2.2340857339,2.2340857339,1.9272363599,0,1.226779229,1.1946407149,2.40624232003,2.40624232003,2.40624232003,2.40624232003,2.40624232003,2.40624232003,7.48004100805,8.57612455765,7.72657933755,7.63678460055,9.99674402445,9.99674402405,9.99674402405,8.30942975845,7.2975384666,9.0886511724,9.7047449716,9.9967440244,9.5761500284,9.996744024449,9.996744024449,9.996744024189,9.9967440245,9.9967440248,9.9967440244,9.9967440244,9.9967440244,9.9967440244,9.996744024,9.996744024287,9.996744024287,9.453131119217,9.686959060257,9.996744024457,9.714047762457,9.996744024457,8.322180720787,9.3564446378,6.07091286485,9.782280029883,9.996744024183,9.996744024183,9.996744024173,9.996744024173,9.53412734793,9.99674402363,9.99674402463,9.99674402433,9.99674402433,9.99674402473,9.99674402473,9.99674402473,9.99674402473,9.99674402483,9.99674402483,9.94030464683,9.99674402475,9.99674402475,9.81663424906,9.49320013326,9.99674402475,7.07272144863,9.99674402413,9.82563972693,9.99674402433,9.99674402473,9.99674402471,9.99674402471,6.45767821713,8.41139390473,7.24195586205,7.32039541815,10.56007240493,10.56007240563,10.56007240563,8.14656595925,8.32513706113,10.20118103446,9.22776631096,9.68413053525,10.56007240526,9.46856178156,10.5600724052,10.5600724052,10.5600724052,10.56007240521,10.56007240521,9.95265072146,9.67941569922,9.46276565012,10.56007240472,10.56007240471,10.19871366791,10.22569120981,10.56007240472,10.56007240472,10.56007240479,10.56007240479,10.56007240472,10.56007240492,10.56007240472,10.56007240472,10.560072404618,10.560072404618,10.560072404618,10.56007240462,10.56007240472,10.56007240472,9.67715370336,10.56007240502,10.56007240502,9.95354751422,10.56007240463,10.56007240463,10.56007240462,8.72320159002,8.58144249592,8.64843277852,10.56007240429,10.56007240429,10.56007240427,10.5600724052,10.5600724052,10.5600724052,10.56007240516,10.560072405168,10.560072405168,10.5600724051,10.56007240432,10.56007240432,10.5600724044,10.56007240448,10.56007240448,10.56007240448,10.36724453577,10.56007240457,10.56007240457
"t75",6.61510429393,6.61510429393,6.61510429393,6.30375809313,5.69205247484,3.96386020814,1.54047370873,2.71713425923,2.0219374195,2.0219374195,1.7150880455,1.226779229,0,0.3511628271,2.19409400563,2.19409400563,2.19409400563,2.19409400563,2.19409400563,2.19409400563,7.26789269365,8.36397624325,7.51443102315,7.42463628615,9.78459571005,9.78459570965,9.78459570965,8.09728144405,7.0853901522,8.876502858,9.4925966572,9.78459571,9.364001714,9.784595710049,9.784595710049,9.784595709789,9.7845957101,9.7845957104,9.78459571,9.78459571,9.78459571,9.78459571,9.7845957096,9.784595709887,9.784595709887,9.240982804817,9.474810745857,9.784595710057,9.501899448057,9.784595710057,8.110032406387,9.1442963234,5.85876455045,9.570131715483,9.784595709783,9.784595709783,9.784595709773,9.784595709773,9.32197903353,9.78459570923,9.78459571023,9.78459570993,9.78459570993,9.78459571033,9.78459571033,9.78459571033,9.78459571033,9.78459571043,9.78459571043,9.72815633243,9.78459571035,9.78459571035,9.60448593466,9.28105181886,9.78459571035,6.86057313423,9.78459570973,9.61349141253,9.78459570993,9.78459571033,9.78459571031,9.78459571031,6.24552990273,8.19924559033,7.02980754765,7.10824710375,10.34792409053,10.34792409123,10.34792409123,7.93441764485,8.11298874673,9.98903272006,9.01561799656,9.47198222085,10.34792409086,9.25641346716,10.3479240908,10.3479240908,10.3479240908,10.34792409081,10.34792409081,9.74050240706,9.46726738482,9.25061733572,10.34792409032,10.34792409031,9.98656535351,10.01354289541,10.34792409032,10.34792409032,10.34792409039,10.34792409039,10.34792409032,10.34792409052,10.34792409032,10.34792409032,10.347924090218,10.347924090218,10.347924090218,10.34792409022,10.34792409032,10.34792409032,9.46500538896,10.34792409062,10.34792409062,9.74139919982,10.34792409023,10.34792409023,10.34792409022,8.51105327562,8.36929418152,8.43628446412,10.34792408989,10.34792408989,10.34792408987,10.3479240908,10.3479240908,10.3479240908,10.34792409076,10.347924090768,10.347924090768,10.3479240907,10.34792408992,10.34792408992,10.34792409,10.34792409008,10.34792409008,10.34792409008,10.15509622137,10.34792409017,10.34792409017
"t76",6.58296577983,6.58296577983,6.58296577983,6.27161957903,5.65991396074,3.93172169404,1.50833519463,2.68499574513,1.9897989054,1.9897989054,1.6829495314,1.1946407149,0.3511628271,0,2.16195549153,2.16195549153,2.16195549153,2.16195549153,2.16195549153,2.16195549153,7.23575417955,8.33183772915,7.48229250905,7.39249777205,9.75245719595,9.75245719555,9.75245719555,8.06514292995,7.0532516381,8.8443643439,9.4604581431,9.7524571959,9.3318631999,9.752457195949,9.752457195949,9.752457195689,9.752457196,9.7524571963,9.7524571959,9.7524571959,9.7524571959,9.7524571959,9.7524571955,9.752457195787,9.752457195787,9.208844290717,9.442672231757,9.752457195957,9.469760933957,9.752457195957,8.077893892287,9.1121578093,5.82662603635,9.537993201383,9.752457195683,9.752457195683,9.752457195673,9.752457195673,9.28984051943,9.75245719513,9.75245719613,9.75245719583,9.75245719583,9.75245719623,9.75245719623,9.75245719623,9.75245719623,9.75245719633,9.75245719633,9.69601781833,9.75245719625,9.75245719625,9.57234742056,9.24891330476,9.75245719625,6.82843462013,9.75245719563,9.58135289843,9.75245719583,9.75245719623,9.75245719621,9.75245719621,6.21339138863,8.16710707623,6.99766903355,7.07610858965,10.31578557643,10.31578557713,10.31578557713,7.90227913075,8.08085023263,9.95689420596,8.98347948246,9.43984370675,10.31578557676,9.22427495306,10.3157855767,10.3157855767,10.3157855767,10.31578557671,10.31578557671,9.70836389296,9.43512887072,9.21847882162,10.31578557622,10.31578557621,9.95442683941,9.98140438131,10.31578557622,10.31578557622,10.31578557629,10.31578557629,10.31578557622,10.31578557642,10.31578557622,10.31578557622,10.315785576118,10.315785576118,10.315785576118,10.31578557612,10.31578557622,10.31578557622,9.43286687486,10.31578557652,10.31578557652,9.70926068572,10.31578557613,10.31578557613,10.31578557612,8.47891476152,8.33715566742,8.40414595002,10.31578557579,10.31578557579,10.31578557577,10.3157855767,10.3157855767,10.3157855767,10.31578557666,10.315785576668,10.315785576668,10.3157855766,10.31578557582,10.31578557582,10.3157855759,10.31578557598,10.31578557598,10.31578557598,10.12295770727,10.31578557607,10.31578557607
"t72",7.0628098571,7.0628098571,7.0628098571,6.7514636563,6.13975803801,4.41156577131,1.9881792719,3.1648398224,2.64179956893,2.64179956893,2.33495019493,2.40624232003,2.19409400563,2.16195549153,0,1.4065241662,1.4065241662,1.4065241662,1.8897597456,1.8897597456,7.71559825682,8.81168180642,7.96213658632,7.87234184932,10.23230127322,10.23230127282,10.23230127282,8.54498700722,7.53309571537,9.32420842117,9.94030222037,10.23230127317,9.81170727717,10.232301273219,10.232301273219,10.232301272959,10.23230127327,10.23230127357,10.23230127317,10.23230127317,10.23230127317,10.23230127317,10.23230127277,10.232301273057,10.232301273057,9.688688367987,9.922516309027,10.232301273227,9.949605011227,10.232301273227,8.557737969557,9.59200188657,6.30647011362,10.017837278653,10.232301272953,10.232301272953,10.232301272943,10.232301272943,9.7696845967,10.2323012724,10.2323012734,10.2323012731,10.2323012731,10.2323012735,10.2323012735,10.2323012735,10.2323012735,10.2323012736,10.2323012736,10.1758618956,10.23230127352,10.23230127352,10.05219149783,9.72875738203,10.23230127352,7.3082786974,10.2323012729,10.0611969757,10.2323012731,10.2323012735,10.23230127348,10.23230127348,6.6932354659,8.6469511535,7.47751311082,7.55595266692,10.7956296537,10.7956296544,10.7956296544,8.38212320802,8.5606943099,10.43673828323,9.46332355973,9.91968778402,10.79562965403,9.70411903033,10.79562965397,10.79562965397,10.79562965397,10.79562965398,10.79562965398,10.18820797023,9.91497294799,9.69832289889,10.79562965349,10.79562965348,10.43427091668,10.46124845858,10.79562965349,10.79562965349,10.79562965356,10.79562965356,10.79562965349,10.79562965369,10.79562965349,10.79562965349,10.795629653388,10.795629653388,10.795629653388,10.79562965339,10.79562965349,10.79562965349,9.91271095213,10.79562965379,10.79562965379,10.18910476299,10.7956296534,10.7956296534,10.79562965339,8.95875883879,8.81699974469,8.88399002729,10.79562965306,10.79562965306,10.79562965304,10.79562965397,10.79562965397,10.79562965397,10.79562965393,10.795629653938,10.795629653938,10.79562965387,10.79562965309,10.79562965309,10.79562965317,10.79562965325,10.79562965325,10.79562965325,10.60280178454,10.79562965334,10.79562965334
"t84",7.0628098571,7.0628098571,7.0628098571,6.7514636563,6.13975803801,4.41156577131,1.9881792719,3.1648398224,2.64179956893,2.64179956893,2.33495019493,2.40624232003,2.19409400563,2.16195549153,1.4065241662,0,1.164725656,1.164725656,1.8897597456,1.8897597456,7.71559825682,8.81168180642,7.96213658632,7.87234184932,10.23230127322,10.23230127282,10.23230127282,8.54498700722,7.53309571537,9.32420842117,9.94030222037,10.23230127317,9.81170727717,10.232301273219,10.232301273219,10.232301272959,10.23230127327,10.23230127357,10.23230127317,10.23230127317,10.23230127317,10.23230127317,10.23230127277,10.232301273057,10.232301273057,9.688688367987,9.922516309027,10.232301273227,9.949605011227,10.232301273227,8.557737969557,9.59200188657,6.30647011362,10.017837278653,10.232301272953,10.232301272953,10.232301272943,10.232301272943,9.7696845967,10.2323012724,10.2323012734,10.2323012731,10.2323012731,10.2323012735,10.2323012735,10.2323012735,10.2323012735,10.2323012736,10.2323012736,10.1758618956,10.23230127352,10.23230127352,10.05219149783,9.72875738203,10.23230127352,7.3082786974,10.2323012729,10.0611969757,10.2323012731,10.2323012735,10.23230127348,10.23230127348,6.6932354659,8.6469511535,7.47751311082,7.55595266692,10.7956296537,10.7956296544,10.7956296544,8.38212320802,8.5606943099,10.43673828323,9.46332355973,9.91968778402,10.79562965403,9.70411903033,10.79562965397,10.79562965397,10.79562965397,10.79562965398,10.79562965398,10.18820797023,9.91497294799,9.69832289889,10.79562965349,10.79562965348,10.43427091668,10.46124845858,10.79562965349,10.79562965349,10.79562965356,10.79562965356,10.79562965349,10.79562965369,10.79562965349,10.79562965349,10.795629653388,10.795629653388,10.795629653388,10.79562965339,10.79562965349,10.79562965349,9.91271095213,10.79562965379,10.79562965379,10.18910476299,10.7956296534,10.7956296534,10.79562965339,8.95875883879,8.81699974469,8.88399002729,10.79562965306,10.79562965306,10.79562965304,10.79562965397,10.79562965397,10.79562965397,10.79562965393,10.795629653938,10.795629653938,10.79562965387,10.79562965309,10.79562965309,10.79562965317,10.79562965325,10.79562965325,10.79562965325,10.60280178454,10.79562965334,10.79562965334
"t113",7.0628098571,7.0628098571,7.0628098571,6.7514636563,6.13975803801,4.41156577131,1.9881792719,3.1648398224,2.64179956893,2.64179956893,2.33495019493,2.40624232003,2.19409400563,2.16195549153,1.4065241662,1.164725656,0,0.4051837884,1.8897597456,1.8897597456,7.71559825682,8.81168180642,7.96213658632,7.87234184932,10.23230127322,10.23230127282,10.23230127282,8.54498700722,7.53309571537,9.32420842117,9.94030222037,10.23230127317,9.81170727717,10.232301273219,10.232301273219,10.232301272959,10.23230127327,10.23230127357,10.23230127317,10.23230127317,10.23230127317,10.23230127317,10.23230127277,10.232301273057,10.232301273057,9.688688367987,9.922516309027,10.232301273227,9.949605011227,10.232301273227,8.557737969557,9.59200188657,6.30647011362,10.017837278653,10.232301272953,10.232301272953,10.232301272943,10.232301272943,9.7696845967,10.2323012724,10.2323012734,10.2323012731,10.2323012731,10.2323012735,10.2323012735,10.2323012735,10.2323012735,10.2323012736,10.2323012736,10.1758618956,10.23230127352,10.23230127352,10.05219149783,9.72875738203,10.23230127352,7.3082786974,10.2323012729,10.0611969757,10.2323012731,10.2323012735,10.23230127348,10.23230127348,6.6932354659,8.6469511535,7.47751311082,7.55595266692,10.7956296537,10.7956296544,10.7956296544,8.38212320802,8.5606943099,10.43673828323,9.46332355973,9.91968778402,10.79562965403,9.70411903033,10.79562965397,10.79562965397,10.79562965397,10.79562965398,10.79562965398,10.18820797023,9.91497294799,9.69832289889,10.79562965349,10.79562965348,10.43427091668,10.46124845858,10.79562965349,10.79562965349,10.79562965356,10.79562965356,10.79562965349,10.79562965369,10.79562965349,10.79562965349,10.795629653388,10.795629653388,10.795629653388,10.79562965339,10.79562965349,10.79562965349,9.91271095213,10.79562965379,10.79562965379,10.18910476299,10.7956296534,10.7956296534,10.79562965339,8.95875883879,8.81699974469,8.88399002729,10.79562965306,10.79562965306,10.79562965304,10.79562965397,10.79562965397,10.79562965397,10.79562965393,10.795629653938,10.795629653938,10.79562965387,10.79562965309,10.79562965309,10.79562965317,10.79562965325,10.79562965325,10.79562965325,10.60280178454,10.79562965334,10.79562965334
"t114",7.0628098571,7.0628098571,7.0628098571,6.7514636563,6.13975803801,4.41156577131,1.9881792719,3.1648398224,2.64179956893,2.64179956893,2.33495019493,2.40624232003,2.19409400563,2.16195549153,1.4065241662,1.164725656,0.4051837884,0,1.8897597456,1.8897597456,7.71559825682,8.81168180642,7.96213658632,7.87234184932,10.23230127322,10.23230127282,10.23230127282,8.54498700722,7.53309571537,9.32420842117,9.94030222037,10.23230127317,9.81170727717,10.232301273219,10.232301273219,10.232301272959,10.23230127327,10.23230127357,10.23230127317,10.23230127317,10.23230127317,10.23230127317,10.23230127277,10.232301273057,10.232301273057,9.688688367987,9.922516309027,10.232301273227,9.949605011227,10.232301273227,8.557737969557,9.59200188657,6.30647011362,10.017837278653,10.232301272953,10.232301272953,10.232301272943,10.232301272943,9.7696845967,10.2323012724,10.2323012734,10.2323012731,10.2323012731,10.2323012735,10.2323012735,10.2323012735,10.2323012735,10.2323012736,10.2323012736,10.1758618956,10.23230127352,10.23230127352,10.05219149783,9.72875738203,10.23230127352,7.3082786974,10.2323012729,10.0611969757,10.2323012731,10.2323012735,10.23230127348,10.23230127348,6.6932354659,8.6469511535,7.47751311082,7.55595266692,10.7956296537,10.7956296544,10.7956296544,8.38212320802,8.5606943099,10.43673828323,9.46332355973,9.91968778402,10.79562965403,9.70411903033,10.79562965397,10.79562965397,10.79562965397,10.79562965398,10.79562965398,10.18820797023,9.91497294799,9.69832289889,10.79562965349,10.79562965348,10.43427091668,10.46124845858,10.79562965349,10.79562965349,10.79562965356,10.79562965356,10.79562965349,10.79562965369,10.79562965349,10.79562965349,10.795629653388,10.795629653388,10.795629653388,10.79562965339,10.79562965349,10.79562965349,9.91271095213,10.79562965379,10.79562965379,10.18910476299,10.7956296534,10.7956296534,10.79562965339,8.95875883879,8.81699974469,8.88399002729,10.79562965306,10.79562965306,10.79562965304,10.79562965397,10.79562965397,10.79562965397,10.79562965393,10.795629653938,10.795629653938,10.79562965387,10.79562965309,10.79562965309,10.79562965317,10.79562965325,10.79562965325,10.79562965325,10.60280178454,10.79562965334,10.79562965334
