"","t1","t4","t31","t41","t42","t121","t122","t86","t87","t50","t53","t56","t57","t91","t92","t85","t59","t65","t66","t110","t111","t22","t17","t68","t69","t70","t45","t46","t12","t81","t82","t10","t11","t18","t88","t89","t62","t39","t40","t44","t84","t131","t132","t96","t97","t58","t8","t73","t74","t114","t115","t100","t101","t119","t120","t94","t95","t24","t83","t102","t103","t23","t117","t118","t54","t55","t51","t123","t124","t133","t134","t116","t33","t47","t75","t106","t107","t93","t34","t35","t29","t36","t37","t14","t38","t78","t79","t52","t7","t5","t6","t43","t48","t49","t9","t108","t109","t21","t19","t20","t13","t104","t105","t26","t27","t129","t130","t76","t77","t28","t60","t61","t32","t16","t30","t63","t64","t25","t127","t128","t67","t71","t72","t98","t99","t90","t112","t113","t80","t125","t126","t15","t2","t3"
"t1",0,4.5184260921,6.75104661889,6.24663641165,6.75104661885,6.75104661879,6.75104661879,6.75104661889,6.75104661889,6.75104661889,6.7510466188,6.75104661884,6.75104661884,6.75104661878,6.71394260868,6.75104661886,6.3320890622,6.75104661887,6.75104661887,6.71292522336,6.75104661888,6.03447381069,6.45703623109,6.7510466188,6.75104661878,6.75104661878,6.75104661874,6.75104661874,5.9066995024,6.7510466191,6.7510466191,5.5377973261,5.7565289882,6.751046619,6.751046619,6.751046619,6.751046619,6.7510466189,6.7510466189,6.2891338681,6.7510466189,6.751046618845,6.751046618845,6.75104661883,6.75104661883,6.7510466189,6.7510466189,6.75104661905,6.75104661905,6.75104661906,6.75104661906,6.75104661901,6.75104661901,6.75104661903,6.75104661903,6.75104661901,6.75104661901,6.75104661901,6.7510466191,6.751046619,6.751046619,6.75104661901,6.75104661897,6.75104661897,6.75104661908,6.75104661908,6.61538494064,6.751046619101,6.751046619101,6.751046619099,6.751046619099,6.7510466191,6.75104661903,6.29404192113,6.69345362103,6.75104661907,6.71945836288,6.75104661903,6.75104661898,6.75104661898,6.39089963031,6.75104661902,6.31848736522,5.96139351298,6.751046619,6.751046619,6.751046619,6.751046619,5.0204181788,4.67231771901,4.73417233321,6.3948359626,6.75104661901,6.46143499191,6.7510466186,6.75104661894,6.75104661894,6.13427298881,6.72912726651,6.75104661901,6.04182688161,6.75104661921,6.75104661921,6.75104661891,6.67142401931,6.751046618914,6.751046618914,6.75104661891,6.75104661891,6.75104661891,6.75104661881,6.75104661881,6.75104661881,6.10433750001,6.75104661882,6.40583637138,6.75104661882,6.75104661881,6.751046618947,6.751046618947,6.75104661901,6.75104661896,6.75104661896,6.751046619012,6.751046619012,6.590721959372,6.697097072552,6.751046619062,6.751046619052,6.751046618974,6.751046618974,6.75104661861,4.4616524194,4.1071511915
"t4",4.5184260921,0,3.13493350959,2.63052330235,3.13493350955,3.13493350949,3.13493350949,3.13493350959,3.13493350959,3.13493350959,3.1349335095,3.13493350954,3.13493350954,3.13493350948,3.09782949938,3.13493350956,2.7159759529,3.13493350957,3.13493350957,3.09681211406,3.13493350958,2.41836070139,2.84092312179,3.1349335095,3.13493350948,3.13493350948,3.13493350944,3.13493350944,2.2905863931,5.0190223094,5.0190223094,3.8057730164,4.0245046785,5.0190223093,5.0190223093,5.0190223093,5.0190223093,5.0190223092,5.0190223092,4.5571095584,5.0190223092,5.019022309145,5.019022309145,5.01902230913,5.01902230913,5.0190223092,5.0190223092,5.01902230935,5.01902230935,5.01902230936,5.01902230936,5.01902230931,5.01902230931,5.01902230933,5.01902230933,5.01902230931,5.01902230931,5.01902230931,5.0190223094,5.0190223093,5.0190223093,5.01902230931,5.01902230927,5.01902230927,5.01902230938,5.01902230938,4.88336063094,5.019022309401,5.019022309401,5.019022309399,5.019022309399,5.0190223094,5.01902230933,4.56201761143,4.96142931133,5.01902230937,4.98743405318,5.01902230933,5.01902230928,5.01902230928,4.65887532061,5.01902230932,4.58646305552,4.22936920328,5.0190223093,5.0190223093,5.0190223093,5.0190223093,3.2883938691,2.94029340931,3.00214802351,4.6628116529,5.01902230931,4.72941068221,5.0190223089,5.01902230924,5.01902230924,4.40224867911,4.99710295681,5.01902230931,4.30980257191,5.01902230951,5.01902230951,5.01902230921,4.93939970961,5.019022309214,5.019022309214,5.01902230921,5.01902230921,5.01902230921,5.01902230911,5.01902230911,5.01902230911,4.37231319031,5.01902230912,4.67381206168,5.01902230912,5.01902230911,5.019022309247,5.019022309247,5.01902230931,5.01902230926,5.01902230926,5.019022309312,5.019022309312,4.858697649672,4.965072762852,5.019022309362,5.019022309352,5.019022309274,5.019022309274,5.01902230891,8.5875174457,8.2330162178
"t31",6.75104661889,3.13493350959,0,0.98231626476,1.48672647196,1.4867264719,1.4867264719,2.5095567094,2.5095567094,2.5095567094,3.25749386671,3.25749386675,3.25749386675,3.25749386669,3.22038985659,3.25749386677,2.83853631011,3.25749386678,3.25749386678,3.21937247127,3.25749386679,2.5409210586,2.963483479,3.36189962029,3.36189962027,3.36189962027,3.36189962023,3.36189962023,2.51755250389,7.25164283619,7.25164283619,6.03839354319,6.25712520529,7.25164283609,7.25164283609,7.25164283609,7.25164283609,7.25164283599,7.25164283599,6.78973008519,7.25164283599,7.251642835935,7.251642835935,7.25164283592,7.25164283592,7.25164283599,7.25164283599,7.25164283614,7.25164283614,7.25164283615,7.25164283615,7.2516428361,7.2516428361,7.25164283612,7.25164283612,7.2516428361,7.2516428361,7.2516428361,7.25164283619,7.25164283609,7.25164283609,7.2516428361,7.25164283606,7.25164283606,7.25164283617,7.25164283617,7.11598115773,7.251642836191,7.251642836191,7.251642836189,7.251642836189,7.25164283619,7.25164283612,6.79463813822,7.19404983812,7.25164283616,7.22005457997,7.25164283612,7.25164283607,7.25164283607,6.8914958474,7.25164283611,6.81908358231,6.46198973007,7.25164283609,7.25164283609,7.25164283609,7.25164283609,5.52101439589,5.1729139361,5.2347685503,6.89543217969,7.2516428361,6.962031209,7.25164283569,7.25164283603,7.25164283603,6.6348692059,7.2297234836,7.2516428361,6.5424230987,7.2516428363,7.2516428363,7.251642836,7.1720202364,7.251642836004,7.251642836004,7.251642836,7.251642836,7.251642836,7.2516428359,7.2516428359,7.2516428359,6.6049337171,7.25164283591,6.90643258847,7.25164283591,7.2516428359,7.251642836037,7.251642836037,7.2516428361,7.25164283605,7.25164283605,7.251642836102,7.251642836102,7.091318176462,7.197693289642,7.251642836152,7.251642836142,7.251642836064,7.251642836064,7.2516428357,10.82013797249,10.46563674459
"t41",6.24663641165,2.63052330235,0.98231626476,0,0.8350782026,0.9040492647,0.9040492647,2.00514650216,2.00514650216,2.00514650216,2.75308365947,2.75308365951,2.75308365951,2.75308365945,2.71597964935,2.75308365953,2.33412610287,2.75308365954,2.75308365954,2.71496226403,2.75308365955,2.03651085136,2.45907327176,2.85748941305,2.85748941303,2.85748941303,2.85748941299,2.85748941299,2.01314229665,6.74723262895,6.74723262895,5.53398333595,5.75271499805,6.74723262885,6.74723262885,6.74723262885,6.74723262885,6.74723262875,6.74723262875,6.28531987795,6.74723262875,6.747232628695,6.747232628695,6.74723262868,6.74723262868,6.74723262875,6.74723262875,6.7472326289,6.7472326289,6.74723262891,6.74723262891,6.74723262886,6.74723262886,6.74723262888,6.74723262888,6.74723262886,6.74723262886,6.74723262886,6.74723262895,6.74723262885,6.74723262885,6.74723262886,6.74723262882,6.74723262882,6.74723262893,6.74723262893,6.61157095049,6.747232628951,6.747232628951,6.747232628949,6.747232628949,6.74723262895,6.74723262888,6.29022793098,6.68963963088,6.74723262892,6.71564437273,6.74723262888,6.74723262883,6.74723262883,6.38708564016,6.74723262887,6.31467337507,5.95757952283,6.74723262885,6.74723262885,6.74723262885,6.74723262885,5.01660418865,4.66850372886,4.73035834306,6.39102197245,6.74723262886,6.45762100176,6.74723262845,6.74723262879,6.74723262879,6.13045899866,6.72531327636,6.74723262886,6.03801289146,6.74723262906,6.74723262906,6.74723262876,6.66761002916,6.747232628764,6.747232628764,6.74723262876,6.74723262876,6.74723262876,6.74723262866,6.74723262866,6.74723262866,6.10052350986,6.74723262867,6.40202238123,6.74723262867,6.74723262866,6.747232628797,6.747232628797,6.74723262886,6.74723262881,6.74723262881,6.747232628862,6.747232628862,6.586907969222,6.693283082402,6.747232628912,6.747232628902,6.747232628824,6.747232628824,6.74723262846,10.31572776525,9.96122653735
"t42",6.75104661885,3.13493350955,1.48672647196,0.8350782026,0,1.4084594719,1.4084594719,2.50955670936,2.50955670936,2.50955670936,3.25749386667,3.25749386671,3.25749386671,3.25749386665,3.22038985655,3.25749386673,2.83853631007,3.25749386674,3.25749386674,3.21937247123,3.25749386675,2.54092105856,2.96348347896,3.36189962025,3.36189962023,3.36189962023,3.36189962019,3.36189962019,2.51755250385,7.25164283615,7.25164283615,6.03839354315,6.25712520525,7.25164283605,7.25164283605,7.25164283605,7.25164283605,7.25164283595,7.25164283595,6.78973008515,7.25164283595,7.251642835895,7.251642835895,7.25164283588,7.25164283588,7.25164283595,7.25164283595,7.2516428361,7.2516428361,7.25164283611,7.25164283611,7.25164283606,7.25164283606,7.25164283608,7.25164283608,7.25164283606,7.25164283606,7.25164283606,7.25164283615,7.25164283605,7.25164283605,7.25164283606,7.25164283602,7.25164283602,7.25164283613,7.25164283613,7.11598115769,7.251642836151,7.251642836151,7.251642836149,7.251642836149,7.25164283615,7.25164283608,6.79463813818,7.19404983808,7.25164283612,7.22005457993,7.25164283608,7.25164283603,7.25164283603,6.89149584736,7.25164283607,6.81908358227,6.46198973003,7.25164283605,7.25164283605,7.25164283605,7.25164283605,5.52101439585,5.17291393606,5.23476855026,6.89543217965,7.25164283606,6.96203120896,7.25164283565,7.25164283599,7.25164283599,6.63486920586,7.22972348356,7.25164283606,6.54242309866,7.25164283626,7.25164283626,7.25164283596,7.17202023636,7.251642835964,7.251642835964,7.25164283596,7.25164283596,7.25164283596,7.25164283586,7.25164283586,7.25164283586,6.60493371706,7.25164283587,6.90643258843,7.25164283587,7.25164283586,7.251642835997,7.251642835997,7.25164283606,7.25164283601,7.25164283601,7.251642836062,7.251642836062,7.091318176422,7.197693289602,7.251642836112,7.251642836102,7.251642836024,7.251642836024,7.25164283566,10.82013797245,10.46563674455
"t121",6.75104661879,3.13493350949,1.4867264719,0.9040492647,1.4084594719,0,0.03378936864,2.5095567093,2.5095567093,2.5095567093,3.25749386661,3.25749386665,3.25749386665,3.25749386659,3.22038985649,3.25749386667,2.83853631001,3.25749386668,3.25749386668,3.21937247117,3.25749386669,2.5409210585,2.9634834789,3.36189962019,3.36189962017,3.36189962017,3.36189962013,3.36189962013,2.51755250379,7.25164283609,7.25164283609,6.03839354309,6.25712520519,7.25164283599,7.25164283599,7.25164283599,7.25164283599,7.25164283589,7.25164283589,6.78973008509,7.25164283589,7.251642835835,7.251642835835,7.25164283582,7.25164283582,7.25164283589,7.25164283589,7.25164283604,7.25164283604,7.25164283605,7.25164283605,7.251642836,7.251642836,7.25164283602,7.25164283602,7.251642836,7.251642836,7.251642836,7.25164283609,7.25164283599,7.25164283599,7.251642836,7.25164283596,7.25164283596,7.25164283607,7.25164283607,7.11598115763,7.251642836091,7.251642836091,7.251642836089,7.251642836089,7.25164283609,7.25164283602,6.79463813812,7.19404983802,7.25164283606,7.22005457987,7.25164283602,7.25164283597,7.25164283597,6.8914958473,7.25164283601,6.81908358221,6.46198972997,7.25164283599,7.25164283599,7.25164283599,7.25164283599,5.52101439579,5.172913936,5.2347685502,6.89543217959,7.251642836,6.9620312089,7.25164283559,7.25164283593,7.25164283593,6.6348692058,7.2297234835,7.251642836,6.5424230986,7.2516428362,7.2516428362,7.2516428359,7.1720202363,7.251642835904,7.251642835904,7.2516428359,7.2516428359,7.2516428359,7.2516428358,7.2516428358,7.2516428358,6.604933717,7.25164283581,6.90643258837,7.25164283581,7.2516428358,7.251642835937,7.251642835937,7.251642836,7.25164283595,7.25164283595,7.251642836002,7.251642836002,7.091318176362,7.197693289542,7.251642836052,7.251642836042,7.251642835964,7.251642835964,7.2516428356,10.82013797239,10.46563674449
"t122",6.75104661879,3.13493350949,1.4867264719,0.9040492647,1.4084594719,0.03378936864,0,2.5095567093,2.5095567093,2.5095567093,3.25749386661,3.25749386665,3.25749386665,3.25749386659,3.22038985649,3.25749386667,2.83853631001,3.25749386668,3.25749386668,3.21937247117,3.25749386669,2.5409210585,2.9634834789,3.36189962019,3.36189962017,3.36189962017,3.36189962013,3.36189962013,2.51755250379,7.25164283609,7.25164283609,6.03839354309,6.25712520519,7.25164283599,7.25164283599,7.25164283599,7.25164283599,7.25164283589,7.25164283589,6.78973008509,7.25164283589,7.251642835835,7.251642835835,7.25164283582,7.25164283582,7.25164283589,7.25164283589,7.25164283604,7.25164283604,7.25164283605,7.25164283605,7.251642836,7.251642836,7.25164283602,7.25164283602,7.251642836,7.251642836,7.251642836,7.25164283609,7.25164283599,7.25164283599,7.251642836,7.25164283596,7.25164283596,7.25164283607,7.25164283607,7.11598115763,7.251642836091,7.251642836091,7.251642836089,7.251642836089,7.25164283609,7.25164283602,6.79463813812,7.19404983802,7.25164283606,7.22005457987,7.25164283602,7.25164283597,7.25164283597,6.8914958473,7.25164283601,6.81908358221,6.46198972997,7.25164283599,7.25164283599,7.25164283599,7.25164283599,5.52101439579,5.172913936,5.2347685502,6.89543217959,7.251642836,6.9620312089,7.25164283559,7.25164283593,7.25164283593,6.6348692058,7.2297234835,7.251642836,6.5424230986,7.2516428362,7.2516428362,7.2516428359,7.1720202363,7.251642835904,7.251642835904,7.2516428359,7.2516428359,7.2516428359,7.2516428358,7.2516428358,7.2516428358,6.604933717,7.25164283581,6.90643258837,7.25164283581,7.2516428358,7.251642835937,7.251642835937,7.251642836,7.25164283595,7.25164283595,7.251642836002,7.251642836002,7.091318176362,7.197693289542,7.251642836052,7.251642836042,7.251642835964,7.251642835964,7.2516428356,10.82013797239,10.46563674449
"t86",6.75104661889,3.13493350959,2.5095567094,2.00514650216,2.50955670936,2.5095567093,2.5095567093,0,0.4948106682,1.1110320482,3.25749386671,3.25749386675,3.25749386675,3.25749386669,3.22038985659,3.25749386677,2.83853631011,3.25749386678,3.25749386678,3.21937247127,3.25749386679,2.5409210586,2.963483479,3.36189962029,3.36189962027,3.36189962027,3.36189962023,3.36189962023,2.51755250389,7.25164283619,7.25164283619,6.03839354319,6.25712520529,7.25164283609,7.25164283609,7.25164283609,7.25164283609,7.25164283599,7.25164283599,6.78973008519,7.25164283599,7.251642835935,7.251642835935,7.25164283592,7.25164283592,7.25164283599,7.25164283599,7.25164283614,7.25164283614,7.25164283615,7.25164283615,7.2516428361,7.2516428361,7.25164283612,7.25164283612,7.2516428361,7.2516428361,7.2516428361,7.25164283619,7.25164283609,7.25164283609,7.2516428361,7.25164283606,7.25164283606,7.25164283617,7.25164283617,7.11598115773,7.251642836191,7.251642836191,7.251642836189,7.251642836189,7.25164283619,7.25164283612,6.79463813822,7.19404983812,7.25164283616,7.22005457997,7.25164283612,7.25164283607,7.25164283607,6.8914958474,7.25164283611,6.81908358231,6.46198973007,7.25164283609,7.25164283609,7.25164283609,7.25164283609,5.52101439589,5.1729139361,5.2347685503,6.89543217969,7.2516428361,6.962031209,7.25164283569,7.25164283603,7.25164283603,6.6348692059,7.2297234836,7.2516428361,6.5424230987,7.2516428363,7.2516428363,7.251642836,7.1720202364,7.251642836004,7.251642836004,7.251642836,7.251642836,7.251642836,7.2516428359,7.2516428359,7.2516428359,6.6049337171,7.25164283591,6.90643258847,7.25164283591,7.2516428359,7.251642836037,7.251642836037,7.2516428361,7.25164283605,7.25164283605,7.251642836102,7.251642836102,7.091318176462,7.197693289642,7.251642836152,7.251642836142,7.251642836064,7.251642836064,7.2516428357,10.82013797249,10.46563674459
"t87",6.75104661889,3.13493350959,2.5095567094,2.00514650216,2.50955670936,2.5095567093,2.5095567093,0.4948106682,0,1.1110320482,3.25749386671,3.25749386675,3.25749386675,3.25749386669,3.22038985659,3.25749386677,2.83853631011,3.25749386678,3.25749386678,3.21937247127,3.25749386679,2.5409210586,2.963483479,3.36189962029,3.36189962027,3.36189962027,3.36189962023,3.36189962023,2.51755250389,7.25164283619,7.25164283619,6.03839354319,6.25712520529,7.25164283609,7.25164283609,7.25164283609,7.25164283609,7.25164283599,7.25164283599,6.78973008519,7.25164283599,7.251642835935,7.251642835935,7.25164283592,7.25164283592,7.25164283599,7.25164283599,7.25164283614,7.25164283614,7.25164283615,7.25164283615,7.2516428361,7.2516428361,7.25164283612,7.25164283612,7.2516428361,7.2516428361,7.2516428361,7.25164283619,7.25164283609,7.25164283609,7.2516428361,7.25164283606,7.25164283606,7.25164283617,7.25164283617,7.11598115773,7.251642836191,7.251642836191,7.251642836189,7.251642836189,7.25164283619,7.25164283612,6.79463813822,7.19404983812,7.25164283616,7.22005457997,7.25164283612,7.25164283607,7.25164283607,6.8914958474,7.25164283611,6.81908358231,6.46198973007,7.25164283609,7.25164283609,7.25164283609,7.25164283609,5.52101439589,5.1729139361,5.2347685503,6.89543217969,7.2516428361,6.962031209,7.25164283569,7.25164283603,7.25164283603,6.6348692059,7.2297234836,7.2516428361,6.5424230987,7.2516428363,7.2516428363,7.251642836,7.1720202364,7.251642836004,7.251642836004,7.251642836,7.251642836,7.251642836,7.2516428359,7.2516428359,7.2516428359,6.6049337171,7.25164283591,6.90643258847,7.25164283591,7.2516428359,7.251642836037,7.251642836037,7.2516428361,7.25164283605,7.25164283605,7.251642836102,7.251642836102,7.091318176462,7.197693289642,7.251642836152,7.251642836142,7.251642836064,7.251642836064,7.2516428357,10.82013797249,10.46563674459
"t50",6.75104661889,3.13493350959,2.5095567094,2.00514650216,2.50955670936,2.5095567093,2.5095567093,1.1110320482,1.1110320482,0,3.25749386671,3.25749386675,3.25749386675,3.25749386669,3.22038985659,3.25749386677,2.83853631011,3.25749386678,3.25749386678,3.21937247127,3.25749386679,2.5409210586,2.963483479,3.36189962029,3.36189962027,3.36189962027,3.36189962023,3.36189962023,2.51755250389,7.25164283619,7.25164283619,6.03839354319,6.25712520529,7.25164283609,7.25164283609,7.25164283609,7.25164283609,7.25164283599,7.25164283599,6.78973008519,7.25164283599,7.251642835935,7.251642835935,7.25164283592,7.25164283592,7.25164283599,7.25164283599,7.25164283614,7.25164283614,7.25164283615,7.25164283615,7.2516428361,7.2516428361,7.25164283612,7.25164283612,7.2516428361,7.2516428361,7.2516428361,7.25164283619,7.25164283609,7.25164283609,7.2516428361,7.25164283606,7.25164283606,7.25164283617,7.25164283617,7.11598115773,7.251642836191,7.251642836191,7.251642836189,7.251642836189,7.25164283619,7.25164283612,6.79463813822,7.19404983812,7.25164283616,7.22005457997,7.25164283612,7.25164283607,7.25164283607,6.8914958474,7.25164283611,6.81908358231,6.46198973007,7.25164283609,7.25164283609,7.25164283609,7.25164283609,5.52101439589,5.1729139361,5.2347685503,6.89543217969,7.2516428361,6.962031209,7.25164283569,7.25164283603,7.25164283603,6.6348692059,7.2297234836,7.2516428361,6.5424230987,7.2516428363,7.2516428363,7.251642836,7.1720202364,7.251642836004,7.251642836004,7.251642836,7.251642836,7.251642836,7.2516428359,7.2516428359,7.2516428359,6.6049337171,7.25164283591,6.90643258847,7.25164283591,7.2516428359,7.251642836037,7.251642836037,7.2516428361,7.25164283605,7.25164283605,7.251642836102,7.251642836102,7.091318176462,7.197693289642,7.251642836152,7.251642836142,7.251642836064,7.251642836064,7.2516428357,10.82013797249,10.46563674459
"t53",6.7510466188,3.1349335095,3.25749386671,2.75308365947,3.25749386667,3.25749386661,3.25749386661,3.25749386671,3.25749386671,3.25749386671,0,1.00880206844,1.00880206844,1.28471497278,1.24761096268,1.28471497286,0.8657574162,1.28471497287,1.28471497287,1.77569385356,1.81381524908,1.12245767631,1.75335704591,3.3618996202,3.36189962018,3.36189962018,3.36189962014,3.36189962014,2.5175525038,7.2516428361,7.2516428361,6.0383935431,6.2571252052,7.251642836,7.251642836,7.251642836,7.251642836,7.2516428359,7.2516428359,6.7897300851,7.2516428359,7.251642835845,7.251642835845,7.25164283583,7.25164283583,7.2516428359,7.2516428359,7.25164283605,7.25164283605,7.25164283606,7.25164283606,7.25164283601,7.25164283601,7.25164283603,7.25164283603,7.25164283601,7.25164283601,7.25164283601,7.2516428361,7.251642836,7.251642836,7.25164283601,7.25164283597,7.25164283597,7.25164283608,7.25164283608,7.11598115764,7.251642836101,7.251642836101,7.251642836099,7.251642836099,7.2516428361,7.25164283603,6.79463813813,7.19404983803,7.25164283607,7.22005457988,7.25164283603,7.25164283598,7.25164283598,6.89149584731,7.25164283602,6.81908358222,6.46198972998,7.251642836,7.251642836,7.251642836,7.251642836,5.5210143958,5.17291393601,5.23476855021,6.8954321796,7.25164283601,6.96203120891,7.2516428356,7.25164283594,7.25164283594,6.63486920581,7.22972348351,7.25164283601,6.54242309861,7.25164283621,7.25164283621,7.25164283591,7.17202023631,7.251642835914,7.251642835914,7.25164283591,7.25164283591,7.25164283591,7.25164283581,7.25164283581,7.25164283581,6.60493371701,7.25164283582,6.90643258838,7.25164283582,7.25164283581,7.251642835947,7.251642835947,7.25164283601,7.25164283596,7.25164283596,7.251642836012,7.251642836012,7.091318176372,7.197693289552,7.251642836062,7.251642836052,7.251642835974,7.251642835974,7.25164283561,10.8201379724,10.4656367445
"t56",6.75104661884,3.13493350954,3.25749386675,2.75308365951,3.25749386671,3.25749386665,3.25749386665,3.25749386675,3.25749386675,3.25749386675,1.00880206844,0,0.9026760478,1.28471497282,1.24761096272,1.2847149729,0.86575741624,1.28471497291,1.28471497291,1.7756938536,1.81381524912,1.12245767635,1.75335704595,3.36189962024,3.36189962022,3.36189962022,3.36189962018,3.36189962018,2.51755250384,7.25164283614,7.25164283614,6.03839354314,6.25712520524,7.25164283604,7.25164283604,7.25164283604,7.25164283604,7.25164283594,7.25164283594,6.78973008514,7.25164283594,7.251642835885,7.251642835885,7.25164283587,7.25164283587,7.25164283594,7.25164283594,7.25164283609,7.25164283609,7.2516428361,7.2516428361,7.25164283605,7.25164283605,7.25164283607,7.25164283607,7.25164283605,7.25164283605,7.25164283605,7.25164283614,7.25164283604,7.25164283604,7.25164283605,7.25164283601,7.25164283601,7.25164283612,7.25164283612,7.11598115768,7.251642836141,7.251642836141,7.251642836139,7.251642836139,7.25164283614,7.25164283607,6.79463813817,7.19404983807,7.25164283611,7.22005457992,7.25164283607,7.25164283602,7.25164283602,6.89149584735,7.25164283606,6.81908358226,6.46198973002,7.25164283604,7.25164283604,7.25164283604,7.25164283604,5.52101439584,5.17291393605,5.23476855025,6.89543217964,7.25164283605,6.96203120895,7.25164283564,7.25164283598,7.25164283598,6.63486920585,7.22972348355,7.25164283605,6.54242309865,7.25164283625,7.25164283625,7.25164283595,7.17202023635,7.251642835954,7.251642835954,7.25164283595,7.25164283595,7.25164283595,7.25164283585,7.25164283585,7.25164283585,6.60493371705,7.25164283586,6.90643258842,7.25164283586,7.25164283585,7.251642835987,7.251642835987,7.25164283605,7.251642836,7.251642836,7.251642836052,7.251642836052,7.091318176412,7.197693289592,7.251642836102,7.251642836092,7.251642836014,7.251642836014,7.25164283565,10.82013797244,10.46563674454
"t57",6.75104661884,3.13493350954,3.25749386675,2.75308365951,3.25749386671,3.25749386665,3.25749386665,3.25749386675,3.25749386675,3.25749386675,1.00880206844,0.9026760478,0,1.28471497282,1.24761096272,1.2847149729,0.86575741624,1.28471497291,1.28471497291,1.7756938536,1.81381524912,1.12245767635,1.75335704595,3.36189962024,3.36189962022,3.36189962022,3.36189962018,3.36189962018,2.51755250384,7.25164283614,7.25164283614,6.03839354314,6.25712520524,7.25164283604,7.25164283604,7.25164283604,7.25164283604,7.25164283594,7.25164283594,6.78973008514,7.25164283594,7.251642835885,7.251642835885,7.25164283587,7.25164283587,7.25164283594,7.25164283594,7.25164283609,7.25164283609,7.2516428361,7.2516428361,7.25164283605,7.25164283605,7.25164283607,7.25164283607,7.25164283605,7.25164283605,7.25164283605,7.25164283614,7.25164283604,7.25164283604,7.25164283605,7.25164283601,7.25164283601,7.25164283612,7.25164283612,7.11598115768,7.251642836141,7.251642836141,7.251642836139,7.251642836139,7.25164283614,7.25164283607,6.79463813817,7.19404983807,7.25164283611,7.22005457992,7.25164283607,7.25164283602,7.25164283602,6.89149584735,7.25164283606,6.81908358226,6.46198973002,7.25164283604,7.25164283604,7.25164283604,7.25164283604,5.52101439584,5.17291393605,5.23476855025,6.89543217964,7.25164283605,6.96203120895,7.25164283564,7.25164283598,7.25164283598,6.63486920585,7.22972348355,7.25164283605,6.54242309865,7.25164283625,7.25164283625,7.25164283595,7.17202023635,7.251642835954,7.251642835954,7.25164283595,7.25164283595,7.25164283595,7.25164283585,7.25164283585,7.25164283585,6.60493371705,7.25164283586,6.90643258842,7.25164283586,7.25164283585,7.251642835987,7.251642835987,7.25164283605,7.251642836,7.251642836,7.251642836052,7.251642836052,7.091318176412,7.197693289592,7.251642836102,7.251642836092,7.251642836014,7.251642836014,7.25164283565,10.82013797244,10.46563674454
"t91",6.75104661878,3.13493350948,3.25749386669,2.75308365945,3.25749386665,3.25749386659,3.25749386659,3.25749386669,3.25749386669,3.25749386669,1.28471497278,1.28471497282,1.28471497282,0,0.3134199699,0.51146044132,0.80238512586,1.22134268253,1.22134268253,1.77569385354,1.81381524906,1.12245767629,1.75335704589,3.36189962018,3.36189962016,3.36189962016,3.36189962012,3.36189962012,2.51755250378,7.25164283608,7.25164283608,6.03839354308,6.25712520518,7.25164283598,7.25164283598,7.25164283598,7.25164283598,7.25164283588,7.25164283588,6.78973008508,7.25164283588,7.251642835825,7.251642835825,7.25164283581,7.25164283581,7.25164283588,7.25164283588,7.25164283603,7.25164283603,7.25164283604,7.25164283604,7.25164283599,7.25164283599,7.25164283601,7.25164283601,7.25164283599,7.25164283599,7.25164283599,7.25164283608,7.25164283598,7.25164283598,7.25164283599,7.25164283595,7.25164283595,7.25164283606,7.25164283606,7.11598115762,7.251642836081,7.251642836081,7.251642836079,7.251642836079,7.25164283608,7.25164283601,6.79463813811,7.19404983801,7.25164283605,7.22005457986,7.25164283601,7.25164283596,7.25164283596,6.89149584729,7.251642836,6.8190835822,6.46198972996,7.25164283598,7.25164283598,7.25164283598,7.25164283598,5.52101439578,5.17291393599,5.23476855019,6.89543217958,7.25164283599,6.96203120889,7.25164283558,7.25164283592,7.25164283592,6.63486920579,7.22972348349,7.25164283599,6.54242309859,7.25164283619,7.25164283619,7.25164283589,7.17202023629,7.251642835894,7.251642835894,7.25164283589,7.25164283589,7.25164283589,7.25164283579,7.25164283579,7.25164283579,6.60493371699,7.2516428358,6.90643258836,7.2516428358,7.25164283579,7.251642835927,7.251642835927,7.25164283599,7.25164283594,7.25164283594,7.251642835992,7.251642835992,7.091318176352,7.197693289532,7.251642836042,7.251642836032,7.251642835954,7.251642835954,7.25164283559,10.82013797238,10.46563674448
"t92",6.71394260868,3.09782949938,3.22038985659,2.71597964935,3.22038985655,3.22038985649,3.22038985649,3.22038985659,3.22038985659,3.22038985659,1.24761096268,1.24761096272,1.24761096272,0.3134199699,0,0.47435643122,0.76528111576,1.18423867243,1.18423867243,1.73858984344,1.77671123896,1.08535366619,1.71625303579,3.32479561008,3.32479561006,3.32479561006,3.32479561002,3.32479561002,2.48044849368,7.21453882598,7.21453882598,6.00128953298,6.22002119508,7.21453882588,7.21453882588,7.21453882588,7.21453882588,7.21453882578,7.21453882578,6.75262607498,7.21453882578,7.214538825725,7.214538825725,7.21453882571,7.21453882571,7.21453882578,7.21453882578,7.21453882593,7.21453882593,7.21453882594,7.21453882594,7.21453882589,7.21453882589,7.21453882591,7.21453882591,7.21453882589,7.21453882589,7.21453882589,7.21453882598,7.21453882588,7.21453882588,7.21453882589,7.21453882585,7.21453882585,7.21453882596,7.21453882596,7.07887714752,7.214538825981,7.214538825981,7.214538825979,7.214538825979,7.21453882598,7.21453882591,6.75753412801,7.15694582791,7.21453882595,7.18295056976,7.21453882591,7.21453882586,7.21453882586,6.85439183719,7.2145388259,6.7819795721,6.42488571986,7.21453882588,7.21453882588,7.21453882588,7.21453882588,5.48391038568,5.13580992589,5.19766454009,6.85832816948,7.21453882589,6.92492719879,7.21453882548,7.21453882582,7.21453882582,6.59776519569,7.19261947339,7.21453882589,6.50531908849,7.21453882609,7.21453882609,7.21453882579,7.13491622619,7.214538825794,7.214538825794,7.21453882579,7.21453882579,7.21453882579,7.21453882569,7.21453882569,7.21453882569,6.56782970689,7.2145388257,6.86932857826,7.2145388257,7.21453882569,7.214538825827,7.214538825827,7.21453882589,7.21453882584,7.21453882584,7.214538825892,7.214538825892,7.054214166252,7.160589279432,7.214538825942,7.214538825932,7.214538825854,7.214538825854,7.21453882549,10.78303396228,10.42853273438
"t85",6.75104661886,3.13493350956,3.25749386677,2.75308365953,3.25749386673,3.25749386667,3.25749386667,3.25749386677,3.25749386677,3.25749386677,1.28471497286,1.2847149729,1.2847149729,0.51146044132,0.47435643122,0,0.80238512594,1.22134268261,1.22134268261,1.77569385362,1.81381524914,1.12245767637,1.75335704597,3.36189962026,3.36189962024,3.36189962024,3.3618996202,3.3618996202,2.51755250386,7.25164283616,7.25164283616,6.03839354316,6.25712520526,7.25164283606,7.25164283606,7.25164283606,7.25164283606,7.25164283596,7.25164283596,6.78973008516,7.25164283596,7.251642835905,7.251642835905,7.25164283589,7.25164283589,7.25164283596,7.25164283596,7.25164283611,7.25164283611,7.25164283612,7.25164283612,7.25164283607,7.25164283607,7.25164283609,7.25164283609,7.25164283607,7.25164283607,7.25164283607,7.25164283616,7.25164283606,7.25164283606,7.25164283607,7.25164283603,7.25164283603,7.25164283614,7.25164283614,7.1159811577,7.251642836161,7.251642836161,7.251642836159,7.251642836159,7.25164283616,7.25164283609,6.79463813819,7.19404983809,7.25164283613,7.22005457994,7.25164283609,7.25164283604,7.25164283604,6.89149584737,7.25164283608,6.81908358228,6.46198973004,7.25164283606,7.25164283606,7.25164283606,7.25164283606,5.52101439586,5.17291393607,5.23476855027,6.89543217966,7.25164283607,6.96203120897,7.25164283566,7.251642836,7.251642836,6.63486920587,7.22972348357,7.25164283607,6.54242309867,7.25164283627,7.25164283627,7.25164283597,7.17202023637,7.251642835974,7.251642835974,7.25164283597,7.25164283597,7.25164283597,7.25164283587,7.25164283587,7.25164283587,6.60493371707,7.25164283588,6.90643258844,7.25164283588,7.25164283587,7.251642836007,7.251642836007,7.25164283607,7.25164283602,7.25164283602,7.251642836072,7.251642836072,7.091318176432,7.197693289612,7.251642836122,7.251642836112,7.251642836034,7.251642836034,7.25164283567,10.82013797246,10.46563674456
"t59",6.3320890622,2.7159759529,2.83853631011,2.33412610287,2.83853631007,2.83853631001,2.83853631001,2.83853631011,2.83853631011,2.83853631011,0.8657574162,0.86575741624,0.86575741624,0.80238512586,0.76528111576,0.80238512594,0,0.45093825835,0.45093825835,1.35673629696,1.39485769248,0.70350011971,1.33439948931,2.9429420636,2.94294206358,2.94294206358,2.94294206354,2.94294206354,2.0985949472,6.8326852795,6.8326852795,5.6194359865,5.8381676486,6.8326852794,6.8326852794,6.8326852794,6.8326852794,6.8326852793,6.8326852793,6.3707725285,6.8326852793,6.832685279245,6.832685279245,6.83268527923,6.83268527923,6.8326852793,6.8326852793,6.83268527945,6.83268527945,6.83268527946,6.83268527946,6.83268527941,6.83268527941,6.83268527943,6.83268527943,6.83268527941,6.83268527941,6.83268527941,6.8326852795,6.8326852794,6.8326852794,6.83268527941,6.83268527937,6.83268527937,6.83268527948,6.83268527948,6.69702360104,6.832685279501,6.832685279501,6.832685279499,6.832685279499,6.8326852795,6.83268527943,6.37568058153,6.77509228143,6.83268527947,6.80109702328,6.83268527943,6.83268527938,6.83268527938,6.47253829071,6.83268527942,6.40012602562,6.04303217338,6.8326852794,6.8326852794,6.8326852794,6.8326852794,5.1020568392,4.75395637941,4.81581099361,6.476474623,6.83268527941,6.54307365231,6.832685279,6.83268527934,6.83268527934,6.21591164921,6.81076592691,6.83268527941,6.12346554201,6.83268527961,6.83268527961,6.83268527931,6.75306267971,6.832685279314,6.832685279314,6.83268527931,6.83268527931,6.83268527931,6.83268527921,6.83268527921,6.83268527921,6.18597616041,6.83268527922,6.48747503178,6.83268527922,6.83268527921,6.832685279347,6.832685279347,6.83268527941,6.83268527936,6.83268527936,6.832685279412,6.832685279412,6.672360619772,6.778735732952,6.832685279462,6.832685279452,6.832685279374,6.832685279374,6.83268527901,10.4011804158,10.0466791879
"t65",6.75104661887,3.13493350957,3.25749386678,2.75308365954,3.25749386674,3.25749386668,3.25749386668,3.25749386678,3.25749386678,3.25749386678,1.28471497287,1.28471497291,1.28471497291,1.22134268253,1.18423867243,1.22134268261,0.45093825835,0,0.7953825888,1.77569385363,1.81381524915,1.12245767638,1.75335704598,3.36189962027,3.36189962025,3.36189962025,3.36189962021,3.36189962021,2.51755250387,7.25164283617,7.25164283617,6.03839354317,6.25712520527,7.25164283607,7.25164283607,7.25164283607,7.25164283607,7.25164283597,7.25164283597,6.78973008517,7.25164283597,7.251642835915,7.251642835915,7.2516428359,7.2516428359,7.25164283597,7.25164283597,7.25164283612,7.25164283612,7.25164283613,7.25164283613,7.25164283608,7.25164283608,7.2516428361,7.2516428361,7.25164283608,7.25164283608,7.25164283608,7.25164283617,7.25164283607,7.25164283607,7.25164283608,7.25164283604,7.25164283604,7.25164283615,7.25164283615,7.11598115771,7.251642836171,7.251642836171,7.251642836169,7.251642836169,7.25164283617,7.2516428361,6.7946381382,7.1940498381,7.25164283614,7.22005457995,7.2516428361,7.25164283605,7.25164283605,6.89149584738,7.25164283609,6.81908358229,6.46198973005,7.25164283607,7.25164283607,7.25164283607,7.25164283607,5.52101439587,5.17291393608,5.23476855028,6.89543217967,7.25164283608,6.96203120898,7.25164283567,7.25164283601,7.25164283601,6.63486920588,7.22972348358,7.25164283608,6.54242309868,7.25164283628,7.25164283628,7.25164283598,7.17202023638,7.251642835984,7.251642835984,7.25164283598,7.25164283598,7.25164283598,7.25164283588,7.25164283588,7.25164283588,6.60493371708,7.25164283589,6.90643258845,7.25164283589,7.25164283588,7.251642836017,7.251642836017,7.25164283608,7.25164283603,7.25164283603,7.251642836082,7.251642836082,7.091318176442,7.197693289622,7.251642836132,7.251642836122,7.251642836044,7.251642836044,7.25164283568,10.82013797247,10.46563674457
"t66",6.75104661887,3.13493350957,3.25749386678,2.75308365954,3.25749386674,3.25749386668,3.25749386668,3.25749386678,3.25749386678,3.25749386678,1.28471497287,1.28471497291,1.28471497291,1.22134268253,1.18423867243,1.22134268261,0.45093825835,0.7953825888,0,1.77569385363,1.81381524915,1.12245767638,1.75335704598,3.36189962027,3.36189962025,3.36189962025,3.36189962021,3.36189962021,2.51755250387,7.25164283617,7.25164283617,6.03839354317,6.25712520527,7.25164283607,7.25164283607,7.25164283607,7.25164283607,7.25164283597,7.25164283597,6.78973008517,7.25164283597,7.251642835915,7.251642835915,7.2516428359,7.2516428359,7.25164283597,7.25164283597,7.25164283612,7.25164283612,7.25164283613,7.25164283613,7.25164283608,7.25164283608,7.2516428361,7.2516428361,7.25164283608,7.25164283608,7.25164283608,7.25164283617,7.25164283607,7.25164283607,7.25164283608,7.25164283604,7.25164283604,7.25164283615,7.25164283615,7.11598115771,7.251642836171,7.251642836171,7.251642836169,7.251642836169,7.25164283617,7.2516428361,6.7946381382,7.1940498381,7.25164283614,7.22005457995,7.2516428361,7.25164283605,7.25164283605,6.89149584738,7.25164283609,6.81908358229,6.46198973005,7.25164283607,7.25164283607,7.25164283607,7.25164283607,5.52101439587,5.17291393608,5.23476855028,6.89543217967,7.25164283608,6.96203120898,7.25164283567,7.25164283601,7.25164283601,6.63486920588,7.22972348358,7.25164283608,6.54242309868,7.25164283628,7.25164283628,7.25164283598,7.17202023638,7.251642835984,7.251642835984,7.25164283598,7.25164283598,7.25164283598,7.25164283588,7.25164283588,7.25164283588,6.60493371708,7.25164283589,6.90643258845,7.25164283589,7.25164283588,7.251642836017,7.251642836017,7.25164283608,7.25164283603,7.25164283603,7.251642836082,7.251642836082,7.091318176442,7.197693289622,7.251642836132,7.251642836122,7.251642836044,7.251642836044,7.25164283568,10.82013797247,10.46563674457
"t110",6.71292522336,3.09681211406,3.21937247127,2.71496226403,3.21937247123,3.21937247117,3.21937247117,3.21937247127,3.21937247127,3.21937247127,1.77569385356,1.7756938536,1.7756938536,1.77569385354,1.73858984344,1.77569385362,1.35673629696,1.77569385363,1.77569385363,0,0.12535877804,1.08433628087,1.71523565047,3.32377822476,3.32377822474,3.32377822474,3.3237782247,3.3237782247,2.47943110836,7.21352144066,7.21352144066,6.00027214766,6.21900380976,7.21352144056,7.21352144056,7.21352144056,7.21352144056,7.21352144046,7.21352144046,6.75160868966,7.21352144046,7.213521440405,7.213521440405,7.21352144039,7.21352144039,7.21352144046,7.21352144046,7.21352144061,7.21352144061,7.21352144062,7.21352144062,7.21352144057,7.21352144057,7.21352144059,7.21352144059,7.21352144057,7.21352144057,7.21352144057,7.21352144066,7.21352144056,7.21352144056,7.21352144057,7.21352144053,7.21352144053,7.21352144064,7.21352144064,7.0778597622,7.213521440661,7.213521440661,7.213521440659,7.213521440659,7.21352144066,7.21352144059,6.75651674269,7.15592844259,7.21352144063,7.18193318444,7.21352144059,7.21352144054,7.21352144054,6.85337445187,7.21352144058,6.78096218678,6.42386833454,7.21352144056,7.21352144056,7.21352144056,7.21352144056,5.48289300036,5.13479254057,5.19664715477,6.85731078416,7.21352144057,6.92390981347,7.21352144016,7.2135214405,7.2135214405,6.59674781037,7.19160208807,7.21352144057,6.50430170317,7.21352144077,7.21352144077,7.21352144047,7.13389884087,7.213521440474,7.213521440474,7.21352144047,7.21352144047,7.21352144047,7.21352144037,7.21352144037,7.21352144037,6.56681232157,7.21352144038,6.86831119294,7.21352144038,7.21352144037,7.213521440507,7.213521440507,7.21352144057,7.21352144052,7.21352144052,7.213521440572,7.213521440572,7.053196780932,7.159571894112,7.213521440622,7.213521440612,7.213521440534,7.213521440534,7.21352144017,10.78201657696,10.42751534906
