"","t66","t67","t106","t107","t87","t88","t65","t132","t143","t144","t23","t8","t62","t93","t94","t75","t61","t135","t136","t86","t41","t42","t78","t79","t38","t56","t121","t122","t29","t18","t44","t50","t51","t133","t134","t131","t71","t22","t59","t60","t123","t124","t53","t76","t77","t89","t90","t81","t115","t116","t20","t45","t73","t74","t47","t108","t109","t82","t83","t127","t128","t40","t111","t137","t138","t46","t39","t10","t11","t1","t5","t6","t3","t2","t125","t126","t110","t52","t43","t32","t28","t30","t31","t48","t49","t36","t85","t104","t105","t25","t19","t34","t35","t4","t57","t58","t95","t112","t113","t114","t100","t101","t91","t92","t68","t96","t97","t37","t98","t99","t14","t102","t103","t24","t9","t54","t55","t26","t12","t69","t70","t141","t142","t84","t33","t139","t140","t129","t130","t72","t15","t13","t80","t119","t120","t117","t118","t27","t21","t7","t63","t64","t16","t17"
"t66",0,1.1640393082,1.2264754862,1.2264754862,4.0401681926,4.0401681926,3.5557865145,4.04016819242,4.04016819242452,4.04016819242452,3.4710239783,5.3718167119,6.065348920477,6.7061970236,6.7061970236,6.7061970236,6.70619702353,6.70619702354,6.70619702354,6.70619702353,6.70619702363,6.15855754773,6.7061970236,6.7061970236,5.7956330344,6.7061970235,6.7061970235,6.7061970235,6.7061970232,5.596059782,6.6139138707,6.70619702376,6.02218355626,6.70619702375,6.70619702375,6.70619702375,6.7061970238,6.7061970234,6.7061970236,6.2819990589,6.7061970237,6.7061970237,6.7061970237,6.4151568825,6.7061970236,6.70619702365,6.70619702365,6.7061970237,6.7061970236,6.7061970236,5.13850406108,6.52637483738,6.70619702362,6.70619702362,6.70619702362,6.70619702363,6.70619702363,6.55401053833,6.70619702363,6.70619702359,6.70619702359,6.70619702363,6.70619702368,6.70619702369,6.70619702369,6.70619702358,6.7061970236,5.863428718,4.7944423742,10.336994206,7.5448164369,6.9291397485,6.1003880777,6.2648276502,10.35698520997,10.35698520997,10.35698520996,10.35698520986,9.98518517756,10.15830269836,10.35698520976,10.24312490396,10.35698520996,10.35698520956,10.35698520956,10.35698520966,10.35698520976,10.35698520976,10.35698520976,10.35698521006,8.87795458346,10.09339320336,10.35698521026,6.37793065035,10.2981359006,10.3569852099,10.3569852098,10.35698520986,10.356985209839,10.356985209839,10.3569852098,10.3569852098,10.356985209802,10.129408939702,10.054070855,10.3569852098,10.3569852098,10.3569852098,10.3569852098,10.3569852098,8.6520085018,10.2190180074,10.263953949,9.3014522786,8.00760923506,9.65860972955,9.72641400286,9.05743553816,8.23626984586,10.35698520986,10.35698520986,10.35698520986,10.35698520986,10.35698520986,10.35698520996,10.35698520999,10.35698520999,10.35698520944,10.35698520944,10.35698520946,8.68096153906,8.77043000726,10.35698521066,10.35698521072,10.35698521072,10.35698521069,10.35698521069,9.88951433406,9.81164362806,7.52241780673,10.35698521013,10.35698521013,9.93762516366,9.62904143866
"t67",1.1640393082,0,1.2264754862,1.2264754862,4.0401681926,4.0401681926,3.5557865145,4.04016819242,4.04016819242452,4.04016819242452,3.4710239783,5.3718167119,6.065348920477,6.7061970236,6.7061970236,6.7061970236,6.70619702353,6.70619702354,6.70619702354,6.70619702353,6.70619702363,6.15855754773,6.7061970236,6.7061970236,5.7956330344,6.7061970235,6.7061970235,6.7061970235,6.7061970232,5.596059782,6.6139138707,6.70619702376,6.02218355626,6.70619702375,6.70619702375,6.70619702375,6.7061970238,6.7061970234,6.7061970236,6.2819990589,6.7061970237,6.7061970237,6.7061970237,6.4151568825,6.7061970236,6.70619702365,6.70619702365,6.7061970237,6.7061970236,6.7061970236,5.13850406108,6.52637483738,6.70619702362,6.70619702362,6.70619702362,6.70619702363,6.70619702363,6.55401053833,6.70619702363,6.70619702359,6.70619702359,6.70619702363,6.70619702368,6.70619702369,6.70619702369,6.70619702358,6.7061970236,5.863428718,4.7944423742,10.336994206,7.5448164369,6.9291397485,6.1003880777,6.2648276502,10.35698520997,10.35698520997,10.35698520996,10.35698520986,9.98518517756,10.15830269836,10.35698520976,10.24312490396,10.35698520996,10.35698520956,10.35698520956,10.35698520966,10.35698520976,10.35698520976,10.35698520976,10.35698521006,8.87795458346,10.09339320336,10.35698521026,6.37793065035,10.2981359006,10.3569852099,10.3569852098,10.35698520986,10.356985209839,10.356985209839,10.3569852098,10.3569852098,10.356985209802,10.129408939702,10.054070855,10.3569852098,10.3569852098,10.3569852098,10.3569852098,10.3569852098,8.6520085018,10.2190180074,10.263953949,9.3014522786,8.00760923506,9.65860972955,9.72641400286,9.05743553816,8.23626984586,10.35698520986,10.35698520986,10.35698520986,10.35698520986,10.35698520986,10.35698520996,10.35698520999,10.35698520999,10.35698520944,10.35698520944,10.35698520946,8.68096153906,8.77043000726,10.35698521066,10.35698521072,10.35698521072,10.35698521069,10.35698521069,9.88951433406,9.81164362806,7.52241780673,10.35698521013,10.35698521013,9.93762516366,9.62904143866
"t106",1.2264754862,1.2264754862,0,0.5792170128,4.0401681926,4.0401681926,3.5557865145,4.04016819242,4.04016819242452,4.04016819242452,3.4710239783,5.3718167119,6.065348920477,6.7061970236,6.7061970236,6.7061970236,6.70619702353,6.70619702354,6.70619702354,6.70619702353,6.70619702363,6.15855754773,6.7061970236,6.7061970236,5.7956330344,6.7061970235,6.7061970235,6.7061970235,6.7061970232,5.596059782,6.6139138707,6.70619702376,6.02218355626,6.70619702375,6.70619702375,6.70619702375,6.7061970238,6.7061970234,6.7061970236,6.2819990589,6.7061970237,6.7061970237,6.7061970237,6.4151568825,6.7061970236,6.70619702365,6.70619702365,6.7061970237,6.7061970236,6.7061970236,5.13850406108,6.52637483738,6.70619702362,6.70619702362,6.70619702362,6.70619702363,6.70619702363,6.55401053833,6.70619702363,6.70619702359,6.70619702359,6.70619702363,6.70619702368,6.70619702369,6.70619702369,6.70619702358,6.7061970236,5.863428718,4.7944423742,10.336994206,7.5448164369,6.9291397485,6.1003880777,6.2648276502,10.35698520997,10.35698520997,10.35698520996,10.35698520986,9.98518517756,10.15830269836,10.35698520976,10.24312490396,10.35698520996,10.35698520956,10.35698520956,10.35698520966,10.35698520976,10.35698520976,10.35698520976,10.35698521006,8.87795458346,10.09339320336,10.35698521026,6.37793065035,10.2981359006,10.3569852099,10.3569852098,10.35698520986,10.356985209839,10.356985209839,10.3569852098,10.3569852098,10.356985209802,10.129408939702,10.054070855,10.3569852098,10.3569852098,10.3569852098,10.3569852098,10.3569852098,8.6520085018,10.2190180074,10.263953949,9.3014522786,8.00760923506,9.65860972955,9.72641400286,9.05743553816,8.23626984586,10.35698520986,10.35698520986,10.35698520986,10.35698520986,10.35698520986,10.35698520996,10.35698520999,10.35698520999,10.35698520944,10.35698520944,10.35698520946,8.68096153906,8.77043000726,10.35698521066,10.35698521072,10.35698521072,10.35698521069,10.35698521069,9.88951433406,9.81164362806,7.52241780673,10.35698521013,10.35698521013,9.93762516366,9.62904143866
"t107",1.2264754862,1.2264754862,0.5792170128,0,4.0401681926,4.0401681926,3.5557865145,4.04016819242,4.04016819242452,4.04016819242452,3.4710239783,5.3718167119,6.065348920477,6.7061970236,6.7061970236,6.7061970236,6.70619702353,6.70619702354,6.70619702354,6.70619702353,6.70619702363,6.15855754773,6.7061970236,6.7061970236,5.7956330344,6.7061970235,6.7061970235,6.7061970235,6.7061970232,5.596059782,6.6139138707,6.70619702376,6.02218355626,6.70619702375,6.70619702375,6.70619702375,6.7061970238,6.7061970234,6.7061970236,6.2819990589,6.7061970237,6.7061970237,6.7061970237,6.4151568825,6.7061970236,6.70619702365,6.70619702365,6.7061970237,6.7061970236,6.7061970236,5.13850406108,6.52637483738,6.70619702362,6.70619702362,6.70619702362,6.70619702363,6.70619702363,6.55401053833,6.70619702363,6.70619702359,6.70619702359,6.70619702363,6.70619702368,6.70619702369,6.70619702369,6.70619702358,6.7061970236,5.863428718,4.7944423742,10.336994206,7.5448164369,6.9291397485,6.1003880777,6.2648276502,10.35698520997,10.35698520997,10.35698520996,10.35698520986,9.98518517756,10.15830269836,10.35698520976,10.24312490396,10.35698520996,10.35698520956,10.35698520956,10.35698520966,10.35698520976,10.35698520976,10.35698520976,10.35698521006,8.87795458346,10.09339320336,10.35698521026,6.37793065035,10.2981359006,10.3569852099,10.3569852098,10.35698520986,10.356985209839,10.356985209839,10.3569852098,10.3569852098,10.356985209802,10.129408939702,10.054070855,10.3569852098,10.3569852098,10.3569852098,10.3569852098,10.3569852098,8.6520085018,10.2190180074,10.263953949,9.3014522786,8.00760923506,9.65860972955,9.72641400286,9.05743553816,8.23626984586,10.35698520986,10.35698520986,10.35698520986,10.35698520986,10.35698520986,10.35698520996,10.35698520999,10.35698520999,10.35698520944,10.35698520944,10.35698520946,8.68096153906,8.77043000726,10.35698521066,10.35698521072,10.35698521072,10.35698521069,10.35698521069,9.88951433406,9.81164362806,7.52241780673,10.35698521013,10.35698521013,9.93762516366,9.62904143866
"t87",4.0401681926,4.0401681926,4.0401681926,4.0401681926,0,0.7392226236,2.3112040875,2.79558576542,2.79558576542452,2.79558576542452,2.7487544103,5.3718167123,6.065348920877,6.706197024,6.706197024,6.706197024,6.70619702393,6.70619702394,6.70619702394,6.70619702393,6.70619702403,6.15855754813,6.706197024,6.706197024,5.7956330348,6.7061970239,6.7061970239,6.7061970239,6.7061970236,5.5960597824,6.6139138711,6.70619702416,6.02218355666,6.70619702415,6.70619702415,6.70619702415,6.7061970242,6.7061970238,6.706197024,6.2819990593,6.7061970241,6.7061970241,6.7061970241,6.4151568829,6.706197024,6.70619702405,6.70619702405,6.7061970241,6.706197024,6.706197024,5.13850406148,6.52637483778,6.70619702402,6.70619702402,6.70619702402,6.70619702403,6.70619702403,6.55401053873,6.70619702403,6.70619702399,6.70619702399,6.70619702403,6.70619702408,6.70619702409,6.70619702409,6.70619702398,6.706197024,5.8634287184,4.7944423746,10.3369942064,7.5448164373,6.9291397489,6.1003880781,6.2648276506,10.35698521037,10.35698521037,10.35698521036,10.35698521026,9.98518517796,10.15830269876,10.35698521016,10.24312490436,10.35698521036,10.35698520996,10.35698520996,10.35698521006,10.35698521016,10.35698521016,10.35698521016,10.35698521046,8.87795458386,10.09339320376,10.35698521066,6.37793065075,10.298135901,10.3569852103,10.3569852102,10.35698521026,10.356985210239,10.356985210239,10.3569852102,10.3569852102,10.356985210202,10.129408940102,10.0540708554,10.3569852102,10.3569852102,10.3569852102,10.3569852102,10.3569852102,8.6520085022,10.2190180078,10.2639539494,9.301452279,8.00760923546,9.65860972995,9.72641400326,9.05743553856,8.23626984626,10.35698521026,10.35698521026,10.35698521026,10.35698521026,10.35698521026,10.35698521036,10.35698521039,10.35698521039,10.35698520984,10.35698520984,10.35698520986,8.68096153946,8.77043000766,10.35698521106,10.35698521112,10.35698521112,10.35698521109,10.35698521109,9.88951433446,9.81164362846,7.52241780713,10.35698521053,10.35698521053,9.93762516406,9.62904143906
"t88",4.0401681926,4.0401681926,4.0401681926,4.0401681926,0.7392226236,0,2.3112040875,2.79558576542,2.79558576542452,2.79558576542452,2.7487544103,5.3718167123,6.065348920877,6.706197024,6.706197024,6.706197024,6.70619702393,6.70619702394,6.70619702394,6.70619702393,6.70619702403,6.15855754813,6.706197024,6.706197024,5.7956330348,6.7061970239,6.7061970239,6.7061970239,6.7061970236,5.5960597824,6.6139138711,6.70619702416,6.02218355666,6.70619702415,6.70619702415,6.70619702415,6.7061970242,6.7061970238,6.706197024,6.2819990593,6.7061970241,6.7061970241,6.7061970241,6.4151568829,6.706197024,6.70619702405,6.70619702405,6.7061970241,6.706197024,6.706197024,5.13850406148,6.52637483778,6.70619702402,6.70619702402,6.70619702402,6.70619702403,6.70619702403,6.55401053873,6.70619702403,6.70619702399,6.70619702399,6.70619702403,6.70619702408,6.70619702409,6.70619702409,6.70619702398,6.706197024,5.8634287184,4.7944423746,10.3369942064,7.5448164373,6.9291397489,6.1003880781,6.2648276506,10.35698521037,10.35698521037,10.35698521036,10.35698521026,9.98518517796,10.15830269876,10.35698521016,10.24312490436,10.35698521036,10.35698520996,10.35698520996,10.35698521006,10.35698521016,10.35698521016,10.35698521016,10.35698521046,8.87795458386,10.09339320376,10.35698521066,6.37793065075,10.298135901,10.3569852103,10.3569852102,10.35698521026,10.356985210239,10.356985210239,10.3569852102,10.3569852102,10.356985210202,10.129408940102,10.0540708554,10.3569852102,10.3569852102,10.3569852102,10.3569852102,10.3569852102,8.6520085022,10.2190180078,10.2639539494,9.301452279,8.00760923546,9.65860972995,9.72641400326,9.05743553856,8.23626984626,10.35698521026,10.35698521026,10.35698521026,10.35698521026,10.35698521026,10.35698521036,10.35698521039,10.35698521039,10.35698520984,10.35698520984,10.35698520986,8.68096153946,8.77043000766,10.35698521106,10.35698521112,10.35698521112,10.35698521109,10.35698521109,9.88951433446,9.81164362846,7.52241780713,10.35698521053,10.35698521053,9.93762516406,9.62904143906
"t65",3.5557865145,3.5557865145,3.5557865145,3.5557865145,2.3112040875,2.3112040875,0,0.71025740212,0.71025740212452,0.71025740212452,2.2643727322,4.8874350342,5.580967242777,6.2218153459,6.2218153459,6.2218153459,6.22181534583,6.22181534584,6.22181534584,6.22181534583,6.22181534593,5.67417587003,6.2218153459,6.2218153459,5.3112513567,6.2218153458,6.2218153458,6.2218153458,6.2218153455,5.1116781043,6.129532193,6.22181534606,5.53780187856,6.22181534605,6.22181534605,6.22181534605,6.2218153461,6.2218153457,6.2218153459,5.7976173812,6.221815346,6.221815346,6.221815346,5.9307752048,6.2218153459,6.22181534595,6.22181534595,6.221815346,6.2218153459,6.2218153459,4.65412238338,6.04199315968,6.22181534592,6.22181534592,6.22181534592,6.22181534593,6.22181534593,6.06962886063,6.22181534593,6.22181534589,6.22181534589,6.22181534593,6.22181534598,6.22181534599,6.22181534599,6.22181534588,6.2218153459,5.3790470403,4.3100606965,9.8526125283,7.0604347592,6.4447580708,5.6160064,5.7804459725,9.87260353227,9.87260353227,9.87260353226,9.87260353216,9.50080349986,9.67392102066,9.87260353206,9.75874322626,9.87260353226,9.87260353186,9.87260353186,9.87260353196,9.87260353206,9.87260353206,9.87260353206,9.87260353236,8.39357290576,9.60901152566,9.87260353256,5.89354897265,9.8137542229,9.8726035322,9.8726035321,9.87260353216,9.872603532139,9.872603532139,9.8726035321,9.8726035321,9.872603532102,9.645027262002,9.5696891773,9.8726035321,9.8726035321,9.8726035321,9.8726035321,9.8726035321,8.1676268241,9.7346363297,9.7795722713,8.8170706009,7.52322755736,9.17422805185,9.24203232516,8.57305386046,7.75188816816,9.87260353216,9.87260353216,9.87260353216,9.87260353216,9.87260353216,9.87260353226,9.87260353229,9.87260353229,9.87260353174,9.87260353174,9.87260353176,8.19657986136,8.28604832956,9.87260353296,9.87260353302,9.87260353302,9.87260353299,9.87260353299,9.40513265636,9.32726195036,7.03803612903,9.87260353243,9.87260353243,9.45324348596,9.14465976096
"t132",4.04016819242,4.04016819242,4.04016819242,4.04016819242,2.79558576542,2.79558576542,0.71025740212,0,0.11319257644452,0.11319257644452,2.74875441012,5.37181671212,6.065348920697,6.70619702382,6.70619702382,6.70619702382,6.70619702375,6.70619702376,6.70619702376,6.70619702375,6.70619702385,6.15855754795,6.70619702382,6.70619702382,5.79563303462,6.70619702372,6.70619702372,6.70619702372,6.70619702342,5.59605978222,6.61391387092,6.70619702398,6.02218355648,6.70619702397,6.70619702397,6.70619702397,6.70619702402,6.70619702362,6.70619702382,6.28199905912,6.70619702392,6.70619702392,6.70619702392,6.41515688272,6.70619702382,6.70619702387,6.70619702387,6.70619702392,6.70619702382,6.70619702382,5.1385040613,6.5263748376,6.70619702384,6.70619702384,6.70619702384,6.70619702385,6.70619702385,6.55401053855,6.70619702385,6.70619702381,6.70619702381,6.70619702385,6.7061970239,6.70619702391,6.70619702391,6.7061970238,6.70619702382,5.86342871822,4.79444237442,10.33699420622,7.54481643712,6.92913974872,6.10038807792,6.26482765042,10.35698521019,10.35698521019,10.35698521018,10.35698521008,9.98518517778,10.15830269858,10.35698520998,10.24312490418,10.35698521018,10.35698520978,10.35698520978,10.35698520988,10.35698520998,10.35698520998,10.35698520998,10.35698521028,8.87795458368,10.09339320358,10.35698521048,6.37793065057,10.29813590082,10.35698521012,10.35698521002,10.35698521008,10.356985210059,10.356985210059,10.35698521002,10.35698521002,10.356985210022,10.129408939922,10.05407085522,10.35698521002,10.35698521002,10.35698521002,10.35698521002,10.35698521002,8.65200850202,10.21901800762,10.26395394922,9.30145227882,8.00760923528,9.65860972977,9.72641400308,9.05743553838,8.23626984608,10.35698521008,10.35698521008,10.35698521008,10.35698521008,10.35698521008,10.35698521018,10.35698521021,10.35698521021,10.35698520966,10.35698520966,10.35698520968,8.68096153928,8.77043000748,10.35698521088,10.35698521094,10.35698521094,10.35698521091,10.35698521091,9.88951433428,9.81164362828,7.52241780695,10.35698521035,10.35698521035,9.93762516388,9.62904143888
"t143",4.04016819242452,4.04016819242452,4.04016819242452,4.04016819242452,2.79558576542452,2.79558576542452,0.71025740212452,0.11319257644452,0,0.00019866924904,2.74875441012452,5.37181671212452,6.06534892070152,6.70619702382452,6.70619702382452,6.70619702382452,6.70619702375452,6.70619702376452,6.70619702376452,6.70619702375452,6.70619702385452,6.15855754795452,6.70619702382452,6.70619702382452,5.79563303462452,6.70619702372452,6.70619702372452,6.70619702372452,6.70619702342452,5.59605978222452,6.61391387092452,6.70619702398452,6.02218355648452,6.70619702397452,6.70619702397452,6.70619702397452,6.70619702402452,6.70619702362452,6.70619702382452,6.28199905912452,6.70619702392452,6.70619702392452,6.70619702392452,6.41515688272452,6.70619702382452,6.70619702387452,6.70619702387452,6.70619702392452,6.70619702382452,6.70619702382452,5.13850406130452,6.52637483760452,6.70619702384452,6.70619702384452,6.70619702384452,6.70619702385452,6.70619702385452,6.55401053855452,6.70619702385452,6.70619702381452,6.70619702381452,6.70619702385452,6.70619702390452,6.70619702391452,6.70619702391452,6.70619702380452,6.70619702382452,5.86342871822452,4.79444237442452,10.3369942062245,7.54481643712452,6.92913974872452,6.10038807792452,6.26482765042452,10.3569852101945,10.3569852101945,10.3569852101845,10.3569852100845,9.98518517778452,10.1583026985845,10.3569852099845,10.2431249041845,10.3569852101845,10.3569852097845,10.3569852097845,10.3569852098845,10.3569852099845,10.3569852099845,10.3569852099845,10.3569852102845,8.87795458368452,10.0933932035845,10.3569852104845,6.37793065057452,10.2981359008245,10.3569852101245,10.3569852100245,10.3569852100845,10.3569852100635,10.3569852100635,10.3569852100245,10.3569852100245,10.3569852100265,10.1294089399265,10.0540708552245,10.3569852100245,10.3569852100245,10.3569852100245,10.3569852100245,10.3569852100245,8.65200850202452,10.2190180076245,10.2639539492245,9.30145227882452,8.00760923528452,9.65860972977452,9.72641400308452,9.05743553838452,8.23626984608452,10.3569852100845,10.3569852100845,10.3569852100845,10.3569852100845,10.3569852100845,10.3569852101845,10.3569852102145,10.3569852102145,10.3569852096645,10.3569852096645,10.3569852096845,8.68096153928452,8.77043000748452,10.3569852108845,10.3569852109445,10.3569852109445,10.3569852109145,10.3569852109145,9.88951433428452,9.81164362828452,7.52241780695452,10.3569852103545,10.3569852103545,9.93762516388452,9.62904143888452
"t144",4.04016819242452,4.04016819242452,4.04016819242452,4.04016819242452,2.79558576542452,2.79558576542452,0.71025740212452,0.11319257644452,0.00019866924904,0,2.74875441012452,5.37181671212452,6.06534892070152,6.70619702382452,6.70619702382452,6.70619702382452,6.70619702375452,6.70619702376452,6.70619702376452,6.70619702375452,6.70619702385452,6.15855754795452,6.70619702382452,6.70619702382452,5.79563303462452,6.70619702372452,6.70619702372452,6.70619702372452,6.70619702342452,5.59605978222452,6.61391387092452,6.70619702398452,6.02218355648452,6.70619702397452,6.70619702397452,6.70619702397452,6.70619702402452,6.70619702362452,6.70619702382452,6.28199905912452,6.70619702392452,6.70619702392452,6.70619702392452,6.41515688272452,6.70619702382452,6.70619702387452,6.70619702387452,6.70619702392452,6.70619702382452,6.70619702382452,5.13850406130452,6.52637483760452,6.70619702384452,6.70619702384452,6.70619702384452,6.70619702385452,6.70619702385452,6.55401053855452,6.70619702385452,6.70619702381452,6.70619702381452,6.70619702385452,6.70619702390452,6.70619702391452,6.70619702391452,6.70619702380452,6.70619702382452,5.86342871822452,4.79444237442452,10.3369942062245,7.54481643712452,6.92913974872452,6.10038807792452,6.26482765042452,10.3569852101945,10.3569852101945,10.3569852101845,10.3569852100845,9.98518517778452,10.1583026985845,10.3569852099845,10.2431249041845,10.3569852101845,10.3569852097845,10.3569852097845,10.3569852098845,10.3569852099845,10.3569852099845,10.3569852099845,10.3569852102845,8.87795458368452,10.0933932035845,10.3569852104845,6.37793065057452,10.2981359008245,10.3569852101245,10.3569852100245,10.3569852100845,10.3569852100635,10.3569852100635,10.3569852100245,10.3569852100245,10.3569852100265,10.1294089399265,10.0540708552245,10.3569852100245,10.3569852100245,10.3569852100245,10.3569852100245,10.3569852100245,8.65200850202452,10.2190180076245,10.2639539492245,9.30145227882452,8.00760923528452,9.65860972977452,9.72641400308452,9.05743553838452,8.23626984608452,10.3569852100845,10.3569852100845,10.3569852100845,10.3569852100845,10.3569852100845,10.3569852101845,10.3569852102145,10.3569852102145,10.3569852096645,10.3569852096645,10.3569852096845,8.68096153928452,8.77043000748452,10.3569852108845,10.3569852109445,10.3569852109445,10.3569852109145,10.3569852109145,9.88951433428452,9.81164362828452,7.52241780695452,10.3569852103545,10.3569852103545,9.93762516388452,9.62904143888452
"t23",3.4710239783,3.4710239783,3.4710239783,3.4710239783,2.7487544103,2.7487544103,2.2643727322,2.74875441012,2.74875441012452,2.74875441012452,0,4.802672498,5.496204706577,6.1370528097,6.1370528097,6.1370528097,6.13705280963,6.13705280964,6.13705280964,6.13705280963,6.13705280973,5.58941333383,6.1370528097,6.1370528097,5.2264888205,6.1370528096,6.1370528096,6.1370528096,6.1370528093,5.0269155681,6.0447696568,6.13705280986,5.45303934236,6.13705280985,6.13705280985,6.13705280985,6.1370528099,6.1370528095,6.1370528097,5.712854845,6.1370528098,6.1370528098,6.1370528098,5.8460126686,6.1370528097,6.13705280975,6.13705280975,6.1370528098,6.1370528097,6.1370528097,4.56935984718,5.95723062348,6.13705280972,6.13705280972,6.13705280972,6.13705280973,6.13705280973,5.98486632443,6.13705280973,6.13705280969,6.13705280969,6.13705280973,6.13705280978,6.13705280979,6.13705280979,6.13705280968,6.1370528097,5.2942845041,4.2252981603,9.7678499921,6.975672223,6.3599955346,5.5312438638,5.6956834363,9.78784099607,9.78784099607,9.78784099606,9.78784099596,9.41604096366,9.58915848446,9.78784099586,9.67398069006,9.78784099606,9.78784099566,9.78784099566,9.78784099576,9.78784099586,9.78784099586,9.78784099586,9.78784099616,8.30881036956,9.52424898946,9.78784099636,5.80878643645,9.7289916867,9.787840996,9.7878409959,9.78784099596,9.787840995939,9.787840995939,9.7878409959,9.7878409959,9.787840995902,9.560264725802,9.4849266411,9.7878409959,9.7878409959,9.7878409959,9.7878409959,9.7878409959,8.0828642879,9.6498737935,9.6948097351,8.7323080647,7.43846502116,9.08946551565,9.15726978896,8.48829132426,7.66712563196,9.78784099596,9.78784099596,9.78784099596,9.78784099596,9.78784099596,9.78784099606,9.78784099609,9.78784099609,9.78784099554,9.78784099554,9.78784099556,8.11181732516,8.20128579336,9.78784099676,9.78784099682,9.78784099682,9.78784099679,9.78784099679,9.32037012016,9.24249941416,6.95327359283,9.78784099623,9.78784099623,9.36848094976,9.05989722476
"t8",5.3718167119,5.3718167119,5.3718167119,5.3718167119,5.3718167123,5.3718167123,4.8874350342,5.37181671212,5.37181671212452,5.37181671212452,4.802672498,0,6.065348920577,6.7061970237,6.7061970237,6.7061970237,6.70619702363,6.70619702364,6.70619702364,6.70619702363,6.70619702373,6.15855754783,6.7061970237,6.7061970237,5.7956330345,6.7061970236,6.7061970236,6.7061970236,6.7061970233,5.5960597821,6.6139138708,6.70619702386,6.02218355636,6.70619702385,6.70619702385,6.70619702385,6.7061970239,6.7061970235,6.7061970237,6.281999059,6.7061970238,6.7061970238,6.7061970238,6.4151568826,6.7061970237,6.70619702375,6.70619702375,6.7061970238,6.7061970237,6.7061970237,5.13850406118,6.52637483748,6.70619702372,6.70619702372,6.70619702372,6.70619702373,6.70619702373,6.55401053843,6.70619702373,6.70619702369,6.70619702369,6.70619702373,6.70619702378,6.70619702379,6.70619702379,6.70619702368,6.7061970237,5.8634287181,4.7944423743,10.3369942061,7.544816437,6.9291397486,6.1003880778,6.2648276503,10.35698521007,10.35698521007,10.35698521006,10.35698520996,9.98518517766,10.15830269846,10.35698520986,10.24312490406,10.35698521006,10.35698520966,10.35698520966,10.35698520976,10.35698520986,10.35698520986,10.35698520986,10.35698521016,8.87795458356,10.09339320346,10.35698521036,6.37793065045,10.2981359007,10.35698521,10.3569852099,10.35698520996,10.356985209939,10.356985209939,10.3569852099,10.3569852099,10.356985209902,10.129408939802,10.0540708551,10.3569852099,10.3569852099,10.3569852099,10.3569852099,10.3569852099,8.6520085019,10.2190180075,10.2639539491,9.3014522787,8.00760923516,9.65860972965,9.72641400296,9.05743553826,8.23626984596,10.35698520996,10.35698520996,10.35698520996,10.35698520996,10.35698520996,10.35698521006,10.35698521009,10.35698521009,10.35698520954,10.35698520954,10.35698520956,8.68096153916,8.77043000736,10.35698521076,10.35698521082,10.35698521082,10.35698521079,10.35698521079,9.88951433416,9.81164362816,7.52241780683,10.35698521023,10.35698521023,9.93762516376,9.62904143876
"t62",6.065348920477,6.065348920477,6.065348920477,6.065348920477,6.065348920877,6.065348920877,5.580967242777,6.065348920697,6.06534892070152,6.06534892070152,5.496204706577,6.065348920577,0,0.657472428277,0.657472428277,0.657472428277,1.904606514607,1.904606514617,1.904606514617,1.904606514607,1.904606514707,1.356967038807,2.371813515277,2.371813515277,1.461249526077,3.370486370377,3.370486370377,3.370486370377,3.370486370077,2.260349128877,4.547099023177,4.639382176237,3.955368708737,4.639382176227,4.639382176227,4.639382176227,4.639382176277,4.639382175877,4.639382176077,4.215184211377,4.639382176177,4.639382176177,4.639382176177,4.348342034977,4.639382176077,4.639382176127,4.639382176127,4.639382176177,4.639382176077,4.639382176077,3.071689213557,4.459559989857,4.639382176097,4.639382176097,4.639382176097,4.639382176107,4.639382176107,4.487195690807,4.639382176107,4.639382176067,4.639382176067,4.639382176107,4.639382176157,4.639382176167,4.639382176167,4.639382176057,4.639382176077,4.226064870477,3.157078526677,9.696146103077,6.903968333977,6.288291645577,5.459539974777,5.623979547277,9.716137107047,9.716137107047,9.716137107037,9.716137106937,9.344337074637,9.517454595437,9.716137106837,9.602276801037,9.716137107037,9.716137106637,9.716137106637,9.716137106737,9.716137106837,9.716137106837,9.716137106837,9.716137107137,8.237106480537,9.452545100437,9.716137107337,5.737082547427,9.657287797677,9.716137106977,9.716137106877,9.716137106937,9.716137106916,9.716137106916,9.716137106877,9.716137106877,9.716137106879,9.488560836779,9.413222752077,9.716137106877,9.716137106877,9.716137106877,9.716137106877,9.716137106877,8.011160398877,9.578169904477,9.623105846077,8.660604175677,7.366761132137,9.017761626627,9.085565899937,8.416587435237,7.595421742937,9.716137106937,9.716137106937,9.716137106937,9.716137106937,9.716137106937,9.716137107037,9.716137107067,9.716137107067,9.716137106517,9.716137106517,9.716137106537,8.040113436137,8.129581904337,9.716137107737,9.716137107797,9.716137107797,9.716137107767,9.716137107767,9.248666231137,9.170795525137,6.881569703807,9.716137107207,9.716137107207,9.296777060737,8.988193335737
"t93",6.7061970236,6.7061970236,6.7061970236,6.7061970236,6.706197024,6.706197024,6.2218153459,6.70619702382,6.70619702382452,6.70619702382452,6.1370528097,6.7061970237,0.657472428277,0,0.6825813516,0.9553728308,2.54545461773,2.54545461774,2.54545461774,2.54545461773,2.54545461783,1.99781514193,3.0126616184,3.0126616184,2.1020976292,4.0113344735,4.0113344735,4.0113344735,4.0113344732,2.901197232,5.1879471263,5.28023027936,4.59621681186,5.28023027935,5.28023027935,5.28023027935,5.2802302794,5.280230279,5.2802302792,4.8560323145,5.2802302793,5.2802302793,5.2802302793,4.9891901381,5.2802302792,5.28023027925,5.28023027925,5.2802302793,5.2802302792,5.2802302792,3.71253731668,5.10040809298,5.28023027922,5.28023027922,5.28023027922,5.28023027923,5.28023027923,5.12804379393,5.28023027923,5.28023027919,5.28023027919,5.28023027923,5.28023027928,5.28023027929,5.28023027929,5.28023027918,5.2802302792,4.8669129736,3.7979266298,10.3369942062,7.5448164371,6.9291397487,6.1003880779,6.2648276504,10.35698521017,10.35698521017,10.35698521016,10.35698521006,9.98518517776,10.15830269856,10.35698520996,10.24312490416,10.35698521016,10.35698520976,10.35698520976,10.35698520986,10.35698520996,10.35698520996,10.35698520996,10.35698521026,8.87795458366,10.09339320356,10.35698521046,6.37793065055,10.2981359008,10.3569852101,10.35698521,10.35698521006,10.356985210039,10.356985210039,10.35698521,10.35698521,10.356985210002,10.129408939902,10.0540708552,10.35698521,10.35698521,10.35698521,10.35698521,10.35698521,8.652008502,10.2190180076,10.2639539492,9.3014522788,8.00760923526,9.65860972975,9.72641400306,9.05743553836,8.23626984606,10.35698521006,10.35698521006,10.35698521006,10.35698521006,10.35698521006,10.35698521016,10.35698521019,10.35698521019,10.35698520964,10.35698520964,10.35698520966,8.68096153926,8.77043000746,10.35698521086,10.35698521092,10.35698521092,10.35698521089,10.35698521089,9.88951433426,9.81164362826,7.52241780693,10.35698521033,10.35698521033,9.93762516386,9.62904143886
"t94",6.7061970236,6.7061970236,6.7061970236,6.7061970236,6.706197024,6.706197024,6.2218153459,6.70619702382,6.70619702382452,6.70619702382452,6.1370528097,6.7061970237,0.657472428277,0.6825813516,0,0.9553728308,2.54545461773,2.54545461774,2.54545461774,2.54545461773,2.54545461783,1.99781514193,3.0126616184,3.0126616184,2.1020976292,4.0113344735,4.0113344735,4.0113344735,4.0113344732,2.901197232,5.1879471263,5.28023027936,4.59621681186,5.28023027935,5.28023027935,5.28023027935,5.2802302794,5.280230279,5.2802302792,4.8560323145,5.2802302793,5.2802302793,5.2802302793,4.9891901381,5.2802302792,5.28023027925,5.28023027925,5.2802302793,5.2802302792,5.2802302792,3.71253731668,5.10040809298,5.28023027922,5.28023027922,5.28023027922,5.28023027923,5.28023027923,5.12804379393,5.28023027923,5.28023027919,5.28023027919,5.28023027923,5.28023027928,5.28023027929,5.28023027929,5.28023027918,5.2802302792,4.8669129736,3.7979266298,10.3369942062,7.5448164371,6.9291397487,6.1003880779,6.2648276504,10.35698521017,10.35698521017,10.35698521016,10.35698521006,9.98518517776,10.15830269856,10.35698520996,10.24312490416,10.35698521016,10.35698520976,10.35698520976,10.35698520986,10.35698520996,10.35698520996,10.35698520996,10.35698521026,8.87795458366,10.09339320356,10.35698521046,6.37793065055,10.2981359008,10.3569852101,10.35698521,10.35698521006,10.356985210039,10.356985210039,10.35698521,10.35698521,10.356985210002,10.129408939902,10.0540708552,10.35698521,10.35698521,10.35698521,10.35698521,10.35698521,8.652008502,10.2190180076,10.2639539492,9.3014522788,8.00760923526,9.65860972975,9.72641400306,9.05743553836,8.23626984606,10.35698521006,10.35698521006,10.35698521006,10.35698521006,10.35698521006,10.35698521016,10.35698521019,10.35698521019,10.35698520964,10.35698520964,10.35698520966,8.68096153926,8.77043000746,10.35698521086,10.35698521092,10.35698521092,10.35698521089,10.35698521089,9.88951433426,9.81164362826,7.52241780693,10.35698521033,10.35698521033,9.93762516386,9.62904143886
"t75",6.7061970236,6.7061970236,6.7061970236,6.7061970236,6.706197024,6.706197024,6.2218153459,6.70619702382,6.70619702382452,6.70619702382452,6.1370528097,6.7061970237,0.657472428277,0.9553728308,0.9553728308,0,2.54545461773,2.54545461774,2.54545461774,2.54545461773,2.54545461783,1.99781514193,3.0126616184,3.0126616184,2.1020976292,4.0113344735,4.0113344735,4.0113344735,4.0113344732,2.901197232,5.1879471263,5.28023027936,4.59621681186,5.28023027935,5.28023027935,5.28023027935,5.2802302794,5.280230279,5.2802302792,4.8560323145,5.2802302793,5.2802302793,5.2802302793,4.9891901381,5.2802302792,5.28023027925,5.28023027925,5.2802302793,5.2802302792,5.2802302792,3.71253731668,5.10040809298,5.28023027922,5.28023027922,5.28023027922,5.28023027923,5.28023027923,5.12804379393,5.28023027923,5.28023027919,5.28023027919,5.28023027923,5.28023027928,5.28023027929,5.28023027929,5.28023027918,5.2802302792,4.8669129736,3.7979266298,10.3369942062,7.5448164371,6.9291397487,6.1003880779,6.2648276504,10.35698521017,10.35698521017,10.35698521016,10.35698521006,9.98518517776,10.15830269856,10.35698520996,10.24312490416,10.35698521016,10.35698520976,10.35698520976,10.35698520986,10.35698520996,10.35698520996,10.35698520996,10.35698521026,8.87795458366,10.09339320356,10.35698521046,6.37793065055,10.2981359008,10.3569852101,10.35698521,10.35698521006,10.356985210039,10.356985210039,10.35698521,10.35698521,10.356985210002,10.129408939902,10.0540708552,10.35698521,10.35698521,10.35698521,10.35698521,10.35698521,8.652008502,10.2190180076,10.2639539492,9.3014522788,8.00760923526,9.65860972975,9.72641400306,9.05743553836,8.23626984606,10.35698521006,10.35698521006,10.35698521006,10.35698521006,10.35698521006,10.35698521016,10.35698521019,10.35698521019,10.35698520964,10.35698520964,10.35698520966,8.68096153926,8.77043000746,10.35698521086,10.35698521092,10.35698521092,10.35698521089,10.35698521089,9.88951433426,9.81164362826,7.52241780693,10.35698521033,10.35698521033,9.93762516386,9.62904143886
"t61",6.70619702353,6.70619702353,6.70619702353,6.70619702353,6.70619702393,6.70619702393,6.22181534583,6.70619702375,6.70619702375452,6.70619702375452,6.13705280963,6.70619702363,1.904606514607,2.54545461773,2.54545461773,2.54545461773,0,1.34915751661,1.34915751661,1.3491575166,2.4591482255,1.9115087496,3.01266161833,3.01266161833,2.10209762913,4.01133447343,4.01133447343,4.01133447343,4.01133447313,2.90119723193,5.18794712623,5.28023027929,4.59621681179,5.28023027928,5.28023027928,5.28023027928,5.28023027933,5.28023027893,5.28023027913,4.85603231443,5.28023027923,5.28023027923,5.28023027923,4.98919013803,5.28023027913,5.28023027918,5.28023027918,5.28023027923,5.28023027913,5.28023027913,3.71253731661,5.10040809291,5.28023027915,5.28023027915,5.28023027915,5.28023027916,5.28023027916,5.12804379386,5.28023027916,5.28023027912,5.28023027912,5.28023027916,5.28023027921,5.28023027922,5.28023027922,5.28023027911,5.28023027913,4.86691297353,3.79792662973,10.33699420613,7.54481643703,6.92913974863,6.10038807783,6.26482765033,10.3569852101,10.3569852101,10.35698521009,10.35698520999,9.98518517769,10.15830269849,10.35698520989,10.24312490409,10.35698521009,10.35698520969,10.35698520969,10.35698520979,10.35698520989,10.35698520989,10.35698520989,10.35698521019,8.87795458359,10.09339320349,10.35698521039,6.37793065048,10.29813590073,10.35698521003,10.35698520993,10.35698520999,10.356985209969,10.356985209969,10.35698520993,10.35698520993,10.356985209932,10.129408939832,10.05407085513,10.35698520993,10.35698520993,10.35698520993,10.35698520993,10.35698520993,8.65200850193,10.21901800753,10.26395394913,9.30145227873,8.00760923519,9.65860972968,9.72641400299,9.05743553829,8.23626984599,10.35698520999,10.35698520999,10.35698520999,10.35698520999,10.35698520999,10.35698521009,10.35698521012,10.35698521012,10.35698520957,10.35698520957,10.35698520959,8.68096153919,8.77043000739,10.35698521079,10.35698521085,10.35698521085,10.35698521082,10.35698521082,9.88951433419,9.81164362819,7.52241780686,10.35698521026,10.35698521026,9.93762516379,9.62904143879
"t135",6.70619702354,6.70619702354,6.70619702354,6.70619702354,6.70619702394,6.70619702394,6.22181534584,6.70619702376,6.70619702376452,6.70619702376452,6.13705280964,6.70619702364,1.904606514617,2.54545461774,2.54545461774,2.54545461774,1.34915751661,0,0.07554229102,0.79337825641,2.45914822551,1.91150874961,3.01266161834,3.01266161834,2.10209762914,4.01133447344,4.01133447344,4.01133447344,4.01133447314,2.90119723194,5.18794712624,5.2802302793,4.5962168118,5.28023027929,5.28023027929,5.28023027929,5.28023027934,5.28023027894,5.28023027914,4.85603231444,5.28023027924,5.28023027924,5.28023027924,4.98919013804,5.28023027914,5.28023027919,5.28023027919,5.28023027924,5.28023027914,5.28023027914,3.71253731662,5.10040809292,5.28023027916,5.28023027916,5.28023027916,5.28023027917,5.28023027917,5.12804379387,5.28023027917,5.28023027913,5.28023027913,5.28023027917,5.28023027922,5.28023027923,5.28023027923,5.28023027912,5.28023027914,4.86691297354,3.79792662974,10.33699420614,7.54481643704,6.92913974864,6.10038807784,6.26482765034,10.35698521011,10.35698521011,10.3569852101,10.35698521,9.9851851777,10.1583026985,10.3569852099,10.2431249041,10.3569852101,10.3569852097,10.3569852097,10.3569852098,10.3569852099,10.3569852099,10.3569852099,10.3569852102,8.8779545836,10.0933932035,10.3569852104,6.37793065049,10.29813590074,10.35698521004,10.35698520994,10.35698521,10.356985209979,10.356985209979,10.35698520994,10.35698520994,10.356985209942,10.129408939842,10.05407085514,10.35698520994,10.35698520994,10.35698520994,10.35698520994,10.35698520994,8.65200850194,10.21901800754,10.26395394914,9.30145227874,8.0076092352,9.65860972969,9.726414003,9.0574355383,8.236269846,10.35698521,10.35698521,10.35698521,10.35698521,10.35698521,10.3569852101,10.35698521013,10.35698521013,10.35698520958,10.35698520958,10.3569852096,8.6809615392,8.7704300074,10.3569852108,10.35698521086,10.35698521086,10.35698521083,10.35698521083,9.8895143342,9.8116436282,7.52241780687,10.35698521027,10.35698521027,9.9376251638,9.6290414388
