"","t68","t69","t35","t58","t100","t111","t112","t14","t24","t98","t99","t19","t23","t40","t144","t145","t88","t64","t103","t110","t124","t125","t94","t95","t26","t54","t67","t146","t147","t119","t31","t37","t38","t39","t128","t129","t140","t141","t18","t3","t85","t114","t120","t121","t15","t13","t9","t51","t52","t32","t106","t107","t87","t92","t93","t57","t117","t118","t113","t126","t127","t86","t65","t66","t108","t109","t53","t59","t60","t150","t151","t96","t41","t42","t79","t135","t136","t137","t132","t142","t143","t82","t47","t48","t11","t10","t55","t56","t7","t4","t83","t84","t72","t17","t122","t123","t36","t73","t74","t46","t49","t50","t80","t81","t63","t33","t34","t21","t22","t70","t71","t61","t102","t104","t105","t138","t139","t101","t115","t116","t43","t27","t28","t16","t148","t149","t97","t76","t90","t91","t75","t89","t133","t134","t130","t131","t12","t29","t30","t20","t8","t6","t5","t62","t77","t78","t25","t44","t45","t1","t2"
"t68",0,1.365351352,2.8667456083,2.8667456081,2.68984547106,2.8358826071,2.8667456081,2.6407315061,3.76746477,4.29635220934,4.37241394605,3.0898196691,6.63607829487,7.89818354674,8.23158112697,8.23158112697,8.23158112694,8.23158112694,8.23158112704,8.23158112705,8.23158112707,8.23158112707,8.23158112707,8.23158112707,7.64375835057,8.23158112697,8.23158112697,8.23158112693,8.23158112693,8.23158112697,7.45845138877,8.23158112665,7.20600413349,8.23158112719,8.23158112697,8.23158112697,8.23158112691,8.23158112691,6.8304819532,5.3337738932,8.92664574354,9.19076395454,9.19076395454,9.19076395454,9.19076395524,9.19076395509,7.647194068334,9.009058830234,9.190763954834,9.190763955134,9.190763954904,9.190763954904,9.190763954904,9.190763954884,9.190763954884,9.190763954984,9.110481817384,9.190763955014,9.190763955014,9.190763954994,9.190763954994,9.190763954914,8.890855860114,9.190763954924,9.190763954924,9.190763954924,8.694175896784,9.190763954974,8.986362825574,9.190763954838,9.190763954838,8.972920955034,9.190763954924,8.282293926636,9.190763954936,9.190763954966,9.190763954967,9.190763954967,9.190763954924,9.190763954914,9.190763954914,9.190763954824,9.190763954824,9.190763954824,7.546014160734,6.97185394517,9.19076395483,8.40755291252,9.190763955,5.8894626162,9.0026645158,9.1907639551,9.1907639552,9.1907639545,9.19076395551,9.19076395551,9.19076395551,8.58512696608,9.19076395522,9.19076395552,8.29334602151,8.66196490661,9.19076395518,9.19076395518,9.19076395518,8.01483704141,8.2683153964,9.1907639549,9.1907639549,9.11410827082,9.19076395532,9.19076395492,9.04496882878,9.190763954986,9.190763954986,9.19076395496,9.19076395496,9.19076395495,9.19076395495,9.19076395495,8.74840787972,9.19076395542,7.800100726,8.14310043302,9.19076395516,9.19076395516,9.19076395522,8.87166736092,9.19076395452,9.19076395452,9.1907639545,9.1907639545,9.1907639545,9.1907639545,9.19076395453,9.19076395453,7.65139861512,7.82580532877,8.30551128132,7.60614748802,8.50382581822,6.91841688972,6.29485151515,9.19076395505,8.77492686785,9.19076395505,8.05835523335,8.99651073415,9.19076395525,5.80285566762,6.3514434918
"t69",1.365351352,0,2.8667456083,2.8667456081,2.68984547106,2.8358826071,2.8667456081,2.6407315061,3.76746477,4.29635220934,4.37241394605,3.0898196691,6.63607829487,7.89818354674,8.23158112697,8.23158112697,8.23158112694,8.23158112694,8.23158112704,8.23158112705,8.23158112707,8.23158112707,8.23158112707,8.23158112707,7.64375835057,8.23158112697,8.23158112697,8.23158112693,8.23158112693,8.23158112697,7.45845138877,8.23158112665,7.20600413349,8.23158112719,8.23158112697,8.23158112697,8.23158112691,8.23158112691,6.8304819532,5.3337738932,8.92664574354,9.19076395454,9.19076395454,9.19076395454,9.19076395524,9.19076395509,7.647194068334,9.009058830234,9.190763954834,9.190763955134,9.190763954904,9.190763954904,9.190763954904,9.190763954884,9.190763954884,9.190763954984,9.110481817384,9.190763955014,9.190763955014,9.190763954994,9.190763954994,9.190763954914,8.890855860114,9.190763954924,9.190763954924,9.190763954924,8.694175896784,9.190763954974,8.986362825574,9.190763954838,9.190763954838,8.972920955034,9.190763954924,8.282293926636,9.190763954936,9.190763954966,9.190763954967,9.190763954967,9.190763954924,9.190763954914,9.190763954914,9.190763954824,9.190763954824,9.190763954824,7.546014160734,6.97185394517,9.19076395483,8.40755291252,9.190763955,5.8894626162,9.0026645158,9.1907639551,9.1907639552,9.1907639545,9.19076395551,9.19076395551,9.19076395551,8.58512696608,9.19076395522,9.19076395552,8.29334602151,8.66196490661,9.19076395518,9.19076395518,9.19076395518,8.01483704141,8.2683153964,9.1907639549,9.1907639549,9.11410827082,9.19076395532,9.19076395492,9.04496882878,9.190763954986,9.190763954986,9.19076395496,9.19076395496,9.19076395495,9.19076395495,9.19076395495,8.74840787972,9.19076395542,7.800100726,8.14310043302,9.19076395516,9.19076395516,9.19076395522,8.87166736092,9.19076395452,9.19076395452,9.1907639545,9.1907639545,9.1907639545,9.1907639545,9.19076395453,9.19076395453,7.65139861512,7.82580532877,8.30551128132,7.60614748802,8.50382581822,6.91841688972,6.29485151515,9.19076395505,8.77492686785,9.19076395505,8.05835523335,8.99651073415,9.19076395525,5.80285566762,6.3514434918
"t35",2.8667456083,2.8667456083,0,2.5051138118,2.32821367476,2.4742508108,2.5051138118,2.6407315064,3.7674647703,4.29635220964,4.37241394635,3.0898196694,6.63607829517,7.89818354704,8.23158112727,8.23158112727,8.23158112724,8.23158112724,8.23158112734,8.23158112735,8.23158112737,8.23158112737,8.23158112737,8.23158112737,7.64375835087,8.23158112727,8.23158112727,8.23158112723,8.23158112723,8.23158112727,7.45845138907,8.23158112695,7.20600413379,8.23158112749,8.23158112727,8.23158112727,8.23158112721,8.23158112721,6.8304819535,5.3337738935,8.92664574384,9.19076395484,9.19076395484,9.19076395484,9.19076395554,9.19076395539,7.647194068634,9.009058830534,9.190763955134,9.190763955434,9.190763955204,9.190763955204,9.190763955204,9.190763955184,9.190763955184,9.190763955284,9.110481817684,9.190763955314,9.190763955314,9.190763955294,9.190763955294,9.190763955214,8.890855860414,9.190763955224,9.190763955224,9.190763955224,8.694175897084,9.190763955274,8.986362825874,9.190763955138,9.190763955138,8.972920955334,9.190763955224,8.282293926936,9.190763955236,9.190763955266,9.190763955267,9.190763955267,9.190763955224,9.190763955214,9.190763955214,9.190763955124,9.190763955124,9.190763955124,7.546014161034,6.97185394547,9.19076395513,8.40755291282,9.1907639553,5.8894626165,9.0026645161,9.1907639554,9.1907639555,9.1907639548,9.19076395581,9.19076395581,9.19076395581,8.58512696638,9.19076395552,9.19076395582,8.29334602181,8.66196490691,9.19076395548,9.19076395548,9.19076395548,8.01483704171,8.2683153967,9.1907639552,9.1907639552,9.11410827112,9.19076395562,9.19076395522,9.04496882908,9.190763955286,9.190763955286,9.19076395526,9.19076395526,9.19076395525,9.19076395525,9.19076395525,8.74840788002,9.19076395572,7.8001007263,8.14310043332,9.19076395546,9.19076395546,9.19076395552,8.87166736122,9.19076395482,9.19076395482,9.1907639548,9.1907639548,9.1907639548,9.1907639548,9.19076395483,9.19076395483,7.65139861542,7.82580532907,8.30551128162,7.60614748832,8.50382581852,6.91841689002,6.29485151545,9.19076395535,8.77492686815,9.19076395535,8.05835523365,8.99651073445,9.19076395555,5.80285566792,6.3514434921
"t58",2.8667456081,2.8667456081,2.5051138118,0,1.51729033316,1.6633274692,1.6941904702,2.6407315062,3.7674647701,4.29635220944,4.37241394615,3.0898196692,6.63607829497,7.89818354684,8.23158112707,8.23158112707,8.23158112704,8.23158112704,8.23158112714,8.23158112715,8.23158112717,8.23158112717,8.23158112717,8.23158112717,7.64375835067,8.23158112707,8.23158112707,8.23158112703,8.23158112703,8.23158112707,7.45845138887,8.23158112675,7.20600413359,8.23158112729,8.23158112707,8.23158112707,8.23158112701,8.23158112701,6.8304819533,5.3337738933,8.92664574364,9.19076395464,9.19076395464,9.19076395464,9.19076395534,9.19076395519,7.647194068434,9.009058830334,9.190763954934,9.190763955234,9.190763955004,9.190763955004,9.190763955004,9.190763954984,9.190763954984,9.190763955084,9.110481817484,9.190763955114,9.190763955114,9.190763955094,9.190763955094,9.190763955014,8.890855860214,9.190763955024,9.190763955024,9.190763955024,8.694175896884,9.190763955074,8.986362825674,9.190763954938,9.190763954938,8.972920955134,9.190763955024,8.282293926736,9.190763955036,9.190763955066,9.190763955067,9.190763955067,9.190763955024,9.190763955014,9.190763955014,9.190763954924,9.190763954924,9.190763954924,7.546014160834,6.97185394527,9.19076395493,8.40755291262,9.1907639551,5.8894626163,9.0026645159,9.1907639552,9.1907639553,9.1907639546,9.19076395561,9.19076395561,9.19076395561,8.58512696618,9.19076395532,9.19076395562,8.29334602161,8.66196490671,9.19076395528,9.19076395528,9.19076395528,8.01483704151,8.2683153965,9.190763955,9.190763955,9.11410827092,9.19076395542,9.19076395502,9.04496882888,9.190763955086,9.190763955086,9.19076395506,9.19076395506,9.19076395505,9.19076395505,9.19076395505,8.74840787982,9.19076395552,7.8001007261,8.14310043312,9.19076395526,9.19076395526,9.19076395532,8.87166736102,9.19076395462,9.19076395462,9.1907639546,9.1907639546,9.1907639546,9.1907639546,9.19076395463,9.19076395463,7.65139861522,7.82580532887,8.30551128142,7.60614748812,8.50382581832,6.91841688982,6.29485151525,9.19076395515,8.77492686795,9.19076395515,8.05835523345,8.99651073425,9.19076395535,5.80285566772,6.3514434919
"t100",2.68984547106,2.68984547106,2.32821367476,1.51729033316,0,0.34192590036,0.37278890136,2.46383136916,3.59056463306,4.1194520724,4.19551380911,2.91291953216,6.45917815793,7.7212834098,8.05468099003,8.05468099003,8.05468099,8.05468099,8.0546809901,8.05468099011,8.05468099013,8.05468099013,8.05468099013,8.05468099013,7.46685821363,8.05468099003,8.05468099003,8.05468098999,8.05468098999,8.05468099003,7.28155125183,8.05468098971,7.02910399655,8.05468099025,8.05468099003,8.05468099003,8.05468098997,8.05468098997,6.65358181626,5.15687375626,8.7497456066,9.0138638176,9.0138638176,9.0138638176,9.0138638183,9.01386381815,7.470293931394,8.832158693294,9.013863817894,9.013863818194,9.013863817964,9.013863817964,9.013863817964,9.013863817944,9.013863817944,9.013863818044,8.933581680444,9.013863818074,9.013863818074,9.013863818054,9.013863818054,9.013863817974,8.713955723174,9.013863817984,9.013863817984,9.013863817984,8.517275759844,9.013863818034,8.809462688634,9.013863817898,9.013863817898,8.796020818094,9.013863817984,8.105393789696,9.013863817996,9.013863818026,9.013863818027,9.013863818027,9.013863817984,9.013863817974,9.013863817974,9.013863817884,9.013863817884,9.013863817884,7.369114023794,6.79495380823,9.01386381789,8.23065277558,9.01386381806,5.71256247926,8.82576437886,9.01386381816,9.01386381826,9.01386381756,9.01386381857,9.01386381857,9.01386381857,8.40822682914,9.01386381828,9.01386381858,8.11644588457,8.48506476967,9.01386381824,9.01386381824,9.01386381824,7.83793690447,8.09141525946,9.01386381796,9.01386381796,8.93720813388,9.01386381838,9.01386381798,8.86806869184,9.013863818046,9.013863818046,9.01386381802,9.01386381802,9.01386381801,9.01386381801,9.01386381801,8.57150774278,9.01386381848,7.62320058906,7.96620029608,9.01386381822,9.01386381822,9.01386381828,8.69476722398,9.01386381758,9.01386381758,9.01386381756,9.01386381756,9.01386381756,9.01386381756,9.01386381759,9.01386381759,7.47449847818,7.64890519183,8.12861114438,7.42924735108,8.32692568128,6.74151675278,6.11795137821,9.01386381811,8.59802673091,9.01386381811,7.88145509641,8.81961059721,9.01386381831,5.62595553068,6.17454335486
"t111",2.8358826071,2.8358826071,2.4742508108,1.6633274692,0.34192590036,0,0.306130576,2.6098685052,3.7366017691,4.26548920844,4.34155094515,3.0589566682,6.60521529397,7.86732054584,8.20071812607,8.20071812607,8.20071812604,8.20071812604,8.20071812614,8.20071812615,8.20071812617,8.20071812617,8.20071812617,8.20071812617,7.61289534967,8.20071812607,8.20071812607,8.20071812603,8.20071812603,8.20071812607,7.42758838787,8.20071812575,7.17514113259,8.20071812629,8.20071812607,8.20071812607,8.20071812601,8.20071812601,6.7996189523,5.3029108923,8.89578274264,9.15990095364,9.15990095364,9.15990095364,9.15990095434,9.15990095419,7.616331067434,8.978195829334,9.159900953934,9.159900954234,9.159900954004,9.159900954004,9.159900954004,9.159900953984,9.159900953984,9.159900954084,9.079618816484,9.159900954114,9.159900954114,9.159900954094,9.159900954094,9.159900954014,8.859992859214,9.159900954024,9.159900954024,9.159900954024,8.663312895884,9.159900954074,8.955499824674,9.159900953938,9.159900953938,8.942057954134,9.159900954024,8.251430925736,9.159900954036,9.159900954066,9.159900954067,9.159900954067,9.159900954024,9.159900954014,9.159900954014,9.159900953924,9.159900953924,9.159900953924,7.515151159834,6.94099094427,9.15990095393,8.37668991162,9.1599009541,5.8585996153,8.9718015149,9.1599009542,9.1599009543,9.1599009536,9.15990095461,9.15990095461,9.15990095461,8.55426396518,9.15990095432,9.15990095462,8.26248302061,8.63110190571,9.15990095428,9.15990095428,9.15990095428,7.98397404051,8.2374523955,9.159900954,9.159900954,9.08324526992,9.15990095442,9.15990095402,9.01410582788,9.159900954086,9.159900954086,9.15990095406,9.15990095406,9.15990095405,9.15990095405,9.15990095405,8.71754487882,9.15990095452,7.7692377251,8.11223743212,9.15990095426,9.15990095426,9.15990095432,8.84080436002,9.15990095362,9.15990095362,9.1599009536,9.1599009536,9.1599009536,9.1599009536,9.15990095363,9.15990095363,7.62053561422,7.79494232787,8.27464828042,7.57528448712,8.47296281732,6.88755388882,6.26398851425,9.15990095415,8.74406386695,9.15990095415,8.02749223245,8.96564773325,9.15990095435,5.77199266672,6.3205804909
"t112",2.8667456081,2.8667456081,2.5051138118,1.6941904702,0.37278890136,0.306130576,0,2.6407315062,3.7674647701,4.29635220944,4.37241394615,3.0898196692,6.63607829497,7.89818354684,8.23158112707,8.23158112707,8.23158112704,8.23158112704,8.23158112714,8.23158112715,8.23158112717,8.23158112717,8.23158112717,8.23158112717,7.64375835067,8.23158112707,8.23158112707,8.23158112703,8.23158112703,8.23158112707,7.45845138887,8.23158112675,7.20600413359,8.23158112729,8.23158112707,8.23158112707,8.23158112701,8.23158112701,6.8304819533,5.3337738933,8.92664574364,9.19076395464,9.19076395464,9.19076395464,9.19076395534,9.19076395519,7.647194068434,9.009058830334,9.190763954934,9.190763955234,9.190763955004,9.190763955004,9.190763955004,9.190763954984,9.190763954984,9.190763955084,9.110481817484,9.190763955114,9.190763955114,9.190763955094,9.190763955094,9.190763955014,8.890855860214,9.190763955024,9.190763955024,9.190763955024,8.694175896884,9.190763955074,8.986362825674,9.190763954938,9.190763954938,8.972920955134,9.190763955024,8.282293926736,9.190763955036,9.190763955066,9.190763955067,9.190763955067,9.190763955024,9.190763955014,9.190763955014,9.190763954924,9.190763954924,9.190763954924,7.546014160834,6.97185394527,9.19076395493,8.40755291262,9.1907639551,5.8894626163,9.0026645159,9.1907639552,9.1907639553,9.1907639546,9.19076395561,9.19076395561,9.19076395561,8.58512696618,9.19076395532,9.19076395562,8.29334602161,8.66196490671,9.19076395528,9.19076395528,9.19076395528,8.01483704151,8.2683153965,9.190763955,9.190763955,9.11410827092,9.19076395542,9.19076395502,9.04496882888,9.190763955086,9.190763955086,9.19076395506,9.19076395506,9.19076395505,9.19076395505,9.19076395505,8.74840787982,9.19076395552,7.8001007261,8.14310043312,9.19076395526,9.19076395526,9.19076395532,8.87166736102,9.19076395462,9.19076395462,9.1907639546,9.1907639546,9.1907639546,9.1907639546,9.19076395463,9.19076395463,7.65139861522,7.82580532887,8.30551128142,7.60614748812,8.50382581832,6.91841688982,6.29485151525,9.19076395515,8.77492686795,9.19076395515,8.05835523345,8.99651073425,9.19076395535,5.80285566772,6.3514434919
"t14",2.6407315061,2.6407315061,2.6407315064,2.6407315062,2.46383136916,2.6098685052,2.6407315062,0,1.5642774701,2.09316490944,2.16922664615,0.8866323692,4.72374424957,5.98584950144,6.31924708167,6.31924708167,6.31924708164,6.31924708164,6.31924708174,6.31924708175,6.31924708177,6.31924708177,6.31924708177,6.31924708177,5.73142430527,6.31924708167,6.31924708167,6.31924708163,6.31924708163,6.31924708167,5.54611734347,6.31924708135,5.29367008819,6.31924708189,6.31924708167,6.31924708167,6.31924708161,6.31924708161,4.9181479079,3.4214398479,7.01431169824,7.27842990924,7.27842990924,7.27842990924,7.27842990994,7.27842990979,5.734860023034,7.096724784934,7.278429909534,7.278429909834,7.278429909604,7.278429909604,7.278429909604,7.278429909584,7.278429909584,7.278429909684,7.198147772084,7.278429909714,7.278429909714,7.278429909694,7.278429909694,7.278429909614,6.978521814814,7.278429909624,7.278429909624,7.278429909624,6.781841851484,7.278429909674,7.074028780274,7.278429909538,7.278429909538,7.060586909734,7.278429909624,6.369959881336,7.278429909636,7.278429909666,7.278429909667,7.278429909667,7.278429909624,7.278429909614,7.278429909614,7.278429909524,7.278429909524,7.278429909524,5.633680115434,5.05951989987,7.27842990953,6.49521886722,7.2784299097,3.9771285709,7.0903304705,7.2784299098,7.2784299099,7.2784299092,7.27842991021,7.27842991021,7.27842991021,6.67279292078,7.27842990992,7.27842991022,6.38101197621,6.74963086131,7.27842990988,7.27842990988,7.27842990988,6.10250299611,6.3559813511,7.2784299096,7.2784299096,7.20177422552,7.27842991002,7.27842990962,7.13263478348,7.278429909686,7.278429909686,7.27842990966,7.27842990966,7.27842990965,7.27842990965,7.27842990965,6.83607383442,7.27842991012,5.8877666807,6.23076638772,7.27842990986,7.27842990986,7.27842990992,6.95933331562,7.27842990922,7.27842990922,7.2784299092,7.2784299092,7.2784299092,7.2784299092,7.27842990923,7.27842990923,5.73906456982,5.91347128347,6.39317723602,5.69381344272,6.59149177292,5.00608284442,4.38251746985,7.27842990975,6.86259282255,7.27842990975,6.14602118805,7.08417668885,7.27842990995,3.89052162232,4.4391094465
"t24",3.76746477,3.76746477,3.7674647703,3.7674647701,3.59056463306,3.7366017691,3.7674647701,1.5642774701,0,2.11523150074,2.19129323745,1.4571284521,5.85047751347,7.11258276534,7.44598034557,7.44598034557,7.44598034554,7.44598034554,7.44598034564,7.44598034565,7.44598034567,7.44598034567,7.44598034567,7.44598034567,6.85815756917,7.44598034557,7.44598034557,7.44598034553,7.44598034553,7.44598034557,6.67285060737,7.44598034525,6.42040335209,7.44598034579,7.44598034557,7.44598034557,7.44598034551,7.44598034551,6.0448811718,4.5481731118,8.14104496214,8.40516317314,8.40516317314,8.40516317314,8.40516317384,8.40516317369,6.861593286934,8.223458048834,8.405163173434,8.405163173734,8.405163173504,8.405163173504,8.405163173504,8.405163173484,8.405163173484,8.405163173584,8.324881035984,8.405163173614,8.405163173614,8.405163173594,8.405163173594,8.405163173514,8.105255078714,8.405163173524,8.405163173524,8.405163173524,7.908575115384,8.405163173574,8.200762044174,8.405163173438,8.405163173438,8.187320173634,8.405163173524,7.496693145236,8.405163173536,8.405163173566,8.405163173567,8.405163173567,8.405163173524,8.405163173514,8.405163173514,8.405163173424,8.405163173424,8.405163173424,6.760413379334,6.18625316377,8.40516317343,7.62195213112,8.4051631736,5.1038618348,8.2170637344,8.4051631737,8.4051631738,8.4051631731,8.40516317411,8.40516317411,8.40516317411,7.79952618468,8.40516317382,8.40516317412,7.50774524011,7.87636412521,8.40516317378,8.40516317378,8.40516317378,7.22923626001,7.482714615,8.4051631735,8.4051631735,8.32850748942,8.40516317392,8.40516317352,8.25936804738,8.405163173586,8.405163173586,8.40516317356,8.40516317356,8.40516317355,8.40516317355,8.40516317355,7.96280709832,8.40516317402,7.0144999446,7.35749965162,8.40516317376,8.40516317376,8.40516317382,8.08606657952,8.40516317312,8.40516317312,8.4051631731,8.4051631731,8.4051631731,8.4051631731,8.40516317313,8.40516317313,6.86579783372,7.04020454737,7.51991049992,6.82054670662,7.71822503682,6.13281610832,5.50925073375,8.40516317365,7.98932608645,8.40516317365,7.27275445195,8.21090995275,8.40516317385,5.01725488622,5.5658427104
"t98",4.29635220934,4.29635220934,4.29635220964,4.29635220944,4.1194520724,4.26548920844,4.29635220944,2.09316490944,2.11523150074,0,0.11442046479,1.98601589144,6.37936495281,7.64147020468,7.97486778491,7.97486778491,7.97486778488,7.97486778488,7.97486778498,7.97486778499,7.97486778501,7.97486778501,7.97486778501,7.97486778501,7.38704500851,7.97486778491,7.97486778491,7.97486778487,7.97486778487,7.97486778491,7.20173804671,7.97486778459,6.94929079143,7.97486778513,7.97486778491,7.97486778491,7.97486778485,7.97486778485,6.57376861114,5.07706055114,8.66993240148,8.93405061248,8.93405061248,8.93405061248,8.93405061318,8.93405061303,7.390480726274,8.752345488174,8.934050612774,8.934050613074,8.934050612844,8.934050612844,8.934050612844,8.934050612824,8.934050612824,8.934050612924,8.853768475324,8.934050612954,8.934050612954,8.934050612934,8.934050612934,8.934050612854,8.634142518054,8.934050612864,8.934050612864,8.934050612864,8.437462554724,8.934050612914,8.729649483514,8.934050612778,8.934050612778,8.716207612974,8.934050612864,8.025580584576,8.934050612876,8.934050612906,8.934050612907,8.934050612907,8.934050612864,8.934050612854,8.934050612854,8.934050612764,8.934050612764,8.934050612764,7.289300818674,6.71514060311,8.93405061277,8.15083957046,8.93405061294,5.63274927414,8.74595117374,8.93405061304,8.93405061314,8.93405061244,8.93405061345,8.93405061345,8.93405061345,8.32841362402,8.93405061316,8.93405061346,8.03663267945,8.40525156455,8.93405061312,8.93405061312,8.93405061312,7.75812369935,8.01160205434,8.93405061284,8.93405061284,8.85739492876,8.93405061326,8.93405061286,8.78825548672,8.934050612926,8.934050612926,8.9340506129,8.9340506129,8.93405061289,8.93405061289,8.93405061289,8.49169453766,8.93405061336,7.54338738394,7.88638709096,8.9340506131,8.9340506131,8.93405061316,8.61495401886,8.93405061246,8.93405061246,8.93405061244,8.93405061244,8.93405061244,8.93405061244,8.93405061247,8.93405061247,7.39468527306,7.56909198671,8.04879793926,7.34943414596,8.24711247616,6.66170354766,6.03813817309,8.93405061299,8.51821352579,8.93405061299,7.80164189129,8.73979739209,8.93405061319,5.54614232556,6.09473014974
"t99",4.37241394605,4.37241394605,4.37241394635,4.37241394615,4.19551380911,4.34155094515,4.37241394615,2.16922664615,2.19129323745,0.11442046479,0,2.06207762815,6.45542668952,7.71753194139,8.05092952162,8.05092952162,8.05092952159,8.05092952159,8.05092952169,8.0509295217,8.05092952172,8.05092952172,8.05092952172,8.05092952172,7.46310674522,8.05092952162,8.05092952162,8.05092952158,8.05092952158,8.05092952162,7.27779978342,8.0509295213,7.02535252814,8.05092952184,8.05092952162,8.05092952162,8.05092952156,8.05092952156,6.64983034785,5.15312228785,8.74599413819,9.01011234919,9.01011234919,9.01011234919,9.01011234989,9.01011234974,7.466542462984,8.828407224884,9.010112349484,9.010112349784,9.010112349554,9.010112349554,9.010112349554,9.010112349534,9.010112349534,9.010112349634,8.929830212034,9.010112349664,9.010112349664,9.010112349644,9.010112349644,9.010112349564,8.710204254764,9.010112349574,9.010112349574,9.010112349574,8.513524291434,9.010112349624,8.805711220224,9.010112349488,9.010112349488,8.792269349684,9.010112349574,8.101642321286,9.010112349586,9.010112349616,9.010112349617,9.010112349617,9.010112349574,9.010112349564,9.010112349564,9.010112349474,9.010112349474,9.010112349474,7.365362555384,6.79120233982,9.01011234948,8.22690130717,9.01011234965,5.70881101085,8.82201291045,9.01011234975,9.01011234985,9.01011234915,9.01011235016,9.01011235016,9.01011235016,8.40447536073,9.01011234987,9.01011235017,8.11269441616,8.48131330126,9.01011234983,9.01011234983,9.01011234983,7.83418543606,8.08766379105,9.01011234955,9.01011234955,8.93345666547,9.01011234997,9.01011234957,8.86431722343,9.010112349636,9.010112349636,9.01011234961,9.01011234961,9.0101123496,9.0101123496,9.0101123496,8.56775627437,9.01011235007,7.61944912065,7.96244882767,9.01011234981,9.01011234981,9.01011234987,8.69101575557,9.01011234917,9.01011234917,9.01011234915,9.01011234915,9.01011234915,9.01011234915,9.01011234918,9.01011234918,7.47074700977,7.64515372342,8.12485967597,7.42549588267,8.32317421287,6.73776528437,6.1141999098,9.0101123497,8.5942752625,9.0101123497,7.877703628,8.8158591288,9.0101123499,5.62220406227,6.17079188645
"t19",3.0898196691,3.0898196691,3.0898196694,3.0898196692,2.91291953216,3.0589566682,3.0898196692,0.8866323692,1.4571284521,1.98601589144,2.06207762815,0,5.17283241257,6.43493766444,6.76833524467,6.76833524467,6.76833524464,6.76833524464,6.76833524474,6.76833524475,6.76833524477,6.76833524477,6.76833524477,6.76833524477,6.18051246827,6.76833524467,6.76833524467,6.76833524463,6.76833524463,6.76833524467,5.99520550647,6.76833524435,5.74275825119,6.76833524489,6.76833524467,6.76833524467,6.76833524461,6.76833524461,5.3672360709,3.8705280109,7.46339986124,7.72751807224,7.72751807224,7.72751807224,7.72751807294,7.72751807279,6.183948186034,7.545812947934,7.727518072534,7.727518072834,7.727518072604,7.727518072604,7.727518072604,7.727518072584,7.727518072584,7.727518072684,7.647235935084,7.727518072714,7.727518072714,7.727518072694,7.727518072694,7.727518072614,7.427609977814,7.727518072624,7.727518072624,7.727518072624,7.230930014484,7.727518072674,7.523116943274,7.727518072538,7.727518072538,7.509675072734,7.727518072624,6.819048044336,7.727518072636,7.727518072666,7.727518072667,7.727518072667,7.727518072624,7.727518072614,7.727518072614,7.727518072524,7.727518072524,7.727518072524,6.082768278434,5.50860806287,7.72751807253,6.94430703022,7.7275180727,4.4262167339,7.5394186335,7.7275180728,7.7275180729,7.7275180722,7.72751807321,7.72751807321,7.72751807321,7.12188108378,7.72751807292,7.72751807322,6.83010013921,7.19871902431,7.72751807288,7.72751807288,7.72751807288,6.55159115911,6.8050695141,7.7275180726,7.7275180726,7.65086238852,7.72751807302,7.72751807262,7.58172294648,7.727518072686,7.727518072686,7.72751807266,7.72751807266,7.72751807265,7.72751807265,7.72751807265,7.28516199742,7.72751807312,6.3368548437,6.67985455072,7.72751807286,7.72751807286,7.72751807292,7.40842147862,7.72751807222,7.72751807222,7.7275180722,7.7275180722,7.7275180722,7.7275180722,7.72751807223,7.72751807223,6.18815273282,6.36255944647,6.84226539902,6.14290160572,7.04057993592,5.45517100742,4.83160563285,7.72751807275,7.31168098555,7.72751807275,6.59510935105,7.53326485185,7.72751807295,4.33960978532,4.8881976095
"t23",6.63607829487,6.63607829487,6.63607829517,6.63607829497,6.45917815793,6.60521529397,6.63607829497,4.72374424957,5.85047751347,6.37936495281,6.45542668952,5.17283241257,0,1.52659928007,1.8599968603,1.8599968603,1.85999686027,1.85999686027,1.85999686037,1.85999686038,1.8599968604,1.8599968604,1.8599968604,1.8599968604,1.2721740839,1.8599968603,1.8599968603,1.85999686026,1.85999686026,1.8599968603,1.4944950965,2.26762483438,1.24204784122,2.26762483492,2.2676248347,2.2676248347,2.26762483464,2.26762483464,0.99943711427,2.45744023227,7.33114291101,7.59526112201,7.59526112201,7.59526112201,7.59526112271,7.59526112256,6.051691235804,7.413555997704,7.595261122304,7.595261122604,7.595261122374,7.595261122374,7.595261122374,7.595261122354,7.595261122354,7.595261122454,7.514978984854,7.595261122484,7.595261122484,7.595261122464,7.595261122464,7.595261122384,7.295353027584,7.595261122394,7.595261122394,7.595261122394,7.098673064254,7.595261122444,7.390859993044,7.595261122308,7.595261122308,7.377418122504,7.595261122394,6.686791094106,7.595261122406,7.595261122436,7.595261122437,7.595261122437,7.595261122394,7.595261122384,7.595261122384,7.595261122294,7.595261122294,7.595261122294,5.950511328204,5.37635111264,7.5952611223,6.81205007999,7.59526112247,4.29395978367,7.40716168327,7.59526112257,7.59526112267,7.59526112197,7.59526112298,7.59526112298,7.59526112298,6.98962413355,7.59526112269,7.59526112299,6.69784318898,7.06646207408,7.59526112265,7.59526112265,7.59526112265,6.41933420888,6.67281256387,7.59526112237,7.59526112237,7.51860543829,7.59526112279,7.59526112239,7.44946599625,7.595261122456,7.595261122456,7.59526112243,7.59526112243,7.59526112242,7.59526112242,7.59526112242,7.15290504719,7.59526112289,6.20459789347,6.54759760049,7.59526112263,7.59526112263,7.59526112269,7.27616452839,7.59526112199,7.59526112199,7.59526112197,7.59526112197,7.59526112197,7.59526112197,7.595261122,7.595261122,6.05589578259,6.23030249624,6.71000844879,6.01064465549,6.90832298569,5.32291405719,4.69934868262,7.59526112252,7.17942403532,7.59526112252,6.46285240082,7.40100790162,7.59526112272,4.20735283509,4.75594065927
"t40",7.89818354674,7.89818354674,7.89818354704,7.89818354684,7.7212834098,7.86732054584,7.89818354684,5.98584950144,7.11258276534,7.64147020468,7.71753194139,6.43493766444,1.52659928007,0,1.92282504863,1.92282504863,1.9228250486,2.7725106642,2.7725106643,2.77251066431,2.77251066433,2.77251066433,2.77251066433,2.77251066433,2.29640975197,2.88423252837,2.88423252837,2.88423252833,2.88423252833,2.88423252837,2.75660034837,3.52973008625,2.50415309309,3.52973008679,3.52973008657,3.52973008657,3.52973008651,3.52973008651,2.26154236614,3.71954548414,8.59324816288,8.85736637388,8.85736637388,8.85736637388,8.85736637458,8.85736637443,7.313796487674,8.675661249574,8.857366374174,8.857366374474,8.857366374244,8.857366374244,8.857366374244,8.857366374224,8.857366374224,8.857366374324,8.777084236724,8.857366374354,8.857366374354,8.857366374334,8.857366374334,8.857366374254,8.557458279454,8.857366374264,8.857366374264,8.857366374264,8.360778316124,8.857366374314,8.652965244914,8.857366374178,8.857366374178,8.639523374374,8.857366374264,7.948896345976,8.857366374276,8.857366374306,8.857366374307,8.857366374307,8.857366374264,8.857366374254,8.857366374254,8.857366374164,8.857366374164,8.857366374164,7.212616580074,6.63845636451,8.85736637417,8.07415533186,8.85736637434,5.55606503554,8.66926693514,8.85736637444,8.85736637454,8.85736637384,8.85736637485,8.85736637485,8.85736637485,8.25172938542,8.85736637456,8.85736637486,7.95994844085,8.32856732595,8.85736637452,8.85736637452,8.85736637452,7.68143946075,7.93491781574,8.85736637424,8.85736637424,8.78071069016,8.85736637466,8.85736637426,8.71157124812,8.857366374326,8.857366374326,8.8573663743,8.8573663743,8.85736637429,8.85736637429,8.85736637429,8.41501029906,8.85736637476,7.46670314534,7.80970285236,8.8573663745,8.8573663745,8.85736637456,8.53826978026,8.85736637386,8.85736637386,8.85736637384,8.85736637384,8.85736637384,8.85736637384,8.85736637387,8.85736637387,7.31800103446,7.49240774811,7.97211370066,7.27274990736,8.17042823756,6.58501930906,5.96145393449,8.85736637439,8.44152928719,8.85736637439,7.72495765269,8.66311315349,8.85736637459,5.46945808696,6.01804591114
"t144",8.23158112697,8.23158112697,8.23158112727,8.23158112707,8.05468099003,8.20071812607,8.23158112707,6.31924708167,7.44598034557,7.97486778491,8.05092952162,6.76833524467,1.8599968603,1.92282504863,0,0.06462253906,0.89484353843,3.10590824443,3.10590824453,3.10590824454,3.10590824456,3.10590824456,3.10590824456,3.10590824456,2.6298073322,3.2176301086,3.2176301086,3.21763010856,3.21763010856,3.2176301086,3.0899979286,3.86312766648,2.83755067332,3.86312766702,3.8631276668,3.8631276668,3.86312766674,3.86312766674,2.59493994637,4.05294306437,8.92664574311,9.19076395411,9.19076395411,9.19076395411,9.19076395481,9.19076395466,7.647194067904,9.009058829804,9.190763954404,9.190763954704,9.190763954474,9.190763954474,9.190763954474,9.190763954454,9.190763954454,9.190763954554,9.110481816954,9.190763954584,9.190763954584,9.190763954564,9.190763954564,9.190763954484,8.890855859684,9.190763954494,9.190763954494,9.190763954494,8.694175896354,9.190763954544,8.986362825144,9.190763954408,9.190763954408,8.972920954604,9.190763954494,8.282293926206,9.190763954506,9.190763954536,9.190763954537,9.190763954537,9.190763954494,9.190763954484,9.190763954484,9.190763954394,9.190763954394,9.190763954394,7.546014160304,6.97185394474,9.1907639544,8.40755291209,9.19076395457,5.88946261577,9.00266451537,9.19076395467,9.19076395477,9.19076395407,9.19076395508,9.19076395508,9.19076395508,8.58512696565,9.19076395479,9.19076395509,8.29334602108,8.66196490618,9.19076395475,9.19076395475,9.19076395475,8.01483704098,8.26831539597,9.19076395447,9.19076395447,9.11410827039,9.19076395489,9.19076395449,9.04496882835,9.190763954556,9.190763954556,9.19076395453,9.19076395453,9.19076395452,9.19076395452,9.19076395452,8.74840787929,9.19076395499,7.80010072557,8.14310043259,9.19076395473,9.19076395473,9.19076395479,8.87166736049,9.19076395409,9.19076395409,9.19076395407,9.19076395407,9.19076395407,9.19076395407,9.1907639541,9.1907639541,7.65139861469,7.82580532834,8.30551128089,7.60614748759,8.50382581779,6.91841688929,6.29485151472,9.19076395462,8.77492686742,9.19076395462,8.05835523292,8.99651073372,9.19076395482,5.80285566719,6.35144349137
"t145",8.23158112697,8.23158112697,8.23158112727,8.23158112707,8.05468099003,8.20071812607,8.23158112707,6.31924708167,7.44598034557,7.97486778491,8.05092952162,6.76833524467,1.8599968603,1.92282504863,0.06462253906,0,0.89484353843,3.10590824443,3.10590824453,3.10590824454,3.10590824456,3.10590824456,3.10590824456,3.10590824456,2.6298073322,3.2176301086,3.2176301086,3.21763010856,3.21763010856,3.2176301086,3.0899979286,3.86312766648,2.83755067332,3.86312766702,3.8631276668,3.8631276668,3.86312766674,3.86312766674,2.59493994637,4.05294306437,8.92664574311,9.19076395411,9.19076395411,9.19076395411,9.19076395481,9.19076395466,7.647194067904,9.009058829804,9.190763954404,9.190763954704,9.190763954474,9.190763954474,9.190763954474,9.190763954454,9.190763954454,9.190763954554,9.110481816954,9.190763954584,9.190763954584,9.190763954564,9.190763954564,9.190763954484,8.890855859684,9.190763954494,9.190763954494,9.190763954494,8.694175896354,9.190763954544,8.986362825144,9.190763954408,9.190763954408,8.972920954604,9.190763954494,8.282293926206,9.190763954506,9.190763954536,9.190763954537,9.190763954537,9.190763954494,9.190763954484,9.190763954484,9.190763954394,9.190763954394,9.190763954394,7.546014160304,6.97185394474,9.1907639544,8.40755291209,9.19076395457,5.88946261577,9.00266451537,9.19076395467,9.19076395477,9.19076395407,9.19076395508,9.19076395508,9.19076395508,8.58512696565,9.19076395479,9.19076395509,8.29334602108,8.66196490618,9.19076395475,9.19076395475,9.19076395475,8.01483704098,8.26831539597,9.19076395447,9.19076395447,9.11410827039,9.19076395489,9.19076395449,9.04496882835,9.190763954556,9.190763954556,9.19076395453,9.19076395453,9.19076395452,9.19076395452,9.19076395452,8.74840787929,9.19076395499,7.80010072557,8.14310043259,9.19076395473,9.19076395473,9.19076395479,8.87166736049,9.19076395409,9.19076395409,9.19076395407,9.19076395407,9.19076395407,9.19076395407,9.1907639541,9.1907639541,7.65139861469,7.82580532834,8.30551128089,7.60614748759,8.50382581779,6.91841688929,6.29485151472,9.19076395462,8.77492686742,9.19076395462,8.05835523292,8.99651073372,9.19076395482,5.80285566719,6.35144349137
"t88",8.23158112694,8.23158112694,8.23158112724,8.23158112704,8.05468099,8.20071812604,8.23158112704,6.31924708164,7.44598034554,7.97486778488,8.05092952159,6.76833524464,1.85999686027,1.9228250486,0.89484353843,0.89484353843,0,3.1059082444,3.1059082445,3.10590824451,3.10590824453,3.10590824453,3.10590824453,3.10590824453,2.62980733217,3.21763010857,3.21763010857,3.21763010853,3.21763010853,3.21763010857,3.08999792857,3.86312766645,2.83755067329,3.86312766699,3.86312766677,3.86312766677,3.86312766671,3.86312766671,2.59493994634,4.05294306434,8.92664574308,9.19076395408,9.19076395408,9.19076395408,9.19076395478,9.19076395463,7.647194067874,9.009058829774,9.190763954374,9.190763954674,9.190763954444,9.190763954444,9.190763954444,9.190763954424,9.190763954424,9.190763954524,9.110481816924,9.190763954554,9.190763954554,9.190763954534,9.190763954534,9.190763954454,8.890855859654,9.190763954464,9.190763954464,9.190763954464,8.694175896324,9.190763954514,8.986362825114,9.190763954378,9.190763954378,8.972920954574,9.190763954464,8.282293926176,9.190763954476,9.190763954506,9.190763954507,9.190763954507,9.190763954464,9.190763954454,9.190763954454,9.190763954364,9.190763954364,9.190763954364,7.546014160274,6.97185394471,9.19076395437,8.40755291206,9.19076395454,5.88946261574,9.00266451534,9.19076395464,9.19076395474,9.19076395404,9.19076395505,9.19076395505,9.19076395505,8.58512696562,9.19076395476,9.19076395506,8.29334602105,8.66196490615,9.19076395472,9.19076395472,9.19076395472,8.01483704095,8.26831539594,9.19076395444,9.19076395444,9.11410827036,9.19076395486,9.19076395446,9.04496882832,9.190763954526,9.190763954526,9.1907639545,9.1907639545,9.19076395449,9.19076395449,9.19076395449,8.74840787926,9.19076395496,7.80010072554,8.14310043256,9.1907639547,9.1907639547,9.19076395476,8.87166736046,9.19076395406,9.19076395406,9.19076395404,9.19076395404,9.19076395404,9.19076395404,9.19076395407,9.19076395407,7.65139861466,7.82580532831,8.30551128086,7.60614748756,8.50382581776,6.91841688926,6.29485151469,9.19076395459,8.77492686739,9.19076395459,8.05835523289,8.99651073369,9.19076395479,5.80285566716,6.35144349134
"t64",8.23158112694,8.23158112694,8.23158112724,8.23158112704,8.05468099,8.20071812604,8.23158112704,6.31924708164,7.44598034554,7.97486778488,8.05092952159,6.76833524464,1.85999686027,2.7725106642,3.10590824443,3.10590824443,3.1059082444,0,1.5110706289,1.51107062891,1.51107062893,1.51107062893,1.51107062893,1.51107062893,2.62980733217,3.21763010857,3.21763010857,3.21763010853,3.21763010853,3.21763010857,3.08999792857,3.86312766645,2.83755067329,3.86312766699,3.86312766677,3.86312766677,3.86312766671,3.86312766671,2.59493994634,4.05294306434,8.92664574308,9.19076395408,9.19076395408,9.19076395408,9.19076395478,9.19076395463,7.647194067874,9.009058829774,9.190763954374,9.190763954674,9.190763954444,9.190763954444,9.190763954444,9.190763954424,9.190763954424,9.190763954524,9.110481816924,9.190763954554,9.190763954554,9.190763954534,9.190763954534,9.190763954454,8.890855859654,9.190763954464,9.190763954464,9.190763954464,8.694175896324,9.190763954514,8.986362825114,9.190763954378,9.190763954378,8.972920954574,9.190763954464,8.282293926176,9.190763954476,9.190763954506,9.190763954507,9.190763954507,9.190763954464,9.190763954454,9.190763954454,9.190763954364,9.190763954364,9.190763954364,7.546014160274,6.97185394471,9.19076395437,8.40755291206,9.19076395454,5.88946261574,9.00266451534,9.19076395464,9.19076395474,9.19076395404,9.19076395505,9.19076395505,9.19076395505,8.58512696562,9.19076395476,9.19076395506,8.29334602105,8.66196490615,9.19076395472,9.19076395472,9.19076395472,8.01483704095,8.26831539594,9.19076395444,9.19076395444,9.11410827036,9.19076395486,9.19076395446,9.04496882832,9.190763954526,9.190763954526,9.1907639545,9.1907639545,9.19076395449,9.19076395449,9.19076395449,8.74840787926,9.19076395496,7.80010072554,8.14310043256,9.1907639547,9.1907639547,9.19076395476,8.87166736046,9.19076395406,9.19076395406,9.19076395404,9.19076395404,9.19076395404,9.19076395404,9.19076395407,9.19076395407,7.65139861466,7.82580532831,8.30551128086,7.60614748756,8.50382581776,6.91841688926,6.29485151469,9.19076395459,8.77492686739,9.19076395459,8.05835523289,8.99651073369,9.19076395479,5.80285566716,6.35144349134
