"","t22","t23","t7","t47","t130","t131","t87","t120","t121","t94","t2","t138","t139","t75","t88","t89","t21","t17","t12","t8","t9","t34","t35","t15","t76","t77","t126","t127","t16","t26","t27","t66","t122","t123","t72","t54","t4","t29","t36","t37","t11","t56","t102","t103","t41","t42","t38","t140","t141","t134","t135","t48","t30","t50","t81","t82","t55","t106","t107","t28","t18","t33","t39","t40","t73","t110","t111","t78","t13","t68","t69","t90","t144","t145","t53","t96","t97","t43","t112","t113","t80","t52","t62","t63","t108","t109","t46","t24","t44","t45","t5","t100","t101","t98","t99","t64","t118","t119","t19","t20","t14","t114","t115","t116","t117","t74","t49","t124","t125","t10","t60","t92","t93","t58","t61","t83","t84","t67","t91","t128","t129","t59","t51","t132","t133","t57","t85","t86","t79","t65","t70","t71","t136","t137","t104","t105","t95","t25","t31","t32","t142","t143","t6","t3","t1"
"t22",0,1.9514505085,3.4249252691,5.5183277249,5.51832772529,5.51832772529,5.5183277253,5.5183277253,5.5183277253,5.5183277253,4.26148238204,7.31870239956,7.31870239956,7.31870239944,7.31870239944,7.31870239944,6.02600154404,7.31870239944,7.31870239954,5.22393411718,5.83583490438,6.13187821458,7.31870239878,5.29489861342,7.31870239908,7.31870239908,7.31870239908,7.31870239908,6.07299646852,5.96573160252,6.07513446272,6.87158871708,7.31870239922,7.31870239922,7.31870239922,7.31870239928,4.46429831318,6.43383473247,7.16136158967,7.31870239867,5.54497116247,7.31870239851,7.31870239851,7.31870239851,6.43748793659,7.31870239879,7.31870239919,7.31870239892,7.31870239892,7.31870239892,7.31870239892,7.31870239889,6.52791376391,7.31870239896,7.31870239885,7.31870239885,6.79875334365,7.31870239886,7.31870239886,7.31870239886,5.69072903896,5.908122021017,6.25768304367,7.31870239884,6.82074532016,7.318702399,7.318702399,7.318702399,7.31870239892,7.31870239902,7.31870239902,7.31870239892,7.3187023988999,7.3187023988999,7.31870239892,7.31870239892,7.31870239892,6.54264581302,7.31870239882,7.31870239882,7.31870239892,7.31870239892,7.02372221722,7.31870239922,7.27052695047,7.31870239887,6.96642830237,7.31870239857,6.7759479534,6.7527013149,4.49074069293,7.31870239856,7.31870239856,7.31870239936,7.31870239936,7.14239287706,7.31870239886,7.31870239886,7.31870239916,6.19505180206,7.31870239863,7.31870239883,7.31870239883,7.31870239893,7.31870239893,7.03255520433,6.76474861083,7.31870239863,7.31870239863,5.14678244605,7.31870239889,7.31870239889,7.31870239889,7.31870239884,7.31870239885,7.31870239883,7.31870239883,7.31870239883,7.21566286255,7.31870239896,7.31870239896,7.31870239885,6.88283069143,7.31870239887,7.31870239887,7.28954557203,7.31870239894,7.31870239894,7.31870239896,7.31870239896,7.31870239893,7.00851466103,7.31870239902,7.31870239902,7.31870239901,7.31870239901,7.0146833202,6.71465936117,7.11741481527,7.31870239927,7.318702398956,7.318702398956,5.04535091247,4.06306968477,6.0974607552
"t23",1.9514505085,0,1.8688819116,3.9622843674,3.96228436779,3.96228436779,3.9622843678,3.9622843678,3.9622843678,3.9622843678,2.70543902454,5.76265904206,5.76265904206,5.76265904194,5.76265904194,5.76265904194,4.46995818654,5.76265904194,5.76265904204,3.66789075968,4.27979154688,4.57583485708,5.76265904128,3.73885525592,5.76265904158,5.76265904158,5.76265904158,5.76265904158,4.51695311102,4.40968824502,4.51909110522,5.31554535958,5.76265904172,5.76265904172,5.76265904172,5.76265904178,2.90825495568,4.87779137497,5.60531823217,5.76265904117,3.98892780497,5.76265904101,5.76265904101,5.76265904101,4.88144457909,5.76265904129,5.76265904169,5.76265904142,5.76265904142,5.76265904142,5.76265904142,5.76265904139,4.97187040641,5.76265904146,5.76265904135,5.76265904135,5.24270998615,5.76265904136,5.76265904136,5.76265904136,4.13468568146,4.352078663517,4.70163968617,5.76265904134,5.26470196266,5.7626590415,5.7626590415,5.7626590415,5.76265904142,5.76265904152,5.76265904152,5.76265904142,5.7626590413999,5.7626590413999,5.76265904142,5.76265904142,5.76265904142,4.98660245552,5.76265904132,5.76265904132,5.76265904142,5.76265904142,5.46767885972,5.76265904172,5.71448359297,5.76265904137,5.41038494487,5.76265904107,5.2199045959,5.1966579574,2.93469733543,5.76265904106,5.76265904106,5.76265904186,5.76265904186,5.58634951956,5.76265904136,5.76265904136,5.76265904166,4.63900844456,5.76265904113,5.76265904133,5.76265904133,5.76265904143,5.76265904143,5.47651184683,5.20870525333,5.76265904113,5.76265904113,3.59073908855,5.76265904139,5.76265904139,5.76265904139,5.76265904134,5.76265904135,5.76265904133,5.76265904133,5.76265904133,5.65961950505,5.76265904146,5.76265904146,5.76265904135,5.32678733393,5.76265904137,5.76265904137,5.73350221453,5.76265904144,5.76265904144,5.76265904146,5.76265904146,5.76265904143,5.45247130353,5.76265904152,5.76265904152,5.76265904151,5.76265904151,5.4586399627,5.15861600367,5.56137145777,5.76265904177,5.762659041456,5.762659041456,3.48930755497,2.50702632727,4.5414173977
"t7",3.4249252691,1.8688819116,0,3.870815385,3.87081538539,3.87081538539,3.8708153854,3.8708153854,3.8708153854,3.8708153854,2.61397004214,5.67119005966,5.67119005966,5.67119005954,5.67119005954,5.67119005954,4.37848920414,5.67119005954,5.67119005964,3.57642177728,4.18832256448,4.48436587468,5.67119005888,3.64738627352,5.67119005918,5.67119005918,5.67119005918,5.67119005918,4.42548412862,4.31821926262,4.42762212282,5.22407637718,5.67119005932,5.67119005932,5.67119005932,5.67119005938,2.81678597328,4.78632239257,5.51384924977,5.67119005877,3.89745882257,5.67119005861,5.67119005861,5.67119005861,4.78997559669,5.67119005889,5.67119005929,5.67119005902,5.67119005902,5.67119005902,5.67119005902,5.67119005899,4.88040142401,5.67119005906,5.67119005895,5.67119005895,5.15124100375,5.67119005896,5.67119005896,5.67119005896,4.04321669906,4.260609681117,4.61017070377,5.67119005894,5.17323298026,5.6711900591,5.6711900591,5.6711900591,5.67119005902,5.67119005912,5.67119005912,5.67119005902,5.6711900589999,5.6711900589999,5.67119005902,5.67119005902,5.67119005902,4.89513347312,5.67119005892,5.67119005892,5.67119005902,5.67119005902,5.37620987732,5.67119005932,5.62301461057,5.67119005897,5.31891596247,5.67119005867,5.1284356135,5.105188975,2.84322835303,5.67119005866,5.67119005866,5.67119005946,5.67119005946,5.49488053716,5.67119005896,5.67119005896,5.67119005926,4.54753946216,5.67119005873,5.67119005893,5.67119005893,5.67119005903,5.67119005903,5.38504286443,5.11723627093,5.67119005873,5.67119005873,3.49927010615,5.67119005899,5.67119005899,5.67119005899,5.67119005894,5.67119005895,5.67119005893,5.67119005893,5.67119005893,5.56815052265,5.67119005906,5.67119005906,5.67119005895,5.23531835153,5.67119005897,5.67119005897,5.64203323213,5.67119005904,5.67119005904,5.67119005906,5.67119005906,5.67119005903,5.36100232113,5.67119005912,5.67119005912,5.67119005911,5.67119005911,5.3671709803,5.06714702127,5.46990247537,5.67119005937,5.671190059056,5.671190059056,3.39783857257,2.41555734487,4.4499484153
"t47",5.5183277249,3.9622843674,3.870815385,0,2.05666194239,2.05666194239,2.0566619424,2.0566619424,2.0566619424,2.0566619424,4.26148238114,7.31870239866,7.31870239866,7.31870239854,7.31870239854,7.31870239854,6.02600154314,7.31870239854,7.31870239864,5.22393411628,5.83583490348,6.13187821368,7.31870239788,5.29489861252,7.31870239818,7.31870239818,7.31870239818,7.31870239818,6.07299646762,5.96573160162,6.07513446182,6.87158871618,7.31870239832,7.31870239832,7.31870239832,7.31870239838,4.46429831228,6.43383473157,7.16136158877,7.31870239777,5.54497116157,7.31870239761,7.31870239761,7.31870239761,6.43748793569,7.31870239789,7.31870239829,7.31870239802,7.31870239802,7.31870239802,7.31870239802,7.31870239799,6.52791376301,7.31870239806,7.31870239795,7.31870239795,6.79875334275,7.31870239796,7.31870239796,7.31870239796,5.69072903806,5.908122020117,6.25768304277,7.31870239794,6.82074531926,7.3187023981,7.3187023981,7.3187023981,7.31870239802,7.31870239812,7.31870239812,7.31870239802,7.3187023979999,7.3187023979999,7.31870239802,7.31870239802,7.31870239802,6.54264581212,7.31870239792,7.31870239792,7.31870239802,7.31870239802,7.02372221632,7.31870239832,7.27052694957,7.31870239797,6.96642830147,7.31870239767,6.7759479525,6.752701314,4.49074069203,7.31870239766,7.31870239766,7.31870239846,7.31870239846,7.14239287616,7.31870239796,7.31870239796,7.31870239826,6.19505180116,7.31870239773,7.31870239793,7.31870239793,7.31870239803,7.31870239803,7.03255520343,6.76474860993,7.31870239773,7.31870239773,5.14678244515,7.31870239799,7.31870239799,7.31870239799,7.31870239794,7.31870239795,7.31870239793,7.31870239793,7.31870239793,7.21566286165,7.31870239806,7.31870239806,7.31870239795,6.88283069053,7.31870239797,7.31870239797,7.28954557113,7.31870239804,7.31870239804,7.31870239806,7.31870239806,7.31870239803,7.00851466013,7.31870239812,7.31870239812,7.31870239811,7.31870239811,7.0146833193,6.71465936027,7.11741481437,7.31870239837,7.318702398056,7.318702398056,5.04535091157,4.06306968387,6.0974607543
"t130",5.51832772529,3.96228436779,3.87081538539,2.05666194239,0,0.15380865278,0.91040094339,1.76421412619,1.76421412619,1.76421412619,4.26148238153,7.31870239905,7.31870239905,7.31870239893,7.31870239893,7.31870239893,6.02600154353,7.31870239893,7.31870239903,5.22393411667,5.83583490387,6.13187821407,7.31870239827,5.29489861291,7.31870239857,7.31870239857,7.31870239857,7.31870239857,6.07299646801,5.96573160201,6.07513446221,6.87158871657,7.31870239871,7.31870239871,7.31870239871,7.31870239877,4.46429831267,6.43383473196,7.16136158916,7.31870239816,5.54497116196,7.318702398,7.318702398,7.318702398,6.43748793608,7.31870239828,7.31870239868,7.31870239841,7.31870239841,7.31870239841,7.31870239841,7.31870239838,6.5279137634,7.31870239845,7.31870239834,7.31870239834,6.79875334314,7.31870239835,7.31870239835,7.31870239835,5.69072903845,5.908122020507,6.25768304316,7.31870239833,6.82074531965,7.31870239849,7.31870239849,7.31870239849,7.31870239841,7.31870239851,7.31870239851,7.31870239841,7.3187023983899,7.3187023983899,7.31870239841,7.31870239841,7.31870239841,6.54264581251,7.31870239831,7.31870239831,7.31870239841,7.31870239841,7.02372221671,7.31870239871,7.27052694996,7.31870239836,6.96642830186,7.31870239806,6.77594795289,6.75270131439,4.49074069242,7.31870239805,7.31870239805,7.31870239885,7.31870239885,7.14239287655,7.31870239835,7.31870239835,7.31870239865,6.19505180155,7.31870239812,7.31870239832,7.31870239832,7.31870239842,7.31870239842,7.03255520382,6.76474861032,7.31870239812,7.31870239812,5.14678244554,7.31870239838,7.31870239838,7.31870239838,7.31870239833,7.31870239834,7.31870239832,7.31870239832,7.31870239832,7.21566286204,7.31870239845,7.31870239845,7.31870239834,6.88283069092,7.31870239836,7.31870239836,7.28954557152,7.31870239843,7.31870239843,7.31870239845,7.31870239845,7.31870239842,7.00851466052,7.31870239851,7.31870239851,7.3187023985,7.3187023985,7.01468331969,6.71465936066,7.11741481476,7.31870239876,7.318702398446,7.318702398446,5.04535091196,4.06306968426,6.09746075469
"t131",5.51832772529,3.96228436779,3.87081538539,2.05666194239,0.15380865278,0,0.91040094339,1.76421412619,1.76421412619,1.76421412619,4.26148238153,7.31870239905,7.31870239905,7.31870239893,7.31870239893,7.31870239893,6.02600154353,7.31870239893,7.31870239903,5.22393411667,5.83583490387,6.13187821407,7.31870239827,5.29489861291,7.31870239857,7.31870239857,7.31870239857,7.31870239857,6.07299646801,5.96573160201,6.07513446221,6.87158871657,7.31870239871,7.31870239871,7.31870239871,7.31870239877,4.46429831267,6.43383473196,7.16136158916,7.31870239816,5.54497116196,7.318702398,7.318702398,7.318702398,6.43748793608,7.31870239828,7.31870239868,7.31870239841,7.31870239841,7.31870239841,7.31870239841,7.31870239838,6.5279137634,7.31870239845,7.31870239834,7.31870239834,6.79875334314,7.31870239835,7.31870239835,7.31870239835,5.69072903845,5.908122020507,6.25768304316,7.31870239833,6.82074531965,7.31870239849,7.31870239849,7.31870239849,7.31870239841,7.31870239851,7.31870239851,7.31870239841,7.3187023983899,7.3187023983899,7.31870239841,7.31870239841,7.31870239841,6.54264581251,7.31870239831,7.31870239831,7.31870239841,7.31870239841,7.02372221671,7.31870239871,7.27052694996,7.31870239836,6.96642830186,7.31870239806,6.77594795289,6.75270131439,4.49074069242,7.31870239805,7.31870239805,7.31870239885,7.31870239885,7.14239287655,7.31870239835,7.31870239835,7.31870239865,6.19505180155,7.31870239812,7.31870239832,7.31870239832,7.31870239842,7.31870239842,7.03255520382,6.76474861032,7.31870239812,7.31870239812,5.14678244554,7.31870239838,7.31870239838,7.31870239838,7.31870239833,7.31870239834,7.31870239832,7.31870239832,7.31870239832,7.21566286204,7.31870239845,7.31870239845,7.31870239834,6.88283069092,7.31870239836,7.31870239836,7.28954557152,7.31870239843,7.31870239843,7.31870239845,7.31870239845,7.31870239842,7.00851466052,7.31870239851,7.31870239851,7.3187023985,7.3187023985,7.01468331969,6.71465936066,7.11741481476,7.31870239876,7.318702398446,7.318702398446,5.04535091196,4.06306968426,6.09746075469
"t87",5.5183277253,3.9622843678,3.8708153854,2.0566619424,0.91040094339,0.91040094339,0,1.7642141262,1.7642141262,1.7642141262,4.26148238154,7.31870239906,7.31870239906,7.31870239894,7.31870239894,7.31870239894,6.02600154354,7.31870239894,7.31870239904,5.22393411668,5.83583490388,6.13187821408,7.31870239828,5.29489861292,7.31870239858,7.31870239858,7.31870239858,7.31870239858,6.07299646802,5.96573160202,6.07513446222,6.87158871658,7.31870239872,7.31870239872,7.31870239872,7.31870239878,4.46429831268,6.43383473197,7.16136158917,7.31870239817,5.54497116197,7.31870239801,7.31870239801,7.31870239801,6.43748793609,7.31870239829,7.31870239869,7.31870239842,7.31870239842,7.31870239842,7.31870239842,7.31870239839,6.52791376341,7.31870239846,7.31870239835,7.31870239835,6.79875334315,7.31870239836,7.31870239836,7.31870239836,5.69072903846,5.908122020517,6.25768304317,7.31870239834,6.82074531966,7.3187023985,7.3187023985,7.3187023985,7.31870239842,7.31870239852,7.31870239852,7.31870239842,7.3187023983999,7.3187023983999,7.31870239842,7.31870239842,7.31870239842,6.54264581252,7.31870239832,7.31870239832,7.31870239842,7.31870239842,7.02372221672,7.31870239872,7.27052694997,7.31870239837,6.96642830187,7.31870239807,6.7759479529,6.7527013144,4.49074069243,7.31870239806,7.31870239806,7.31870239886,7.31870239886,7.14239287656,7.31870239836,7.31870239836,7.31870239866,6.19505180156,7.31870239813,7.31870239833,7.31870239833,7.31870239843,7.31870239843,7.03255520383,6.76474861033,7.31870239813,7.31870239813,5.14678244555,7.31870239839,7.31870239839,7.31870239839,7.31870239834,7.31870239835,7.31870239833,7.31870239833,7.31870239833,7.21566286205,7.31870239846,7.31870239846,7.31870239835,6.88283069093,7.31870239837,7.31870239837,7.28954557153,7.31870239844,7.31870239844,7.31870239846,7.31870239846,7.31870239843,7.00851466053,7.31870239852,7.31870239852,7.31870239851,7.31870239851,7.0146833197,6.71465936067,7.11741481477,7.31870239877,7.318702398456,7.318702398456,5.04535091197,4.06306968427,6.0974607547
"t120",5.5183277253,3.9622843678,3.8708153854,2.0566619424,1.76421412619,1.76421412619,1.7642141262,0,0.2562847144,0.73434609,4.26148238154,7.31870239906,7.31870239906,7.31870239894,7.31870239894,7.31870239894,6.02600154354,7.31870239894,7.31870239904,5.22393411668,5.83583490388,6.13187821408,7.31870239828,5.29489861292,7.31870239858,7.31870239858,7.31870239858,7.31870239858,6.07299646802,5.96573160202,6.07513446222,6.87158871658,7.31870239872,7.31870239872,7.31870239872,7.31870239878,4.46429831268,6.43383473197,7.16136158917,7.31870239817,5.54497116197,7.31870239801,7.31870239801,7.31870239801,6.43748793609,7.31870239829,7.31870239869,7.31870239842,7.31870239842,7.31870239842,7.31870239842,7.31870239839,6.52791376341,7.31870239846,7.31870239835,7.31870239835,6.79875334315,7.31870239836,7.31870239836,7.31870239836,5.69072903846,5.908122020517,6.25768304317,7.31870239834,6.82074531966,7.3187023985,7.3187023985,7.3187023985,7.31870239842,7.31870239852,7.31870239852,7.31870239842,7.3187023983999,7.3187023983999,7.31870239842,7.31870239842,7.31870239842,6.54264581252,7.31870239832,7.31870239832,7.31870239842,7.31870239842,7.02372221672,7.31870239872,7.27052694997,7.31870239837,6.96642830187,7.31870239807,6.7759479529,6.7527013144,4.49074069243,7.31870239806,7.31870239806,7.31870239886,7.31870239886,7.14239287656,7.31870239836,7.31870239836,7.31870239866,6.19505180156,7.31870239813,7.31870239833,7.31870239833,7.31870239843,7.31870239843,7.03255520383,6.76474861033,7.31870239813,7.31870239813,5.14678244555,7.31870239839,7.31870239839,7.31870239839,7.31870239834,7.31870239835,7.31870239833,7.31870239833,7.31870239833,7.21566286205,7.31870239846,7.31870239846,7.31870239835,6.88283069093,7.31870239837,7.31870239837,7.28954557153,7.31870239844,7.31870239844,7.31870239846,7.31870239846,7.31870239843,7.00851466053,7.31870239852,7.31870239852,7.31870239851,7.31870239851,7.0146833197,6.71465936067,7.11741481477,7.31870239877,7.318702398456,7.318702398456,5.04535091197,4.06306968427,6.0974607547
"t121",5.5183277253,3.9622843678,3.8708153854,2.0566619424,1.76421412619,1.76421412619,1.7642141262,0.2562847144,0,0.73434609,4.26148238154,7.31870239906,7.31870239906,7.31870239894,7.31870239894,7.31870239894,6.02600154354,7.31870239894,7.31870239904,5.22393411668,5.83583490388,6.13187821408,7.31870239828,5.29489861292,7.31870239858,7.31870239858,7.31870239858,7.31870239858,6.07299646802,5.96573160202,6.07513446222,6.87158871658,7.31870239872,7.31870239872,7.31870239872,7.31870239878,4.46429831268,6.43383473197,7.16136158917,7.31870239817,5.54497116197,7.31870239801,7.31870239801,7.31870239801,6.43748793609,7.31870239829,7.31870239869,7.31870239842,7.31870239842,7.31870239842,7.31870239842,7.31870239839,6.52791376341,7.31870239846,7.31870239835,7.31870239835,6.79875334315,7.31870239836,7.31870239836,7.31870239836,5.69072903846,5.908122020517,6.25768304317,7.31870239834,6.82074531966,7.3187023985,7.3187023985,7.3187023985,7.31870239842,7.31870239852,7.31870239852,7.31870239842,7.3187023983999,7.3187023983999,7.31870239842,7.31870239842,7.31870239842,6.54264581252,7.31870239832,7.31870239832,7.31870239842,7.31870239842,7.02372221672,7.31870239872,7.27052694997,7.31870239837,6.96642830187,7.31870239807,6.7759479529,6.7527013144,4.49074069243,7.31870239806,7.31870239806,7.31870239886,7.31870239886,7.14239287656,7.31870239836,7.31870239836,7.31870239866,6.19505180156,7.31870239813,7.31870239833,7.31870239833,7.31870239843,7.31870239843,7.03255520383,6.76474861033,7.31870239813,7.31870239813,5.14678244555,7.31870239839,7.31870239839,7.31870239839,7.31870239834,7.31870239835,7.31870239833,7.31870239833,7.31870239833,7.21566286205,7.31870239846,7.31870239846,7.31870239835,6.88283069093,7.31870239837,7.31870239837,7.28954557153,7.31870239844,7.31870239844,7.31870239846,7.31870239846,7.31870239843,7.00851466053,7.31870239852,7.31870239852,7.31870239851,7.31870239851,7.0146833197,6.71465936067,7.11741481477,7.31870239877,7.318702398456,7.318702398456,5.04535091197,4.06306968427,6.0974607547
"t94",5.5183277253,3.9622843678,3.8708153854,2.0566619424,1.76421412619,1.76421412619,1.7642141262,0.73434609,0.73434609,0,4.26148238154,7.31870239906,7.31870239906,7.31870239894,7.31870239894,7.31870239894,6.02600154354,7.31870239894,7.31870239904,5.22393411668,5.83583490388,6.13187821408,7.31870239828,5.29489861292,7.31870239858,7.31870239858,7.31870239858,7.31870239858,6.07299646802,5.96573160202,6.07513446222,6.87158871658,7.31870239872,7.31870239872,7.31870239872,7.31870239878,4.46429831268,6.43383473197,7.16136158917,7.31870239817,5.54497116197,7.31870239801,7.31870239801,7.31870239801,6.43748793609,7.31870239829,7.31870239869,7.31870239842,7.31870239842,7.31870239842,7.31870239842,7.31870239839,6.52791376341,7.31870239846,7.31870239835,7.31870239835,6.79875334315,7.31870239836,7.31870239836,7.31870239836,5.69072903846,5.908122020517,6.25768304317,7.31870239834,6.82074531966,7.3187023985,7.3187023985,7.3187023985,7.31870239842,7.31870239852,7.31870239852,7.31870239842,7.3187023983999,7.3187023983999,7.31870239842,7.31870239842,7.31870239842,6.54264581252,7.31870239832,7.31870239832,7.31870239842,7.31870239842,7.02372221672,7.31870239872,7.27052694997,7.31870239837,6.96642830187,7.31870239807,6.7759479529,6.7527013144,4.49074069243,7.31870239806,7.31870239806,7.31870239886,7.31870239886,7.14239287656,7.31870239836,7.31870239836,7.31870239866,6.19505180156,7.31870239813,7.31870239833,7.31870239833,7.31870239843,7.31870239843,7.03255520383,6.76474861033,7.31870239813,7.31870239813,5.14678244555,7.31870239839,7.31870239839,7.31870239839,7.31870239834,7.31870239835,7.31870239833,7.31870239833,7.31870239833,7.21566286205,7.31870239846,7.31870239846,7.31870239835,6.88283069093,7.31870239837,7.31870239837,7.28954557153,7.31870239844,7.31870239844,7.31870239846,7.31870239846,7.31870239843,7.00851466053,7.31870239852,7.31870239852,7.31870239851,7.31870239851,7.0146833197,6.71465936067,7.11741481477,7.31870239877,7.318702398456,7.318702398456,5.04535091197,4.06306968427,6.0974607547
"t2",4.26148238204,2.70543902454,2.61397004214,4.26148238114,4.26148238153,4.26148238153,4.26148238154,4.26148238154,4.26148238154,4.26148238154,0,4.14782565852,4.14782565852,4.1478256584,4.1478256584,4.1478256584,2.855124803,4.1478256584,4.1478256585,2.08303367542,2.69493446262,2.99097777282,4.17780195702,2.15399817166,4.17780195732,4.17780195732,4.17780195732,4.17780195732,2.93209602676,2.82483116076,2.93423402096,3.73068827532,4.17780195746,4.17780195746,4.17780195746,4.17780195752,1.32339787142,3.29293429071,4.02046114791,4.17780195691,2.40407072071,4.17780195675,4.17780195675,4.17780195675,3.29658749483,4.17780195703,4.17780195743,4.17780195716,4.17780195716,4.17780195716,4.17780195716,4.17780195713,3.38701332215,4.1778019572,4.17780195709,4.17780195709,3.65785290189,4.1778019571,4.1778019571,4.1778019571,2.5498285972,2.767221579257,3.11678260191,4.17780195708,3.6798448784,4.17780195724,4.17780195724,4.17780195724,4.17780195716,4.17780195726,4.17780195726,4.17780195716,4.1778019571399,4.1778019571399,4.17780195716,4.17780195716,4.17780195716,3.40174537126,4.17780195706,4.17780195706,4.17780195716,4.17780195716,3.88282177546,4.17780195746,4.12962650871,4.17780195711,3.82552786061,4.17780195681,3.63504751164,3.61180087314,1.43019734943,4.25815905506,4.25815905506,4.25815905586,4.25815905586,4.08184953356,4.25815905536,4.25815905536,4.25815905566,3.13450845856,4.25815905513,4.25815905533,4.25815905533,4.25815905543,4.25815905543,3.97201186083,3.70420526733,4.25815905513,4.25815905513,2.08623910255,4.25815905539,4.25815905539,4.25815905539,4.25815905534,4.25815905535,4.25815905533,4.25815905533,4.25815905533,4.15511951905,4.25815905546,4.25815905546,4.25815905535,3.82228734793,4.25815905537,4.25815905537,4.22900222853,4.25815905544,4.25815905544,4.25815905546,4.25815905546,4.25815905543,3.94797131753,4.25815905552,4.25815905552,4.25815905551,4.25815905551,3.9541399767,3.65411601767,4.05687147177,4.25815905577,4.258159055456,4.258159055456,1.98480756897,1.00252634127,3.04024073804
"t138",7.31870239956,5.76265904206,5.67119005966,7.31870239866,7.31870239905,7.31870239905,7.31870239906,7.31870239906,7.31870239906,7.31870239906,4.14782565852,0,0.05487132604,2.52140832192,2.52140832192,2.52140832192,2.22223125672,3.82408853612,4.65318179002,5.14025369294,5.75215448014,6.04819779034,7.23502197454,5.21121818918,7.23502197484,7.23502197484,7.23502197484,7.23502197484,5.98931604428,5.88205117828,5.99145403848,6.78790829284,7.23502197498,7.23502197498,7.23502197498,7.23502197504,4.38061788894,6.35015430823,7.07768116543,7.23502197443,5.46129073823,7.23502197427,7.23502197427,7.23502197427,6.35380751235,7.23502197455,7.23502197495,7.23502197468,7.23502197468,7.23502197468,7.23502197468,7.23502197465,6.44423333967,7.23502197472,7.23502197461,7.23502197461,6.71507291941,7.23502197462,7.23502197462,7.23502197462,5.60704861472,5.824441596777,6.17400261943,7.2350219746,6.73706489592,7.23502197476,7.23502197476,7.23502197476,7.23502197468,7.23502197478,7.23502197478,7.23502197468,7.2350219746599,7.2350219746599,7.23502197468,7.23502197468,7.23502197468,6.45896538878,7.23502197458,7.23502197458,7.23502197468,7.23502197468,6.94004179298,7.23502197498,7.18684652623,7.23502197463,6.88274787813,7.23502197433,6.69226752916,6.66902089066,4.48741736695,7.31537907258,7.31537907258,7.31537907338,7.31537907338,7.13906955108,7.31537907288,7.31537907288,7.31537907318,6.19172847608,7.31537907265,7.31537907285,7.31537907285,7.31537907295,7.31537907295,7.02923187835,6.76142528485,7.31537907265,7.31537907265,5.14345912007,7.31537907291,7.31537907291,7.31537907291,7.31537907286,7.31537907287,7.31537907285,7.31537907285,7.31537907285,7.21233953657,7.31537907298,7.31537907298,7.31537907287,6.87950736545,7.31537907289,7.31537907289,7.28622224605,7.31537907296,7.31537907296,7.31537907298,7.31537907298,7.31537907295,7.00519133505,7.31537907304,7.31537907304,7.31537907303,7.31537907303,7.01135999422,6.71133603519,7.11409148929,7.31537907329,7.315379072976,7.315379072976,5.04202758649,4.05974635879,6.09746075556
"t139",7.31870239956,5.76265904206,5.67119005966,7.31870239866,7.31870239905,7.31870239905,7.31870239906,7.31870239906,7.31870239906,7.31870239906,4.14782565852,0.05487132604,0,2.52140832192,2.52140832192,2.52140832192,2.22223125672,3.82408853612,4.65318179002,5.14025369294,5.75215448014,6.04819779034,7.23502197454,5.21121818918,7.23502197484,7.23502197484,7.23502197484,7.23502197484,5.98931604428,5.88205117828,5.99145403848,6.78790829284,7.23502197498,7.23502197498,7.23502197498,7.23502197504,4.38061788894,6.35015430823,7.07768116543,7.23502197443,5.46129073823,7.23502197427,7.23502197427,7.23502197427,6.35380751235,7.23502197455,7.23502197495,7.23502197468,7.23502197468,7.23502197468,7.23502197468,7.23502197465,6.44423333967,7.23502197472,7.23502197461,7.23502197461,6.71507291941,7.23502197462,7.23502197462,7.23502197462,5.60704861472,5.824441596777,6.17400261943,7.2350219746,6.73706489592,7.23502197476,7.23502197476,7.23502197476,7.23502197468,7.23502197478,7.23502197478,7.23502197468,7.2350219746599,7.2350219746599,7.23502197468,7.23502197468,7.23502197468,6.45896538878,7.23502197458,7.23502197458,7.23502197468,7.23502197468,6.94004179298,7.23502197498,7.18684652623,7.23502197463,6.88274787813,7.23502197433,6.69226752916,6.66902089066,4.48741736695,7.31537907258,7.31537907258,7.31537907338,7.31537907338,7.13906955108,7.31537907288,7.31537907288,7.31537907318,6.19172847608,7.31537907265,7.31537907285,7.31537907285,7.31537907295,7.31537907295,7.02923187835,6.76142528485,7.31537907265,7.31537907265,5.14345912007,7.31537907291,7.31537907291,7.31537907291,7.31537907286,7.31537907287,7.31537907285,7.31537907285,7.31537907285,7.21233953657,7.31537907298,7.31537907298,7.31537907287,6.87950736545,7.31537907289,7.31537907289,7.28622224605,7.31537907296,7.31537907296,7.31537907298,7.31537907298,7.31537907295,7.00519133505,7.31537907304,7.31537907304,7.31537907303,7.31537907303,7.01135999422,6.71133603519,7.11409148929,7.31537907329,7.315379072976,7.315379072976,5.04202758649,4.05974635879,6.09746075556
"t75",7.31870239944,5.76265904194,5.67119005954,7.31870239854,7.31870239893,7.31870239893,7.31870239894,7.31870239894,7.31870239894,7.31870239894,4.1478256584,2.52140832192,2.52140832192,0,1.1964483758,1.1964483758,2.2222312566,3.824088536,4.6531817899,5.14025369282,5.75215448002,6.04819779022,7.23502197442,5.21121818906,7.23502197472,7.23502197472,7.23502197472,7.23502197472,5.98931604416,5.88205117816,5.99145403836,6.78790829272,7.23502197486,7.23502197486,7.23502197486,7.23502197492,4.38061788882,6.35015430811,7.07768116531,7.23502197431,5.46129073811,7.23502197415,7.23502197415,7.23502197415,6.35380751223,7.23502197443,7.23502197483,7.23502197456,7.23502197456,7.23502197456,7.23502197456,7.23502197453,6.44423333955,7.2350219746,7.23502197449,7.23502197449,6.71507291929,7.2350219745,7.2350219745,7.2350219745,5.6070486146,5.824441596657,6.17400261931,7.23502197448,6.7370648958,7.23502197464,7.23502197464,7.23502197464,7.23502197456,7.23502197466,7.23502197466,7.23502197456,7.2350219745399,7.2350219745399,7.23502197456,7.23502197456,7.23502197456,6.45896538866,7.23502197446,7.23502197446,7.23502197456,7.23502197456,6.94004179286,7.23502197486,7.18684652611,7.23502197451,6.88274787801,7.23502197421,6.69226752904,6.66902089054,4.48741736683,7.31537907246,7.31537907246,7.31537907326,7.31537907326,7.13906955096,7.31537907276,7.31537907276,7.31537907306,6.19172847596,7.31537907253,7.31537907273,7.31537907273,7.31537907283,7.31537907283,7.02923187823,6.76142528473,7.31537907253,7.31537907253,5.14345911995,7.31537907279,7.31537907279,7.31537907279,7.31537907274,7.31537907275,7.31537907273,7.31537907273,7.31537907273,7.21233953645,7.31537907286,7.31537907286,7.31537907275,6.87950736533,7.31537907277,7.31537907277,7.28622224593,7.31537907284,7.31537907284,7.31537907286,7.31537907286,7.31537907283,7.00519133493,7.31537907292,7.31537907292,7.31537907291,7.31537907291,7.0113599941,6.71133603507,7.11409148917,7.31537907317,7.315379072856,7.315379072856,5.04202758637,4.05974635867,6.09746075544
"t88",7.31870239944,5.76265904194,5.67119005954,7.31870239854,7.31870239893,7.31870239893,7.31870239894,7.31870239894,7.31870239894,7.31870239894,4.1478256584,2.52140832192,2.52140832192,1.1964483758,0,0.8482727814,2.2222312566,3.824088536,4.6531817899,5.14025369282,5.75215448002,6.04819779022,7.23502197442,5.21121818906,7.23502197472,7.23502197472,7.23502197472,7.23502197472,5.98931604416,5.88205117816,5.99145403836,6.78790829272,7.23502197486,7.23502197486,7.23502197486,7.23502197492,4.38061788882,6.35015430811,7.07768116531,7.23502197431,5.46129073811,7.23502197415,7.23502197415,7.23502197415,6.35380751223,7.23502197443,7.23502197483,7.23502197456,7.23502197456,7.23502197456,7.23502197456,7.23502197453,6.44423333955,7.2350219746,7.23502197449,7.23502197449,6.71507291929,7.2350219745,7.2350219745,7.2350219745,5.6070486146,5.824441596657,6.17400261931,7.23502197448,6.7370648958,7.23502197464,7.23502197464,7.23502197464,7.23502197456,7.23502197466,7.23502197466,7.23502197456,7.2350219745399,7.2350219745399,7.23502197456,7.23502197456,7.23502197456,6.45896538866,7.23502197446,7.23502197446,7.23502197456,7.23502197456,6.94004179286,7.23502197486,7.18684652611,7.23502197451,6.88274787801,7.23502197421,6.69226752904,6.66902089054,4.48741736683,7.31537907246,7.31537907246,7.31537907326,7.31537907326,7.13906955096,7.31537907276,7.31537907276,7.31537907306,6.19172847596,7.31537907253,7.31537907273,7.31537907273,7.31537907283,7.31537907283,7.02923187823,6.76142528473,7.31537907253,7.31537907253,5.14345911995,7.31537907279,7.31537907279,7.31537907279,7.31537907274,7.31537907275,7.31537907273,7.31537907273,7.31537907273,7.21233953645,7.31537907286,7.31537907286,7.31537907275,6.87950736533,7.31537907277,7.31537907277,7.28622224593,7.31537907284,7.31537907284,7.31537907286,7.31537907286,7.31537907283,7.00519133493,7.31537907292,7.31537907292,7.31537907291,7.31537907291,7.0113599941,6.71133603507,7.11409148917,7.31537907317,7.315379072856,7.315379072856,5.04202758637,4.05974635867,6.09746075544
"t89",7.31870239944,5.76265904194,5.67119005954,7.31870239854,7.31870239893,7.31870239893,7.31870239894,7.31870239894,7.31870239894,7.31870239894,4.1478256584,2.52140832192,2.52140832192,1.1964483758,0.8482727814,0,2.2222312566,3.824088536,4.6531817899,5.14025369282,5.75215448002,6.04819779022,7.23502197442,5.21121818906,7.23502197472,7.23502197472,7.23502197472,7.23502197472,5.98931604416,5.88205117816,5.99145403836,6.78790829272,7.23502197486,7.23502197486,7.23502197486,7.23502197492,4.38061788882,6.35015430811,7.07768116531,7.23502197431,5.46129073811,7.23502197415,7.23502197415,7.23502197415,6.35380751223,7.23502197443,7.23502197483,7.23502197456,7.23502197456,7.23502197456,7.23502197456,7.23502197453,6.44423333955,7.2350219746,7.23502197449,7.23502197449,6.71507291929,7.2350219745,7.2350219745,7.2350219745,5.6070486146,5.824441596657,6.17400261931,7.23502197448,6.7370648958,7.23502197464,7.23502197464,7.23502197464,7.23502197456,7.23502197466,7.23502197466,7.23502197456,7.2350219745399,7.2350219745399,7.23502197456,7.23502197456,7.23502197456,6.45896538866,7.23502197446,7.23502197446,7.23502197456,7.23502197456,6.94004179286,7.23502197486,7.18684652611,7.23502197451,6.88274787801,7.23502197421,6.69226752904,6.66902089054,4.48741736683,7.31537907246,7.31537907246,7.31537907326,7.31537907326,7.13906955096,7.31537907276,7.31537907276,7.31537907306,6.19172847596,7.31537907253,7.31537907273,7.31537907273,7.31537907283,7.31537907283,7.02923187823,6.76142528473,7.31537907253,7.31537907253,5.14345911995,7.31537907279,7.31537907279,7.31537907279,7.31537907274,7.31537907275,7.31537907273,7.31537907273,7.31537907273,7.21233953645,7.31537907286,7.31537907286,7.31537907275,6.87950736533,7.31537907277,7.31537907277,7.28622224593,7.31537907284,7.31537907284,7.31537907286,7.31537907286,7.31537907283,7.00519133493,7.31537907292,7.31537907292,7.31537907291,7.31537907291,7.0113599941,6.71133603507,7.11409148917,7.31537907317,7.315379072856,7.315379072856,5.04202758637,4.05974635867,6.09746075544
"t21",6.02600154404,4.46995818654,4.37848920414,6.02600154314,6.02600154353,6.02600154353,6.02600154354,6.02600154354,6.02600154354,6.02600154354,2.855124803,2.22223125672,2.22223125672,2.2222312566,2.2222312566,2.2222312566,0,2.5313876806,3.3604809345,3.84755283742,4.45945362462,4.75549693482,5.94232111902,3.91851733366,5.94232111932,5.94232111932,5.94232111932,5.94232111932,4.69661518876,4.58935032276,4.69875318296,5.49520743732,5.94232111946,5.94232111946,5.94232111946,5.94232111952,3.08791703342,5.05745345271,5.78498030991,5.94232111891,4.16858988271,5.94232111875,5.94232111875,5.94232111875,5.06110665683,5.94232111903,5.94232111943,5.94232111916,5.94232111916,5.94232111916,5.94232111916,5.94232111913,5.15153248415,5.9423211192,5.94232111909,5.94232111909,5.42237206389,5.9423211191,5.9423211191,5.9423211191,4.3143477592,4.531740741257,4.88130176391,5.94232111908,5.4443640404,5.94232111924,5.94232111924,5.94232111924,5.94232111916,5.94232111926,5.94232111926,5.94232111916,5.9423211191399,5.9423211191399,5.94232111916,5.94232111916,5.94232111916,5.16626453326,5.94232111906,5.94232111906,5.94232111916,5.94232111916,5.64734093746,5.94232111946,5.89414567071,5.94232111911,5.59004702261,5.94232111881,5.39956667364,5.37632003514,3.19471651143,6.02267821706,6.02267821706,6.02267821786,6.02267821786,5.84636869556,6.02267821736,6.02267821736,6.02267821766,4.89902762056,6.02267821713,6.02267821733,6.02267821733,6.02267821743,6.02267821743,5.73653102283,5.46872442933,6.02267821713,6.02267821713,3.85075826455,6.02267821739,6.02267821739,6.02267821739,6.02267821734,6.02267821735,6.02267821733,6.02267821733,6.02267821733,5.91963868105,6.02267821746,6.02267821746,6.02267821735,5.58680650993,6.02267821737,6.02267821737,5.99352139053,6.02267821744,6.02267821744,6.02267821746,6.02267821746,6.02267821743,5.71249047953,6.02267821752,6.02267821752,6.02267821751,6.02267821751,5.7186591387,5.41863517967,5.82139063377,6.02267821777,6.022678217456,6.022678217456,3.74932673097,2.76704550327,4.80475990004
"t17",7.31870239944,5.76265904194,5.67119005954,7.31870239854,7.31870239893,7.31870239893,7.31870239894,7.31870239894,7.31870239894,7.31870239894,4.1478256584,3.82408853612,3.82408853612,3.824088536,3.824088536,3.824088536,2.5313876806,0,4.6531817899,5.14025369282,5.75215448002,6.04819779022,7.23502197442,5.21121818906,7.23502197472,7.23502197472,7.23502197472,7.23502197472,5.98931604416,5.88205117816,5.99145403836,6.78790829272,7.23502197486,7.23502197486,7.23502197486,7.23502197492,4.38061788882,6.35015430811,7.07768116531,7.23502197431,5.46129073811,7.23502197415,7.23502197415,7.23502197415,6.35380751223,7.23502197443,7.23502197483,7.23502197456,7.23502197456,7.23502197456,7.23502197456,7.23502197453,6.44423333955,7.2350219746,7.23502197449,7.23502197449,6.71507291929,7.2350219745,7.2350219745,7.2350219745,5.6070486146,5.824441596657,6.17400261931,7.23502197448,6.7370648958,7.23502197464,7.23502197464,7.23502197464,7.23502197456,7.23502197466,7.23502197466,7.23502197456,7.2350219745399,7.2350219745399,7.23502197456,7.23502197456,7.23502197456,6.45896538866,7.23502197446,7.23502197446,7.23502197456,7.23502197456,6.94004179286,7.23502197486,7.18684652611,7.23502197451,6.88274787801,7.23502197421,6.69226752904,6.66902089054,4.48741736683,7.31537907246,7.31537907246,7.31537907326,7.31537907326,7.13906955096,7.31537907276,7.31537907276,7.31537907306,6.19172847596,7.31537907253,7.31537907273,7.31537907273,7.31537907283,7.31537907283,7.02923187823,6.76142528473,7.31537907253,7.31537907253,5.14345911995,7.31537907279,7.31537907279,7.31537907279,7.31537907274,7.31537907275,7.31537907273,7.31537907273,7.31537907273,7.21233953645,7.31537907286,7.31537907286,7.31537907275,6.87950736533,7.31537907277,7.31537907277,7.28622224593,7.31537907284,7.31537907284,7.31537907286,7.31537907286,7.31537907283,7.00519133493,7.31537907292,7.31537907292,7.31537907291,7.31537907291,7.0113599941,6.71133603507,7.11409148917,7.31537907317,7.315379072856,7.315379072856,5.04202758637,4.05974635867,6.09746075544
"t12",7.31870239954,5.76265904204,5.67119005964,7.31870239864,7.31870239903,7.31870239903,7.31870239904,7.31870239904,7.31870239904,7.31870239904,4.1478256585,4.65318179002,4.65318179002,4.6531817899,4.6531817899,4.6531817899,3.3604809345,4.6531817899,0,5.14025369292,5.75215448012,6.04819779032,7.23502197452,5.21121818916,7.23502197482,7.23502197482,7.23502197482,7.23502197482,5.98931604426,5.88205117826,5.99145403846,6.78790829282,7.23502197496,7.23502197496,7.23502197496,7.23502197502,4.38061788892,6.35015430821,7.07768116541,7.23502197441,5.46129073821,7.23502197425,7.23502197425,7.23502197425,6.35380751233,7.23502197453,7.23502197493,7.23502197466,7.23502197466,7.23502197466,7.23502197466,7.23502197463,6.44423333965,7.2350219747,7.23502197459,7.23502197459,6.71507291939,7.2350219746,7.2350219746,7.2350219746,5.6070486147,5.824441596757,6.17400261941,7.23502197458,6.7370648959,7.23502197474,7.23502197474,7.23502197474,7.23502197466,7.23502197476,7.23502197476,7.23502197466,7.2350219746399,7.2350219746399,7.23502197466,7.23502197466,7.23502197466,6.45896538876,7.23502197456,7.23502197456,7.23502197466,7.23502197466,6.94004179296,7.23502197496,7.18684652621,7.23502197461,6.88274787811,7.23502197431,6.69226752914,6.66902089064,4.48741736693,7.31537907256,7.31537907256,7.31537907336,7.31537907336,7.13906955106,7.31537907286,7.31537907286,7.31537907316,6.19172847606,7.31537907263,7.31537907283,7.31537907283,7.31537907293,7.31537907293,7.02923187833,6.76142528483,7.31537907263,7.31537907263,5.14345912005,7.31537907289,7.31537907289,7.31537907289,7.31537907284,7.31537907285,7.31537907283,7.31537907283,7.31537907283,7.21233953655,7.31537907296,7.31537907296,7.31537907285,6.87950736543,7.31537907287,7.31537907287,7.28622224603,7.31537907294,7.31537907294,7.31537907296,7.31537907296,7.31537907293,7.00519133503,7.31537907302,7.31537907302,7.31537907301,7.31537907301,7.0113599942,6.71133603517,7.11409148927,7.31537907327,7.315379072956,7.315379072956,5.04202758647,4.05974635877,6.09746075554
