"","t5","t89","t90","t43","t9","t1","t59","t60","t56","t38","t34","t35","t16","t97","t98","t42","t63","t64","t57","t58","t32","t15","t46","t47","t2","t13","t14","t12","t85","t86","t65","t66","t79","t80","t27","t6","t61","t77","t78","t70","t71","t69","t39","t29","t30","t81","t82","t49","t44","t45","t23","t72","t73","t48","t87","t88","t11","t33","t95","t96","t31","t18","t19","t20","t52","t53","t74","t91","t92","t99","t100","t3","t83","t84","t62","t26","t75","t76","t68","t67","t40","t41","t50","t51","t21","t22","t54","t55","t28","t7","t4","t8","t10","t93","t94","t36","t37","t17","t24","t25"
"t5",0,3.53906269937,3.53906269937,3.5390626993,3.5390627,6.75317493093,6.75317493159,6.75317493159,6.75317493163,6.75317493153,6.75317493163,6.75317493163,6.75317493163,6.75317493156,6.75317493156,6.75317493163,6.75317493163,6.75317493163,6.75317493133,6.75317493133,6.75317493133,6.75317493123,6.75317493133,6.75317493133,6.75317493133,6.75317493129,6.75317493129,6.75317493154,6.75317493069,6.75317493069,6.75317493138,6.75317493138,6.75317493132,6.75317493132,6.75317493142,6.75317493082,6.75317493103,6.75317493103,6.75317493103,6.75317493109,6.75317493109,6.75317493103,6.75317493103,6.75317493066,6.75317493066,6.75317493069,6.75317493069,6.75317493076,6.75317493106,6.75317493106,6.75317493116,6.75317493115,6.75317493115,6.75317493105,6.75317493103,6.75317493103,6.75317493116,6.75317493104,6.75317493104,6.75317493104,6.75317493106,6.75317493106,6.75317493106,6.75317493123,6.75317493123,6.75317493123,6.75317493103,6.75317493102,6.75317493102,6.75317493141,6.75317493141,7.18523287854,7.18523287842,7.18523287842,7.1852328784,7.1852328784,7.18523287846,7.18523287846,7.18523287836,7.18523287845,7.18523287845,7.18523287845,7.18523287845,7.18523287845,7.18523287835,7.18523287835,7.18523287835,7.18523287835,7.18523287835,7.18523287875,7.18523287805,7.18523287871,7.18523287832,7.18523287847,7.18523287847,7.18523287852,7.18523287852,7.18523287842,7.1852328782,7.1852328782
"t89",3.53906269937,0,0.09981208954,0.87439935467,2.96082303937,6.7531749303,6.75317493096,6.75317493096,6.753174931,6.7531749309,6.753174931,6.753174931,6.753174931,6.75317493093,6.75317493093,6.753174931,6.753174931,6.753174931,6.7531749307,6.7531749307,6.7531749307,6.7531749306,6.7531749307,6.7531749307,6.7531749307,6.75317493066,6.75317493066,6.75317493091,6.75317493006,6.75317493006,6.75317493075,6.75317493075,6.75317493069,6.75317493069,6.75317493079,6.75317493019,6.7531749304,6.7531749304,6.7531749304,6.75317493046,6.75317493046,6.7531749304,6.7531749304,6.75317493003,6.75317493003,6.75317493006,6.75317493006,6.75317493013,6.75317493043,6.75317493043,6.75317493053,6.75317493052,6.75317493052,6.75317493042,6.7531749304,6.7531749304,6.75317493053,6.75317493041,6.75317493041,6.75317493041,6.75317493043,6.75317493043,6.75317493043,6.7531749306,6.7531749306,6.7531749306,6.7531749304,6.75317493039,6.75317493039,6.75317493078,6.75317493078,7.18523287791,7.18523287779,7.18523287779,7.18523287777,7.18523287777,7.18523287783,7.18523287783,7.18523287773,7.18523287782,7.18523287782,7.18523287782,7.18523287782,7.18523287782,7.18523287772,7.18523287772,7.18523287772,7.18523287772,7.18523287772,7.18523287812,7.18523287742,7.18523287808,7.18523287769,7.18523287784,7.18523287784,7.18523287789,7.18523287789,7.18523287779,7.18523287757,7.18523287757
"t90",3.53906269937,0.09981208954,0,0.87439935467,2.96082303937,6.7531749303,6.75317493096,6.75317493096,6.753174931,6.7531749309,6.753174931,6.753174931,6.753174931,6.75317493093,6.75317493093,6.753174931,6.753174931,6.753174931,6.7531749307,6.7531749307,6.7531749307,6.7531749306,6.7531749307,6.7531749307,6.7531749307,6.75317493066,6.75317493066,6.75317493091,6.75317493006,6.75317493006,6.75317493075,6.75317493075,6.75317493069,6.75317493069,6.75317493079,6.75317493019,6.7531749304,6.7531749304,6.7531749304,6.75317493046,6.75317493046,6.7531749304,6.7531749304,6.75317493003,6.75317493003,6.75317493006,6.75317493006,6.75317493013,6.75317493043,6.75317493043,6.75317493053,6.75317493052,6.75317493052,6.75317493042,6.7531749304,6.7531749304,6.75317493053,6.75317493041,6.75317493041,6.75317493041,6.75317493043,6.75317493043,6.75317493043,6.7531749306,6.7531749306,6.7531749306,6.7531749304,6.75317493039,6.75317493039,6.75317493078,6.75317493078,7.18523287791,7.18523287779,7.18523287779,7.18523287777,7.18523287777,7.18523287783,7.18523287783,7.18523287773,7.18523287782,7.18523287782,7.18523287782,7.18523287782,7.18523287782,7.18523287772,7.18523287772,7.18523287772,7.18523287772,7.18523287772,7.18523287812,7.18523287742,7.18523287808,7.18523287769,7.18523287784,7.18523287784,7.18523287789,7.18523287789,7.18523287779,7.18523287757,7.18523287757
"t43",3.5390626993,0.87439935467,0.87439935467,0,2.9608230393,6.75317493023,6.75317493089,6.75317493089,6.75317493093,6.75317493083,6.75317493093,6.75317493093,6.75317493093,6.75317493086,6.75317493086,6.75317493093,6.75317493093,6.75317493093,6.75317493063,6.75317493063,6.75317493063,6.75317493053,6.75317493063,6.75317493063,6.75317493063,6.75317493059,6.75317493059,6.75317493084,6.75317492999,6.75317492999,6.75317493068,6.75317493068,6.75317493062,6.75317493062,6.75317493072,6.75317493012,6.75317493033,6.75317493033,6.75317493033,6.75317493039,6.75317493039,6.75317493033,6.75317493033,6.75317492996,6.75317492996,6.75317492999,6.75317492999,6.75317493006,6.75317493036,6.75317493036,6.75317493046,6.75317493045,6.75317493045,6.75317493035,6.75317493033,6.75317493033,6.75317493046,6.75317493034,6.75317493034,6.75317493034,6.75317493036,6.75317493036,6.75317493036,6.75317493053,6.75317493053,6.75317493053,6.75317493033,6.75317493032,6.75317493032,6.75317493071,6.75317493071,7.18523287784,7.18523287772,7.18523287772,7.1852328777,7.1852328777,7.18523287776,7.18523287776,7.18523287766,7.18523287775,7.18523287775,7.18523287775,7.18523287775,7.18523287775,7.18523287765,7.18523287765,7.18523287765,7.18523287765,7.18523287765,7.18523287805,7.18523287735,7.18523287801,7.18523287762,7.18523287777,7.18523287777,7.18523287782,7.18523287782,7.18523287772,7.1852328775,7.1852328775
"t9",3.5390627,2.96082303937,2.96082303937,2.9608230393,0,6.75317493093,6.75317493159,6.75317493159,6.75317493163,6.75317493153,6.75317493163,6.75317493163,6.75317493163,6.75317493156,6.75317493156,6.75317493163,6.75317493163,6.75317493163,6.75317493133,6.75317493133,6.75317493133,6.75317493123,6.75317493133,6.75317493133,6.75317493133,6.75317493129,6.75317493129,6.75317493154,6.75317493069,6.75317493069,6.75317493138,6.75317493138,6.75317493132,6.75317493132,6.75317493142,6.75317493082,6.75317493103,6.75317493103,6.75317493103,6.75317493109,6.75317493109,6.75317493103,6.75317493103,6.75317493066,6.75317493066,6.75317493069,6.75317493069,6.75317493076,6.75317493106,6.75317493106,6.75317493116,6.75317493115,6.75317493115,6.75317493105,6.75317493103,6.75317493103,6.75317493116,6.75317493104,6.75317493104,6.75317493104,6.75317493106,6.75317493106,6.75317493106,6.75317493123,6.75317493123,6.75317493123,6.75317493103,6.75317493102,6.75317493102,6.75317493141,6.75317493141,7.18523287854,7.18523287842,7.18523287842,7.1852328784,7.1852328784,7.18523287846,7.18523287846,7.18523287836,7.18523287845,7.18523287845,7.18523287845,7.18523287845,7.18523287845,7.18523287835,7.18523287835,7.18523287835,7.18523287835,7.18523287835,7.18523287875,7.18523287805,7.18523287871,7.18523287832,7.18523287847,7.18523287847,7.18523287852,7.18523287852,7.18523287842,7.1852328782,7.1852328782
"t1",6.75317493093,6.7531749303,6.7531749303,6.75317493023,6.75317493093,0,5.31974037866,5.31974037866,5.3197403787,5.3197403786,5.3197403787,5.3197403787,5.3197403787,5.31974037863,5.31974037863,5.3197403787,5.3197403787,5.3197403787,6.5974932118,6.5974932118,6.5974932118,6.5974932117,6.5974932118,6.5974932118,6.5974932118,6.59749321176,6.59749321176,6.59749321201,6.59749321116,6.59749321116,6.59749321185,6.59749321185,6.59749321179,6.59749321179,6.59749321189,6.59749321129,6.5974932115,6.5974932115,6.5974932115,6.59749321156,6.59749321156,6.5974932115,6.5974932115,6.59749321113,6.59749321113,6.59749321116,6.59749321116,6.59749321123,6.59749321153,6.59749321153,6.59749321163,6.59749321162,6.59749321162,6.59749321152,6.5974932115,6.5974932115,6.59749321163,6.59749321151,6.59749321151,6.59749321151,6.59749321153,6.59749321153,6.59749321153,6.5974932117,6.5974932117,6.5974932117,6.5974932115,6.59749321149,6.59749321149,6.59749321188,6.59749321188,7.18523287747,7.18523287735,7.18523287735,7.18523287733,7.18523287733,7.18523287739,7.18523287739,7.18523287729,7.18523287738,7.18523287738,7.18523287738,7.18523287738,7.18523287738,7.18523287728,7.18523287728,7.18523287728,7.18523287728,7.18523287728,7.18523287768,7.18523287698,7.18523287764,7.18523287725,7.1852328774,7.1852328774,7.18523287745,7.18523287745,7.18523287735,7.18523287713,7.18523287713
"t59",6.75317493159,6.75317493096,6.75317493096,6.75317493089,6.75317493159,5.31974037866,0,0.6776723404,0.70572267216,1.00041639686,1.70953860056,1.70953860056,2.85487606536,2.85487606529,2.85487606529,2.85487606536,2.85487606536,2.85487606536,6.59749321246,6.59749321246,6.59749321246,6.59749321236,6.59749321246,6.59749321246,6.59749321246,6.59749321242,6.59749321242,6.59749321267,6.59749321182,6.59749321182,6.59749321251,6.59749321251,6.59749321245,6.59749321245,6.59749321255,6.59749321195,6.59749321216,6.59749321216,6.59749321216,6.59749321222,6.59749321222,6.59749321216,6.59749321216,6.59749321179,6.59749321179,6.59749321182,6.59749321182,6.59749321189,6.59749321219,6.59749321219,6.59749321229,6.59749321228,6.59749321228,6.59749321218,6.59749321216,6.59749321216,6.59749321229,6.59749321217,6.59749321217,6.59749321217,6.59749321219,6.59749321219,6.59749321219,6.59749321236,6.59749321236,6.59749321236,6.59749321216,6.59749321215,6.59749321215,6.59749321254,6.59749321254,7.18523287813,7.18523287801,7.18523287801,7.18523287799,7.18523287799,7.18523287805,7.18523287805,7.18523287795,7.18523287804,7.18523287804,7.18523287804,7.18523287804,7.18523287804,7.18523287794,7.18523287794,7.18523287794,7.18523287794,7.18523287794,7.18523287834,7.18523287764,7.1852328783,7.18523287791,7.18523287806,7.18523287806,7.18523287811,7.18523287811,7.18523287801,7.18523287779,7.18523287779
"t60",6.75317493159,6.75317493096,6.75317493096,6.75317493089,6.75317493159,5.31974037866,0.6776723404,0,0.70572267216,1.00041639686,1.70953860056,1.70953860056,2.85487606536,2.85487606529,2.85487606529,2.85487606536,2.85487606536,2.85487606536,6.59749321246,6.59749321246,6.59749321246,6.59749321236,6.59749321246,6.59749321246,6.59749321246,6.59749321242,6.59749321242,6.59749321267,6.59749321182,6.59749321182,6.59749321251,6.59749321251,6.59749321245,6.59749321245,6.59749321255,6.59749321195,6.59749321216,6.59749321216,6.59749321216,6.59749321222,6.59749321222,6.59749321216,6.59749321216,6.59749321179,6.59749321179,6.59749321182,6.59749321182,6.59749321189,6.59749321219,6.59749321219,6.59749321229,6.59749321228,6.59749321228,6.59749321218,6.59749321216,6.59749321216,6.59749321229,6.59749321217,6.59749321217,6.59749321217,6.59749321219,6.59749321219,6.59749321219,6.59749321236,6.59749321236,6.59749321236,6.59749321216,6.59749321215,6.59749321215,6.59749321254,6.59749321254,7.18523287813,7.18523287801,7.18523287801,7.18523287799,7.18523287799,7.18523287805,7.18523287805,7.18523287795,7.18523287804,7.18523287804,7.18523287804,7.18523287804,7.18523287804,7.18523287794,7.18523287794,7.18523287794,7.18523287794,7.18523287794,7.18523287834,7.18523287764,7.1852328783,7.18523287791,7.18523287806,7.18523287806,7.18523287811,7.18523287811,7.18523287801,7.18523287779,7.18523287779
"t56",6.75317493163,6.753174931,6.753174931,6.75317493093,6.75317493163,5.3197403787,0.70572267216,0.70572267216,0,1.0004163969,1.7095386006,1.7095386006,2.8548760654,2.85487606533,2.85487606533,2.8548760654,2.8548760654,2.8548760654,6.5974932125,6.5974932125,6.5974932125,6.5974932124,6.5974932125,6.5974932125,6.5974932125,6.59749321246,6.59749321246,6.59749321271,6.59749321186,6.59749321186,6.59749321255,6.59749321255,6.59749321249,6.59749321249,6.59749321259,6.59749321199,6.5974932122,6.5974932122,6.5974932122,6.59749321226,6.59749321226,6.5974932122,6.5974932122,6.59749321183,6.59749321183,6.59749321186,6.59749321186,6.59749321193,6.59749321223,6.59749321223,6.59749321233,6.59749321232,6.59749321232,6.59749321222,6.5974932122,6.5974932122,6.59749321233,6.59749321221,6.59749321221,6.59749321221,6.59749321223,6.59749321223,6.59749321223,6.5974932124,6.5974932124,6.5974932124,6.5974932122,6.59749321219,6.59749321219,6.59749321258,6.59749321258,7.18523287817,7.18523287805,7.18523287805,7.18523287803,7.18523287803,7.18523287809,7.18523287809,7.18523287799,7.18523287808,7.18523287808,7.18523287808,7.18523287808,7.18523287808,7.18523287798,7.18523287798,7.18523287798,7.18523287798,7.18523287798,7.18523287838,7.18523287768,7.18523287834,7.18523287795,7.1852328781,7.1852328781,7.18523287815,7.18523287815,7.18523287805,7.18523287783,7.18523287783
"t38",6.75317493153,6.7531749309,6.7531749309,6.75317493083,6.75317493153,5.3197403786,1.00041639686,1.00041639686,1.0004163969,0,1.7095386005,1.7095386005,2.8548760653,2.85487606523,2.85487606523,2.8548760653,2.8548760653,2.8548760653,6.5974932124,6.5974932124,6.5974932124,6.5974932123,6.5974932124,6.5974932124,6.5974932124,6.59749321236,6.59749321236,6.59749321261,6.59749321176,6.59749321176,6.59749321245,6.59749321245,6.59749321239,6.59749321239,6.59749321249,6.59749321189,6.5974932121,6.5974932121,6.5974932121,6.59749321216,6.59749321216,6.5974932121,6.5974932121,6.59749321173,6.59749321173,6.59749321176,6.59749321176,6.59749321183,6.59749321213,6.59749321213,6.59749321223,6.59749321222,6.59749321222,6.59749321212,6.5974932121,6.5974932121,6.59749321223,6.59749321211,6.59749321211,6.59749321211,6.59749321213,6.59749321213,6.59749321213,6.5974932123,6.5974932123,6.5974932123,6.5974932121,6.59749321209,6.59749321209,6.59749321248,6.59749321248,7.18523287807,7.18523287795,7.18523287795,7.18523287793,7.18523287793,7.18523287799,7.18523287799,7.18523287789,7.18523287798,7.18523287798,7.18523287798,7.18523287798,7.18523287798,7.18523287788,7.18523287788,7.18523287788,7.18523287788,7.18523287788,7.18523287828,7.18523287758,7.18523287824,7.18523287785,7.185232878,7.185232878,7.18523287805,7.18523287805,7.18523287795,7.18523287773,7.18523287773
"t34",6.75317493163,6.753174931,6.753174931,6.75317493093,6.75317493163,5.3197403787,1.70953860056,1.70953860056,1.7095386006,1.7095386005,0,1.054280481,2.8548760654,2.85487606533,2.85487606533,2.8548760654,2.8548760654,2.8548760654,6.5974932125,6.5974932125,6.5974932125,6.5974932124,6.5974932125,6.5974932125,6.5974932125,6.59749321246,6.59749321246,6.59749321271,6.59749321186,6.59749321186,6.59749321255,6.59749321255,6.59749321249,6.59749321249,6.59749321259,6.59749321199,6.5974932122,6.5974932122,6.5974932122,6.59749321226,6.59749321226,6.5974932122,6.5974932122,6.59749321183,6.59749321183,6.59749321186,6.59749321186,6.59749321193,6.59749321223,6.59749321223,6.59749321233,6.59749321232,6.59749321232,6.59749321222,6.5974932122,6.5974932122,6.59749321233,6.59749321221,6.59749321221,6.59749321221,6.59749321223,6.59749321223,6.59749321223,6.5974932124,6.5974932124,6.5974932124,6.5974932122,6.59749321219,6.59749321219,6.59749321258,6.59749321258,7.18523287817,7.18523287805,7.18523287805,7.18523287803,7.18523287803,7.18523287809,7.18523287809,7.18523287799,7.18523287808,7.18523287808,7.18523287808,7.18523287808,7.18523287808,7.18523287798,7.18523287798,7.18523287798,7.18523287798,7.18523287798,7.18523287838,7.18523287768,7.18523287834,7.18523287795,7.1852328781,7.1852328781,7.18523287815,7.18523287815,7.18523287805,7.18523287783,7.18523287783
"t35",6.75317493163,6.753174931,6.753174931,6.75317493093,6.75317493163,5.3197403787,1.70953860056,1.70953860056,1.7095386006,1.7095386005,1.054280481,0,2.8548760654,2.85487606533,2.85487606533,2.8548760654,2.8548760654,2.8548760654,6.5974932125,6.5974932125,6.5974932125,6.5974932124,6.5974932125,6.5974932125,6.5974932125,6.59749321246,6.59749321246,6.59749321271,6.59749321186,6.59749321186,6.59749321255,6.59749321255,6.59749321249,6.59749321249,6.59749321259,6.59749321199,6.5974932122,6.5974932122,6.5974932122,6.59749321226,6.59749321226,6.5974932122,6.5974932122,6.59749321183,6.59749321183,6.59749321186,6.59749321186,6.59749321193,6.59749321223,6.59749321223,6.59749321233,6.59749321232,6.59749321232,6.59749321222,6.5974932122,6.5974932122,6.59749321233,6.59749321221,6.59749321221,6.59749321221,6.59749321223,6.59749321223,6.59749321223,6.5974932124,6.5974932124,6.5974932124,6.5974932122,6.59749321219,6.59749321219,6.59749321258,6.59749321258,7.18523287817,7.18523287805,7.18523287805,7.18523287803,7.18523287803,7.18523287809,7.18523287809,7.18523287799,7.18523287808,7.18523287808,7.18523287808,7.18523287808,7.18523287808,7.18523287798,7.18523287798,7.18523287798,7.18523287798,7.18523287798,7.18523287838,7.18523287768,7.18523287834,7.18523287795,7.1852328781,7.1852328781,7.18523287815,7.18523287815,7.18523287805,7.18523287783,7.18523287783
"t16",6.75317493163,6.753174931,6.753174931,6.75317493093,6.75317493163,5.3197403787,2.85487606536,2.85487606536,2.8548760654,2.8548760653,2.8548760654,2.8548760654,0,1.57301338413,1.57301338413,1.5730133842,1.7970644944,1.7970644944,6.5974932125,6.5974932125,6.5974932125,6.5974932124,6.5974932125,6.5974932125,6.5974932125,6.59749321246,6.59749321246,6.59749321271,6.59749321186,6.59749321186,6.59749321255,6.59749321255,6.59749321249,6.59749321249,6.59749321259,6.59749321199,6.5974932122,6.5974932122,6.5974932122,6.59749321226,6.59749321226,6.5974932122,6.5974932122,6.59749321183,6.59749321183,6.59749321186,6.59749321186,6.59749321193,6.59749321223,6.59749321223,6.59749321233,6.59749321232,6.59749321232,6.59749321222,6.5974932122,6.5974932122,6.59749321233,6.59749321221,6.59749321221,6.59749321221,6.59749321223,6.59749321223,6.59749321223,6.5974932124,6.5974932124,6.5974932124,6.5974932122,6.59749321219,6.59749321219,6.59749321258,6.59749321258,7.18523287817,7.18523287805,7.18523287805,7.18523287803,7.18523287803,7.18523287809,7.18523287809,7.18523287799,7.18523287808,7.18523287808,7.18523287808,7.18523287808,7.18523287808,7.18523287798,7.18523287798,7.18523287798,7.18523287798,7.18523287798,7.18523287838,7.18523287768,7.18523287834,7.18523287795,7.1852328781,7.1852328781,7.18523287815,7.18523287815,7.18523287805,7.18523287783,7.18523287783
"t97",6.75317493156,6.75317493093,6.75317493093,6.75317493086,6.75317493156,5.31974037863,2.85487606529,2.85487606529,2.85487606533,2.85487606523,2.85487606533,2.85487606533,1.57301338413,0,0.02902661606,0.90468071453,1.79706449433,1.79706449433,6.59749321243,6.59749321243,6.59749321243,6.59749321233,6.59749321243,6.59749321243,6.59749321243,6.59749321239,6.59749321239,6.59749321264,6.59749321179,6.59749321179,6.59749321248,6.59749321248,6.59749321242,6.59749321242,6.59749321252,6.59749321192,6.59749321213,6.59749321213,6.59749321213,6.59749321219,6.59749321219,6.59749321213,6.59749321213,6.59749321176,6.59749321176,6.59749321179,6.59749321179,6.59749321186,6.59749321216,6.59749321216,6.59749321226,6.59749321225,6.59749321225,6.59749321215,6.59749321213,6.59749321213,6.59749321226,6.59749321214,6.59749321214,6.59749321214,6.59749321216,6.59749321216,6.59749321216,6.59749321233,6.59749321233,6.59749321233,6.59749321213,6.59749321212,6.59749321212,6.59749321251,6.59749321251,7.1852328781,7.18523287798,7.18523287798,7.18523287796,7.18523287796,7.18523287802,7.18523287802,7.18523287792,7.18523287801,7.18523287801,7.18523287801,7.18523287801,7.18523287801,7.18523287791,7.18523287791,7.18523287791,7.18523287791,7.18523287791,7.18523287831,7.18523287761,7.18523287827,7.18523287788,7.18523287803,7.18523287803,7.18523287808,7.18523287808,7.18523287798,7.18523287776,7.18523287776
"t98",6.75317493156,6.75317493093,6.75317493093,6.75317493086,6.75317493156,5.31974037863,2.85487606529,2.85487606529,2.85487606533,2.85487606523,2.85487606533,2.85487606533,1.57301338413,0.02902661606,0,0.90468071453,1.79706449433,1.79706449433,6.59749321243,6.59749321243,6.59749321243,6.59749321233,6.59749321243,6.59749321243,6.59749321243,6.59749321239,6.59749321239,6.59749321264,6.59749321179,6.59749321179,6.59749321248,6.59749321248,6.59749321242,6.59749321242,6.59749321252,6.59749321192,6.59749321213,6.59749321213,6.59749321213,6.59749321219,6.59749321219,6.59749321213,6.59749321213,6.59749321176,6.59749321176,6.59749321179,6.59749321179,6.59749321186,6.59749321216,6.59749321216,6.59749321226,6.59749321225,6.59749321225,6.59749321215,6.59749321213,6.59749321213,6.59749321226,6.59749321214,6.59749321214,6.59749321214,6.59749321216,6.59749321216,6.59749321216,6.59749321233,6.59749321233,6.59749321233,6.59749321213,6.59749321212,6.59749321212,6.59749321251,6.59749321251,7.1852328781,7.18523287798,7.18523287798,7.18523287796,7.18523287796,7.18523287802,7.18523287802,7.18523287792,7.18523287801,7.18523287801,7.18523287801,7.18523287801,7.18523287801,7.18523287791,7.18523287791,7.18523287791,7.18523287791,7.18523287791,7.18523287831,7.18523287761,7.18523287827,7.18523287788,7.18523287803,7.18523287803,7.18523287808,7.18523287808,7.18523287798,7.18523287776,7.18523287776
"t42",6.75317493163,6.753174931,6.753174931,6.75317493093,6.75317493163,5.3197403787,2.85487606536,2.85487606536,2.8548760654,2.8548760653,2.8548760654,2.8548760654,1.5730133842,0.90468071453,0.90468071453,0,1.7970644944,1.7970644944,6.5974932125,6.5974932125,6.5974932125,6.5974932124,6.5974932125,6.5974932125,6.5974932125,6.59749321246,6.59749321246,6.59749321271,6.59749321186,6.59749321186,6.59749321255,6.59749321255,6.59749321249,6.59749321249,6.59749321259,6.59749321199,6.5974932122,6.5974932122,6.5974932122,6.59749321226,6.59749321226,6.5974932122,6.5974932122,6.59749321183,6.59749321183,6.59749321186,6.59749321186,6.59749321193,6.59749321223,6.59749321223,6.59749321233,6.59749321232,6.59749321232,6.59749321222,6.5974932122,6.5974932122,6.59749321233,6.59749321221,6.59749321221,6.59749321221,6.59749321223,6.59749321223,6.59749321223,6.5974932124,6.5974932124,6.5974932124,6.5974932122,6.59749321219,6.59749321219,6.59749321258,6.59749321258,7.18523287817,7.18523287805,7.18523287805,7.18523287803,7.18523287803,7.18523287809,7.18523287809,7.18523287799,7.18523287808,7.18523287808,7.18523287808,7.18523287808,7.18523287808,7.18523287798,7.18523287798,7.18523287798,7.18523287798,7.18523287798,7.18523287838,7.18523287768,7.18523287834,7.18523287795,7.1852328781,7.1852328781,7.18523287815,7.18523287815,7.18523287805,7.18523287783,7.18523287783
"t63",6.75317493163,6.753174931,6.753174931,6.75317493093,6.75317493163,5.3197403787,2.85487606536,2.85487606536,2.8548760654,2.8548760653,2.8548760654,2.8548760654,1.7970644944,1.79706449433,1.79706449433,1.7970644944,0,0.620562849,6.5974932125,6.5974932125,6.5974932125,6.5974932124,6.5974932125,6.5974932125,6.5974932125,6.59749321246,6.59749321246,6.59749321271,6.59749321186,6.59749321186,6.59749321255,6.59749321255,6.59749321249,6.59749321249,6.59749321259,6.59749321199,6.5974932122,6.5974932122,6.5974932122,6.59749321226,6.59749321226,6.5974932122,6.5974932122,6.59749321183,6.59749321183,6.59749321186,6.59749321186,6.59749321193,6.59749321223,6.59749321223,6.59749321233,6.59749321232,6.59749321232,6.59749321222,6.5974932122,6.5974932122,6.59749321233,6.59749321221,6.59749321221,6.59749321221,6.59749321223,6.59749321223,6.59749321223,6.5974932124,6.5974932124,6.5974932124,6.5974932122,6.59749321219,6.59749321219,6.59749321258,6.59749321258,7.18523287817,7.18523287805,7.18523287805,7.18523287803,7.18523287803,7.18523287809,7.18523287809,7.18523287799,7.18523287808,7.18523287808,7.18523287808,7.18523287808,7.18523287808,7.18523287798,7.18523287798,7.18523287798,7.18523287798,7.18523287798,7.18523287838,7.18523287768,7.18523287834,7.18523287795,7.1852328781,7.1852328781,7.18523287815,7.18523287815,7.18523287805,7.18523287783,7.18523287783
"t64",6.75317493163,6.753174931,6.753174931,6.75317493093,6.75317493163,5.3197403787,2.85487606536,2.85487606536,2.8548760654,2.8548760653,2.8548760654,2.8548760654,1.7970644944,1.79706449433,1.79706449433,1.7970644944,0.620562849,0,6.5974932125,6.5974932125,6.5974932125,6.5974932124,6.5974932125,6.5974932125,6.5974932125,6.59749321246,6.59749321246,6.59749321271,6.59749321186,6.59749321186,6.59749321255,6.59749321255,6.59749321249,6.59749321249,6.59749321259,6.59749321199,6.5974932122,6.5974932122,6.5974932122,6.59749321226,6.59749321226,6.5974932122,6.5974932122,6.59749321183,6.59749321183,6.59749321186,6.59749321186,6.59749321193,6.59749321223,6.59749321223,6.59749321233,6.59749321232,6.59749321232,6.59749321222,6.5974932122,6.5974932122,6.59749321233,6.59749321221,6.59749321221,6.59749321221,6.59749321223,6.59749321223,6.59749321223,6.5974932124,6.5974932124,6.5974932124,6.5974932122,6.59749321219,6.59749321219,6.59749321258,6.59749321258,7.18523287817,7.18523287805,7.18523287805,7.18523287803,7.18523287803,7.18523287809,7.18523287809,7.18523287799,7.18523287808,7.18523287808,7.18523287808,7.18523287808,7.18523287808,7.18523287798,7.18523287798,7.18523287798,7.18523287798,7.18523287798,7.18523287838,7.18523287768,7.18523287834,7.18523287795,7.1852328781,7.1852328781,7.18523287815,7.18523287815,7.18523287805,7.18523287783,7.18523287783
"t57",6.75317493133,6.7531749307,6.7531749307,6.75317493063,6.75317493133,6.5974932118,6.59749321246,6.59749321246,6.5974932125,6.5974932124,6.5974932125,6.5974932125,6.5974932125,6.59749321243,6.59749321243,6.5974932125,6.5974932125,6.5974932125,0,0.7028904872,1.0932792462,1.6794594919,1.955408788,1.955408788,5.063722306,5.68725167736,5.68725167736,5.68725167761,5.68725167676,5.68725167676,5.68725167745,5.68725167745,5.68725167739,5.68725167739,5.68725167749,5.68725167689,5.6872516771,5.6872516771,5.6872516771,5.68725167716,5.68725167716,5.6872516771,5.6872516771,5.68725167673,5.68725167673,5.68725167676,5.68725167676,5.68725167683,5.68725167713,5.68725167713,5.68725167723,5.68725167722,5.68725167722,5.68725167712,5.6872516771,5.6872516771,5.68725167723,5.68725167711,5.68725167711,5.68725167711,5.68725167713,5.68725167713,5.68725167713,5.6872516773,5.6872516773,5.6872516773,5.6872516771,5.68725167709,5.68725167709,5.68725167748,5.68725167748,7.18523287787,7.18523287775,7.18523287775,7.18523287773,7.18523287773,7.18523287779,7.18523287779,7.18523287769,7.18523287778,7.18523287778,7.18523287778,7.18523287778,7.18523287778,7.18523287768,7.18523287768,7.18523287768,7.18523287768,7.18523287768,7.18523287808,7.18523287738,7.18523287804,7.18523287765,7.1852328778,7.1852328778,7.18523287785,7.18523287785,7.18523287775,7.18523287753,7.18523287753
"t58",6.75317493133,6.7531749307,6.7531749307,6.75317493063,6.75317493133,6.5974932118,6.59749321246,6.59749321246,6.5974932125,6.5974932124,6.5974932125,6.5974932125,6.5974932125,6.59749321243,6.59749321243,6.5974932125,6.5974932125,6.5974932125,0.7028904872,0,1.0932792462,1.6794594919,1.955408788,1.955408788,5.063722306,5.68725167736,5.68725167736,5.68725167761,5.68725167676,5.68725167676,5.68725167745,5.68725167745,5.68725167739,5.68725167739,5.68725167749,5.68725167689,5.6872516771,5.6872516771,5.6872516771,5.68725167716,5.68725167716,5.6872516771,5.6872516771,5.68725167673,5.68725167673,5.68725167676,5.68725167676,5.68725167683,5.68725167713,5.68725167713,5.68725167723,5.68725167722,5.68725167722,5.68725167712,5.6872516771,5.6872516771,5.68725167723,5.68725167711,5.68725167711,5.68725167711,5.68725167713,5.68725167713,5.68725167713,5.6872516773,5.6872516773,5.6872516773,5.6872516771,5.68725167709,5.68725167709,5.68725167748,5.68725167748,7.18523287787,7.18523287775,7.18523287775,7.18523287773,7.18523287773,7.18523287779,7.18523287779,7.18523287769,7.18523287778,7.18523287778,7.18523287778,7.18523287778,7.18523287778,7.18523287768,7.18523287768,7.18523287768,7.18523287768,7.18523287768,7.18523287808,7.18523287738,7.18523287804,7.18523287765,7.1852328778,7.1852328778,7.18523287785,7.18523287785,7.18523287775,7.18523287753,7.18523287753
"t32",6.75317493133,6.7531749307,6.7531749307,6.75317493063,6.75317493133,6.5974932118,6.59749321246,6.59749321246,6.5974932125,6.5974932124,6.5974932125,6.5974932125,6.5974932125,6.59749321243,6.59749321243,6.5974932125,6.5974932125,6.5974932125,1.0932792462,1.0932792462,0,1.6794594919,1.955408788,1.955408788,5.063722306,5.68725167736,5.68725167736,5.68725167761,5.68725167676,5.68725167676,5.68725167745,5.68725167745,5.68725167739,5.68725167739,5.68725167749,5.68725167689,5.6872516771,5.6872516771,5.6872516771,5.68725167716,5.68725167716,5.6872516771,5.6872516771,5.68725167673,5.68725167673,5.68725167676,5.68725167676,5.68725167683,5.68725167713,5.68725167713,5.68725167723,5.68725167722,5.68725167722,5.68725167712,5.6872516771,5.6872516771,5.68725167723,5.68725167711,5.68725167711,5.68725167711,5.68725167713,5.68725167713,5.68725167713,5.6872516773,5.6872516773,5.6872516773,5.6872516771,5.68725167709,5.68725167709,5.68725167748,5.68725167748,7.18523287787,7.18523287775,7.18523287775,7.18523287773,7.18523287773,7.18523287779,7.18523287779,7.18523287769,7.18523287778,7.18523287778,7.18523287778,7.18523287778,7.18523287778,7.18523287768,7.18523287768,7.18523287768,7.18523287768,7.18523287768,7.18523287808,7.18523287738,7.18523287804,7.18523287765,7.1852328778,7.1852328778,7.18523287785,7.18523287785,7.18523287775,7.18523287753,7.18523287753
"t15",6.75317493123,6.7531749306,6.7531749306,6.75317493053,6.75317493123,6.5974932117,6.59749321236,6.59749321236,6.5974932124,6.5974932123,6.5974932124,6.5974932124,6.5974932124,6.59749321233,6.59749321233,6.5974932124,6.5974932124,6.5974932124,1.6794594919,1.6794594919,1.6794594919,0,1.9554087879,1.9554087879,5.0637223059,5.68725167726,5.68725167726,5.68725167751,5.68725167666,5.68725167666,5.68725167735,5.68725167735,5.68725167729,5.68725167729,5.68725167739,5.68725167679,5.687251677,5.687251677,5.687251677,5.68725167706,5.68725167706,5.687251677,5.687251677,5.68725167663,5.68725167663,5.68725167666,5.68725167666,5.68725167673,5.68725167703,5.68725167703,5.68725167713,5.68725167712,5.68725167712,5.68725167702,5.687251677,5.687251677,5.68725167713,5.68725167701,5.68725167701,5.68725167701,5.68725167703,5.68725167703,5.68725167703,5.6872516772,5.6872516772,5.6872516772,5.687251677,5.68725167699,5.68725167699,5.68725167738,5.68725167738,7.18523287777,7.18523287765,7.18523287765,7.18523287763,7.18523287763,7.18523287769,7.18523287769,7.18523287759,7.18523287768,7.18523287768,7.18523287768,7.18523287768,7.18523287768,7.18523287758,7.18523287758,7.18523287758,7.18523287758,7.18523287758,7.18523287798,7.18523287728,7.18523287794,7.18523287755,7.1852328777,7.1852328777,7.18523287775,7.18523287775,7.18523287765,7.18523287743,7.18523287743
"t46",6.75317493133,6.7531749307,6.7531749307,6.75317493063,6.75317493133,6.5974932118,6.59749321246,6.59749321246,6.5974932125,6.5974932124,6.5974932125,6.5974932125,6.5974932125,6.59749321243,6.59749321243,6.5974932125,6.5974932125,6.5974932125,1.955408788,1.955408788,1.955408788,1.9554087879,0,0.800871073,5.063722306,5.68725167736,5.68725167736,5.68725167761,5.68725167676,5.68725167676,5.68725167745,5.68725167745,5.68725167739,5.68725167739,5.68725167749,5.68725167689,5.6872516771,5.6872516771,5.6872516771,5.68725167716,5.68725167716,5.6872516771,5.6872516771,5.68725167673,5.68725167673,5.68725167676,5.68725167676,5.68725167683,5.68725167713,5.68725167713,5.68725167723,5.68725167722,5.68725167722,5.68725167712,5.6872516771,5.6872516771,5.68725167723,5.68725167711,5.68725167711,5.68725167711,5.68725167713,5.68725167713,5.68725167713,5.6872516773,5.6872516773,5.6872516773,5.6872516771,5.68725167709,5.68725167709,5.68725167748,5.68725167748,7.18523287787,7.18523287775,7.18523287775,7.18523287773,7.18523287773,7.18523287779,7.18523287779,7.18523287769,7.18523287778,7.18523287778,7.18523287778,7.18523287778,7.18523287778,7.18523287768,7.18523287768,7.18523287768,7.18523287768,7.18523287768,7.18523287808,7.18523287738,7.18523287804,7.18523287765,7.1852328778,7.1852328778,7.18523287785,7.18523287785,7.18523287775,7.18523287753,7.18523287753
"t47",6.75317493133,6.7531749307,6.7531749307,6.75317493063,6.75317493133,6.5974932118,6.59749321246,6.59749321246,6.5974932125,6.5974932124,6.5974932125,6.5974932125,6.5974932125,6.59749321243,6.59749321243,6.5974932125,6.5974932125,6.5974932125,1.955408788,1.955408788,1.955408788,1.9554087879,0.800871073,0,5.063722306,5.68725167736,5.68725167736,5.68725167761,5.68725167676,5.68725167676,5.68725167745,5.68725167745,5.68725167739,5.68725167739,5.68725167749,5.68725167689,5.6872516771,5.6872516771,5.6872516771,5.68725167716,5.68725167716,5.6872516771,5.6872516771,5.68725167673,5.68725167673,5.68725167676,5.68725167676,5.68725167683,5.68725167713,5.68725167713,5.68725167723,5.68725167722,5.68725167722,5.68725167712,5.6872516771,5.6872516771,5.68725167723,5.68725167711,5.68725167711,5.68725167711,5.68725167713,5.68725167713,5.68725167713,5.6872516773,5.6872516773,5.6872516773,5.6872516771,5.68725167709,5.68725167709,5.68725167748,5.68725167748,7.18523287787,7.18523287775,7.18523287775,7.18523287773,7.18523287773,7.18523287779,7.18523287779,7.18523287769,7.18523287778,7.18523287778,7.18523287778,7.18523287778,7.18523287778,7.18523287768,7.18523287768,7.18523287768,7.18523287768,7.18523287768,7.18523287808,7.18523287738,7.18523287804,7.18523287765,7.1852328778,7.1852328778,7.18523287785,7.18523287785,7.18523287775,7.18523287753,7.18523287753
"t2",6.75317493133,6.7531749307,6.7531749307,6.75317493063,6.75317493133,6.5974932118,6.59749321246,6.59749321246,6.5974932125,6.5974932124,6.5974932125,6.5974932125,6.5974932125,6.59749321243,6.59749321243,6.5974932125,6.5974932125,6.5974932125,5.063722306,5.063722306,5.063722306,5.0637223059,5.063722306,5.063722306,0,5.68725167736,5.68725167736,5.68725167761,5.68725167676,5.68725167676,5.68725167745,5.68725167745,5.68725167739,5.68725167739,5.68725167749,5.68725167689,5.6872516771,5.6872516771,5.6872516771,5.68725167716,5.68725167716,5.6872516771,5.6872516771,5.68725167673,5.68725167673,5.68725167676,5.68725167676,5.68725167683,5.68725167713,5.68725167713,5.68725167723,5.68725167722,5.68725167722,5.68725167712,5.6872516771,5.6872516771,5.68725167723,5.68725167711,5.68725167711,5.68725167711,5.68725167713,5.68725167713,5.68725167713,5.6872516773,5.6872516773,5.6872516773,5.6872516771,5.68725167709,5.68725167709,5.68725167748,5.68725167748,7.18523287787,7.18523287775,7.18523287775,7.18523287773,7.18523287773,7.18523287779,7.18523287779,7.18523287769,7.18523287778,7.18523287778,7.18523287778,7.18523287778,7.18523287778,7.18523287768,7.18523287768,7.18523287768,7.18523287768,7.18523287768,7.18523287808,7.18523287738,7.18523287804,7.18523287765,7.1852328778,7.1852328778,7.18523287785,7.18523287785,7.18523287775,7.18523287753,7.18523287753
"t13",6.75317493129,6.75317493066,6.75317493066,6.75317493059,6.75317493129,6.59749321176,6.59749321242,6.59749321242,6.59749321246,6.59749321236,6.59749321246,6.59749321246,6.59749321246,6.59749321239,6.59749321239,6.59749321246,6.59749321246,6.59749321246,5.68725167736,5.68725167736,5.68725167736,5.68725167726,5.68725167736,5.68725167736,5.68725167736,0,2.289599946,2.40570292975,2.54231904914,2.54231904914,4.53955865763,4.53955865763,4.53955865757,4.53955865757,4.53955865767,4.53955865707,4.64533654346,4.64533654346,4.64533654346,4.64533654352,4.64533654352,4.64533654346,4.64533654346,4.64533654309,4.64533654309,4.64533654312,4.64533654312,4.64533654319,4.64533654349,4.64533654349,4.64533654359,4.64533654358,4.64533654358,4.64533654348,4.64533654346,4.64533654346,4.64533654359,4.64533654347,4.64533654347,4.64533654347,4.64533654349,4.64533654349,4.64533654349,4.89665022066,4.89665022066,4.89665022066,4.89665022046,4.89665022045,4.89665022045,4.89665022084,4.89665022084,7.18523287783,7.18523287771,7.18523287771,7.18523287769,7.18523287769,7.18523287775,7.18523287775,7.18523287765,7.18523287774,7.18523287774,7.18523287774,7.18523287774,7.18523287774,7.18523287764,7.18523287764,7.18523287764,7.18523287764,7.18523287764,7.18523287804,7.18523287734,7.185232878,7.18523287761,7.18523287776,7.18523287776,7.18523287781,7.18523287781,7.18523287771,7.18523287749,7.18523287749
"t14",6.75317493129,6.75317493066,6.75317493066,6.75317493059,6.75317493129,6.59749321176,6.59749321242,6.59749321242,6.59749321246,6.59749321236,6.59749321246,6.59749321246,6.59749321246,6.59749321239,6.59749321239,6.59749321246,6.59749321246,6.59749321246,5.68725167736,5.68725167736,5.68725167736,5.68725167726,5.68725167736,5.68725167736,5.68725167736,2.289599946,0,2.40570292975,2.54231904914,2.54231904914,4.53955865763,4.53955865763,4.53955865757,4.53955865757,4.53955865767,4.53955865707,4.64533654346,4.64533654346,4.64533654346,4.64533654352,4.64533654352,4.64533654346,4.64533654346,4.64533654309,4.64533654309,4.64533654312,4.64533654312,4.64533654319,4.64533654349,4.64533654349,4.64533654359,4.64533654358,4.64533654358,4.64533654348,4.64533654346,4.64533654346,4.64533654359,4.64533654347,4.64533654347,4.64533654347,4.64533654349,4.64533654349,4.64533654349,4.89665022066,4.89665022066,4.89665022066,4.89665022046,4.89665022045,4.89665022045,4.89665022084,4.89665022084,7.18523287783,7.18523287771,7.18523287771,7.18523287769,7.18523287769,7.18523287775,7.18523287775,7.18523287765,7.18523287774,7.18523287774,7.18523287774,7.18523287774,7.18523287774,7.18523287764,7.18523287764,7.18523287764,7.18523287764,7.18523287764,7.18523287804,7.18523287734,7.185232878,7.18523287761,7.18523287776,7.18523287776,7.18523287781,7.18523287781,7.18523287771,7.18523287749,7.18523287749
"t12",6.75317493154,6.75317493091,6.75317493091,6.75317493084,6.75317493154,6.59749321201,6.59749321267,6.59749321267,6.59749321271,6.59749321261,6.59749321271,6.59749321271,6.59749321271,6.59749321264,6.59749321264,6.59749321271,6.59749321271,6.59749321271,5.68725167761,5.68725167761,5.68725167761,5.68725167751,5.68725167761,5.68725167761,5.68725167761,2.40570292975,2.40570292975,0,2.54231904939,2.54231904939,4.53955865788,4.53955865788,4.53955865782,4.53955865782,4.53955865792,4.53955865732,4.64533654371,4.64533654371,4.64533654371,4.64533654377,4.64533654377,4.64533654371,4.64533654371,4.64533654334,4.64533654334,4.64533654337,4.64533654337,4.64533654344,4.64533654374,4.64533654374,4.64533654384,4.64533654383,4.64533654383,4.64533654373,4.64533654371,4.64533654371,4.64533654384,4.64533654372,4.64533654372,4.64533654372,4.64533654374,4.64533654374,4.64533654374,4.89665022091,4.89665022091,4.89665022091,4.89665022071,4.8966502207,4.8966502207,4.89665022109,4.89665022109,7.18523287808,7.18523287796,7.18523287796,7.18523287794,7.18523287794,7.185232878,7.185232878,7.1852328779,7.18523287799,7.18523287799,7.18523287799,7.18523287799,7.18523287799,7.18523287789,7.18523287789,7.18523287789,7.18523287789,7.18523287789,7.18523287829,7.18523287759,7.18523287825,7.18523287786,7.18523287801,7.18523287801,7.18523287806,7.18523287806,7.18523287796,7.18523287774,7.18523287774
