"","t4","t8","t9","t10","t11","t12","t105","t113","t134","t135","t62","t99","t100","t59","t25","t93","t94","t107","t108","t27","t28","t24","t30","t31","t130","t131","t126","t127","t120","t121","t65","t66","t50","t90","t109","t110","t57","t58","t67","t68","t124","t125","t53","t114","t115","t84","t37","t38","t15","t33","t77","t111","t112","t71","t87","t88","t26","t63","t64","t41","t42","t32","t13","t54","t55","t82","t83","t136","t137","t46","t48","t79","t81","t91","t92","t18","t49","t60","t61","t78","t101","t102","t96","t97","t16","t69","t70","t44","t45","t35","t14","t128","t129","t95","t34","t29","t89","t122","t123","t51","t52","t116","t117","t47","t74","t75","t43","t22","t39","t40","t36","t23","t103","t104","t118","t119","t76","t20","t21","t19","t80","t98","t132","t133","t106","t56","t17","t85","t86","t72","t73","t7","t6","t5","t1","t2","t3"
"t4",0,5.59411520744,4.91084957614,6.25664442894,6.22602775834,7.12150009074,9.38704633464,9.38704633467,9.387046334671,9.387046334671,9.11706112198,9.38704633468,9.38704633468,9.38704633474,8.84455028324,9.38704633526,9.38704633526,9.38704633524,9.38704633524,8.54362847544,8.47077269384,9.38704633544,9.32665825698,9.38704633548,9.387046335224,9.387046335224,9.387046335204,9.387046335204,9.387046335194,9.387046335194,9.002992416244,9.387046335224,9.30530687277,9.38704633517,9.38704633517,9.38704633517,9.38704633506,9.38704633506,9.38704633516,9.38704633516,9.3870463351,9.3870463351,9.38704633516,9.3870463351,9.3870463351,9.38704633516,9.38704633519,9.38704633519,9.38704633474,8.94842772264,9.38704633524,9.38704633524,9.38704633524,9.38704633524,9.38704633524,9.38704633524,8.91506681674,9.38704633484,9.38704633484,9.16037548094,9.38704633524,9.38704633494,8.46202001654,9.387046334927,9.387046334927,9.387046334947,9.387046334947,9.387046334939,9.387046334939,9.387046335047,9.387046334987,9.387046335087,9.387046335107,9.387046335037,9.387046335037,9.387046334547,9.38704633494,9.38704633492,9.01119287042,9.24353805137,9.38704633447,9.38704633447,9.38704633453,9.38704633453,9.38704633517,9.38704633524,9.38704633524,8.81893436604,9.38704633494,9.38704633494,7.94065596164,9.38704633507,9.38704633507,9.38704633506,9.38704633506,8.48185578446,9.38704633506,9.387046335,9.387046335,9.38704633507,9.25145515907,9.38704633511,9.38704633511,9.17404595333,9.38704633503,9.38704633503,9.38704633506,8.38629605734,9.38704633508,9.38704633508,8.94767138444,8.34322200154,9.38704633514,9.38704633514,9.3870463351,9.3870463351,9.38704633514,9.02479365352,9.38704633552,9.18338929124,9.38704633554,9.38704633554,9.387046335598,9.387046335598,9.3870463356,9.32202832314,9.08275928234,9.38704633504,9.38704633504,9.38704633504,9.38704633504,3.14710323134,2.66507128004,4.00253206314,4.29307449104,4.54057968724,4.64802996034
"t8",5.59411520744,0,2.8539106907,4.1997055435,4.1690888729,5.0645612053,7.3301074492,7.33010744923,7.330107449231,7.330107449231,7.06012223654,7.33010744924,7.33010744924,7.3301074493,6.7876113978,7.33010744982,7.33010744982,7.3301074498,7.3301074498,6.48668959,6.4138338084,7.33010745,7.26971937154,7.33010745004,7.330107449784,7.330107449784,7.330107449764,7.330107449764,7.330107449754,7.330107449754,6.946053530804,7.330107449784,7.24836798733,7.33010744973,7.33010744973,7.33010744973,7.33010744962,7.33010744962,7.33010744972,7.33010744972,7.33010744966,7.33010744966,7.33010744972,7.33010744966,7.33010744966,7.33010744972,7.33010744975,7.33010744975,7.3301074493,6.8914888372,7.3301074498,7.3301074498,7.3301074498,7.3301074498,7.3301074498,7.3301074498,6.8581279313,7.3301074494,7.3301074494,7.1034365955,7.3301074498,7.3301074495,6.4050811311,7.330107449487,7.330107449487,7.330107449507,7.330107449507,7.330107449499,7.330107449499,7.330107449607,7.330107449547,7.330107449647,7.330107449667,7.330107449597,7.330107449597,7.330107449107,7.3301074495,7.33010744948,6.95425398498,7.18659916593,7.33010744903,7.33010744903,7.33010744909,7.33010744909,7.33010744973,7.3301074498,7.3301074498,6.7619954806,7.3301074495,7.3301074495,5.8837170762,7.33010744963,7.33010744963,7.33010744962,7.33010744962,6.42491689902,7.33010744962,7.33010744956,7.33010744956,7.33010744963,7.19451627363,7.33010744967,7.33010744967,7.11710706789,7.33010744959,7.33010744959,7.33010744962,6.3293571719,7.33010744964,7.33010744964,6.890732499,6.2862831161,7.3301074497,7.3301074497,7.33010744966,7.33010744966,7.3301074497,6.96785476808,7.33010745008,7.1264504058,7.3301074501,7.3301074501,7.330107450158,7.330107450158,7.33010745016,7.2650894377,7.0258203969,7.3301074496,7.3301074496,7.3301074496,7.3301074496,4.3011447679,4.4648858558,7.7683576183,9.8559824084,10.1034876046,10.2109378777
"t9",4.91084957614,2.8539106907,0,2.0427972268,2.0121805562,2.9076528886,5.1731991325,5.17319913253,5.173199132531,5.173199132531,4.90321391984,5.17319913254,5.17319913254,5.1731991326,4.6307030811,5.17319913312,5.17319913312,5.1731991331,5.1731991331,4.3297812733,4.2569254917,5.1731991333,5.11281105484,5.17319913334,5.173199133084,5.173199133084,5.173199133064,5.173199133064,5.173199133054,5.173199133054,4.789145214104,5.173199133084,5.09145967063,5.17319913303,5.17319913303,5.17319913303,5.17319913292,5.17319913292,5.17319913302,5.17319913302,5.17319913296,5.17319913296,5.17319913302,5.17319913296,5.17319913296,5.17319913302,5.17319913305,5.17319913305,5.1731991326,4.7345805205,5.1731991331,5.1731991331,5.1731991331,5.1731991331,5.1731991331,5.1731991331,4.7012196146,5.1731991327,5.1731991327,4.9465282788,5.1731991331,5.1731991328,4.2481728144,5.173199132787,5.173199132787,5.173199132807,5.173199132807,5.173199132799,5.173199132799,5.173199132907,5.173199132847,5.173199132947,5.173199132967,5.173199132897,5.173199132897,5.173199132407,5.1731991328,5.17319913278,4.79734566828,5.02969084923,5.17319913233,5.17319913233,5.17319913239,5.17319913239,5.17319913303,5.1731991331,5.1731991331,4.6050871639,5.1731991328,5.1731991328,3.7268087595,5.17319913293,5.17319913293,5.17319913292,5.17319913292,4.26800858232,5.17319913292,5.17319913286,5.17319913286,5.17319913293,5.03760795693,5.17319913297,5.17319913297,4.96019875119,5.17319913289,5.17319913289,5.17319913292,4.1724488552,5.17319913294,5.17319913294,4.7338241823,4.1293747994,5.173199133,5.173199133,5.17319913296,5.17319913296,5.173199133,4.81094645138,5.17319913338,4.9695420891,5.1731991334,5.1731991334,5.173199133458,5.173199133458,5.17319913346,5.108181121,4.8689120802,5.1731991329,5.1731991329,5.1731991329,5.1731991329,3.6178791366,3.7816202245,7.085091987,9.1727167771,9.4202219733,9.5276722464
"t10",6.25664442894,4.1997055435,2.0427972268,0,1.0014391438,2.2749519584,4.5404982023,4.54049820233,4.540498202331,4.540498202331,5.20694614564,5.47693135834,5.47693135834,5.4769313584,4.9344353069,5.47693135892,5.47693135892,5.4769313589,5.4769313589,4.6335134991,4.5606577175,5.4769313591,5.41654328064,5.47693135914,5.476931358884,5.476931358884,5.476931358864,5.476931358864,5.476931358854,5.476931358854,5.092877439904,5.476931358884,5.39519189643,5.47693135883,5.47693135883,5.47693135883,5.47693135872,5.47693135872,5.47693135882,5.47693135882,5.47693135876,5.47693135876,5.47693135882,5.47693135876,5.47693135876,5.47693135882,5.47693135885,5.47693135885,5.4769313584,5.0383127463,5.4769313589,5.4769313589,5.4769313589,5.4769313589,5.4769313589,5.4769313589,5.0049518404,5.4769313585,5.4769313585,5.2502605046,5.4769313589,5.4769313586,4.5519050402,5.476931358587,5.476931358587,5.476931358607,5.476931358607,5.476931358599,5.476931358599,5.476931358707,5.476931358647,5.476931358747,5.476931358767,5.476931358697,5.476931358697,5.476931358207,5.4769313586,5.47693135858,5.10107789408,5.33342307503,5.47693135813,5.47693135813,5.47693135819,5.47693135819,5.47693135883,5.4769313589,5.4769313589,4.9088193897,5.4769313586,5.4769313586,4.0305409853,5.47693135873,5.47693135873,5.47693135872,5.47693135872,4.57174080812,5.47693135872,5.47693135866,5.47693135866,5.47693135873,5.34134018273,5.47693135877,5.47693135877,5.26393097699,5.47693135869,5.47693135869,5.47693135872,4.476181081,5.47693135874,5.47693135874,5.0375564081,4.4331070252,5.4769313588,5.4769313588,5.47693135876,5.47693135876,5.4769313588,5.11467867718,5.47693135918,5.2732743149,5.4769313592,5.4769313592,5.476931359258,5.476931359258,5.47693135926,5.4119133468,5.172644306,5.4769313587,5.4769313587,5.4769313587,5.4769313587,4.9636739894,5.1274150773,8.4308868398,10.5185116299,10.7660168261,10.8734670992
"t11",6.22602775834,4.1690888729,2.0121805562,1.0014391438,0,2.2443352878,4.5098815317,4.50988153173,4.509881531731,4.509881531731,5.17632947504,5.44631468774,5.44631468774,5.4463146878,4.9038186363,5.44631468832,5.44631468832,5.4463146883,5.4463146883,4.6028968285,4.5300410469,5.4463146885,5.38592661004,5.44631468854,5.446314688284,5.446314688284,5.446314688264,5.446314688264,5.446314688254,5.446314688254,5.062260769304,5.446314688284,5.36457522583,5.44631468823,5.44631468823,5.44631468823,5.44631468812,5.44631468812,5.44631468822,5.44631468822,5.44631468816,5.44631468816,5.44631468822,5.44631468816,5.44631468816,5.44631468822,5.44631468825,5.44631468825,5.4463146878,5.0076960757,5.4463146883,5.4463146883,5.4463146883,5.4463146883,5.4463146883,5.4463146883,4.9743351698,5.4463146879,5.4463146879,5.219643834,5.4463146883,5.446314688,4.5212883696,5.446314687987,5.446314687987,5.446314688007,5.446314688007,5.446314687999,5.446314687999,5.446314688107,5.446314688047,5.446314688147,5.446314688167,5.446314688097,5.446314688097,5.446314687607,5.446314688,5.44631468798,5.07046122348,5.30280640443,5.44631468753,5.44631468753,5.44631468759,5.44631468759,5.44631468823,5.4463146883,5.4463146883,4.8782027191,5.446314688,5.446314688,3.9999243147,5.44631468813,5.44631468813,5.44631468812,5.44631468812,4.54112413752,5.44631468812,5.44631468806,5.44631468806,5.44631468813,5.31072351213,5.44631468817,5.44631468817,5.23331430639,5.44631468809,5.44631468809,5.44631468812,4.4455644104,5.44631468814,5.44631468814,5.0069397375,4.4024903546,5.4463146882,5.4463146882,5.44631468816,5.44631468816,5.4463146882,5.08406200658,5.44631468858,5.2426576443,5.4463146886,5.4463146886,5.446314688658,5.446314688658,5.44631468866,5.3812966762,5.1420276354,5.4463146881,5.4463146881,5.4463146881,5.4463146881,4.9330573188,5.0967984067,8.4002701692,10.4878949593,10.7354001555,10.8428504286
"t12",7.12150009074,5.0645612053,2.9076528886,2.2749519584,2.2443352878,0,3.4208901763,3.42089017633,3.420890176331,3.420890176331,6.07180180744,6.34178702014,6.34178702014,6.3417870202,5.7992909687,6.34178702072,6.34178702072,6.3417870207,6.3417870207,5.4983691609,5.4255133793,6.3417870209,6.28139894244,6.34178702094,6.341787020684,6.341787020684,6.341787020664,6.341787020664,6.341787020654,6.341787020654,5.957733101704,6.341787020684,6.26004755823,6.34178702063,6.34178702063,6.34178702063,6.34178702052,6.34178702052,6.34178702062,6.34178702062,6.34178702056,6.34178702056,6.34178702062,6.34178702056,6.34178702056,6.34178702062,6.34178702065,6.34178702065,6.3417870202,5.9031684081,6.3417870207,6.3417870207,6.3417870207,6.3417870207,6.3417870207,6.3417870207,5.8698075022,6.3417870203,6.3417870203,6.1151161664,6.3417870207,6.3417870204,5.416760702,6.341787020387,6.341787020387,6.341787020407,6.341787020407,6.341787020399,6.341787020399,6.341787020507,6.341787020447,6.341787020547,6.341787020567,6.341787020497,6.341787020497,6.341787020007,6.3417870204,6.34178702038,5.96593355588,6.19827873683,6.34178701993,6.34178701993,6.34178701999,6.34178701999,6.34178702063,6.3417870207,6.3417870207,5.7736750515,6.3417870204,6.3417870204,4.8953966471,6.34178702053,6.34178702053,6.34178702052,6.34178702052,5.43659646992,6.34178702052,6.34178702046,6.34178702046,6.34178702053,6.20619584453,6.34178702057,6.34178702057,6.12878663879,6.34178702049,6.34178702049,6.34178702052,5.3410367428,6.34178702054,6.34178702054,5.9024120699,5.297962687,6.3417870206,6.3417870206,6.34178702056,6.34178702056,6.3417870206,5.97953433898,6.34178702098,6.1381299767,6.341787021,6.341787021,6.341787021058,6.341787021058,6.34178702106,6.2767690086,6.0374999678,6.3417870205,6.3417870205,6.3417870205,6.3417870205,5.8285296512,5.9922707391,9.2957425016,11.3833672917,11.6308724879,11.738322761
"t105",9.38704633464,7.3301074492,5.1731991325,4.5404982023,4.5098815317,3.4208901763,0,0.32252792023,0.322527920231,0.322527920231,8.33734805134,8.60733326404,8.60733326404,8.6073332641,8.0648372126,8.60733326462,8.60733326462,8.6073332646,8.6073332646,7.7639154048,7.6910596232,8.6073332648,8.54694518634,8.60733326484,8.607333264584,8.607333264584,8.607333264564,8.607333264564,8.607333264554,8.607333264554,8.223279345604,8.607333264584,8.52559380213,8.60733326453,8.60733326453,8.60733326453,8.60733326442,8.60733326442,8.60733326452,8.60733326452,8.60733326446,8.60733326446,8.60733326452,8.60733326446,8.60733326446,8.60733326452,8.60733326455,8.60733326455,8.6073332641,8.168714652,8.6073332646,8.6073332646,8.6073332646,8.6073332646,8.6073332646,8.6073332646,8.1353537461,8.6073332642,8.6073332642,8.3806624103,8.6073332646,8.6073332643,7.6823069459,8.607333264287,8.607333264287,8.607333264307,8.607333264307,8.607333264299,8.607333264299,8.607333264407,8.607333264347,8.607333264447,8.607333264467,8.607333264397,8.607333264397,8.607333263907,8.6073332643,8.60733326428,8.23147979978,8.46382498073,8.60733326383,8.60733326383,8.60733326389,8.60733326389,8.60733326453,8.6073332646,8.6073332646,8.0392212954,8.6073332643,8.6073332643,7.160942891,8.60733326443,8.60733326443,8.60733326442,8.60733326442,7.70214271382,8.60733326442,8.60733326436,8.60733326436,8.60733326443,8.47174208843,8.60733326447,8.60733326447,8.39433288269,8.60733326439,8.60733326439,8.60733326442,7.6065829867,8.60733326444,8.60733326444,8.1679583138,7.5635089309,8.6073332645,8.6073332645,8.60733326446,8.60733326446,8.6073332645,8.24508058288,8.60733326488,8.4036762206,8.6073332649,8.6073332649,8.607333264958,8.607333264958,8.60733326496,8.5423152525,8.3030462117,8.6073332644,8.6073332644,8.6073332644,8.6073332644,8.0940758951,8.257816983,11.5612887455,13.6489135356,13.8964187318,14.0038690049
"t113",9.38704633467,7.33010744923,5.17319913253,4.54049820233,4.50988153173,3.42089017633,0.32252792023,0,0.187489291521,0.187489291521,8.33734805137,8.60733326407,8.60733326407,8.60733326413,8.06483721263,8.60733326465,8.60733326465,8.60733326463,8.60733326463,7.76391540483,7.69105962323,8.60733326483,8.54694518637,8.60733326487,8.607333264614,8.607333264614,8.607333264594,8.607333264594,8.607333264584,8.607333264584,8.223279345634,8.607333264614,8.52559380216,8.60733326456,8.60733326456,8.60733326456,8.60733326445,8.60733326445,8.60733326455,8.60733326455,8.60733326449,8.60733326449,8.60733326455,8.60733326449,8.60733326449,8.60733326455,8.60733326458,8.60733326458,8.60733326413,8.16871465203,8.60733326463,8.60733326463,8.60733326463,8.60733326463,8.60733326463,8.60733326463,8.13535374613,8.60733326423,8.60733326423,8.38066241033,8.60733326463,8.60733326433,7.68230694593,8.607333264317,8.607333264317,8.607333264337,8.607333264337,8.607333264329,8.607333264329,8.607333264437,8.607333264377,8.607333264477,8.607333264497,8.607333264427,8.607333264427,8.607333263937,8.60733326433,8.60733326431,8.23147979981,8.46382498076,8.60733326386,8.60733326386,8.60733326392,8.60733326392,8.60733326456,8.60733326463,8.60733326463,8.03922129543,8.60733326433,8.60733326433,7.16094289103,8.60733326446,8.60733326446,8.60733326445,8.60733326445,7.70214271385,8.60733326445,8.60733326439,8.60733326439,8.60733326446,8.47174208846,8.6073332645,8.6073332645,8.39433288272,8.60733326442,8.60733326442,8.60733326445,7.60658298673,8.60733326447,8.60733326447,8.16795831383,7.56350893093,8.60733326453,8.60733326453,8.60733326449,8.60733326449,8.60733326453,8.24508058291,8.60733326491,8.40367622063,8.60733326493,8.60733326493,8.607333264988,8.607333264988,8.60733326499,8.54231525253,8.30304621173,8.60733326443,8.60733326443,8.60733326443,8.60733326443,8.09407589513,8.25781698303,11.56128874553,13.64891353563,13.89641873183,14.00386900493
"t134",9.387046334671,7.330107449231,5.173199132531,4.540498202331,4.509881531731,3.420890176331,0.322527920231,0.187489291521,0,0.013274001742,8.337348051371,8.607333264071,8.607333264071,8.607333264131,8.064837212631,8.607333264651,8.607333264651,8.607333264631,8.607333264631,7.763915404831,7.691059623231,8.607333264831,8.546945186371,8.607333264871,8.607333264615,8.607333264615,8.607333264595,8.607333264595,8.607333264585,8.607333264585,8.223279345635,8.607333264615,8.525593802161,8.607333264561,8.607333264561,8.607333264561,8.607333264451,8.607333264451,8.607333264551,8.607333264551,8.607333264491,8.607333264491,8.607333264551,8.607333264491,8.607333264491,8.607333264551,8.607333264581,8.607333264581,8.607333264131,8.168714652031,8.607333264631,8.607333264631,8.607333264631,8.607333264631,8.607333264631,8.607333264631,8.135353746131,8.607333264231,8.607333264231,8.380662410331,8.607333264631,8.607333264331,7.682306945931,8.607333264318,8.607333264318,8.607333264338,8.607333264338,8.60733326433,8.60733326433,8.607333264438,8.607333264378,8.607333264478,8.607333264498,8.607333264428,8.607333264428,8.607333263938,8.607333264331,8.607333264311,8.231479799811,8.463824980761,8.607333263861,8.607333263861,8.607333263921,8.607333263921,8.607333264561,8.607333264631,8.607333264631,8.039221295431,8.607333264331,8.607333264331,7.160942891031,8.607333264461,8.607333264461,8.607333264451,8.607333264451,7.702142713851,8.607333264451,8.607333264391,8.607333264391,8.607333264461,8.471742088461,8.607333264501,8.607333264501,8.394332882721,8.607333264421,8.607333264421,8.607333264451,7.606582986731,8.607333264471,8.607333264471,8.167958313831,7.563508930931,8.607333264531,8.607333264531,8.607333264491,8.607333264491,8.607333264531,8.245080582911,8.607333264911,8.403676220631,8.607333264931,8.607333264931,8.607333264989,8.607333264989,8.607333264991,8.542315252531,8.303046211731,8.607333264431,8.607333264431,8.607333264431,8.607333264431,8.094075895131,8.257816983031,11.561288745531,13.648913535631,13.896418731831,14.003869004931
"t135",9.387046334671,7.330107449231,5.173199132531,4.540498202331,4.509881531731,3.420890176331,0.322527920231,0.187489291521,0.013274001742,0,8.337348051371,8.607333264071,8.607333264071,8.607333264131,8.064837212631,8.607333264651,8.607333264651,8.607333264631,8.607333264631,7.763915404831,7.691059623231,8.607333264831,8.546945186371,8.607333264871,8.607333264615,8.607333264615,8.607333264595,8.607333264595,8.607333264585,8.607333264585,8.223279345635,8.607333264615,8.525593802161,8.607333264561,8.607333264561,8.607333264561,8.607333264451,8.607333264451,8.607333264551,8.607333264551,8.607333264491,8.607333264491,8.607333264551,8.607333264491,8.607333264491,8.607333264551,8.607333264581,8.607333264581,8.607333264131,8.168714652031,8.607333264631,8.607333264631,8.607333264631,8.607333264631,8.607333264631,8.607333264631,8.135353746131,8.607333264231,8.607333264231,8.380662410331,8.607333264631,8.607333264331,7.682306945931,8.607333264318,8.607333264318,8.607333264338,8.607333264338,8.60733326433,8.60733326433,8.607333264438,8.607333264378,8.607333264478,8.607333264498,8.607333264428,8.607333264428,8.607333263938,8.607333264331,8.607333264311,8.231479799811,8.463824980761,8.607333263861,8.607333263861,8.607333263921,8.607333263921,8.607333264561,8.607333264631,8.607333264631,8.039221295431,8.607333264331,8.607333264331,7.160942891031,8.607333264461,8.607333264461,8.607333264451,8.607333264451,7.702142713851,8.607333264451,8.607333264391,8.607333264391,8.607333264461,8.471742088461,8.607333264501,8.607333264501,8.394332882721,8.607333264421,8.607333264421,8.607333264451,7.606582986731,8.607333264471,8.607333264471,8.167958313831,7.563508930931,8.607333264531,8.607333264531,8.607333264491,8.607333264491,8.607333264531,8.245080582911,8.607333264911,8.403676220631,8.607333264931,8.607333264931,8.607333264989,8.607333264989,8.607333264991,8.542315252531,8.303046211731,8.607333264431,8.607333264431,8.607333264431,8.607333264431,8.094075895131,8.257816983031,11.561288745531,13.648913535631,13.896418731831,14.003869004931
"t62",9.11706112198,7.06012223654,4.90321391984,5.20694614564,5.17632947504,6.07180180744,8.33734805134,8.33734805137,8.337348051371,8.337348051371,0,0.6979295589,0.6979295589,0.89481810884,3.82388808534,4.36638413736,4.36638413736,4.36638413734,4.36638413734,3.52296627754,3.45011049594,4.36638413754,4.30599605908,4.36638413758,4.366384137324,4.366384137324,4.366384137304,4.366384137304,4.366384137294,4.366384137294,3.982330218344,4.366384137324,4.28464467487,4.36638413727,4.36638413727,4.36638413727,4.36638413716,4.36638413716,4.36638413726,4.36638413726,4.3663841372,4.3663841372,4.36638413726,4.3663841372,4.3663841372,4.36638413726,4.36638413729,4.36638413729,4.36638413684,4.70579888334,5.14441749594,5.14441749594,5.14441749594,5.14441749594,5.14441749594,5.14441749594,4.67243797744,5.14441749554,5.14441749554,4.91774664164,5.14441749594,5.14441749564,6.35802298924,7.283049307627,7.283049307627,7.283049307647,7.283049307647,7.283049307639,7.283049307639,7.283049307747,7.283049307687,7.283049307787,7.283049307807,7.283049307737,7.283049307737,7.283049307247,7.28304930764,7.28304930762,6.90719584312,7.13954102407,7.28304930717,7.28304930717,7.28304930723,7.28304930723,7.28304930787,7.28304930794,7.28304930794,6.71493733874,7.28304930764,7.28304930764,5.83665893434,7.28304930777,7.28304930777,7.28304930776,7.28304930776,6.37785875716,7.28304930776,7.2830493077,7.2830493077,7.28304930777,7.14745813177,7.28304930781,7.28304930781,7.07004892603,7.28304930773,7.28304930773,7.28304930776,6.28229903004,7.28304930778,7.28304930778,6.84367435714,6.23922497424,7.28304930784,7.28304930784,7.2830493078,7.2830493078,7.28304930784,6.92079662622,7.28304930822,7.07939226394,7.28304930824,7.28304930824,7.283049308298,7.283049308298,7.2830493083,7.21803129584,6.97876225504,7.28304930774,7.28304930774,7.28304930774,7.28304930774,7.82409068244,7.98783177034,11.29130353284,13.37892832294,13.62643351914,13.73388379224
"t99",9.38704633468,7.33010744924,5.17319913254,5.47693135834,5.44631468774,6.34178702014,8.60733326404,8.60733326407,8.607333264071,8.607333264071,0.6979295589,0,0.3526556196,1.16480332154,4.09387329804,4.63636935006,4.63636935006,4.63636935004,4.63636935004,3.79295149024,3.72009570864,4.63636935024,4.57598127178,4.63636935028,4.636369350024,4.636369350024,4.636369350004,4.636369350004,4.636369349994,4.636369349994,4.252315431044,4.636369350024,4.55462988757,4.63636934997,4.63636934997,4.63636934997,4.63636934986,4.63636934986,4.63636934996,4.63636934996,4.6363693499,4.6363693499,4.63636934996,4.6363693499,4.6363693499,4.63636934996,4.63636934999,4.63636934999,4.63636934954,4.97578409604,5.41440270864,5.41440270864,5.41440270864,5.41440270864,5.41440270864,5.41440270864,4.94242319014,5.41440270824,5.41440270824,5.18773185434,5.41440270864,5.41440270834,6.62800820194,7.553034520327,7.553034520327,7.553034520347,7.553034520347,7.553034520339,7.553034520339,7.553034520447,7.553034520387,7.553034520487,7.553034520507,7.553034520437,7.553034520437,7.553034519947,7.55303452034,7.55303452032,7.17718105582,7.40952623677,7.55303451987,7.55303451987,7.55303451993,7.55303451993,7.55303452057,7.55303452064,7.55303452064,6.98492255144,7.55303452034,7.55303452034,6.10664414704,7.55303452047,7.55303452047,7.55303452046,7.55303452046,6.64784396986,7.55303452046,7.5530345204,7.5530345204,7.55303452047,7.41744334447,7.55303452051,7.55303452051,7.34003413873,7.55303452043,7.55303452043,7.55303452046,6.55228424274,7.55303452048,7.55303452048,7.11365956984,6.50921018694,7.55303452054,7.55303452054,7.5530345205,7.5530345205,7.55303452054,7.19078183892,7.55303452092,7.34937747664,7.55303452094,7.55303452094,7.553034520998,7.553034520998,7.553034521,7.48801650854,7.24874746774,7.55303452044,7.55303452044,7.55303452044,7.55303452044,8.09407589514,8.25781698304,11.56128874554,13.64891353564,13.89641873184,14.00386900494
"t100",9.38704633468,7.33010744924,5.17319913254,5.47693135834,5.44631468774,6.34178702014,8.60733326404,8.60733326407,8.607333264071,8.607333264071,0.6979295589,0.3526556196,0,1.16480332154,4.09387329804,4.63636935006,4.63636935006,4.63636935004,4.63636935004,3.79295149024,3.72009570864,4.63636935024,4.57598127178,4.63636935028,4.636369350024,4.636369350024,4.636369350004,4.636369350004,4.636369349994,4.636369349994,4.252315431044,4.636369350024,4.55462988757,4.63636934997,4.63636934997,4.63636934997,4.63636934986,4.63636934986,4.63636934996,4.63636934996,4.6363693499,4.6363693499,4.63636934996,4.6363693499,4.6363693499,4.63636934996,4.63636934999,4.63636934999,4.63636934954,4.97578409604,5.41440270864,5.41440270864,5.41440270864,5.41440270864,5.41440270864,5.41440270864,4.94242319014,5.41440270824,5.41440270824,5.18773185434,5.41440270864,5.41440270834,6.62800820194,7.553034520327,7.553034520327,7.553034520347,7.553034520347,7.553034520339,7.553034520339,7.553034520447,7.553034520387,7.553034520487,7.553034520507,7.553034520437,7.553034520437,7.553034519947,7.55303452034,7.55303452032,7.17718105582,7.40952623677,7.55303451987,7.55303451987,7.55303451993,7.55303451993,7.55303452057,7.55303452064,7.55303452064,6.98492255144,7.55303452034,7.55303452034,6.10664414704,7.55303452047,7.55303452047,7.55303452046,7.55303452046,6.64784396986,7.55303452046,7.5530345204,7.5530345204,7.55303452047,7.41744334447,7.55303452051,7.55303452051,7.34003413873,7.55303452043,7.55303452043,7.55303452046,6.55228424274,7.55303452048,7.55303452048,7.11365956984,6.50921018694,7.55303452054,7.55303452054,7.5530345205,7.5530345205,7.55303452054,7.19078183892,7.55303452092,7.34937747664,7.55303452094,7.55303452094,7.553034520998,7.553034520998,7.553034521,7.48801650854,7.24874746774,7.55303452044,7.55303452044,7.55303452044,7.55303452044,8.09407589514,8.25781698304,11.56128874554,13.64891353564,13.89641873184,14.00386900494
"t59",9.38704633474,7.3301074493,5.1731991326,5.4769313584,5.4463146878,6.3417870202,8.6073332641,8.60733326413,8.607333264131,8.607333264131,0.89481810884,1.16480332154,1.16480332154,0,4.0938732981,4.63636935012,4.63636935012,4.6363693501,4.6363693501,3.7929514903,3.7200957087,4.6363693503,4.57598127184,4.63636935034,4.636369350084,4.636369350084,4.636369350064,4.636369350064,4.636369350054,4.636369350054,4.252315431104,4.636369350084,4.55462988763,4.63636935003,4.63636935003,4.63636935003,4.63636934992,4.63636934992,4.63636935002,4.63636935002,4.63636934996,4.63636934996,4.63636935002,4.63636934996,4.63636934996,4.63636935002,4.63636935005,4.63636935005,4.6363693496,4.9757840961,5.4144027087,5.4144027087,5.4144027087,5.4144027087,5.4144027087,5.4144027087,4.9424231902,5.4144027083,5.4144027083,5.1877318544,5.4144027087,5.4144027084,6.628008202,7.553034520387,7.553034520387,7.553034520407,7.553034520407,7.553034520399,7.553034520399,7.553034520507,7.553034520447,7.553034520547,7.553034520567,7.553034520497,7.553034520497,7.553034520007,7.5530345204,7.55303452038,7.17718105588,7.40952623683,7.55303451993,7.55303451993,7.55303451999,7.55303451999,7.55303452063,7.5530345207,7.5530345207,6.9849225515,7.5530345204,7.5530345204,6.1066441471,7.55303452053,7.55303452053,7.55303452052,7.55303452052,6.64784396992,7.55303452052,7.55303452046,7.55303452046,7.55303452053,7.41744334453,7.55303452057,7.55303452057,7.34003413879,7.55303452049,7.55303452049,7.55303452052,6.5522842428,7.55303452054,7.55303452054,7.1136595699,6.509210187,7.5530345206,7.5530345206,7.55303452056,7.55303452056,7.5530345206,7.19078183898,7.55303452098,7.3493774767,7.553034521,7.553034521,7.553034521058,7.553034521058,7.55303452106,7.4880165086,7.2487474678,7.5530345205,7.5530345205,7.5530345205,7.5530345205,8.0940758952,8.2578169831,11.5612887456,13.6489135357,13.8964187319,14.003869005
"t25",8.84455028324,6.7876113978,4.6307030811,4.9344353069,4.9038186363,5.7992909687,8.0648372126,8.06483721263,8.064837212631,8.064837212631,3.82388808534,4.09387329804,4.09387329804,4.0938732981,0,1.96819334642,1.96819334642,1.9681933464,1.9681933464,2.264149928,2.1912941464,3.107567788,3.35119379214,3.41158187064,3.411581870384,3.411581870384,3.411581870364,3.411581870364,3.411581870354,3.411581870354,3.027527951404,3.411581870384,3.32984240793,3.41158187033,3.41158187033,3.41158187033,3.41158187022,3.41158187022,3.41158187032,3.41158187032,3.41158187026,3.41158187026,3.41158187032,3.41158187026,3.41158187026,3.41158187032,3.41158187035,3.41158187035,3.6660084985,4.4332880446,4.8719066572,4.8719066572,4.8719066572,4.8719066572,4.8719066572,4.8719066572,4.3999271387,4.8719066568,4.8719066568,4.6452358029,4.8719066572,4.8719066569,6.0855121505,7.010538468887,7.010538468887,7.010538468907,7.010538468907,7.010538468899,7.010538468899,7.010538469007,7.010538468947,7.010538469047,7.010538469067,7.010538468997,7.010538468997,7.010538468507,7.0105384689,7.01053846888,6.63468500438,6.86703018533,7.01053846843,7.01053846843,7.01053846849,7.01053846849,7.01053846913,7.0105384692,7.0105384692,6.4424265,7.0105384689,7.0105384689,5.5641480956,7.01053846903,7.01053846903,7.01053846902,7.01053846902,6.10534791842,7.01053846902,7.01053846896,7.01053846896,7.01053846903,6.87494729303,7.01053846907,7.01053846907,6.79753808729,7.01053846899,7.01053846899,7.01053846902,6.0097881913,7.01053846904,7.01053846904,6.5711635184,5.9667141355,7.0105384691,7.0105384691,7.01053846906,7.01053846906,7.0105384691,6.64828578748,7.01053846948,6.8068814252,7.0105384695,7.0105384695,7.010538469558,7.010538469558,7.01053846956,6.9455204571,6.7062514163,7.010538469,7.010538469,7.010538469,7.010538469,7.5515798437,7.7153209316,11.0187926941,13.1064174842,13.3539226804,13.4613729535
"t93",9.38704633526,7.33010744982,5.17319913312,5.47693135892,5.44631468832,6.34178702072,8.60733326462,8.60733326465,8.607333264651,8.607333264651,4.36638413736,4.63636935006,4.63636935006,4.63636935012,1.96819334642,0,0.365981025,0.56257016282,0.56257016282,2.80664598002,2.73379019842,3.65006384002,3.89368984416,3.95407792266,3.954077922404,3.954077922404,3.954077922384,3.954077922384,3.954077922374,3.954077922374,3.570024003424,3.954077922404,3.87233845995,3.95407792235,3.95407792235,3.95407792235,3.95407792224,3.95407792224,3.95407792234,3.95407792234,3.95407792228,3.95407792228,3.95407792234,3.95407792228,3.95407792228,3.95407792234,3.95407792237,3.95407792237,4.20850455052,4.97578409662,5.41440270922,5.41440270922,5.41440270922,5.41440270922,5.41440270922,5.41440270922,4.94242319072,5.41440270882,5.41440270882,5.18773185492,5.41440270922,5.41440270892,6.62800820252,7.553034520907,7.553034520907,7.553034520927,7.553034520927,7.553034520919,7.553034520919,7.553034521027,7.553034520967,7.553034521067,7.553034521087,7.553034521017,7.553034521017,7.553034520527,7.55303452092,7.5530345209,7.1771810564,7.40952623735,7.55303452045,7.55303452045,7.55303452051,7.55303452051,7.55303452115,7.55303452122,7.55303452122,6.98492255202,7.55303452092,7.55303452092,6.10664414762,7.55303452105,7.55303452105,7.55303452104,7.55303452104,6.64784397044,7.55303452104,7.55303452098,7.55303452098,7.55303452105,7.41744334505,7.55303452109,7.55303452109,7.34003413931,7.55303452101,7.55303452101,7.55303452104,6.55228424332,7.55303452106,7.55303452106,7.11365957042,6.50921018752,7.55303452112,7.55303452112,7.55303452108,7.55303452108,7.55303452112,7.1907818395,7.5530345215,7.34937747722,7.55303452152,7.55303452152,7.553034521578,7.553034521578,7.55303452158,7.48801650912,7.24874746832,7.55303452102,7.55303452102,7.55303452102,7.55303452102,8.09407589572,8.25781698362,11.56128874612,13.64891353622,13.89641873242,14.00386900552
"t94",9.38704633526,7.33010744982,5.17319913312,5.47693135892,5.44631468832,6.34178702072,8.60733326462,8.60733326465,8.607333264651,8.607333264651,4.36638413736,4.63636935006,4.63636935006,4.63636935012,1.96819334642,0.365981025,0,0.56257016282,0.56257016282,2.80664598002,2.73379019842,3.65006384002,3.89368984416,3.95407792266,3.954077922404,3.954077922404,3.954077922384,3.954077922384,3.954077922374,3.954077922374,3.570024003424,3.954077922404,3.87233845995,3.95407792235,3.95407792235,3.95407792235,3.95407792224,3.95407792224,3.95407792234,3.95407792234,3.95407792228,3.95407792228,3.95407792234,3.95407792228,3.95407792228,3.95407792234,3.95407792237,3.95407792237,4.20850455052,4.97578409662,5.41440270922,5.41440270922,5.41440270922,5.41440270922,5.41440270922,5.41440270922,4.94242319072,5.41440270882,5.41440270882,5.18773185492,5.41440270922,5.41440270892,6.62800820252,7.553034520907,7.553034520907,7.553034520927,7.553034520927,7.553034520919,7.553034520919,7.553034521027,7.553034520967,7.553034521067,7.553034521087,7.553034521017,7.553034521017,7.553034520527,7.55303452092,7.5530345209,7.1771810564,7.40952623735,7.55303452045,7.55303452045,7.55303452051,7.55303452051,7.55303452115,7.55303452122,7.55303452122,6.98492255202,7.55303452092,7.55303452092,6.10664414762,7.55303452105,7.55303452105,7.55303452104,7.55303452104,6.64784397044,7.55303452104,7.55303452098,7.55303452098,7.55303452105,7.41744334505,7.55303452109,7.55303452109,7.34003413931,7.55303452101,7.55303452101,7.55303452104,6.55228424332,7.55303452106,7.55303452106,7.11365957042,6.50921018752,7.55303452112,7.55303452112,7.55303452108,7.55303452108,7.55303452112,7.1907818395,7.5530345215,7.34937747722,7.55303452152,7.55303452152,7.553034521578,7.553034521578,7.55303452158,7.48801650912,7.24874746832,7.55303452102,7.55303452102,7.55303452102,7.55303452102,8.09407589572,8.25781698362,11.56128874612,13.64891353622,13.89641873242,14.00386900552
"t107",9.38704633524,7.3301074498,5.1731991331,5.4769313589,5.4463146883,6.3417870207,8.6073332646,8.60733326463,8.607333264631,8.607333264631,4.36638413734,4.63636935004,4.63636935004,4.6363693501,1.9681933464,0.56257016282,0.56257016282,0,0.2681581274,2.80664598,2.7337901984,3.65006384,3.89368984414,3.95407792264,3.954077922384,3.954077922384,3.954077922364,3.954077922364,3.954077922354,3.954077922354,3.570024003404,3.954077922384,3.87233845993,3.95407792233,3.95407792233,3.95407792233,3.95407792222,3.95407792222,3.95407792232,3.95407792232,3.95407792226,3.95407792226,3.95407792232,3.95407792226,3.95407792226,3.95407792232,3.95407792235,3.95407792235,4.2085045505,4.9757840966,5.4144027092,5.4144027092,5.4144027092,5.4144027092,5.4144027092,5.4144027092,4.9424231907,5.4144027088,5.4144027088,5.1877318549,5.4144027092,5.4144027089,6.6280082025,7.553034520887,7.553034520887,7.553034520907,7.553034520907,7.553034520899,7.553034520899,7.553034521007,7.553034520947,7.553034521047,7.553034521067,7.553034520997,7.553034520997,7.553034520507,7.5530345209,7.55303452088,7.17718105638,7.40952623733,7.55303452043,7.55303452043,7.55303452049,7.55303452049,7.55303452113,7.5530345212,7.5530345212,6.984922552,7.5530345209,7.5530345209,6.1066441476,7.55303452103,7.55303452103,7.55303452102,7.55303452102,6.64784397042,7.55303452102,7.55303452096,7.55303452096,7.55303452103,7.41744334503,7.55303452107,7.55303452107,7.34003413929,7.55303452099,7.55303452099,7.55303452102,6.5522842433,7.55303452104,7.55303452104,7.1136595704,6.5092101875,7.5530345211,7.5530345211,7.55303452106,7.55303452106,7.5530345211,7.19078183948,7.55303452148,7.3493774772,7.5530345215,7.5530345215,7.553034521558,7.553034521558,7.55303452156,7.4880165091,7.2487474683,7.553034521,7.553034521,7.553034521,7.553034521,8.0940758957,8.2578169836,11.5612887461,13.6489135362,13.8964187324,14.0038690055
"t108",9.38704633524,7.3301074498,5.1731991331,5.4769313589,5.4463146883,6.3417870207,8.6073332646,8.60733326463,8.607333264631,8.607333264631,4.36638413734,4.63636935004,4.63636935004,4.6363693501,1.9681933464,0.56257016282,0.56257016282,0.2681581274,0,2.80664598,2.7337901984,3.65006384,3.89368984414,3.95407792264,3.954077922384,3.954077922384,3.954077922364,3.954077922364,3.954077922354,3.954077922354,3.570024003404,3.954077922384,3.87233845993,3.95407792233,3.95407792233,3.95407792233,3.95407792222,3.95407792222,3.95407792232,3.95407792232,3.95407792226,3.95407792226,3.95407792232,3.95407792226,3.95407792226,3.95407792232,3.95407792235,3.95407792235,4.2085045505,4.9757840966,5.4144027092,5.4144027092,5.4144027092,5.4144027092,5.4144027092,5.4144027092,4.9424231907,5.4144027088,5.4144027088,5.1877318549,5.4144027092,5.4144027089,6.6280082025,7.553034520887,7.553034520887,7.553034520907,7.553034520907,7.553034520899,7.553034520899,7.553034521007,7.553034520947,7.553034521047,7.553034521067,7.553034520997,7.553034520997,7.553034520507,7.5530345209,7.55303452088,7.17718105638,7.40952623733,7.55303452043,7.55303452043,7.55303452049,7.55303452049,7.55303452113,7.5530345212,7.5530345212,6.984922552,7.5530345209,7.5530345209,6.1066441476,7.55303452103,7.55303452103,7.55303452102,7.55303452102,6.64784397042,7.55303452102,7.55303452096,7.55303452096,7.55303452103,7.41744334503,7.55303452107,7.55303452107,7.34003413929,7.55303452099,7.55303452099,7.55303452102,6.5522842433,7.55303452104,7.55303452104,7.1136595704,6.5092101875,7.5530345211,7.5530345211,7.55303452106,7.55303452106,7.5530345211,7.19078183948,7.55303452148,7.3493774772,7.5530345215,7.5530345215,7.553034521558,7.553034521558,7.55303452156,7.4880165091,7.2487474683,7.553034521,7.553034521,7.553034521,7.553034521,8.0940758957,8.2578169836,11.5612887461,13.6489135362,13.8964187324,14.0038690055
"t27",8.54362847544,6.48668959,4.3297812733,4.6335134991,4.6028968285,5.4983691609,7.7639154048,7.76391540483,7.763915404831,7.763915404831,3.52296627754,3.79295149024,3.79295149024,3.7929514903,2.264149928,2.80664598002,2.80664598002,2.80664598,2.80664598,0,0.6764057442,1.874644036,3.05027198434,3.11066006284,3.110660062584,3.110660062584,3.110660062564,3.110660062564,3.110660062554,3.110660062554,2.726606143604,3.110660062584,3.02892060013,3.11066006253,3.11066006253,3.11066006253,3.11066006242,3.11066006242,3.11066006252,3.11066006252,3.11066006246,3.11066006246,3.11066006252,3.11066006246,3.11066006246,3.11066006252,3.11066006255,3.11066006255,3.3650866907,4.1323662368,4.5709848494,4.5709848494,4.5709848494,4.5709848494,4.5709848494,4.5709848494,4.0990053309,4.570984849,4.570984849,4.3443139951,4.5709848494,4.5709848491,5.7845903427,6.709616661087,6.709616661087,6.709616661107,6.709616661107,6.709616661099,6.709616661099,6.709616661207,6.709616661147,6.709616661247,6.709616661267,6.709616661197,6.709616661197,6.709616660707,6.7096166611,6.70961666108,6.33376319658,6.56610837753,6.70961666063,6.70961666063,6.70961666069,6.70961666069,6.70961666133,6.7096166614,6.7096166614,6.1415046922,6.7096166611,6.7096166611,5.2632262878,6.70961666123,6.70961666123,6.70961666122,6.70961666122,5.80442611062,6.70961666122,6.70961666116,6.70961666116,6.70961666123,6.57402548523,6.70961666127,6.70961666127,6.49661627949,6.70961666119,6.70961666119,6.70961666122,5.7088663835,6.70961666124,6.70961666124,6.2702417106,5.6657923277,6.7096166613,6.7096166613,6.70961666126,6.70961666126,6.7096166613,6.34736397968,6.70961666168,6.5059596174,6.7096166617,6.7096166617,6.709616661758,6.709616661758,6.70961666176,6.6445986493,6.4053296085,6.7096166612,6.7096166612,6.7096166612,6.7096166612,7.2506580359,7.4143991238,10.7178708863,12.8054956764,13.0530008726,13.1604511457
