"","t1","t104","t115","t116","t82","t52","t53","t16","t48","t49","t29","t58","t97","t98","t33","t27","t152","t153","t109","t110","t68","t107","t108","t139","t140","t5","t51","t70","t71","t88","t146","t147","t113","t114","t121","t122","t36","t35","t125","t126","t111","t150","t151","t84","t85","t105","t106","t50","t10","t23","t24","t65","t66","t41","t6","t37","t141","t142","t138","t72","t67","t60","t45","t34","t11","t100","t101","t28","t112","t127","t143","t144","t145","t61","t62","t90","t91","t63","t64","t136","t137","t73","t74","t26","t30","t31","t25","t17","t18","t9","t3","t2","t119","t120","t148","t149","t42","t80","t81","t77","t132","t133","t40","t117","t118","t19","t89","t95","t96","t87","t56","t57","t38","t13","t14","t8","t7","t54","t55","t123","t124","t94","t39","t32","t46","t47","t59","t75","t76","t43","t44","t78","t79","t69","t86","t92","t93","t134","t135","t99","t15","t12","t21","t130","t131","t83","t128","t129","t102","t103","t22","t20","t4"
"t1",0,5.50191075712,5.50191075719,5.50191075719,5.50191075712,5.0068576749,4.9102185531,3.45042977969,5.44266402692,5.50191075692,4.44388489122,5.43153381074,5.50191075674,5.50191075674,5.50191075634,4.3337706172,5.501910756587,5.501910756587,5.50191075671,5.50191075671,5.50191075681,5.50191075671,5.30142827061,5.50191075645,5.50191075645,4.4780297801,4.83664163795,5.50191075715,5.13553575795,5.50191075709,5.50191075711,5.50191075711,5.50191075719,5.50191075719,5.501910757144,5.501910757144,5.501910756744,5.5019107572,5.50191075711,5.50191075711,5.5019107571,5.501910757132,5.501910757132,5.50191075649,5.50191075649,5.50191075659,5.50191075659,5.50191075659,4.50148307859,4.60800700383,5.50191075703,5.50191075646,5.47032247586,4.63102891392,3.01348219936,5.39412085672,5.501910757093,5.501910757093,5.5019107571,5.5019107571,5.50191075703,5.50191075708,5.08856227538,5.40576397032,3.46600993822,5.36604714742,5.50191075672,4.59017785032,5.50191075662,5.37829554305,5.50191075664,5.501910756645,5.501910756645,5.50191075672,5.50191075672,5.50191075622,5.19546949622,5.50191075622,5.50191075622,5.50191075646,5.50191075646,5.21528546212,5.50191075652,4.5369774338,5.5019107569,4.39898122486,4.2655548688,3.816979106,5.7066185393,3.3825748483,3.2175870204,1.84424629471,5.70661853945,5.70661853945,5.70661853955,5.70661853955,4.809808588701,5.70661853954,5.54677246184,5.70661853954,5.70661853954,5.70661853954,5.70661853955,5.70661853935,5.59039686672,5.70661853995,5.70661853968,5.70661853961,5.70661853961,5.29578798307,5.107297089,5.70661853975,5.70661853975,3.6156416149,3.39550484786,4.4000362448,5.70661853961,5.70661853945,5.70661853945,5.70661853975,5.70661853975,5.44653515905,5.70661853975,4.83492310421,5.7066185397,5.7066185397,5.70661853981,5.70661853981,5.70661853981,5.20596459545,4.88328760958,5.70661853923,5.70661853923,5.70661853925,5.70661853915,5.70661853918,5.63622397328,5.70661853922,5.66060560716,5.70661853925,5.70661853965,4.42339231975,4.119572724166,5.706618539073,5.685895991673,5.706618539073,5.706618538973,5.706618538973,5.706618539173,5.706618539173,3.980579143673,5.10921929995,4.83929685595
"t104",5.50191075712,0,0.53099493187,0.53099493187,0.9494698726,1.22691851538,1.13027939358,3.52618778017,5.5184220274,5.5776687574,4.5196428917,5.50729181122,5.57766875722,5.57766875722,5.57766875682,4.40952861768,5.577668757067,5.577668757067,5.57766875719,5.57766875719,5.57766875729,5.57766875719,5.37718627109,5.57766875693,5.57766875693,4.75056128602,5.10917314387,5.77444226307,5.40806726387,5.77444226301,5.77444226303,5.77444226303,5.77444226311,5.77444226311,5.774442263064,5.774442263064,5.774442262664,5.77444226312,5.77444226303,5.77444226303,5.77444226302,6.181993734452,6.181993734452,6.18199373381,6.18199373381,6.18199373391,6.18199373391,6.18199373391,5.18156605591,5.28808998115,6.18199373435,6.18199373378,6.15040545318,5.31111189124,3.69356517668,6.07420383404,6.181993734413,6.181993734413,6.18199373442,6.18199373442,6.18199373435,6.1819937344,5.7686452527,6.08584694764,4.14609291554,6.04613012474,6.18199373404,5.27026082764,6.18199373394,6.05837852037,6.18199373396,6.181993733965,6.181993733965,6.18199373404,6.18199373404,6.18199373354,5.87555247354,6.18199373354,6.18199373354,6.18199373378,6.18199373378,5.89536843944,6.18199373384,6.64092270932,7.60585603242,6.50292650038,6.36950014432,8.24480609752,10.13444553082,7.81040183982,7.64541401192,6.27207328623,10.13444553097,10.13444553097,10.13444553107,10.13444553107,9.237635580221,10.13444553106,9.97459945336,10.13444553106,10.13444553106,10.13444553106,10.13444553107,10.13444553087,10.01822385824,10.13444553147,10.1344455312,10.13444553113,10.13444553113,9.72361497459,9.53512408052,10.13444553127,10.13444553127,8.04346860642,7.82333183938,8.82786323632,10.13444553113,10.13444553097,10.13444553097,10.13444553127,10.13444553127,9.87436215057,10.13444553127,9.26275009573,10.13444553122,10.13444553122,10.13444553133,10.13444553133,10.13444553133,9.63379158697,9.3111146011,10.13444553075,10.13444553075,10.13444553077,10.13444553067,10.1344455307,10.0640509648,10.13444553074,10.08843259868,10.13444553077,10.13444553117,8.85121931127,8.547399715686,10.134445530593,10.113722983193,10.134445530593,10.134445530493,10.134445530493,10.134445530693,10.134445530693,8.408406135193,9.53704629147,9.26712384747
"t115",5.50191075719,0.53099493187,0,0.340670821,0.94946987267,1.22691851545,1.13027939365,3.52618778024,5.51842202747,5.57766875747,4.51964289177,5.50729181129,5.57766875729,5.57766875729,5.57766875689,4.40952861775,5.577668757137,5.577668757137,5.57766875726,5.57766875726,5.57766875736,5.57766875726,5.37718627116,5.577668757,5.577668757,4.75056128609,5.10917314394,5.77444226314,5.40806726394,5.77444226308,5.7744422631,5.7744422631,5.77444226318,5.77444226318,5.774442263134,5.774442263134,5.774442262734,5.77444226319,5.7744422631,5.7744422631,5.77444226309,6.181993734522,6.181993734522,6.18199373388,6.18199373388,6.18199373398,6.18199373398,6.18199373398,5.18156605598,5.28808998122,6.18199373442,6.18199373385,6.15040545325,5.31111189131,3.69356517675,6.07420383411,6.181993734483,6.181993734483,6.18199373449,6.18199373449,6.18199373442,6.18199373447,5.76864525277,6.08584694771,4.14609291561,6.04613012481,6.18199373411,5.27026082771,6.18199373401,6.05837852044,6.18199373403,6.181993734035,6.181993734035,6.18199373411,6.18199373411,6.18199373361,5.87555247361,6.18199373361,6.18199373361,6.18199373385,6.18199373385,5.89536843951,6.18199373391,6.64092270939,7.60585603249,6.50292650045,6.36950014439,8.24480609759,10.13444553089,7.81040183989,7.64541401199,6.2720732863,10.13444553104,10.13444553104,10.13444553114,10.13444553114,9.237635580291,10.13444553113,9.97459945343,10.13444553113,10.13444553113,10.13444553113,10.13444553114,10.13444553094,10.01822385831,10.13444553154,10.13444553127,10.1344455312,10.1344455312,9.72361497466,9.53512408059,10.13444553134,10.13444553134,8.04346860649,7.82333183945,8.82786323639,10.1344455312,10.13444553104,10.13444553104,10.13444553134,10.13444553134,9.87436215064,10.13444553134,9.2627500958,10.13444553129,10.13444553129,10.1344455314,10.1344455314,10.1344455314,9.63379158704,9.31111460117,10.13444553082,10.13444553082,10.13444553084,10.13444553074,10.13444553077,10.06405096487,10.13444553081,10.08843259875,10.13444553084,10.13444553124,8.85121931134,8.547399715756,10.134445530663,10.113722983263,10.134445530663,10.134445530563,10.134445530563,10.134445530763,10.134445530763,8.408406135263,9.53704629154,9.26712384754
"t116",5.50191075719,0.53099493187,0.340670821,0,0.94946987267,1.22691851545,1.13027939365,3.52618778024,5.51842202747,5.57766875747,4.51964289177,5.50729181129,5.57766875729,5.57766875729,5.57766875689,4.40952861775,5.577668757137,5.577668757137,5.57766875726,5.57766875726,5.57766875736,5.57766875726,5.37718627116,5.577668757,5.577668757,4.75056128609,5.10917314394,5.77444226314,5.40806726394,5.77444226308,5.7744422631,5.7744422631,5.77444226318,5.77444226318,5.774442263134,5.774442263134,5.774442262734,5.77444226319,5.7744422631,5.7744422631,5.77444226309,6.181993734522,6.181993734522,6.18199373388,6.18199373388,6.18199373398,6.18199373398,6.18199373398,5.18156605598,5.28808998122,6.18199373442,6.18199373385,6.15040545325,5.31111189131,3.69356517675,6.07420383411,6.181993734483,6.181993734483,6.18199373449,6.18199373449,6.18199373442,6.18199373447,5.76864525277,6.08584694771,4.14609291561,6.04613012481,6.18199373411,5.27026082771,6.18199373401,6.05837852044,6.18199373403,6.181993734035,6.181993734035,6.18199373411,6.18199373411,6.18199373361,5.87555247361,6.18199373361,6.18199373361,6.18199373385,6.18199373385,5.89536843951,6.18199373391,6.64092270939,7.60585603249,6.50292650045,6.36950014439,8.24480609759,10.13444553089,7.81040183989,7.64541401199,6.2720732863,10.13444553104,10.13444553104,10.13444553114,10.13444553114,9.237635580291,10.13444553113,9.97459945343,10.13444553113,10.13444553113,10.13444553113,10.13444553114,10.13444553094,10.01822385831,10.13444553154,10.13444553127,10.1344455312,10.1344455312,9.72361497466,9.53512408059,10.13444553134,10.13444553134,8.04346860649,7.82333183945,8.82786323639,10.1344455312,10.13444553104,10.13444553104,10.13444553134,10.13444553134,9.87436215064,10.13444553134,9.2627500958,10.13444553129,10.13444553129,10.1344455314,10.1344455314,10.1344455314,9.63379158704,9.31111460117,10.13444553082,10.13444553082,10.13444553084,10.13444553074,10.13444553077,10.06405096487,10.13444553081,10.08843259875,10.13444553084,10.13444553124,8.85121931134,8.547399715756,10.134445530663,10.113722983263,10.134445530663,10.134445530563,10.134445530563,10.134445530763,10.134445530763,8.408406135263,9.53704629154,9.26712384754
"t82",5.50191075712,0.9494698726,0.94946987267,0.94946987267,0,1.22691851538,1.13027939358,3.52618778017,5.5184220274,5.5776687574,4.5196428917,5.50729181122,5.57766875722,5.57766875722,5.57766875682,4.40952861768,5.577668757067,5.577668757067,5.57766875719,5.57766875719,5.57766875729,5.57766875719,5.37718627109,5.57766875693,5.57766875693,4.75056128602,5.10917314387,5.77444226307,5.40806726387,5.77444226301,5.77444226303,5.77444226303,5.77444226311,5.77444226311,5.774442263064,5.774442263064,5.774442262664,5.77444226312,5.77444226303,5.77444226303,5.77444226302,6.181993734452,6.181993734452,6.18199373381,6.18199373381,6.18199373391,6.18199373391,6.18199373391,5.18156605591,5.28808998115,6.18199373435,6.18199373378,6.15040545318,5.31111189124,3.69356517668,6.07420383404,6.181993734413,6.181993734413,6.18199373442,6.18199373442,6.18199373435,6.1819937344,5.7686452527,6.08584694764,4.14609291554,6.04613012474,6.18199373404,5.27026082764,6.18199373394,6.05837852037,6.18199373396,6.181993733965,6.181993733965,6.18199373404,6.18199373404,6.18199373354,5.87555247354,6.18199373354,6.18199373354,6.18199373378,6.18199373378,5.89536843944,6.18199373384,6.64092270932,7.60585603242,6.50292650038,6.36950014432,8.24480609752,10.13444553082,7.81040183982,7.64541401192,6.27207328623,10.13444553097,10.13444553097,10.13444553107,10.13444553107,9.237635580221,10.13444553106,9.97459945336,10.13444553106,10.13444553106,10.13444553106,10.13444553107,10.13444553087,10.01822385824,10.13444553147,10.1344455312,10.13444553113,10.13444553113,9.72361497459,9.53512408052,10.13444553127,10.13444553127,8.04346860642,7.82333183938,8.82786323632,10.13444553113,10.13444553097,10.13444553097,10.13444553127,10.13444553127,9.87436215057,10.13444553127,9.26275009573,10.13444553122,10.13444553122,10.13444553133,10.13444553133,10.13444553133,9.63379158697,9.3111146011,10.13444553075,10.13444553075,10.13444553077,10.13444553067,10.1344455307,10.0640509648,10.13444553074,10.08843259868,10.13444553077,10.13444553117,8.85121931127,8.547399715686,10.134445530593,10.113722983193,10.134445530593,10.134445530493,10.134445530493,10.134445530693,10.134445530693,8.408406135193,9.53704629147,9.26712384747
"t52",5.0068576749,1.22691851538,1.22691851545,1.22691851545,1.22691851538,0,0.5357097248,3.03113469795,5.02336894518,5.08261567518,4.02458980948,5.012238729,5.082615675,5.082615675,5.0826156746,3.91447553546,5.082615674847,5.082615674847,5.08261567497,5.08261567497,5.08261567507,5.08261567497,4.88213318887,5.08261567471,5.08261567471,4.2555082038,4.61412006165,5.27938918085,4.91301418165,5.27938918079,5.27938918081,5.27938918081,5.27938918089,5.27938918089,5.279389180844,5.279389180844,5.279389180444,5.2793891809,5.27938918081,5.27938918081,5.2793891808,5.686940652232,5.686940652232,5.68694065159,5.68694065159,5.68694065169,5.68694065169,5.68694065169,4.68651297369,4.79303689893,5.68694065213,5.68694065156,5.65535237096,4.81605880902,3.19851209446,5.57915075182,5.686940652193,5.686940652193,5.6869406522,5.6869406522,5.68694065213,5.68694065218,5.27359217048,5.59079386542,3.65103983332,5.55107704252,5.68694065182,4.77520774542,5.68694065172,5.56332543815,5.68694065174,5.686940651745,5.686940651745,5.68694065182,5.68694065182,5.68694065132,5.38049939132,5.68694065132,5.68694065132,5.68694065156,5.68694065156,5.40031535722,5.68694065162,6.1458696271,7.1108029502,6.00787341816,5.8744470621,7.7497530153,9.6393924486,7.3153487576,7.1503609297,5.77702020401,9.63939244875,9.63939244875,9.63939244885,9.63939244885,8.742582498001,9.63939244884,9.47954637114,9.63939244884,9.63939244884,9.63939244884,9.63939244885,9.63939244865,9.52317077602,9.63939244925,9.63939244898,9.63939244891,9.63939244891,9.22856189237,9.0400709983,9.63939244905,9.63939244905,7.5484155242,7.32827875716,8.3328101541,9.63939244891,9.63939244875,9.63939244875,9.63939244905,9.63939244905,9.37930906835,9.63939244905,8.76769701351,9.639392449,9.639392449,9.63939244911,9.63939244911,9.63939244911,9.13873850475,8.81606151888,9.63939244853,9.63939244853,9.63939244855,9.63939244845,9.63939244848,9.56899788258,9.63939244852,9.59337951646,9.63939244855,9.63939244895,8.35616622905,8.052346633466,9.639392448373,9.618669900973,9.639392448373,9.639392448273,9.639392448273,9.639392448473,9.639392448473,7.913353052973,9.04199320925,8.77207076525
"t53",4.9102185531,1.13027939358,1.13027939365,1.13027939365,1.13027939358,0.5357097248,0,2.93449557615,4.92672982338,4.98597655338,3.92795068768,4.9155996072,4.9859765532,4.9859765532,4.9859765528,3.81783641366,4.985976553047,4.985976553047,4.98597655317,4.98597655317,4.98597655327,4.98597655317,4.78549406707,4.98597655291,4.98597655291,4.158869082,4.51748093985,5.18275005905,4.81637505985,5.18275005899,5.18275005901,5.18275005901,5.18275005909,5.18275005909,5.182750059044,5.182750059044,5.182750058644,5.1827500591,5.18275005901,5.18275005901,5.182750059,5.590301530432,5.590301530432,5.59030152979,5.59030152979,5.59030152989,5.59030152989,5.59030152989,4.58987385189,4.69639777713,5.59030153033,5.59030152976,5.55871324916,4.71941968722,3.10187297266,5.48251163002,5.590301530393,5.590301530393,5.5903015304,5.5903015304,5.59030153033,5.59030153038,5.17695304868,5.49415474362,3.55440071152,5.45443792072,5.59030153002,4.67856862362,5.59030152992,5.46668631635,5.59030152994,5.590301529945,5.590301529945,5.59030153002,5.59030153002,5.59030152952,5.28386026952,5.59030152952,5.59030152952,5.59030152976,5.59030152976,5.30367623542,5.59030152982,6.0492305053,7.0141638284,5.91123429636,5.7778079403,7.6531138935,9.5427533268,7.2187096358,7.0537218079,5.68038108221,9.54275332695,9.54275332695,9.54275332705,9.54275332705,8.645943376201,9.54275332704,9.38290724934,9.54275332704,9.54275332704,9.54275332704,9.54275332705,9.54275332685,9.42653165422,9.54275332745,9.54275332718,9.54275332711,9.54275332711,9.13192277057,8.9434318765,9.54275332725,9.54275332725,7.4517764024,7.23163963536,8.2361710323,9.54275332711,9.54275332695,9.54275332695,9.54275332725,9.54275332725,9.28266994655,9.54275332725,8.67105789171,9.5427533272,9.5427533272,9.54275332731,9.54275332731,9.54275332731,9.04209938295,8.71942239708,9.54275332673,9.54275332673,9.54275332675,9.54275332665,9.54275332668,9.47235876078,9.54275332672,9.49674039466,9.54275332675,9.54275332715,8.25952710725,7.955707511666,9.542753326573,9.522030779173,9.542753326573,9.542753326473,9.542753326473,9.542753326673,9.542753326673,7.816713931173,8.94535408745,8.67543164345
"t16",3.45042977969,3.52618778017,3.52618778024,3.52618778024,3.52618778017,3.03113469795,2.93449557615,0,2.15098709097,2.21023382097,1.67680737847,2.66445629799,2.73483324399,2.73483324399,2.73483324359,1.56669310445,2.734833243837,2.734833243837,2.73483324396,2.73483324396,2.73483324406,2.73483324396,2.53435075786,2.7348332437,2.7348332437,2.69908030859,3.05769216644,3.72296128564,3.35658628644,3.72296128558,3.7229612856,3.7229612856,3.72296128568,3.72296128568,3.722961285634,3.722961285634,3.722961285234,3.72296128569,3.7229612856,3.7229612856,3.72296128559,4.130512757022,4.130512757022,4.13051275638,4.13051275638,4.13051275648,4.13051275648,4.13051275648,3.13008507848,3.23660900372,4.13051275692,4.13051275635,4.09892447575,3.25963091381,1.64208419925,4.02272285661,4.130512756983,4.130512756983,4.13051275699,4.13051275699,4.13051275692,4.13051275697,3.71716427527,4.03436597021,2.09461193811,3.99464914731,4.13051275661,3.21877985021,4.13051275651,4.00689754294,4.13051275653,4.130512756535,4.130512756535,4.13051275661,4.13051275661,4.13051275611,3.82407149611,4.13051275611,4.13051275611,4.13051275635,4.13051275635,3.84388746201,4.13051275641,4.58944173189,5.55437505499,4.45144552295,4.31801916689,6.19332512009,8.08296455339,5.75892086239,5.59393303449,4.2205923088,8.08296455354,8.08296455354,8.08296455364,8.08296455364,7.186154602791,8.08296455363,7.92311847593,8.08296455363,8.08296455363,8.08296455363,8.08296455364,8.08296455344,7.96674288081,8.08296455404,8.08296455377,8.0829645537,8.0829645537,7.67213399716,7.48364310309,8.08296455384,8.08296455384,5.99198762899,5.77185086195,6.77638225889,8.0829645537,8.08296455354,8.08296455354,8.08296455384,8.08296455384,7.82288117314,8.08296455384,7.2112691183,8.08296455379,8.08296455379,8.0829645539,8.0829645539,8.0829645539,7.58231060954,7.25963362367,8.08296455332,8.08296455332,8.08296455334,8.08296455324,8.08296455327,8.01256998737,8.08296455331,8.03695162125,8.08296455334,8.08296455374,6.79973833384,6.495918738256,8.082964553163,8.062242005763,8.082964553163,8.082964553063,8.082964553063,8.082964553263,8.082964553263,6.356925157763,7.48556531404,7.21564287004
"t48",5.44266402692,5.5184220274,5.51842202747,5.51842202747,5.5184220274,5.02336894518,4.92672982338,2.15098709097,0,1.6705908502,3.6690416257,4.65669054522,4.72706749122,4.72706749122,4.72706749082,3.55892735168,4.727067491067,4.727067491067,4.72706749119,4.72706749119,4.72706749129,4.72706749119,4.52658500509,4.72706749093,4.72706749093,4.69131455582,5.04992641367,5.71519553287,5.34882053367,5.71519553281,5.71519553283,5.71519553283,5.71519553291,5.71519553291,5.715195532864,5.715195532864,5.715195532464,5.71519553292,5.71519553283,5.71519553283,5.71519553282,6.122747004252,6.122747004252,6.12274700361,6.12274700361,6.12274700371,6.12274700371,6.12274700371,5.12231932571,5.22884325095,6.12274700415,6.12274700358,6.09115872298,5.25186516104,3.63431844648,6.01495710384,6.122747004213,6.122747004213,6.12274700422,6.12274700422,6.12274700415,6.1227470042,5.7093985225,6.02660021744,4.08684618534,5.98688339454,6.12274700384,5.21101409744,6.12274700374,5.99913179017,6.12274700376,6.122747003765,6.122747003765,6.12274700384,6.12274700384,6.12274700334,5.81630574334,6.12274700334,6.12274700334,6.12274700358,6.12274700358,5.83612170924,6.12274700364,6.58167597912,7.54660930222,6.44367977018,6.31025341412,8.18555936732,10.07519880062,7.75115510962,7.58616728172,6.21282655603,10.07519880077,10.07519880077,10.07519880087,10.07519880087,9.178388850021,10.07519880086,9.91535272316,10.07519880086,10.07519880086,10.07519880086,10.07519880087,10.07519880067,9.95897712804,10.07519880127,10.075198801,10.07519880093,10.07519880093,9.66436824439,9.47587735032,10.07519880107,10.07519880107,7.98422187622,7.76408510918,8.76861650612,10.07519880093,10.07519880077,10.07519880077,10.07519880107,10.07519880107,9.81511542037,10.07519880107,9.20350336553,10.07519880102,10.07519880102,10.07519880113,10.07519880113,10.07519880113,9.57454485677,9.2518678709,10.07519880055,10.07519880055,10.07519880057,10.07519880047,10.0751988005,10.0048042346,10.07519880054,10.02918586848,10.07519880057,10.07519880097,8.79197258107,8.488152985486,10.075198800393,10.054476252993,10.075198800393,10.075198800293,10.075198800293,10.075198800493,10.075198800493,8.349159404993,9.47779956127,9.20787711727
"t49",5.50191075692,5.5776687574,5.57766875747,5.57766875747,5.5776687574,5.08261567518,4.98597655338,2.21023382097,1.6705908502,0,3.7282883557,4.71593727522,4.78631422122,4.78631422122,4.78631422082,3.61817408168,4.786314221067,4.786314221067,4.78631422119,4.78631422119,4.78631422129,4.78631422119,4.58583173509,4.78631422093,4.78631422093,4.75056128582,5.10917314367,5.77444226287,5.40806726367,5.77444226281,5.77444226283,5.77444226283,5.77444226291,5.77444226291,5.774442262864,5.774442262864,5.774442262464,5.77444226292,5.77444226283,5.77444226283,5.77444226282,6.181993734252,6.181993734252,6.18199373361,6.18199373361,6.18199373371,6.18199373371,6.18199373371,5.18156605571,5.28808998095,6.18199373415,6.18199373358,6.15040545298,5.31111189104,3.69356517648,6.07420383384,6.181993734213,6.181993734213,6.18199373422,6.18199373422,6.18199373415,6.1819937342,5.7686452525,6.08584694744,4.14609291534,6.04613012454,6.18199373384,5.27026082744,6.18199373374,6.05837852017,6.18199373376,6.181993733765,6.181993733765,6.18199373384,6.18199373384,6.18199373334,5.87555247334,6.18199373334,6.18199373334,6.18199373358,6.18199373358,5.89536843924,6.18199373364,6.64092270912,7.60585603222,6.50292650018,6.36950014412,8.24480609732,10.13444553062,7.81040183962,7.64541401172,6.27207328603,10.13444553077,10.13444553077,10.13444553087,10.13444553087,9.237635580021,10.13444553086,9.97459945316,10.13444553086,10.13444553086,10.13444553086,10.13444553087,10.13444553067,10.01822385804,10.13444553127,10.134445531,10.13444553093,10.13444553093,9.72361497439,9.53512408032,10.13444553107,10.13444553107,8.04346860622,7.82333183918,8.82786323612,10.13444553093,10.13444553077,10.13444553077,10.13444553107,10.13444553107,9.87436215037,10.13444553107,9.26275009553,10.13444553102,10.13444553102,10.13444553113,10.13444553113,10.13444553113,9.63379158677,9.3111146009,10.13444553055,10.13444553055,10.13444553057,10.13444553047,10.1344455305,10.0640509646,10.13444553054,10.08843259848,10.13444553057,10.13444553097,8.85121931107,8.547399715486,10.134445530393,10.113722982993,10.134445530393,10.134445530293,10.134445530293,10.134445530493,10.134445530493,8.408406134993,9.53704629127,9.26712384727
"t29",4.44388489122,4.5196428917,4.51964289177,4.51964289177,4.5196428917,4.02458980948,3.92795068768,1.67680737847,3.6690416257,3.7282883557,0,1.18519544312,1.25557238912,1.25557238912,1.25557238872,0.91573653378,2.083876673167,2.083876673167,2.08387667329,2.08387667329,2.08387667339,2.08387667329,1.88339418719,2.08387667303,2.08387667303,3.69253542012,4.05114727797,4.71641639717,4.35004139797,4.71641639711,4.71641639713,4.71641639713,4.71641639721,4.71641639721,4.716416397164,4.716416397164,4.716416396764,4.71641639722,4.71641639713,4.71641639713,4.71641639712,5.123967868552,5.123967868552,5.12396786791,5.12396786791,5.12396786801,5.12396786801,5.12396786801,4.12354019001,4.23006411525,5.12396786845,5.12396786788,5.09237958728,4.25308602534,2.63553931078,5.01617796814,5.123967868513,5.123967868513,5.12396786852,5.12396786852,5.12396786845,5.1239678685,4.7106193868,5.02782108174,3.08806704964,4.98810425884,5.12396786814,4.21223496174,5.12396786804,5.00035265447,5.12396786806,5.123967868065,5.123967868065,5.12396786814,5.12396786814,5.12396786764,4.81752660764,5.12396786764,5.12396786764,5.12396786788,5.12396786788,4.83734257354,5.12396786794,5.58289684342,6.54783016652,5.44490063448,5.31147427842,7.18678023162,9.07641966492,6.75237597392,6.58738814602,5.21404742033,9.07641966507,9.07641966507,9.07641966517,9.07641966517,8.179609714321,9.07641966516,8.91657358746,9.07641966516,9.07641966516,9.07641966516,9.07641966517,9.07641966497,8.96019799234,9.07641966557,9.0764196653,9.07641966523,9.07641966523,8.66558910869,8.47709821462,9.07641966537,9.07641966537,6.98544274052,6.76530597348,7.76983737042,9.07641966523,9.07641966507,9.07641966507,9.07641966537,9.07641966537,8.81633628467,9.07641966537,8.20472422983,9.07641966532,9.07641966532,9.07641966543,9.07641966543,9.07641966543,8.57576572107,8.2530887352,9.07641966485,9.07641966485,9.07641966487,9.07641966477,9.0764196648,9.0060250989,9.07641966484,9.03040673278,9.07641966487,9.07641966527,7.79319344537,7.489373849786,9.076419664693,9.055697117293,9.076419664693,9.076419664593,9.076419664593,9.076419664793,9.076419664793,7.350380269293,8.47902042557,8.20909798157
"t58",5.43153381074,5.50729181122,5.50729181129,5.50729181129,5.50729181122,5.012238729,4.9155996072,2.66445629799,4.65669054522,4.71593727522,1.18519544312,0,1.2461118668,1.2461118668,2.1569575444,1.9033854533,3.071525592687,3.071525592687,3.07152559281,3.07152559281,3.07152559291,3.07152559281,2.87104310671,3.07152559255,3.07152559255,4.68018433964,5.03879619749,5.70406531669,5.33769031749,5.70406531663,5.70406531665,5.70406531665,5.70406531673,5.70406531673,5.704065316684,5.704065316684,5.704065316284,5.70406531674,5.70406531665,5.70406531665,5.70406531664,6.111616788072,6.111616788072,6.11161678743,6.11161678743,6.11161678753,6.11161678753,6.11161678753,5.11118910953,5.21771303477,6.11161678797,6.1116167874,6.0800285068,5.24073494486,3.6231882303,6.00382688766,6.111616788033,6.111616788033,6.11161678804,6.11161678804,6.11161678797,6.11161678802,5.69826830632,6.01547000126,4.07571596916,5.97575317836,6.11161678766,5.19988388126,6.11161678756,5.98800157399,6.11161678758,6.111616787585,6.111616787585,6.11161678766,6.11161678766,6.11161678716,5.80517552716,6.11161678716,6.11161678716,6.1116167874,6.1116167874,5.82499149306,6.11161678746,6.57054576294,7.53547908604,6.432549554,6.29912319794,8.17442915114,10.06406858444,7.74002489344,7.57503706554,6.20169633985,10.06406858459,10.06406858459,10.06406858469,10.06406858469,9.167258633841,10.06406858468,9.90422250698,10.06406858468,10.06406858468,10.06406858468,10.06406858469,10.06406858449,9.94784691186,10.06406858509,10.06406858482,10.06406858475,10.06406858475,9.65323802821,9.46474713414,10.06406858489,10.06406858489,7.97309166004,7.752954893,8.75748628994,10.06406858475,10.06406858459,10.06406858459,10.06406858489,10.06406858489,9.80398520419,10.06406858489,9.19237314935,10.06406858484,10.06406858484,10.06406858495,10.06406858495,10.06406858495,9.56341464059,9.24073765472,10.06406858437,10.06406858437,10.06406858439,10.06406858429,10.06406858432,9.99367401842,10.06406858436,10.0180556523,10.06406858439,10.06406858479,8.78084236489,8.477022769306,10.064068584213,10.043346036813,10.064068584213,10.064068584113,10.064068584113,10.064068584313,10.064068584313,8.338029188813,9.46666934509,9.19674690109
"t97",5.50191075674,5.57766875722,5.57766875729,5.57766875729,5.57766875722,5.082615675,4.9859765532,2.73483324399,4.72706749122,4.78631422122,1.25557238912,1.2461118668,0,0.656361421,2.2273344904,1.9737623993,3.141902538687,3.141902538687,3.14190253881,3.14190253881,3.14190253891,3.14190253881,2.94142005271,3.14190253855,3.14190253855,4.75056128564,5.10917314349,5.77444226269,5.40806726349,5.77444226263,5.77444226265,5.77444226265,5.77444226273,5.77444226273,5.774442262684,5.774442262684,5.774442262284,5.77444226274,5.77444226265,5.77444226265,5.77444226264,6.181993734072,6.181993734072,6.18199373343,6.18199373343,6.18199373353,6.18199373353,6.18199373353,5.18156605553,5.28808998077,6.18199373397,6.1819937334,6.1504054528,5.31111189086,3.6935651763,6.07420383366,6.181993734033,6.181993734033,6.18199373404,6.18199373404,6.18199373397,6.18199373402,5.76864525232,6.08584694726,4.14609291516,6.04613012436,6.18199373366,5.27026082726,6.18199373356,6.05837851999,6.18199373358,6.181993733585,6.181993733585,6.18199373366,6.18199373366,6.18199373316,5.87555247316,6.18199373316,6.18199373316,6.1819937334,6.1819937334,5.89536843906,6.18199373346,6.64092270894,7.60585603204,6.5029265,6.36950014394,8.24480609714,10.13444553044,7.81040183944,7.64541401154,6.27207328585,10.13444553059,10.13444553059,10.13444553069,10.13444553069,9.237635579841,10.13444553068,9.97459945298,10.13444553068,10.13444553068,10.13444553068,10.13444553069,10.13444553049,10.01822385786,10.13444553109,10.13444553082,10.13444553075,10.13444553075,9.72361497421,9.53512408014,10.13444553089,10.13444553089,8.04346860604,7.823331839,8.82786323594,10.13444553075,10.13444553059,10.13444553059,10.13444553089,10.13444553089,9.87436215019,10.13444553089,9.26275009535,10.13444553084,10.13444553084,10.13444553095,10.13444553095,10.13444553095,9.63379158659,9.31111460072,10.13444553037,10.13444553037,10.13444553039,10.13444553029,10.13444553032,10.06405096442,10.13444553036,10.0884325983,10.13444553039,10.13444553079,8.85121931089,8.547399715306,10.134445530213,10.113722982813,10.134445530213,10.134445530113,10.134445530113,10.134445530313,10.134445530313,8.408406134813,9.53704629109,9.26712384709
"t98",5.50191075674,5.57766875722,5.57766875729,5.57766875729,5.57766875722,5.082615675,4.9859765532,2.73483324399,4.72706749122,4.78631422122,1.25557238912,1.2461118668,0.656361421,0,2.2273344904,1.9737623993,3.141902538687,3.141902538687,3.14190253881,3.14190253881,3.14190253891,3.14190253881,2.94142005271,3.14190253855,3.14190253855,4.75056128564,5.10917314349,5.77444226269,5.40806726349,5.77444226263,5.77444226265,5.77444226265,5.77444226273,5.77444226273,5.774442262684,5.774442262684,5.774442262284,5.77444226274,5.77444226265,5.77444226265,5.77444226264,6.181993734072,6.181993734072,6.18199373343,6.18199373343,6.18199373353,6.18199373353,6.18199373353,5.18156605553,5.28808998077,6.18199373397,6.1819937334,6.1504054528,5.31111189086,3.6935651763,6.07420383366,6.181993734033,6.181993734033,6.18199373404,6.18199373404,6.18199373397,6.18199373402,5.76864525232,6.08584694726,4.14609291516,6.04613012436,6.18199373366,5.27026082726,6.18199373356,6.05837851999,6.18199373358,6.181993733585,6.181993733585,6.18199373366,6.18199373366,6.18199373316,5.87555247316,6.18199373316,6.18199373316,6.1819937334,6.1819937334,5.89536843906,6.18199373346,6.64092270894,7.60585603204,6.5029265,6.36950014394,8.24480609714,10.13444553044,7.81040183944,7.64541401154,6.27207328585,10.13444553059,10.13444553059,10.13444553069,10.13444553069,9.237635579841,10.13444553068,9.97459945298,10.13444553068,10.13444553068,10.13444553068,10.13444553069,10.13444553049,10.01822385786,10.13444553109,10.13444553082,10.13444553075,10.13444553075,9.72361497421,9.53512408014,10.13444553089,10.13444553089,8.04346860604,7.823331839,8.82786323594,10.13444553075,10.13444553059,10.13444553059,10.13444553089,10.13444553089,9.87436215019,10.13444553089,9.26275009535,10.13444553084,10.13444553084,10.13444553095,10.13444553095,10.13444553095,9.63379158659,9.31111460072,10.13444553037,10.13444553037,10.13444553039,10.13444553029,10.13444553032,10.06405096442,10.13444553036,10.0884325983,10.13444553039,10.13444553079,8.85121931089,8.547399715306,10.134445530213,10.113722982813,10.134445530213,10.134445530113,10.134445530113,10.134445530313,10.134445530313,8.408406134813,9.53704629109,9.26712384709
"t33",5.50191075634,5.57766875682,5.57766875689,5.57766875689,5.57766875682,5.0826156746,4.9859765528,2.73483324359,4.72706749082,4.78631422082,1.25557238872,2.1569575444,2.2273344904,2.2273344904,0,1.9737623989,3.141902538287,3.141902538287,3.14190253841,3.14190253841,3.14190253851,3.14190253841,2.94142005231,3.14190253815,3.14190253815,4.75056128524,5.10917314309,5.77444226229,5.40806726309,5.77444226223,5.77444226225,5.77444226225,5.77444226233,5.77444226233,5.774442262284,5.774442262284,5.774442261884,5.77444226234,5.77444226225,5.77444226225,5.77444226224,6.181993733672,6.181993733672,6.18199373303,6.18199373303,6.18199373313,6.18199373313,6.18199373313,5.18156605513,5.28808998037,6.18199373357,6.181993733,6.1504054524,5.31111189046,3.6935651759,6.07420383326,6.181993733633,6.181993733633,6.18199373364,6.18199373364,6.18199373357,6.18199373362,5.76864525192,6.08584694686,4.14609291476,6.04613012396,6.18199373326,5.27026082686,6.18199373316,6.05837851959,6.18199373318,6.181993733185,6.181993733185,6.18199373326,6.18199373326,6.18199373276,5.87555247276,6.18199373276,6.18199373276,6.181993733,6.181993733,5.89536843866,6.18199373306,6.64092270854,7.60585603164,6.5029264996,6.36950014354,8.24480609674,10.13444553004,7.81040183904,7.64541401114,6.27207328545,10.13444553019,10.13444553019,10.13444553029,10.13444553029,9.237635579441,10.13444553028,9.97459945258,10.13444553028,10.13444553028,10.13444553028,10.13444553029,10.13444553009,10.01822385746,10.13444553069,10.13444553042,10.13444553035,10.13444553035,9.72361497381,9.53512407974,10.13444553049,10.13444553049,8.04346860564,7.8233318386,8.82786323554,10.13444553035,10.13444553019,10.13444553019,10.13444553049,10.13444553049,9.87436214979,10.13444553049,9.26275009495,10.13444553044,10.13444553044,10.13444553055,10.13444553055,10.13444553055,9.63379158619,9.31111460032,10.13444552997,10.13444552997,10.13444552999,10.13444552989,10.13444552992,10.06405096402,10.13444552996,10.0884325979,10.13444552999,10.13444553039,8.85121931049,8.547399714906,10.134445529813,10.113722982413,10.134445529813,10.134445529713,10.134445529713,10.134445529913,10.134445529913,8.408406134413,9.53704629069,9.26712384669
"t27",4.3337706172,4.40952861768,4.40952861775,4.40952861775,4.40952861768,3.91447553546,3.81783641366,1.56669310445,3.55892735168,3.61817408168,0.91573653378,1.9033854533,1.9737623993,1.9737623993,1.9737623989,0,1.220772441567,1.220772441567,1.49159087149,1.49159087149,1.49159087159,1.49159087149,1.29110838539,1.83122218243,1.83122218243,3.5824211461,3.94103300395,4.60630212315,4.23992712395,4.60630212309,4.60630212311,4.60630212311,4.60630212319,4.60630212319,4.606302123144,4.606302123144,4.606302122744,4.6063021232,4.60630212311,4.60630212311,4.6063021231,5.013853594532,5.013853594532,5.01385359389,5.01385359389,5.01385359399,5.01385359399,5.01385359399,4.01342591599,4.11994984123,5.01385359443,5.01385359386,4.98226531326,4.14297175132,2.52542503676,4.90606369412,5.013853594493,5.013853594493,5.0138535945,5.0138535945,5.01385359443,5.01385359448,4.60050511278,4.91770680772,2.97795277562,4.87798998482,5.01385359412,4.10212068772,5.01385359402,4.89023838045,5.01385359404,5.013853594045,5.013853594045,5.01385359412,5.01385359412,5.01385359362,4.70741233362,5.01385359362,5.01385359362,5.01385359386,5.01385359386,4.72722829952,5.01385359392,5.4727825694,6.4377158925,5.33478636046,5.2013600044,7.0766659576,8.9663053909,6.6422616999,6.477273872,5.10393314631,8.96630539105,8.96630539105,8.96630539115,8.96630539115,8.069495440301,8.96630539114,8.80645931344,8.96630539114,8.96630539114,8.96630539114,8.96630539115,8.96630539095,8.85008371832,8.96630539155,8.96630539128,8.96630539121,8.96630539121,8.55547483467,8.3669839406,8.96630539135,8.96630539135,6.8753284665,6.65519169946,7.6597230964,8.96630539121,8.96630539105,8.96630539105,8.96630539135,8.96630539135,8.70622201065,8.96630539135,8.09460995581,8.9663053913,8.9663053913,8.96630539141,8.96630539141,8.96630539141,8.46565144705,8.14297446118,8.96630539083,8.96630539083,8.96630539085,8.96630539075,8.96630539078,8.89591082488,8.96630539082,8.92029245876,8.96630539085,8.96630539125,7.68307917135,7.379259575766,8.966305390673,8.945582843273,8.966305390673,8.966305390573,8.966305390573,8.966305390773,8.966305390773,7.240265995273,8.36890615155,8.09898370755
"t152",5.501910756587,5.577668757067,5.577668757137,5.577668757137,5.577668757067,5.082615674847,4.985976553047,2.734833243837,4.727067491067,4.786314221067,2.083876673167,3.071525592687,3.141902538687,3.141902538687,3.141902538287,1.220772441567,0,0.003548464954,2.659731010877,2.659731010877,2.659731010977,2.659731010877,2.459248524777,2.999362321817,2.999362321817,4.750561285487,5.109173143337,5.774442262537,5.408067263337,5.774442262477,5.774442262497,5.774442262497,5.774442262577,5.774442262577,5.774442262531,5.774442262531,5.774442262131,5.774442262587,5.774442262497,5.774442262497,5.774442262487,6.181993733919,6.181993733919,6.181993733277,6.181993733277,6.181993733377,6.181993733377,6.181993733377,5.181566055377,5.288089980617,6.181993733817,6.181993733247,6.150405452647,5.311111890707,3.693565176147,6.074203833507,6.18199373388,6.18199373388,6.181993733887,6.181993733887,6.181993733817,6.181993733867,5.768645252167,6.085846947107,4.146092915007,6.046130124207,6.181993733507,5.270260827107,6.181993733407,6.058378519837,6.181993733427,6.181993733432,6.181993733432,6.181993733507,6.181993733507,6.181993733007,5.875552473007,6.181993733007,6.181993733007,6.181993733247,6.181993733247,5.895368438907,6.181993733307,6.640922708787,7.605856031887,6.502926499847,6.369500143787,8.244806096987,10.134445530287,7.810401839287,7.645414011387,6.272073285697,10.134445530437,10.134445530437,10.134445530537,10.134445530537,9.237635579688,10.134445530527,9.974599452827,10.134445530527,10.134445530527,10.134445530527,10.134445530537,10.134445530337,10.018223857707,10.134445530937,10.134445530667,10.134445530597,10.134445530597,9.723614974057,9.535124079987,10.134445530737,10.134445530737,8.043468605887,7.823331838847,8.827863235787,10.134445530597,10.134445530437,10.134445530437,10.134445530737,10.134445530737,9.874362150037,10.134445530737,9.262750095197,10.134445530687,10.134445530687,10.134445530797,10.134445530797,10.134445530797,9.633791586437,9.311114600567,10.134445530217,10.134445530217,10.134445530237,10.134445530137,10.134445530167,10.064050964267,10.134445530207,10.088432598147,10.134445530237,10.134445530637,8.851219310737,8.547399715153,10.13444553006,10.11372298266,10.13444553006,10.13444552996,10.13444552996,10.13444553016,10.13444553016,8.40840613466,9.537046290937,9.267123846937
