"","t62","t76","t77","t56","t57","t60","t61","t36","t37","t95","t96","t83","t84","t63","t11","t91","t92","t28","t29","t48","t49","t53","t54","t66","t67","t68","t99","t100","t70","t89","t90","t87","t88","t34","t30","t4","t24","t25","t26","t50","t64","t65","t21","t22","t51","t52","t27","t1","t55","t71","t72","t97","t98","t33","t8","t9","t18","t31","t32","t12","t41","t75","t80","t81","t23","t93","t94","t82","t13","t14","t15","t5","t69","t73","t74","t19","t39","t40","t20","t2","t35","t42","t43","t58","t59","t38","t85","t86","t6","t7","t46","t47","t10","t78","t79","t44","t45","t16","t17","t3"
"t62",0,0.5439028661,0.5439028661,2.98067421261,2.98067421261,2.98067421271,2.98067421271,2.98067421271,2.98067421271,5.05418509098,5.05418509098,5.054185091,5.054185091,5.054185091,5.0541850912,5.05418509095,5.05418509095,5.054185091,5.054185091,5.0541850907,5.0541850907,5.054185091,5.054185091,5.05418509094,5.05418509094,5.05418509093,5.05418509095,5.05418509095,5.05418509096,5.05418509103,5.05418509103,5.05418509099,5.05418509099,5.05418509106,5.054185091,5.0541850908,5.05418509093,5.05418509093,5.05418509093,5.05418509103,5.05418509093,5.05418509093,5.05418509103,5.054185091,5.05418509101,5.05418509101,5.05418509091,5.0541850913,6.6353916962,6.6353916962,6.6353916962,6.63539169617,6.63539169617,6.63539169625,6.635391697,6.635391697,7.4168262099,7.4168262099,7.4168262099,7.41682621,7.4168262095,7.4168262095,7.41682620946,7.41682620946,7.41682621,7.41682620999,7.41682620999,7.41682621,7.41682621,7.41682621,7.41682621,7.4168262095,7.4168262099,7.4168262099,7.4168262099,7.41682621,7.4168262099,7.4168262099,7.4168262099,7.4168262102,7.4168262099,7.41682620991,7.41682620991,7.4168262099,7.4168262099,7.4168262102,7.41682621015,7.41682621015,7.4168262101,7.4168262101,7.4168262099,7.4168262099,7.4168262104,7.41682621013,7.41682621013,7.41682621003,7.41682621003,7.41682621003,7.41682621003,7.4168262097
"t76",0.5439028661,0,0.2720740136,2.98067421251,2.98067421251,2.98067421261,2.98067421261,2.98067421261,2.98067421261,5.05418509088,5.05418509088,5.0541850909,5.0541850909,5.0541850909,5.0541850911,5.05418509085,5.05418509085,5.0541850909,5.0541850909,5.0541850906,5.0541850906,5.0541850909,5.0541850909,5.05418509084,5.05418509084,5.05418509083,5.05418509085,5.05418509085,5.05418509086,5.05418509093,5.05418509093,5.05418509089,5.05418509089,5.05418509096,5.0541850909,5.0541850907,5.05418509083,5.05418509083,5.05418509083,5.05418509093,5.05418509083,5.05418509083,5.05418509093,5.0541850909,5.05418509091,5.05418509091,5.05418509081,5.0541850912,6.6353916961,6.6353916961,6.6353916961,6.63539169607,6.63539169607,6.63539169615,6.6353916969,6.6353916969,7.4168262098,7.4168262098,7.4168262098,7.4168262099,7.4168262094,7.4168262094,7.41682620936,7.41682620936,7.4168262099,7.41682620989,7.41682620989,7.4168262099,7.4168262099,7.4168262099,7.4168262099,7.4168262094,7.4168262098,7.4168262098,7.4168262098,7.4168262099,7.4168262098,7.4168262098,7.4168262098,7.4168262101,7.4168262098,7.41682620981,7.41682620981,7.4168262098,7.4168262098,7.4168262101,7.41682621005,7.41682621005,7.41682621,7.41682621,7.4168262098,7.4168262098,7.4168262103,7.41682621003,7.41682621003,7.41682620993,7.41682620993,7.41682620993,7.41682620993,7.4168262096
"t77",0.5439028661,0.2720740136,0,2.98067421251,2.98067421251,2.98067421261,2.98067421261,2.98067421261,2.98067421261,5.05418509088,5.05418509088,5.0541850909,5.0541850909,5.0541850909,5.0541850911,5.05418509085,5.05418509085,5.0541850909,5.0541850909,5.0541850906,5.0541850906,5.0541850909,5.0541850909,5.05418509084,5.05418509084,5.05418509083,5.05418509085,5.05418509085,5.05418509086,5.05418509093,5.05418509093,5.05418509089,5.05418509089,5.05418509096,5.0541850909,5.0541850907,5.05418509083,5.05418509083,5.05418509083,5.05418509093,5.05418509083,5.05418509083,5.05418509093,5.0541850909,5.05418509091,5.05418509091,5.05418509081,5.0541850912,6.6353916961,6.6353916961,6.6353916961,6.63539169607,6.63539169607,6.63539169615,6.6353916969,6.6353916969,7.4168262098,7.4168262098,7.4168262098,7.4168262099,7.4168262094,7.4168262094,7.41682620936,7.41682620936,7.4168262099,7.41682620989,7.41682620989,7.4168262099,7.4168262099,7.4168262099,7.4168262099,7.4168262094,7.4168262098,7.4168262098,7.4168262098,7.4168262099,7.4168262098,7.4168262098,7.4168262098,7.4168262101,7.4168262098,7.41682620981,7.41682620981,7.4168262098,7.4168262098,7.4168262101,7.41682621005,7.41682621005,7.41682621,7.41682621,7.4168262098,7.4168262098,7.4168262103,7.41682621003,7.41682621003,7.41682620993,7.41682620993,7.41682620993,7.41682620993,7.4168262096
"t56",2.98067421261,2.98067421251,2.98067421251,0,0.6116912992,2.8794189333,2.8794189333,2.8794189333,2.8794189333,5.05418509139,5.05418509139,5.05418509141,5.05418509141,5.05418509141,5.05418509161,5.05418509136,5.05418509136,5.05418509141,5.05418509141,5.05418509111,5.05418509111,5.05418509141,5.05418509141,5.05418509135,5.05418509135,5.05418509134,5.05418509136,5.05418509136,5.05418509137,5.05418509144,5.05418509144,5.0541850914,5.0541850914,5.05418509147,5.05418509141,5.05418509121,5.05418509134,5.05418509134,5.05418509134,5.05418509144,5.05418509134,5.05418509134,5.05418509144,5.05418509141,5.05418509142,5.05418509142,5.05418509132,5.05418509171,6.63539169661,6.63539169661,6.63539169661,6.63539169658,6.63539169658,6.63539169666,6.63539169741,6.63539169741,7.41682621031,7.41682621031,7.41682621031,7.41682621041,7.41682620991,7.41682620991,7.41682620987,7.41682620987,7.41682621041,7.4168262104,7.4168262104,7.41682621041,7.41682621041,7.41682621041,7.41682621041,7.41682620991,7.41682621031,7.41682621031,7.41682621031,7.41682621041,7.41682621031,7.41682621031,7.41682621031,7.41682621061,7.41682621031,7.41682621032,7.41682621032,7.41682621031,7.41682621031,7.41682621061,7.41682621056,7.41682621056,7.41682621051,7.41682621051,7.41682621031,7.41682621031,7.41682621081,7.41682621054,7.41682621054,7.41682621044,7.41682621044,7.41682621044,7.41682621044,7.41682621011
"t57",2.98067421261,2.98067421251,2.98067421251,0.6116912992,0,2.8794189333,2.8794189333,2.8794189333,2.8794189333,5.05418509139,5.05418509139,5.05418509141,5.05418509141,5.05418509141,5.05418509161,5.05418509136,5.05418509136,5.05418509141,5.05418509141,5.05418509111,5.05418509111,5.05418509141,5.05418509141,5.05418509135,5.05418509135,5.05418509134,5.05418509136,5.05418509136,5.05418509137,5.05418509144,5.05418509144,5.0541850914,5.0541850914,5.05418509147,5.05418509141,5.05418509121,5.05418509134,5.05418509134,5.05418509134,5.05418509144,5.05418509134,5.05418509134,5.05418509144,5.05418509141,5.05418509142,5.05418509142,5.05418509132,5.05418509171,6.63539169661,6.63539169661,6.63539169661,6.63539169658,6.63539169658,6.63539169666,6.63539169741,6.63539169741,7.41682621031,7.41682621031,7.41682621031,7.41682621041,7.41682620991,7.41682620991,7.41682620987,7.41682620987,7.41682621041,7.4168262104,7.4168262104,7.41682621041,7.41682621041,7.41682621041,7.41682621041,7.41682620991,7.41682621031,7.41682621031,7.41682621031,7.41682621041,7.41682621031,7.41682621031,7.41682621031,7.41682621061,7.41682621031,7.41682621032,7.41682621032,7.41682621031,7.41682621031,7.41682621061,7.41682621056,7.41682621056,7.41682621051,7.41682621051,7.41682621031,7.41682621031,7.41682621081,7.41682621054,7.41682621054,7.41682621044,7.41682621044,7.41682621044,7.41682621044,7.41682621011
"t60",2.98067421271,2.98067421261,2.98067421261,2.8794189333,2.8794189333,0,0.5486246504,2.0992554304,2.0992554304,5.05418509149,5.05418509149,5.05418509151,5.05418509151,5.05418509151,5.05418509171,5.05418509146,5.05418509146,5.05418509151,5.05418509151,5.05418509121,5.05418509121,5.05418509151,5.05418509151,5.05418509145,5.05418509145,5.05418509144,5.05418509146,5.05418509146,5.05418509147,5.05418509154,5.05418509154,5.0541850915,5.0541850915,5.05418509157,5.05418509151,5.05418509131,5.05418509144,5.05418509144,5.05418509144,5.05418509154,5.05418509144,5.05418509144,5.05418509154,5.05418509151,5.05418509152,5.05418509152,5.05418509142,5.05418509181,6.63539169671,6.63539169671,6.63539169671,6.63539169668,6.63539169668,6.63539169676,6.63539169751,6.63539169751,7.41682621041,7.41682621041,7.41682621041,7.41682621051,7.41682621001,7.41682621001,7.41682620997,7.41682620997,7.41682621051,7.4168262105,7.4168262105,7.41682621051,7.41682621051,7.41682621051,7.41682621051,7.41682621001,7.41682621041,7.41682621041,7.41682621041,7.41682621051,7.41682621041,7.41682621041,7.41682621041,7.41682621071,7.41682621041,7.41682621042,7.41682621042,7.41682621041,7.41682621041,7.41682621071,7.41682621066,7.41682621066,7.41682621061,7.41682621061,7.41682621041,7.41682621041,7.41682621091,7.41682621064,7.41682621064,7.41682621054,7.41682621054,7.41682621054,7.41682621054,7.41682621021
"t61",2.98067421271,2.98067421261,2.98067421261,2.8794189333,2.8794189333,0.5486246504,0,2.0992554304,2.0992554304,5.05418509149,5.05418509149,5.05418509151,5.05418509151,5.05418509151,5.05418509171,5.05418509146,5.05418509146,5.05418509151,5.05418509151,5.05418509121,5.05418509121,5.05418509151,5.05418509151,5.05418509145,5.05418509145,5.05418509144,5.05418509146,5.05418509146,5.05418509147,5.05418509154,5.05418509154,5.0541850915,5.0541850915,5.05418509157,5.05418509151,5.05418509131,5.05418509144,5.05418509144,5.05418509144,5.05418509154,5.05418509144,5.05418509144,5.05418509154,5.05418509151,5.05418509152,5.05418509152,5.05418509142,5.05418509181,6.63539169671,6.63539169671,6.63539169671,6.63539169668,6.63539169668,6.63539169676,6.63539169751,6.63539169751,7.41682621041,7.41682621041,7.41682621041,7.41682621051,7.41682621001,7.41682621001,7.41682620997,7.41682620997,7.41682621051,7.4168262105,7.4168262105,7.41682621051,7.41682621051,7.41682621051,7.41682621051,7.41682621001,7.41682621041,7.41682621041,7.41682621041,7.41682621051,7.41682621041,7.41682621041,7.41682621041,7.41682621071,7.41682621041,7.41682621042,7.41682621042,7.41682621041,7.41682621041,7.41682621071,7.41682621066,7.41682621066,7.41682621061,7.41682621061,7.41682621041,7.41682621041,7.41682621091,7.41682621064,7.41682621064,7.41682621054,7.41682621054,7.41682621054,7.41682621054,7.41682621021
"t36",2.98067421271,2.98067421261,2.98067421261,2.8794189333,2.8794189333,2.0992554304,2.0992554304,0,0.951005574,5.05418509149,5.05418509149,5.05418509151,5.05418509151,5.05418509151,5.05418509171,5.05418509146,5.05418509146,5.05418509151,5.05418509151,5.05418509121,5.05418509121,5.05418509151,5.05418509151,5.05418509145,5.05418509145,5.05418509144,5.05418509146,5.05418509146,5.05418509147,5.05418509154,5.05418509154,5.0541850915,5.0541850915,5.05418509157,5.05418509151,5.05418509131,5.05418509144,5.05418509144,5.05418509144,5.05418509154,5.05418509144,5.05418509144,5.05418509154,5.05418509151,5.05418509152,5.05418509152,5.05418509142,5.05418509181,6.63539169671,6.63539169671,6.63539169671,6.63539169668,6.63539169668,6.63539169676,6.63539169751,6.63539169751,7.41682621041,7.41682621041,7.41682621041,7.41682621051,7.41682621001,7.41682621001,7.41682620997,7.41682620997,7.41682621051,7.4168262105,7.4168262105,7.41682621051,7.41682621051,7.41682621051,7.41682621051,7.41682621001,7.41682621041,7.41682621041,7.41682621041,7.41682621051,7.41682621041,7.41682621041,7.41682621041,7.41682621071,7.41682621041,7.41682621042,7.41682621042,7.41682621041,7.41682621041,7.41682621071,7.41682621066,7.41682621066,7.41682621061,7.41682621061,7.41682621041,7.41682621041,7.41682621091,7.41682621064,7.41682621064,7.41682621054,7.41682621054,7.41682621054,7.41682621054,7.41682621021
"t37",2.98067421271,2.98067421261,2.98067421261,2.8794189333,2.8794189333,2.0992554304,2.0992554304,0.951005574,0,5.05418509149,5.05418509149,5.05418509151,5.05418509151,5.05418509151,5.05418509171,5.05418509146,5.05418509146,5.05418509151,5.05418509151,5.05418509121,5.05418509121,5.05418509151,5.05418509151,5.05418509145,5.05418509145,5.05418509144,5.05418509146,5.05418509146,5.05418509147,5.05418509154,5.05418509154,5.0541850915,5.0541850915,5.05418509157,5.05418509151,5.05418509131,5.05418509144,5.05418509144,5.05418509144,5.05418509154,5.05418509144,5.05418509144,5.05418509154,5.05418509151,5.05418509152,5.05418509152,5.05418509142,5.05418509181,6.63539169671,6.63539169671,6.63539169671,6.63539169668,6.63539169668,6.63539169676,6.63539169751,6.63539169751,7.41682621041,7.41682621041,7.41682621041,7.41682621051,7.41682621001,7.41682621001,7.41682620997,7.41682620997,7.41682621051,7.4168262105,7.4168262105,7.41682621051,7.41682621051,7.41682621051,7.41682621051,7.41682621001,7.41682621041,7.41682621041,7.41682621041,7.41682621051,7.41682621041,7.41682621041,7.41682621041,7.41682621071,7.41682621041,7.41682621042,7.41682621042,7.41682621041,7.41682621041,7.41682621071,7.41682621066,7.41682621066,7.41682621061,7.41682621061,7.41682621041,7.41682621041,7.41682621091,7.41682621064,7.41682621064,7.41682621054,7.41682621054,7.41682621054,7.41682621054,7.41682621021
"t95",5.05418509098,5.05418509088,5.05418509088,5.05418509139,5.05418509139,5.05418509149,5.05418509149,5.05418509149,5.05418509149,0,0.08589630876,0.79084406918,0.79084406918,0.79084406918,2.00384682778,2.90942781373,2.90942781373,2.90942781378,2.90942781378,4.62321345808,4.62321345808,4.62321345838,4.62321345838,4.62321345832,4.62321345832,4.62321345831,4.62321345833,4.62321345833,4.62321345834,4.62321345841,4.62321345841,4.62321345837,4.62321345837,4.62321345844,4.62321345838,4.62321345818,4.62321345831,4.62321345831,4.62321345831,4.62321345841,4.62321345831,4.62321345831,4.62321345841,4.62321345838,4.62321345839,4.62321345839,4.62321345829,4.62321345868,6.63539169698,6.63539169698,6.63539169698,6.63539169695,6.63539169695,6.63539169703,6.63539169778,6.63539169778,7.41682621068,7.41682621068,7.41682621068,7.41682621078,7.41682621028,7.41682621028,7.41682621024,7.41682621024,7.41682621078,7.41682621077,7.41682621077,7.41682621078,7.41682621078,7.41682621078,7.41682621078,7.41682621028,7.41682621068,7.41682621068,7.41682621068,7.41682621078,7.41682621068,7.41682621068,7.41682621068,7.41682621098,7.41682621068,7.41682621069,7.41682621069,7.41682621068,7.41682621068,7.41682621098,7.41682621093,7.41682621093,7.41682621088,7.41682621088,7.41682621068,7.41682621068,7.41682621118,7.41682621091,7.41682621091,7.41682621081,7.41682621081,7.41682621081,7.41682621081,7.41682621048
"t96",5.05418509098,5.05418509088,5.05418509088,5.05418509139,5.05418509139,5.05418509149,5.05418509149,5.05418509149,5.05418509149,0.08589630876,0,0.79084406918,0.79084406918,0.79084406918,2.00384682778,2.90942781373,2.90942781373,2.90942781378,2.90942781378,4.62321345808,4.62321345808,4.62321345838,4.62321345838,4.62321345832,4.62321345832,4.62321345831,4.62321345833,4.62321345833,4.62321345834,4.62321345841,4.62321345841,4.62321345837,4.62321345837,4.62321345844,4.62321345838,4.62321345818,4.62321345831,4.62321345831,4.62321345831,4.62321345841,4.62321345831,4.62321345831,4.62321345841,4.62321345838,4.62321345839,4.62321345839,4.62321345829,4.62321345868,6.63539169698,6.63539169698,6.63539169698,6.63539169695,6.63539169695,6.63539169703,6.63539169778,6.63539169778,7.41682621068,7.41682621068,7.41682621068,7.41682621078,7.41682621028,7.41682621028,7.41682621024,7.41682621024,7.41682621078,7.41682621077,7.41682621077,7.41682621078,7.41682621078,7.41682621078,7.41682621078,7.41682621028,7.41682621068,7.41682621068,7.41682621068,7.41682621078,7.41682621068,7.41682621068,7.41682621068,7.41682621098,7.41682621068,7.41682621069,7.41682621069,7.41682621068,7.41682621068,7.41682621098,7.41682621093,7.41682621093,7.41682621088,7.41682621088,7.41682621068,7.41682621068,7.41682621118,7.41682621091,7.41682621091,7.41682621081,7.41682621081,7.41682621081,7.41682621081,7.41682621048
"t83",5.054185091,5.0541850909,5.0541850909,5.05418509141,5.05418509141,5.05418509151,5.05418509151,5.05418509151,5.05418509151,0.79084406918,0.79084406918,0,0.2087154164,0.5074476088,2.0038468278,2.90942781375,2.90942781375,2.9094278138,2.9094278138,4.6232134581,4.6232134581,4.6232134584,4.6232134584,4.62321345834,4.62321345834,4.62321345833,4.62321345835,4.62321345835,4.62321345836,4.62321345843,4.62321345843,4.62321345839,4.62321345839,4.62321345846,4.6232134584,4.6232134582,4.62321345833,4.62321345833,4.62321345833,4.62321345843,4.62321345833,4.62321345833,4.62321345843,4.6232134584,4.62321345841,4.62321345841,4.62321345831,4.6232134587,6.635391697,6.635391697,6.635391697,6.63539169697,6.63539169697,6.63539169705,6.6353916978,6.6353916978,7.4168262107,7.4168262107,7.4168262107,7.4168262108,7.4168262103,7.4168262103,7.41682621026,7.41682621026,7.4168262108,7.41682621079,7.41682621079,7.4168262108,7.4168262108,7.4168262108,7.4168262108,7.4168262103,7.4168262107,7.4168262107,7.4168262107,7.4168262108,7.4168262107,7.4168262107,7.4168262107,7.416826211,7.4168262107,7.41682621071,7.41682621071,7.4168262107,7.4168262107,7.416826211,7.41682621095,7.41682621095,7.4168262109,7.4168262109,7.4168262107,7.4168262107,7.4168262112,7.41682621093,7.41682621093,7.41682621083,7.41682621083,7.41682621083,7.41682621083,7.4168262105
"t84",5.054185091,5.0541850909,5.0541850909,5.05418509141,5.05418509141,5.05418509151,5.05418509151,5.05418509151,5.05418509151,0.79084406918,0.79084406918,0.2087154164,0,0.5074476088,2.0038468278,2.90942781375,2.90942781375,2.9094278138,2.9094278138,4.6232134581,4.6232134581,4.6232134584,4.6232134584,4.62321345834,4.62321345834,4.62321345833,4.62321345835,4.62321345835,4.62321345836,4.62321345843,4.62321345843,4.62321345839,4.62321345839,4.62321345846,4.6232134584,4.6232134582,4.62321345833,4.62321345833,4.62321345833,4.62321345843,4.62321345833,4.62321345833,4.62321345843,4.6232134584,4.62321345841,4.62321345841,4.62321345831,4.6232134587,6.635391697,6.635391697,6.635391697,6.63539169697,6.63539169697,6.63539169705,6.6353916978,6.6353916978,7.4168262107,7.4168262107,7.4168262107,7.4168262108,7.4168262103,7.4168262103,7.41682621026,7.41682621026,7.4168262108,7.41682621079,7.41682621079,7.4168262108,7.4168262108,7.4168262108,7.4168262108,7.4168262103,7.4168262107,7.4168262107,7.4168262107,7.4168262108,7.4168262107,7.4168262107,7.4168262107,7.416826211,7.4168262107,7.41682621071,7.41682621071,7.4168262107,7.4168262107,7.416826211,7.41682621095,7.41682621095,7.4168262109,7.4168262109,7.4168262107,7.4168262107,7.4168262112,7.41682621093,7.41682621093,7.41682621083,7.41682621083,7.41682621083,7.41682621083,7.4168262105
"t63",5.054185091,5.0541850909,5.0541850909,5.05418509141,5.05418509141,5.05418509151,5.05418509151,5.05418509151,5.05418509151,0.79084406918,0.79084406918,0.5074476088,0.5074476088,0,2.0038468278,2.90942781375,2.90942781375,2.9094278138,2.9094278138,4.6232134581,4.6232134581,4.6232134584,4.6232134584,4.62321345834,4.62321345834,4.62321345833,4.62321345835,4.62321345835,4.62321345836,4.62321345843,4.62321345843,4.62321345839,4.62321345839,4.62321345846,4.6232134584,4.6232134582,4.62321345833,4.62321345833,4.62321345833,4.62321345843,4.62321345833,4.62321345833,4.62321345843,4.6232134584,4.62321345841,4.62321345841,4.62321345831,4.6232134587,6.635391697,6.635391697,6.635391697,6.63539169697,6.63539169697,6.63539169705,6.6353916978,6.6353916978,7.4168262107,7.4168262107,7.4168262107,7.4168262108,7.4168262103,7.4168262103,7.41682621026,7.41682621026,7.4168262108,7.41682621079,7.41682621079,7.4168262108,7.4168262108,7.4168262108,7.4168262108,7.4168262103,7.4168262107,7.4168262107,7.4168262107,7.4168262108,7.4168262107,7.4168262107,7.4168262107,7.416826211,7.4168262107,7.41682621071,7.41682621071,7.4168262107,7.4168262107,7.416826211,7.41682621095,7.41682621095,7.4168262109,7.4168262109,7.4168262107,7.4168262107,7.4168262112,7.41682621093,7.41682621093,7.41682621083,7.41682621083,7.41682621083,7.41682621083,7.4168262105
"t11",5.0541850912,5.0541850911,5.0541850911,5.05418509161,5.05418509161,5.05418509171,5.05418509171,5.05418509171,5.05418509171,2.00384682778,2.00384682778,2.0038468278,2.0038468278,2.0038468278,0,2.90942781395,2.90942781395,2.909427814,2.909427814,4.6232134583,4.6232134583,4.6232134586,4.6232134586,4.62321345854,4.62321345854,4.62321345853,4.62321345855,4.62321345855,4.62321345856,4.62321345863,4.62321345863,4.62321345859,4.62321345859,4.62321345866,4.6232134586,4.6232134584,4.62321345853,4.62321345853,4.62321345853,4.62321345863,4.62321345853,4.62321345853,4.62321345863,4.6232134586,4.62321345861,4.62321345861,4.62321345851,4.6232134589,6.6353916972,6.6353916972,6.6353916972,6.63539169717,6.63539169717,6.63539169725,6.635391698,6.635391698,7.4168262109,7.4168262109,7.4168262109,7.416826211,7.4168262105,7.4168262105,7.41682621046,7.41682621046,7.416826211,7.41682621099,7.41682621099,7.416826211,7.416826211,7.416826211,7.416826211,7.4168262105,7.4168262109,7.4168262109,7.4168262109,7.416826211,7.4168262109,7.4168262109,7.4168262109,7.4168262112,7.4168262109,7.41682621091,7.41682621091,7.4168262109,7.4168262109,7.4168262112,7.41682621115,7.41682621115,7.4168262111,7.4168262111,7.4168262109,7.4168262109,7.4168262114,7.41682621113,7.41682621113,7.41682621103,7.41682621103,7.41682621103,7.41682621103,7.4168262107
"t91",5.05418509095,5.05418509085,5.05418509085,5.05418509136,5.05418509136,5.05418509146,5.05418509146,5.05418509146,5.05418509146,2.90942781373,2.90942781373,2.90942781375,2.90942781375,2.90942781375,2.90942781395,0,0.1168608097,1.86589713055,1.86589713055,4.62321345805,4.62321345805,4.62321345835,4.62321345835,4.62321345829,4.62321345829,4.62321345828,4.6232134583,4.6232134583,4.62321345831,4.62321345838,4.62321345838,4.62321345834,4.62321345834,4.62321345841,4.62321345835,4.62321345815,4.62321345828,4.62321345828,4.62321345828,4.62321345838,4.62321345828,4.62321345828,4.62321345838,4.62321345835,4.62321345836,4.62321345836,4.62321345826,4.62321345865,6.63539169695,6.63539169695,6.63539169695,6.63539169692,6.63539169692,6.635391697,6.63539169775,6.63539169775,7.41682621065,7.41682621065,7.41682621065,7.41682621075,7.41682621025,7.41682621025,7.41682621021,7.41682621021,7.41682621075,7.41682621074,7.41682621074,7.41682621075,7.41682621075,7.41682621075,7.41682621075,7.41682621025,7.41682621065,7.41682621065,7.41682621065,7.41682621075,7.41682621065,7.41682621065,7.41682621065,7.41682621095,7.41682621065,7.41682621066,7.41682621066,7.41682621065,7.41682621065,7.41682621095,7.4168262109,7.4168262109,7.41682621085,7.41682621085,7.41682621065,7.41682621065,7.41682621115,7.41682621088,7.41682621088,7.41682621078,7.41682621078,7.41682621078,7.41682621078,7.41682621045
"t92",5.05418509095,5.05418509085,5.05418509085,5.05418509136,5.05418509136,5.05418509146,5.05418509146,5.05418509146,5.05418509146,2.90942781373,2.90942781373,2.90942781375,2.90942781375,2.90942781375,2.90942781395,0.1168608097,0,1.86589713055,1.86589713055,4.62321345805,4.62321345805,4.62321345835,4.62321345835,4.62321345829,4.62321345829,4.62321345828,4.6232134583,4.6232134583,4.62321345831,4.62321345838,4.62321345838,4.62321345834,4.62321345834,4.62321345841,4.62321345835,4.62321345815,4.62321345828,4.62321345828,4.62321345828,4.62321345838,4.62321345828,4.62321345828,4.62321345838,4.62321345835,4.62321345836,4.62321345836,4.62321345826,4.62321345865,6.63539169695,6.63539169695,6.63539169695,6.63539169692,6.63539169692,6.635391697,6.63539169775,6.63539169775,7.41682621065,7.41682621065,7.41682621065,7.41682621075,7.41682621025,7.41682621025,7.41682621021,7.41682621021,7.41682621075,7.41682621074,7.41682621074,7.41682621075,7.41682621075,7.41682621075,7.41682621075,7.41682621025,7.41682621065,7.41682621065,7.41682621065,7.41682621075,7.41682621065,7.41682621065,7.41682621065,7.41682621095,7.41682621065,7.41682621066,7.41682621066,7.41682621065,7.41682621065,7.41682621095,7.4168262109,7.4168262109,7.41682621085,7.41682621085,7.41682621065,7.41682621065,7.41682621115,7.41682621088,7.41682621088,7.41682621078,7.41682621078,7.41682621078,7.41682621078,7.41682621045
"t28",5.054185091,5.0541850909,5.0541850909,5.05418509141,5.05418509141,5.05418509151,5.05418509151,5.05418509151,5.05418509151,2.90942781378,2.90942781378,2.9094278138,2.9094278138,2.9094278138,2.909427814,1.86589713055,1.86589713055,0,1.2201176946,4.6232134581,4.6232134581,4.6232134584,4.6232134584,4.62321345834,4.62321345834,4.62321345833,4.62321345835,4.62321345835,4.62321345836,4.62321345843,4.62321345843,4.62321345839,4.62321345839,4.62321345846,4.6232134584,4.6232134582,4.62321345833,4.62321345833,4.62321345833,4.62321345843,4.62321345833,4.62321345833,4.62321345843,4.6232134584,4.62321345841,4.62321345841,4.62321345831,4.6232134587,6.635391697,6.635391697,6.635391697,6.63539169697,6.63539169697,6.63539169705,6.6353916978,6.6353916978,7.4168262107,7.4168262107,7.4168262107,7.4168262108,7.4168262103,7.4168262103,7.41682621026,7.41682621026,7.4168262108,7.41682621079,7.41682621079,7.4168262108,7.4168262108,7.4168262108,7.4168262108,7.4168262103,7.4168262107,7.4168262107,7.4168262107,7.4168262108,7.4168262107,7.4168262107,7.4168262107,7.416826211,7.4168262107,7.41682621071,7.41682621071,7.4168262107,7.4168262107,7.416826211,7.41682621095,7.41682621095,7.4168262109,7.4168262109,7.4168262107,7.4168262107,7.4168262112,7.41682621093,7.41682621093,7.41682621083,7.41682621083,7.41682621083,7.41682621083,7.4168262105
"t29",5.054185091,5.0541850909,5.0541850909,5.05418509141,5.05418509141,5.05418509151,5.05418509151,5.05418509151,5.05418509151,2.90942781378,2.90942781378,2.9094278138,2.9094278138,2.9094278138,2.909427814,1.86589713055,1.86589713055,1.2201176946,0,4.6232134581,4.6232134581,4.6232134584,4.6232134584,4.62321345834,4.62321345834,4.62321345833,4.62321345835,4.62321345835,4.62321345836,4.62321345843,4.62321345843,4.62321345839,4.62321345839,4.62321345846,4.6232134584,4.6232134582,4.62321345833,4.62321345833,4.62321345833,4.62321345843,4.62321345833,4.62321345833,4.62321345843,4.6232134584,4.62321345841,4.62321345841,4.62321345831,4.6232134587,6.635391697,6.635391697,6.635391697,6.63539169697,6.63539169697,6.63539169705,6.6353916978,6.6353916978,7.4168262107,7.4168262107,7.4168262107,7.4168262108,7.4168262103,7.4168262103,7.41682621026,7.41682621026,7.4168262108,7.41682621079,7.41682621079,7.4168262108,7.4168262108,7.4168262108,7.4168262108,7.4168262103,7.4168262107,7.4168262107,7.4168262107,7.4168262108,7.4168262107,7.4168262107,7.4168262107,7.416826211,7.4168262107,7.41682621071,7.41682621071,7.4168262107,7.4168262107,7.416826211,7.41682621095,7.41682621095,7.4168262109,7.4168262109,7.4168262107,7.4168262107,7.4168262112,7.41682621093,7.41682621093,7.41682621083,7.41682621083,7.41682621083,7.41682621083,7.4168262105
"t48",5.0541850907,5.0541850906,5.0541850906,5.05418509111,5.05418509111,5.05418509121,5.05418509121,5.05418509121,5.05418509121,4.62321345808,4.62321345808,4.6232134581,4.6232134581,4.6232134581,4.6232134583,4.62321345805,4.62321345805,4.6232134581,4.6232134581,0,0.7549099796,3.5928142459,3.5928142459,3.59281424584,3.59281424584,3.59281424583,3.59281424585,3.59281424585,3.59281424586,3.59281424593,3.59281424593,3.59281424589,3.59281424589,3.59281424596,3.5928142459,4.0341054947,4.03410549483,4.03410549483,4.03410549483,4.03410549493,4.03410549483,4.03410549483,4.03410549493,4.0341054949,4.03410549491,4.03410549491,4.03410549481,4.0341054952,6.6353916967,6.6353916967,6.6353916967,6.63539169667,6.63539169667,6.63539169675,6.6353916975,6.6353916975,7.4168262104,7.4168262104,7.4168262104,7.4168262105,7.41682621,7.41682621,7.41682620996,7.41682620996,7.4168262105,7.41682621049,7.41682621049,7.4168262105,7.4168262105,7.4168262105,7.4168262105,7.41682621,7.4168262104,7.4168262104,7.4168262104,7.4168262105,7.4168262104,7.4168262104,7.4168262104,7.4168262107,7.4168262104,7.41682621041,7.41682621041,7.4168262104,7.4168262104,7.4168262107,7.41682621065,7.41682621065,7.4168262106,7.4168262106,7.4168262104,7.4168262104,7.4168262109,7.41682621063,7.41682621063,7.41682621053,7.41682621053,7.41682621053,7.41682621053,7.4168262102
"t49",5.0541850907,5.0541850906,5.0541850906,5.05418509111,5.05418509111,5.05418509121,5.05418509121,5.05418509121,5.05418509121,4.62321345808,4.62321345808,4.6232134581,4.6232134581,4.6232134581,4.6232134583,4.62321345805,4.62321345805,4.6232134581,4.6232134581,0.7549099796,0,3.5928142459,3.5928142459,3.59281424584,3.59281424584,3.59281424583,3.59281424585,3.59281424585,3.59281424586,3.59281424593,3.59281424593,3.59281424589,3.59281424589,3.59281424596,3.5928142459,4.0341054947,4.03410549483,4.03410549483,4.03410549483,4.03410549493,4.03410549483,4.03410549483,4.03410549493,4.0341054949,4.03410549491,4.03410549491,4.03410549481,4.0341054952,6.6353916967,6.6353916967,6.6353916967,6.63539169667,6.63539169667,6.63539169675,6.6353916975,6.6353916975,7.4168262104,7.4168262104,7.4168262104,7.4168262105,7.41682621,7.41682621,7.41682620996,7.41682620996,7.4168262105,7.41682621049,7.41682621049,7.4168262105,7.4168262105,7.4168262105,7.4168262105,7.41682621,7.4168262104,7.4168262104,7.4168262104,7.4168262105,7.4168262104,7.4168262104,7.4168262104,7.4168262107,7.4168262104,7.41682621041,7.41682621041,7.4168262104,7.4168262104,7.4168262107,7.41682621065,7.41682621065,7.4168262106,7.4168262106,7.4168262104,7.4168262104,7.4168262109,7.41682621063,7.41682621063,7.41682621053,7.41682621053,7.41682621053,7.41682621053,7.4168262102
"t53",5.054185091,5.0541850909,5.0541850909,5.05418509141,5.05418509141,5.05418509151,5.05418509151,5.05418509151,5.05418509151,4.62321345838,4.62321345838,4.6232134584,4.6232134584,4.6232134584,4.6232134586,4.62321345835,4.62321345835,4.6232134584,4.6232134584,3.5928142459,3.5928142459,0,0.6324023434,1.26126643974,1.26126643974,1.26126643973,1.26126643975,1.26126643975,1.26126643976,2.16205222943,2.16205222943,3.16336006479,3.16336006479,3.16336006486,3.1633600648,4.034105495,4.03410549513,4.03410549513,4.03410549513,4.03410549523,4.03410549513,4.03410549513,4.03410549523,4.0341054952,4.03410549521,4.03410549521,4.03410549511,4.0341054955,6.635391697,6.635391697,6.635391697,6.63539169697,6.63539169697,6.63539169705,6.6353916978,6.6353916978,7.4168262107,7.4168262107,7.4168262107,7.4168262108,7.4168262103,7.4168262103,7.41682621026,7.41682621026,7.4168262108,7.41682621079,7.41682621079,7.4168262108,7.4168262108,7.4168262108,7.4168262108,7.4168262103,7.4168262107,7.4168262107,7.4168262107,7.4168262108,7.4168262107,7.4168262107,7.4168262107,7.416826211,7.4168262107,7.41682621071,7.41682621071,7.4168262107,7.4168262107,7.416826211,7.41682621095,7.41682621095,7.4168262109,7.4168262109,7.4168262107,7.4168262107,7.4168262112,7.41682621093,7.41682621093,7.41682621083,7.41682621083,7.41682621083,7.41682621083,7.4168262105
"t54",5.054185091,5.0541850909,5.0541850909,5.05418509141,5.05418509141,5.05418509151,5.05418509151,5.05418509151,5.05418509151,4.62321345838,4.62321345838,4.6232134584,4.6232134584,4.6232134584,4.6232134586,4.62321345835,4.62321345835,4.6232134584,4.6232134584,3.5928142459,3.5928142459,0.6324023434,0,1.26126643974,1.26126643974,1.26126643973,1.26126643975,1.26126643975,1.26126643976,2.16205222943,2.16205222943,3.16336006479,3.16336006479,3.16336006486,3.1633600648,4.034105495,4.03410549513,4.03410549513,4.03410549513,4.03410549523,4.03410549513,4.03410549513,4.03410549523,4.0341054952,4.03410549521,4.03410549521,4.03410549511,4.0341054955,6.635391697,6.635391697,6.635391697,6.63539169697,6.63539169697,6.63539169705,6.6353916978,6.6353916978,7.4168262107,7.4168262107,7.4168262107,7.4168262108,7.4168262103,7.4168262103,7.41682621026,7.41682621026,7.4168262108,7.41682621079,7.41682621079,7.4168262108,7.4168262108,7.4168262108,7.4168262108,7.4168262103,7.4168262107,7.4168262107,7.4168262107,7.4168262108,7.4168262107,7.4168262107,7.4168262107,7.416826211,7.4168262107,7.41682621071,7.41682621071,7.4168262107,7.4168262107,7.416826211,7.41682621095,7.41682621095,7.4168262109,7.4168262109,7.4168262107,7.4168262107,7.4168262112,7.41682621093,7.41682621093,7.41682621083,7.41682621083,7.41682621083,7.41682621083,7.4168262105
"t66",5.05418509094,5.05418509084,5.05418509084,5.05418509135,5.05418509135,5.05418509145,5.05418509145,5.05418509145,5.05418509145,4.62321345832,4.62321345832,4.62321345834,4.62321345834,4.62321345834,4.62321345854,4.62321345829,4.62321345829,4.62321345834,4.62321345834,3.59281424584,3.59281424584,1.26126643974,1.26126643974,0,0.3943965066,0.48925467107,0.48925467109,0.48925467109,0.4892546711,2.16205222937,2.16205222937,3.16336006473,3.16336006473,3.1633600648,3.16336006474,4.03410549494,4.03410549507,4.03410549507,4.03410549507,4.03410549517,4.03410549507,4.03410549507,4.03410549517,4.03410549514,4.03410549515,4.03410549515,4.03410549505,4.03410549544,6.63539169694,6.63539169694,6.63539169694,6.63539169691,6.63539169691,6.63539169699,6.63539169774,6.63539169774,7.41682621064,7.41682621064,7.41682621064,7.41682621074,7.41682621024,7.41682621024,7.4168262102,7.4168262102,7.41682621074,7.41682621073,7.41682621073,7.41682621074,7.41682621074,7.41682621074,7.41682621074,7.41682621024,7.41682621064,7.41682621064,7.41682621064,7.41682621074,7.41682621064,7.41682621064,7.41682621064,7.41682621094,7.41682621064,7.41682621065,7.41682621065,7.41682621064,7.41682621064,7.41682621094,7.41682621089,7.41682621089,7.41682621084,7.41682621084,7.41682621064,7.41682621064,7.41682621114,7.41682621087,7.41682621087,7.41682621077,7.41682621077,7.41682621077,7.41682621077,7.41682621044
"t67",5.05418509094,5.05418509084,5.05418509084,5.05418509135,5.05418509135,5.05418509145,5.05418509145,5.05418509145,5.05418509145,4.62321345832,4.62321345832,4.62321345834,4.62321345834,4.62321345834,4.62321345854,4.62321345829,4.62321345829,4.62321345834,4.62321345834,3.59281424584,3.59281424584,1.26126643974,1.26126643974,0.3943965066,0,0.48925467107,0.48925467109,0.48925467109,0.4892546711,2.16205222937,2.16205222937,3.16336006473,3.16336006473,3.1633600648,3.16336006474,4.03410549494,4.03410549507,4.03410549507,4.03410549507,4.03410549517,4.03410549507,4.03410549507,4.03410549517,4.03410549514,4.03410549515,4.03410549515,4.03410549505,4.03410549544,6.63539169694,6.63539169694,6.63539169694,6.63539169691,6.63539169691,6.63539169699,6.63539169774,6.63539169774,7.41682621064,7.41682621064,7.41682621064,7.41682621074,7.41682621024,7.41682621024,7.4168262102,7.4168262102,7.41682621074,7.41682621073,7.41682621073,7.41682621074,7.41682621074,7.41682621074,7.41682621074,7.41682621024,7.41682621064,7.41682621064,7.41682621064,7.41682621074,7.41682621064,7.41682621064,7.41682621064,7.41682621094,7.41682621064,7.41682621065,7.41682621065,7.41682621064,7.41682621064,7.41682621094,7.41682621089,7.41682621089,7.41682621084,7.41682621084,7.41682621064,7.41682621064,7.41682621114,7.41682621087,7.41682621087,7.41682621077,7.41682621077,7.41682621077,7.41682621077,7.41682621044
"t68",5.05418509093,5.05418509083,5.05418509083,5.05418509134,5.05418509134,5.05418509144,5.05418509144,5.05418509144,5.05418509144,4.62321345831,4.62321345831,4.62321345833,4.62321345833,4.62321345833,4.62321345853,4.62321345828,4.62321345828,4.62321345833,4.62321345833,3.59281424583,3.59281424583,1.26126643973,1.26126643973,0.48925467107,0.48925467107,0,0.38640152862,0.38640152862,0.38640152863,2.16205222936,2.16205222936,3.16336006472,3.16336006472,3.16336006479,3.16336006473,4.03410549493,4.03410549506,4.03410549506,4.03410549506,4.03410549516,4.03410549506,4.03410549506,4.03410549516,4.03410549513,4.03410549514,4.03410549514,4.03410549504,4.03410549543,6.63539169693,6.63539169693,6.63539169693,6.6353916969,6.6353916969,6.63539169698,6.63539169773,6.63539169773,7.41682621063,7.41682621063,7.41682621063,7.41682621073,7.41682621023,7.41682621023,7.41682621019,7.41682621019,7.41682621073,7.41682621072,7.41682621072,7.41682621073,7.41682621073,7.41682621073,7.41682621073,7.41682621023,7.41682621063,7.41682621063,7.41682621063,7.41682621073,7.41682621063,7.41682621063,7.41682621063,7.41682621093,7.41682621063,7.41682621064,7.41682621064,7.41682621063,7.41682621063,7.41682621093,7.41682621088,7.41682621088,7.41682621083,7.41682621083,7.41682621063,7.41682621063,7.41682621113,7.41682621086,7.41682621086,7.41682621076,7.41682621076,7.41682621076,7.41682621076,7.41682621043
"t99",5.05418509095,5.05418509085,5.05418509085,5.05418509136,5.05418509136,5.05418509146,5.05418509146,5.05418509146,5.05418509146,4.62321345833,4.62321345833,4.62321345835,4.62321345835,4.62321345835,4.62321345855,4.6232134583,4.6232134583,4.62321345835,4.62321345835,3.59281424585,3.59281424585,1.26126643975,1.26126643975,0.48925467109,0.48925467109,0.38640152862,0,0.04335063478,0.34741602059,2.16205222938,2.16205222938,3.16336006474,3.16336006474,3.16336006481,3.16336006475,4.03410549495,4.03410549508,4.03410549508,4.03410549508,4.03410549518,4.03410549508,4.03410549508,4.03410549518,4.03410549515,4.03410549516,4.03410549516,4.03410549506,4.03410549545,6.63539169695,6.63539169695,6.63539169695,6.63539169692,6.63539169692,6.635391697,6.63539169775,6.63539169775,7.41682621065,7.41682621065,7.41682621065,7.41682621075,7.41682621025,7.41682621025,7.41682621021,7.41682621021,7.41682621075,7.41682621074,7.41682621074,7.41682621075,7.41682621075,7.41682621075,7.41682621075,7.41682621025,7.41682621065,7.41682621065,7.41682621065,7.41682621075,7.41682621065,7.41682621065,7.41682621065,7.41682621095,7.41682621065,7.41682621066,7.41682621066,7.41682621065,7.41682621065,7.41682621095,7.4168262109,7.4168262109,7.41682621085,7.41682621085,7.41682621065,7.41682621065,7.41682621115,7.41682621088,7.41682621088,7.41682621078,7.41682621078,7.41682621078,7.41682621078,7.41682621045
"t100",5.05418509095,5.05418509085,5.05418509085,5.05418509136,5.05418509136,5.05418509146,5.05418509146,5.05418509146,5.05418509146,4.62321345833,4.62321345833,4.62321345835,4.62321345835,4.62321345835,4.62321345855,4.6232134583,4.6232134583,4.62321345835,4.62321345835,3.59281424585,3.59281424585,1.26126643975,1.26126643975,0.48925467109,0.48925467109,0.38640152862,0.04335063478,0,0.34741602059,2.16205222938,2.16205222938,3.16336006474,3.16336006474,3.16336006481,3.16336006475,4.03410549495,4.03410549508,4.03410549508,4.03410549508,4.03410549518,4.03410549508,4.03410549508,4.03410549518,4.03410549515,4.03410549516,4.03410549516,4.03410549506,4.03410549545,6.63539169695,6.63539169695,6.63539169695,6.63539169692,6.63539169692,6.635391697,6.63539169775,6.63539169775,7.41682621065,7.41682621065,7.41682621065,7.41682621075,7.41682621025,7.41682621025,7.41682621021,7.41682621021,7.41682621075,7.41682621074,7.41682621074,7.41682621075,7.41682621075,7.41682621075,7.41682621075,7.41682621025,7.41682621065,7.41682621065,7.41682621065,7.41682621075,7.41682621065,7.41682621065,7.41682621065,7.41682621095,7.41682621065,7.41682621066,7.41682621066,7.41682621065,7.41682621065,7.41682621095,7.4168262109,7.4168262109,7.41682621085,7.41682621085,7.41682621065,7.41682621065,7.41682621115,7.41682621088,7.41682621088,7.41682621078,7.41682621078,7.41682621078,7.41682621078,7.41682621045
