"","t14","t48","t129","t130","t77","t122","t123","t135","t136","t107","t108","t62","t63","t23","t18","t6","t3","t2","t36","t64","t65","t31","t1","t137","t138","t82","t83","t97","t98","t51","t68","t69","t33","t34","t17","t19","t99","t100","t92","t93","t21","t22","t5","t78","t79","t133","t134","t32","t76","t87","t125","t126","t71","t67","t105","t106","t109","t112","t113","t86","t131","t132","t26","t43","t74","t120","t121","t52","t96","t114","t115","t57","t8","t101","t102","t35","t66","t80","t81","t124","t127","t128","t95","t110","t111","t39","t24","t16","t37","t38","t4","t40","t58","t116","t117","t50","t20","t7","t88","t89","t27","t53","t54","t94","t103","t104","t15","t44","t45","t118","t119","t72","t73","t84","t85","t75","t59","t30","t46","t47","t9","t10","t41","t42","t12","t13","t90","t91","t70","t28","t29","t49","t55","t56","t25","t60","t61","t11"
"t14",0,2.9009142838,2.900914283808,2.900914283808,2.900914283778,2.90091428381,2.90091428381,2.900914283793,2.900914283793,2.90091428378,2.90091428378,3.2590457556,3.3848376193,2.4815619237,2.349467236,3.9188094058,2.67196596119,4.50296901082,4.93148659812,5.18978558482,5.58802601802,4.97911762952,5.80281539062,8.1512510584454,8.1512510584454,8.151251058378,8.151251058378,8.151251058378,8.151251058378,8.151251057907,7.683539595897,8.151251057907,8.151251058007,8.151251058007,6.898455886838,6.996223516328,8.151251057728,8.151251057728,8.151251057828,8.151251057828,8.151251057978,8.151251057978,7.245010702178,8.1512510578898,8.1512510578898,8.1512510578598,8.1512510578598,8.1512510581598,7.9635094682798,8.1512510578498,8.1512510578898,8.1512510578898,8.1512510578598,8.1512510578598,8.1512510579598,8.1295427630598,8.1512510578598,8.1512510578698,8.1512510578698,7.870645264258,8.151251057858,8.151251057858,8.151251057848,8.151251057748,8.151251057748,8.151251057848,8.151251057848,8.151251058348,8.151251058338,8.151251058338,8.151251058338,8.151251058338,6.876427914248,8.151251058448,8.151251058448,8.151251058248,8.151251058368,8.151251058368,8.151251058368,8.151251058398,8.151251058398,8.151251058398,8.151251058358,8.151251058358,8.151251058358,7.559111938758,8.086338040108,7.413584995408,8.027875210508,8.151251058408,6.440946221348,7.542642513948,7.680956825858,8.151251058158,8.151251058158,7.488615008348,7.656038785548,8.151251058298,8.151251058198,8.151251058198,8.151251058698,7.451126342988,8.151251058348,8.151251058658,8.151251058648,8.151251058648,7.548493412658,8.151251058158,7.723823595558,8.151251058658,8.151251058658,8.151251058358,8.151251058358,8.151251058198,8.151251058198,7.912593557358,7.460232998456,7.495385220258,8.151251058158,8.151251058158,8.151251057738,8.151251057738,8.151251058748,8.151251058748,6.767911442328,8.151251058548,8.151251058568,8.151251058568,8.151251058568,7.208465179668,8.151251058668,8.038528427968,7.728794030468,7.662717503868,8.151251058148,7.870467800248,8.151251058548,8.151251058348
"t48",2.9009142838,0,1.701352179008,1.701352179008,1.701352178978,1.70135217901,1.70135217901,1.701352178993,1.701352178993,1.70135217898,1.70135217898,3.2590457554,3.3848376191,2.4815619235,2.3494672358,3.9188094056,2.67196596099,4.50296901062,4.93148659792,5.18978558462,5.58802601782,4.97911762932,5.80281539042,8.1512510582454,8.1512510582454,8.151251058178,8.151251058178,8.151251058178,8.151251058178,8.151251057707,7.683539595697,8.151251057707,8.151251057807,8.151251057807,6.898455886638,6.996223516128,8.151251057528,8.151251057528,8.151251057628,8.151251057628,8.151251057778,8.151251057778,7.245010701978,8.1512510576898,8.1512510576898,8.1512510576598,8.1512510576598,8.1512510579598,7.9635094680798,8.1512510576498,8.1512510576898,8.1512510576898,8.1512510576598,8.1512510576598,8.1512510577598,8.1295427628598,8.1512510576598,8.1512510576698,8.1512510576698,7.870645264058,8.151251057658,8.151251057658,8.151251057648,8.151251057548,8.151251057548,8.151251057648,8.151251057648,8.151251058148,8.151251058138,8.151251058138,8.151251058138,8.151251058138,6.876427914048,8.151251058248,8.151251058248,8.151251058048,8.151251058168,8.151251058168,8.151251058168,8.151251058198,8.151251058198,8.151251058198,8.151251058158,8.151251058158,8.151251058158,7.559111938558,8.086338039908,7.413584995208,8.027875210308,8.151251058208,6.440946221148,7.542642513748,7.680956825658,8.151251057958,8.151251057958,7.488615008148,7.656038785348,8.151251058098,8.151251057998,8.151251057998,8.151251058498,7.451126342788,8.151251058148,8.151251058458,8.151251058448,8.151251058448,7.548493412458,8.151251057958,7.723823595358,8.151251058458,8.151251058458,8.151251058158,8.151251058158,8.151251057998,8.151251057998,7.912593557158,7.460232998256,7.495385220058,8.151251057958,8.151251057958,8.151251057538,8.151251057538,8.151251058548,8.151251058548,6.767911442128,8.151251058348,8.151251058368,8.151251058368,8.151251058368,7.208465179468,8.151251058468,8.038528427768,7.728794030268,7.662717503668,8.151251057948,7.870467800048,8.151251058348,8.151251058148
"t129",2.900914283808,1.701352179008,0,0.11472715946,0.74816474743,0.753650790818,0.753650790818,0.753650790801,0.753650790801,0.753650790788,0.753650790788,3.259045755408,3.384837619108,2.481561923508,2.349467235808,3.918809405608,2.671965960998,4.502969010628,4.931486597928,5.189785584628,5.588026017828,4.979117629328,5.802815390428,8.1512510582534,8.1512510582534,8.151251058186,8.151251058186,8.151251058186,8.151251058186,8.151251057715,7.683539595705,8.151251057715,8.151251057815,8.151251057815,6.898455886646,6.996223516136,8.151251057536,8.151251057536,8.151251057636,8.151251057636,8.151251057786,8.151251057786,7.245010701986,8.1512510576978,8.1512510576978,8.1512510576678,8.1512510576678,8.1512510579678,7.9635094680878,8.1512510576578,8.1512510576978,8.1512510576978,8.1512510576678,8.1512510576678,8.1512510577678,8.1295427628678,8.1512510576678,8.1512510576778,8.1512510576778,7.870645264066,8.151251057666,8.151251057666,8.151251057656,8.151251057556,8.151251057556,8.151251057656,8.151251057656,8.151251058156,8.151251058146,8.151251058146,8.151251058146,8.151251058146,6.876427914056,8.151251058256,8.151251058256,8.151251058056,8.151251058176,8.151251058176,8.151251058176,8.151251058206,8.151251058206,8.151251058206,8.151251058166,8.151251058166,8.151251058166,7.559111938566,8.086338039916,7.413584995216,8.027875210316,8.151251058216,6.440946221156,7.542642513756,7.680956825666,8.151251057966,8.151251057966,7.488615008156,7.656038785356,8.151251058106,8.151251058006,8.151251058006,8.151251058506,7.451126342796,8.151251058156,8.151251058466,8.151251058456,8.151251058456,7.548493412466,8.151251057966,7.723823595366,8.151251058466,8.151251058466,8.151251058166,8.151251058166,8.151251058006,8.151251058006,7.912593557166,7.460232998264,7.495385220066,8.151251057966,8.151251057966,8.151251057546,8.151251057546,8.151251058556,8.151251058556,6.767911442136,8.151251058356,8.151251058376,8.151251058376,8.151251058376,7.208465179476,8.151251058476,8.038528427776,7.728794030276,7.662717503676,8.151251057956,7.870467800056,8.151251058356,8.151251058156
"t130",2.900914283808,1.701352179008,0.11472715946,0,0.74816474743,0.753650790818,0.753650790818,0.753650790801,0.753650790801,0.753650790788,0.753650790788,3.259045755408,3.384837619108,2.481561923508,2.349467235808,3.918809405608,2.671965960998,4.502969010628,4.931486597928,5.189785584628,5.588026017828,4.979117629328,5.802815390428,8.1512510582534,8.1512510582534,8.151251058186,8.151251058186,8.151251058186,8.151251058186,8.151251057715,7.683539595705,8.151251057715,8.151251057815,8.151251057815,6.898455886646,6.996223516136,8.151251057536,8.151251057536,8.151251057636,8.151251057636,8.151251057786,8.151251057786,7.245010701986,8.1512510576978,8.1512510576978,8.1512510576678,8.1512510576678,8.1512510579678,7.9635094680878,8.1512510576578,8.1512510576978,8.1512510576978,8.1512510576678,8.1512510576678,8.1512510577678,8.1295427628678,8.1512510576678,8.1512510576778,8.1512510576778,7.870645264066,8.151251057666,8.151251057666,8.151251057656,8.151251057556,8.151251057556,8.151251057656,8.151251057656,8.151251058156,8.151251058146,8.151251058146,8.151251058146,8.151251058146,6.876427914056,8.151251058256,8.151251058256,8.151251058056,8.151251058176,8.151251058176,8.151251058176,8.151251058206,8.151251058206,8.151251058206,8.151251058166,8.151251058166,8.151251058166,7.559111938566,8.086338039916,7.413584995216,8.027875210316,8.151251058216,6.440946221156,7.542642513756,7.680956825666,8.151251057966,8.151251057966,7.488615008156,7.656038785356,8.151251058106,8.151251058006,8.151251058006,8.151251058506,7.451126342796,8.151251058156,8.151251058466,8.151251058456,8.151251058456,7.548493412466,8.151251057966,7.723823595366,8.151251058466,8.151251058466,8.151251058166,8.151251058166,8.151251058006,8.151251058006,7.912593557166,7.460232998264,7.495385220066,8.151251057966,8.151251057966,8.151251057546,8.151251057546,8.151251058556,8.151251058556,6.767911442136,8.151251058356,8.151251058376,8.151251058376,8.151251058376,7.208465179476,8.151251058476,8.038528427776,7.728794030276,7.662717503676,8.151251057956,7.870467800056,8.151251058356,8.151251058156
"t77",2.900914283778,1.701352178978,0.74816474743,0.74816474743,0,0.753650790788,0.753650790788,0.753650790771,0.753650790771,0.753650790758,0.753650790758,3.259045755378,3.384837619078,2.481561923478,2.349467235778,3.918809405578,2.671965960968,4.502969010598,4.931486597898,5.189785584598,5.588026017798,4.979117629298,5.802815390398,8.1512510582234,8.1512510582234,8.151251058156,8.151251058156,8.151251058156,8.151251058156,8.151251057685,7.683539595675,8.151251057685,8.151251057785,8.151251057785,6.898455886616,6.996223516106,8.151251057506,8.151251057506,8.151251057606,8.151251057606,8.151251057756,8.151251057756,7.245010701956,8.1512510576678,8.1512510576678,8.1512510576378,8.1512510576378,8.1512510579378,7.9635094680578,8.1512510576278,8.1512510576678,8.1512510576678,8.1512510576378,8.1512510576378,8.1512510577378,8.1295427628378,8.1512510576378,8.1512510576478,8.1512510576478,7.870645264036,8.151251057636,8.151251057636,8.151251057626,8.151251057526,8.151251057526,8.151251057626,8.151251057626,8.151251058126,8.151251058116,8.151251058116,8.151251058116,8.151251058116,6.876427914026,8.151251058226,8.151251058226,8.151251058026,8.151251058146,8.151251058146,8.151251058146,8.151251058176,8.151251058176,8.151251058176,8.151251058136,8.151251058136,8.151251058136,7.559111938536,8.086338039886,7.413584995186,8.027875210286,8.151251058186,6.440946221126,7.542642513726,7.680956825636,8.151251057936,8.151251057936,7.488615008126,7.656038785326,8.151251058076,8.151251057976,8.151251057976,8.151251058476,7.451126342766,8.151251058126,8.151251058436,8.151251058426,8.151251058426,7.548493412436,8.151251057936,7.723823595336,8.151251058436,8.151251058436,8.151251058136,8.151251058136,8.151251057976,8.151251057976,7.912593557136,7.460232998234,7.495385220036,8.151251057936,8.151251057936,8.151251057516,8.151251057516,8.151251058526,8.151251058526,6.767911442106,8.151251058326,8.151251058346,8.151251058346,8.151251058346,7.208465179446,8.151251058446,8.038528427746,7.728794030246,7.662717503646,8.151251057926,7.870467800026,8.151251058326,8.151251058126
"t122",2.90091428381,1.70135217901,0.753650790818,0.753650790818,0.753650790788,0,0.2026301204,0.544435248383,0.544435248383,0.61571517063,0.61571517063,3.25904575541,3.38483761911,2.48156192351,2.34946723581,3.91880940561,2.671965961,4.50296901063,4.93148659793,5.18978558463,5.58802601783,4.97911762933,5.80281539043,8.1512510582554,8.1512510582554,8.151251058188,8.151251058188,8.151251058188,8.151251058188,8.151251057717,7.683539595707,8.151251057717,8.151251057817,8.151251057817,6.898455886648,6.996223516138,8.151251057538,8.151251057538,8.151251057638,8.151251057638,8.151251057788,8.151251057788,7.245010701988,8.1512510576998,8.1512510576998,8.1512510576698,8.1512510576698,8.1512510579698,7.9635094680898,8.1512510576598,8.1512510576998,8.1512510576998,8.1512510576698,8.1512510576698,8.1512510577698,8.1295427628698,8.1512510576698,8.1512510576798,8.1512510576798,7.870645264068,8.151251057668,8.151251057668,8.151251057658,8.151251057558,8.151251057558,8.151251057658,8.151251057658,8.151251058158,8.151251058148,8.151251058148,8.151251058148,8.151251058148,6.876427914058,8.151251058258,8.151251058258,8.151251058058,8.151251058178,8.151251058178,8.151251058178,8.151251058208,8.151251058208,8.151251058208,8.151251058168,8.151251058168,8.151251058168,7.559111938568,8.086338039918,7.413584995218,8.027875210318,8.151251058218,6.440946221158,7.542642513758,7.680956825668,8.151251057968,8.151251057968,7.488615008158,7.656038785358,8.151251058108,8.151251058008,8.151251058008,8.151251058508,7.451126342798,8.151251058158,8.151251058468,8.151251058458,8.151251058458,7.548493412468,8.151251057968,7.723823595368,8.151251058468,8.151251058468,8.151251058168,8.151251058168,8.151251058008,8.151251058008,7.912593557168,7.460232998266,7.495385220068,8.151251057968,8.151251057968,8.151251057548,8.151251057548,8.151251058558,8.151251058558,6.767911442138,8.151251058358,8.151251058378,8.151251058378,8.151251058378,7.208465179478,8.151251058478,8.038528427778,7.728794030278,7.662717503678,8.151251057958,7.870467800058,8.151251058358,8.151251058158
"t123",2.90091428381,1.70135217901,0.753650790818,0.753650790818,0.753650790788,0.2026301204,0,0.544435248383,0.544435248383,0.61571517063,0.61571517063,3.25904575541,3.38483761911,2.48156192351,2.34946723581,3.91880940561,2.671965961,4.50296901063,4.93148659793,5.18978558463,5.58802601783,4.97911762933,5.80281539043,8.1512510582554,8.1512510582554,8.151251058188,8.151251058188,8.151251058188,8.151251058188,8.151251057717,7.683539595707,8.151251057717,8.151251057817,8.151251057817,6.898455886648,6.996223516138,8.151251057538,8.151251057538,8.151251057638,8.151251057638,8.151251057788,8.151251057788,7.245010701988,8.1512510576998,8.1512510576998,8.1512510576698,8.1512510576698,8.1512510579698,7.9635094680898,8.1512510576598,8.1512510576998,8.1512510576998,8.1512510576698,8.1512510576698,8.1512510577698,8.1295427628698,8.1512510576698,8.1512510576798,8.1512510576798,7.870645264068,8.151251057668,8.151251057668,8.151251057658,8.151251057558,8.151251057558,8.151251057658,8.151251057658,8.151251058158,8.151251058148,8.151251058148,8.151251058148,8.151251058148,6.876427914058,8.151251058258,8.151251058258,8.151251058058,8.151251058178,8.151251058178,8.151251058178,8.151251058208,8.151251058208,8.151251058208,8.151251058168,8.151251058168,8.151251058168,7.559111938568,8.086338039918,7.413584995218,8.027875210318,8.151251058218,6.440946221158,7.542642513758,7.680956825668,8.151251057968,8.151251057968,7.488615008158,7.656038785358,8.151251058108,8.151251058008,8.151251058008,8.151251058508,7.451126342798,8.151251058158,8.151251058468,8.151251058458,8.151251058458,7.548493412468,8.151251057968,7.723823595368,8.151251058468,8.151251058468,8.151251058168,8.151251058168,8.151251058008,8.151251058008,7.912593557168,7.460232998266,7.495385220068,8.151251057968,8.151251057968,8.151251057548,8.151251057548,8.151251058558,8.151251058558,6.767911442138,8.151251058358,8.151251058378,8.151251058378,8.151251058378,7.208465179478,8.151251058478,8.038528427778,7.728794030278,7.662717503678,8.151251057958,7.870467800058,8.151251058358,8.151251058158
"t135",2.900914283793,1.701352178993,0.753650790801,0.753650790801,0.753650790771,0.544435248383,0.544435248383,0,0.013919160766,0.615715170613,0.615715170613,3.259045755393,3.384837619093,2.481561923493,2.349467235793,3.918809405593,2.671965960983,4.502969010613,4.931486597913,5.189785584613,5.588026017813,4.979117629313,5.802815390413,8.1512510582384,8.1512510582384,8.151251058171,8.151251058171,8.151251058171,8.151251058171,8.1512510577,7.68353959569,8.1512510577,8.1512510578,8.1512510578,6.898455886631,6.996223516121,8.151251057521,8.151251057521,8.151251057621,8.151251057621,8.151251057771,8.151251057771,7.245010701971,8.1512510576828,8.1512510576828,8.1512510576528,8.1512510576528,8.1512510579528,7.9635094680728,8.1512510576428,8.1512510576828,8.1512510576828,8.1512510576528,8.1512510576528,8.1512510577528,8.1295427628528,8.1512510576528,8.1512510576628,8.1512510576628,7.870645264051,8.151251057651,8.151251057651,8.151251057641,8.151251057541,8.151251057541,8.151251057641,8.151251057641,8.151251058141,8.151251058131,8.151251058131,8.151251058131,8.151251058131,6.876427914041,8.151251058241,8.151251058241,8.151251058041,8.151251058161,8.151251058161,8.151251058161,8.151251058191,8.151251058191,8.151251058191,8.151251058151,8.151251058151,8.151251058151,7.559111938551,8.086338039901,7.413584995201,8.027875210301,8.151251058201,6.440946221141,7.542642513741,7.680956825651,8.151251057951,8.151251057951,7.488615008141,7.656038785341,8.151251058091,8.151251057991,8.151251057991,8.151251058491,7.451126342781,8.151251058141,8.151251058451,8.151251058441,8.151251058441,7.548493412451,8.151251057951,7.723823595351,8.151251058451,8.151251058451,8.151251058151,8.151251058151,8.151251057991,8.151251057991,7.912593557151,7.460232998249,7.495385220051,8.151251057951,8.151251057951,8.151251057531,8.151251057531,8.151251058541,8.151251058541,6.767911442121,8.151251058341,8.151251058361,8.151251058361,8.151251058361,7.208465179461,8.151251058461,8.038528427761,7.728794030261,7.662717503661,8.151251057941,7.870467800041,8.151251058341,8.151251058141
"t136",2.900914283793,1.701352178993,0.753650790801,0.753650790801,0.753650790771,0.544435248383,0.544435248383,0.013919160766,0,0.615715170613,0.615715170613,3.259045755393,3.384837619093,2.481561923493,2.349467235793,3.918809405593,2.671965960983,4.502969010613,4.931486597913,5.189785584613,5.588026017813,4.979117629313,5.802815390413,8.1512510582384,8.1512510582384,8.151251058171,8.151251058171,8.151251058171,8.151251058171,8.1512510577,7.68353959569,8.1512510577,8.1512510578,8.1512510578,6.898455886631,6.996223516121,8.151251057521,8.151251057521,8.151251057621,8.151251057621,8.151251057771,8.151251057771,7.245010701971,8.1512510576828,8.1512510576828,8.1512510576528,8.1512510576528,8.1512510579528,7.9635094680728,8.1512510576428,8.1512510576828,8.1512510576828,8.1512510576528,8.1512510576528,8.1512510577528,8.1295427628528,8.1512510576528,8.1512510576628,8.1512510576628,7.870645264051,8.151251057651,8.151251057651,8.151251057641,8.151251057541,8.151251057541,8.151251057641,8.151251057641,8.151251058141,8.151251058131,8.151251058131,8.151251058131,8.151251058131,6.876427914041,8.151251058241,8.151251058241,8.151251058041,8.151251058161,8.151251058161,8.151251058161,8.151251058191,8.151251058191,8.151251058191,8.151251058151,8.151251058151,8.151251058151,7.559111938551,8.086338039901,7.413584995201,8.027875210301,8.151251058201,6.440946221141,7.542642513741,7.680956825651,8.151251057951,8.151251057951,7.488615008141,7.656038785341,8.151251058091,8.151251057991,8.151251057991,8.151251058491,7.451126342781,8.151251058141,8.151251058451,8.151251058441,8.151251058441,7.548493412451,8.151251057951,7.723823595351,8.151251058451,8.151251058451,8.151251058151,8.151251058151,8.151251057991,8.151251057991,7.912593557151,7.460232998249,7.495385220051,8.151251057951,8.151251057951,8.151251057531,8.151251057531,8.151251058541,8.151251058541,6.767911442121,8.151251058341,8.151251058361,8.151251058361,8.151251058361,7.208465179461,8.151251058461,8.038528427761,7.728794030261,7.662717503661,8.151251057941,7.870467800041,8.151251058341,8.151251058141
"t107",2.90091428378,1.70135217898,0.753650790788,0.753650790788,0.753650790758,0.61571517063,0.61571517063,0.615715170613,0.615715170613,0,0.291197595,3.25904575538,3.38483761908,2.48156192348,2.34946723578,3.91880940558,2.67196596097,4.5029690106,4.9314865979,5.1897855846,5.5880260178,4.9791176293,5.8028153904,8.1512510582254,8.1512510582254,8.151251058158,8.151251058158,8.151251058158,8.151251058158,8.151251057687,7.683539595677,8.151251057687,8.151251057787,8.151251057787,6.898455886618,6.996223516108,8.151251057508,8.151251057508,8.151251057608,8.151251057608,8.151251057758,8.151251057758,7.245010701958,8.1512510576698,8.1512510576698,8.1512510576398,8.1512510576398,8.1512510579398,7.9635094680598,8.1512510576298,8.1512510576698,8.1512510576698,8.1512510576398,8.1512510576398,8.1512510577398,8.1295427628398,8.1512510576398,8.1512510576498,8.1512510576498,7.870645264038,8.151251057638,8.151251057638,8.151251057628,8.151251057528,8.151251057528,8.151251057628,8.151251057628,8.151251058128,8.151251058118,8.151251058118,8.151251058118,8.151251058118,6.876427914028,8.151251058228,8.151251058228,8.151251058028,8.151251058148,8.151251058148,8.151251058148,8.151251058178,8.151251058178,8.151251058178,8.151251058138,8.151251058138,8.151251058138,7.559111938538,8.086338039888,7.413584995188,8.027875210288,8.151251058188,6.440946221128,7.542642513728,7.680956825638,8.151251057938,8.151251057938,7.488615008128,7.656038785328,8.151251058078,8.151251057978,8.151251057978,8.151251058478,7.451126342768,8.151251058128,8.151251058438,8.151251058428,8.151251058428,7.548493412438,8.151251057938,7.723823595338,8.151251058438,8.151251058438,8.151251058138,8.151251058138,8.151251057978,8.151251057978,7.912593557138,7.460232998236,7.495385220038,8.151251057938,8.151251057938,8.151251057518,8.151251057518,8.151251058528,8.151251058528,6.767911442108,8.151251058328,8.151251058348,8.151251058348,8.151251058348,7.208465179448,8.151251058448,8.038528427748,7.728794030248,7.662717503648,8.151251057928,7.870467800028,8.151251058328,8.151251058128
"t108",2.90091428378,1.70135217898,0.753650790788,0.753650790788,0.753650790758,0.61571517063,0.61571517063,0.615715170613,0.615715170613,0.291197595,0,3.25904575538,3.38483761908,2.48156192348,2.34946723578,3.91880940558,2.67196596097,4.5029690106,4.9314865979,5.1897855846,5.5880260178,4.9791176293,5.8028153904,8.1512510582254,8.1512510582254,8.151251058158,8.151251058158,8.151251058158,8.151251058158,8.151251057687,7.683539595677,8.151251057687,8.151251057787,8.151251057787,6.898455886618,6.996223516108,8.151251057508,8.151251057508,8.151251057608,8.151251057608,8.151251057758,8.151251057758,7.245010701958,8.1512510576698,8.1512510576698,8.1512510576398,8.1512510576398,8.1512510579398,7.9635094680598,8.1512510576298,8.1512510576698,8.1512510576698,8.1512510576398,8.1512510576398,8.1512510577398,8.1295427628398,8.1512510576398,8.1512510576498,8.1512510576498,7.870645264038,8.151251057638,8.151251057638,8.151251057628,8.151251057528,8.151251057528,8.151251057628,8.151251057628,8.151251058128,8.151251058118,8.151251058118,8.151251058118,8.151251058118,6.876427914028,8.151251058228,8.151251058228,8.151251058028,8.151251058148,8.151251058148,8.151251058148,8.151251058178,8.151251058178,8.151251058178,8.151251058138,8.151251058138,8.151251058138,7.559111938538,8.086338039888,7.413584995188,8.027875210288,8.151251058188,6.440946221128,7.542642513728,7.680956825638,8.151251057938,8.151251057938,7.488615008128,7.656038785328,8.151251058078,8.151251057978,8.151251057978,8.151251058478,7.451126342768,8.151251058128,8.151251058438,8.151251058428,8.151251058428,7.548493412438,8.151251057938,7.723823595338,8.151251058438,8.151251058438,8.151251058138,8.151251058138,8.151251057978,8.151251057978,7.912593557138,7.460232998236,7.495385220038,8.151251057938,8.151251057938,8.151251057518,8.151251057518,8.151251058528,8.151251058528,6.767911442108,8.151251058328,8.151251058348,8.151251058348,8.151251058348,7.208465179448,8.151251058448,8.038528427748,7.728794030248,7.662717503648,8.151251057928,7.870467800028,8.151251058328,8.151251058128
"t62",3.2590457556,3.2590457554,3.259045755408,3.259045755408,3.259045755378,3.25904575541,3.25904575541,3.259045755393,3.259045755393,3.25904575538,3.25904575538,0,1.1755551257,1.3615462245,1.4682801694,3.7930175418,2.54617409719,4.37717714682,4.80569473412,5.06399372082,5.46223415402,4.85332576552,5.67702352662,8.0254591944454,8.0254591944454,8.025459194378,8.025459194378,8.025459194378,8.025459194378,8.025459193907,7.557747731897,8.025459193907,8.025459194007,8.025459194007,6.772664022838,6.870431652328,8.025459193728,8.025459193728,8.025459193828,8.025459193828,8.025459193978,8.025459193978,7.119218838178,8.0254591938898,8.0254591938898,8.0254591938598,8.0254591938598,8.0254591941598,7.8377176042798,8.0254591938498,8.0254591938898,8.0254591938898,8.0254591938598,8.0254591938598,8.0254591939598,8.0037508990598,8.0254591938598,8.0254591938698,8.0254591938698,7.744853400258,8.025459193858,8.025459193858,8.025459193848,8.025459193748,8.025459193748,8.025459193848,8.025459193848,8.025459194348,8.025459194338,8.025459194338,8.025459194338,8.025459194338,6.750636050248,8.025459194448,8.025459194448,8.025459194248,8.025459194368,8.025459194368,8.025459194368,8.025459194398,8.025459194398,8.025459194398,8.025459194358,8.025459194358,8.025459194358,7.433320074758,7.960546176108,7.287793131408,7.902083346508,8.025459194408,6.315154357348,7.416850649948,7.555164961858,8.025459194158,8.025459194158,7.362823144348,7.530246921548,8.025459194298,8.025459194198,8.025459194198,8.025459194698,7.325334478988,8.025459194348,8.025459194658,8.025459194648,8.025459194648,7.422701548658,8.025459194158,7.598031731558,8.025459194658,8.025459194658,8.025459194358,8.025459194358,8.025459194198,8.025459194198,7.786801693358,7.334441134456,7.369593356258,8.025459194158,8.025459194158,8.025459193738,8.025459193738,8.025459194748,8.025459194748,6.642119578328,8.025459194548,8.025459194568,8.025459194568,8.025459194568,7.082673315668,8.025459194668,7.912736563968,7.603002166468,7.536925639868,8.025459194148,7.744675936248,8.025459194548,8.025459194348
"t63",3.3848376193,3.3848376191,3.384837619108,3.384837619108,3.384837619078,3.38483761911,3.38483761911,3.384837619093,3.384837619093,3.38483761908,3.38483761908,1.1755551257,0,1.4873380882,1.5940720331,3.9188094055,2.67196596089,4.50296901052,4.93148659782,5.18978558452,5.58802601772,4.97911762922,5.80281539032,8.1512510581454,8.1512510581454,8.151251058078,8.151251058078,8.151251058078,8.151251058078,8.151251057607,7.683539595597,8.151251057607,8.151251057707,8.151251057707,6.898455886538,6.996223516028,8.151251057428,8.151251057428,8.151251057528,8.151251057528,8.151251057678,8.151251057678,7.245010701878,8.1512510575898,8.1512510575898,8.1512510575598,8.1512510575598,8.1512510578598,7.9635094679798,8.1512510575498,8.1512510575898,8.1512510575898,8.1512510575598,8.1512510575598,8.1512510576598,8.1295427627598,8.1512510575598,8.1512510575698,8.1512510575698,7.870645263958,8.151251057558,8.151251057558,8.151251057548,8.151251057448,8.151251057448,8.151251057548,8.151251057548,8.151251058048,8.151251058038,8.151251058038,8.151251058038,8.151251058038,6.876427913948,8.151251058148,8.151251058148,8.151251057948,8.151251058068,8.151251058068,8.151251058068,8.151251058098,8.151251058098,8.151251058098,8.151251058058,8.151251058058,8.151251058058,7.559111938458,8.086338039808,7.413584995108,8.027875210208,8.151251058108,6.440946221048,7.542642513648,7.680956825558,8.151251057858,8.151251057858,7.488615008048,7.656038785248,8.151251057998,8.151251057898,8.151251057898,8.151251058398,7.451126342688,8.151251058048,8.151251058358,8.151251058348,8.151251058348,7.548493412358,8.151251057858,7.723823595258,8.151251058358,8.151251058358,8.151251058058,8.151251058058,8.151251057898,8.151251057898,7.912593557058,7.460232998156,7.495385219958,8.151251057858,8.151251057858,8.151251057438,8.151251057438,8.151251058448,8.151251058448,6.767911442028,8.151251058248,8.151251058268,8.151251058268,8.151251058268,7.208465179368,8.151251058368,8.038528427668,7.728794030168,7.662717503568,8.151251057848,7.870467799948,8.151251058248,8.151251058048
"t23",2.4815619237,2.4815619235,2.481561923508,2.481561923508,2.481561923478,2.48156192351,2.48156192351,2.481561923493,2.481561923493,2.48156192348,2.48156192348,1.3615462245,1.4873380882,0,0.6907963375,3.0155337099,1.76869026529,3.59969331492,4.02821090222,4.28650988892,4.68475032212,4.07584193362,4.89953969472,7.2479753625454,7.2479753625454,7.247975362478,7.247975362478,7.247975362478,7.247975362478,7.247975362007,6.780263899997,7.247975362007,7.247975362107,7.247975362107,5.995180190938,6.092947820428,7.247975361828,7.247975361828,7.247975361928,7.247975361928,7.247975362078,7.247975362078,6.341735006278,7.2479753619898,7.2479753619898,7.2479753619598,7.2479753619598,7.2479753622598,7.0602337723798,7.2479753619498,7.2479753619898,7.2479753619898,7.2479753619598,7.2479753619598,7.2479753620598,7.2262670671598,7.2479753619598,7.2479753619698,7.2479753619698,6.967369568358,7.247975361958,7.247975361958,7.247975361948,7.247975361848,7.247975361848,7.247975361948,7.247975361948,7.247975362448,7.247975362438,7.247975362438,7.247975362438,7.247975362438,5.973152218348,7.247975362548,7.247975362548,7.247975362348,7.247975362468,7.247975362468,7.247975362468,7.247975362498,7.247975362498,7.247975362498,7.247975362458,7.247975362458,7.247975362458,6.655836242858,7.183062344208,6.510309299508,7.124599514608,7.247975362508,5.537670525448,6.639366818048,6.777681129958,7.247975362258,7.247975362258,6.585339312448,6.752763089648,7.247975362398,7.247975362298,7.247975362298,7.247975362798,6.547850647088,7.247975362448,7.247975362758,7.247975362748,7.247975362748,6.645217716758,7.247975362258,6.820547899658,7.247975362758,7.247975362758,7.247975362458,7.247975362458,7.247975362298,7.247975362298,7.009317861458,6.556957302556,6.592109524358,7.247975362258,7.247975362258,7.247975361838,7.247975361838,7.247975362848,7.247975362848,5.864635746428,7.247975362648,7.247975362668,7.247975362668,7.247975362668,6.305189483768,7.247975362768,7.135252732068,6.825518334568,6.759441807968,7.247975362248,6.967192104348,7.247975362648,7.247975362448
"t18",2.349467236,2.3494672358,2.349467235808,2.349467235808,2.349467235778,2.34946723581,2.34946723581,2.349467235793,2.349467235793,2.34946723578,2.34946723578,1.4682801694,1.5940720331,0.6907963375,0,2.8834390222,1.63659557759,3.46759862722,3.89611621452,4.15441520122,4.55265563442,3.94374724592,4.76744500702,7.1158806748454,7.1158806748454,7.115880674778,7.115880674778,7.115880674778,7.115880674778,7.115880674307,6.648169212297,7.115880674307,7.115880674407,7.115880674407,5.863085503238,5.960853132728,7.115880674128,7.115880674128,7.115880674228,7.115880674228,7.115880674378,7.115880674378,6.209640318578,7.1158806742898,7.1158806742898,7.1158806742598,7.1158806742598,7.1158806745598,6.9281390846798,7.1158806742498,7.1158806742898,7.1158806742898,7.1158806742598,7.1158806742598,7.1158806743598,7.0941723794598,7.1158806742598,7.1158806742698,7.1158806742698,6.835274880658,7.115880674258,7.115880674258,7.115880674248,7.115880674148,7.115880674148,7.115880674248,7.115880674248,7.115880674748,7.115880674738,7.115880674738,7.115880674738,7.115880674738,5.841057530648,7.115880674848,7.115880674848,7.115880674648,7.115880674768,7.115880674768,7.115880674768,7.115880674798,7.115880674798,7.115880674798,7.115880674758,7.115880674758,7.115880674758,6.523741555158,7.050967656508,6.378214611808,6.992504826908,7.115880674808,5.405575837748,6.507272130348,6.645586442258,7.115880674558,7.115880674558,6.453244624748,6.620668401948,7.115880674698,7.115880674598,7.115880674598,7.115880675098,6.415755959388,7.115880674748,7.115880675058,7.115880675048,7.115880675048,6.513123029058,7.115880674558,6.688453211958,7.115880675058,7.115880675058,7.115880674758,7.115880674758,7.115880674598,7.115880674598,6.877223173758,6.424862614856,6.460014836658,7.115880674558,7.115880674558,7.115880674138,7.115880674138,7.115880675148,7.115880675148,5.732541058728,7.115880674948,7.115880674968,7.115880674968,7.115880674968,6.173094796068,7.115880675068,7.003158044368,6.693423646868,6.627347120268,7.115880674548,6.835097416648,7.115880674948,7.115880674748
"t6",3.9188094058,3.9188094056,3.918809405608,3.918809405608,3.918809405578,3.91880940561,3.91880940561,3.918809405593,3.918809405593,3.91880940558,3.91880940558,3.7930175418,3.9188094055,3.0155337099,2.8834390222,0,2.67196596139,4.50296901102,4.93148659832,5.18978558502,5.58802601822,4.97911762972,5.80281539082,8.1512510586454,8.1512510586454,8.151251058578,8.151251058578,8.151251058578,8.151251058578,8.151251058107,7.683539596097,8.151251058107,8.151251058207,8.151251058207,6.898455887038,6.996223516528,8.151251057928,8.151251057928,8.151251058028,8.151251058028,8.151251058178,8.151251058178,7.245010702378,8.1512510580898,8.1512510580898,8.1512510580598,8.1512510580598,8.1512510583598,7.9635094684798,8.1512510580498,8.1512510580898,8.1512510580898,8.1512510580598,8.1512510580598,8.1512510581598,8.1295427632598,8.1512510580598,8.1512510580698,8.1512510580698,7.870645264458,8.151251058058,8.151251058058,8.151251058048,8.151251057948,8.151251057948,8.151251058048,8.151251058048,8.151251058548,8.151251058538,8.151251058538,8.151251058538,8.151251058538,6.876427914448,8.151251058648,8.151251058648,8.151251058448,8.151251058568,8.151251058568,8.151251058568,8.151251058598,8.151251058598,8.151251058598,8.151251058558,8.151251058558,8.151251058558,7.559111938958,8.086338040308,7.413584995608,8.027875210708,8.151251058608,6.440946221548,7.542642514148,7.680956826058,8.151251058358,8.151251058358,7.488615008548,7.656038785748,8.151251058498,8.151251058398,8.151251058398,8.151251058898,7.451126343188,8.151251058548,8.151251058858,8.151251058848,8.151251058848,7.548493412858,8.151251058358,7.723823595758,8.151251058858,8.151251058858,8.151251058558,8.151251058558,8.151251058398,8.151251058398,7.912593557558,7.460232998656,7.495385220458,8.151251058358,8.151251058358,8.151251057938,8.151251057938,8.151251058948,8.151251058948,6.767911442528,8.151251058748,8.151251058768,8.151251058768,8.151251058768,7.208465179868,8.151251058868,8.038528428168,7.728794030668,7.662717504068,8.151251058348,7.870467800448,8.151251058748,8.151251058548
"t3",2.67196596119,2.67196596099,2.671965960998,2.671965960998,2.671965960968,2.671965961,2.671965961,2.671965960983,2.671965960983,2.67196596097,2.67196596097,2.54617409719,2.67196596089,1.76869026529,1.63659557759,2.67196596139,0,1.94621413881,2.37473172611,2.63303071281,3.03127114601,2.42236275751,3.24606051861,5.5944961864354,5.5944961864354,5.594496186368,5.594496186368,5.594496186368,5.594496186368,5.594496185897,5.126784723887,5.594496185897,5.594496185997,5.594496185997,4.341701014828,4.439468644318,5.594496185718,5.594496185718,5.594496185818,5.594496185818,5.594496185968,5.594496185968,4.688255830168,5.5944961858798,5.5944961858798,5.5944961858498,5.5944961858498,5.5944961861498,5.4067545962698,5.5944961858398,5.5944961858798,5.5944961858798,5.5944961858498,5.5944961858498,5.5944961859498,5.5727878910498,5.5944961858498,5.5944961858598,5.5944961858598,5.313890392248,5.594496185848,5.594496185848,5.594496185838,5.594496185738,5.594496185738,5.594496185838,5.594496185838,5.594496186338,5.594496186328,5.594496186328,5.594496186328,5.594496186328,4.319673042238,5.594496186438,5.594496186438,5.594496186238,5.594496186358,5.594496186358,5.594496186358,5.594496186388,5.594496186388,5.594496186388,5.594496186348,5.594496186348,5.594496186348,5.002357066748,5.529583168098,4.856830123398,5.471120338498,5.594496186398,3.884191349338,4.985887641938,5.124201953848,5.594496186148,5.594496186148,4.931860136338,5.099283913538,5.594496186288,5.594496186188,5.594496186188,5.594496186688,4.894371470978,5.594496186338,5.594496186648,5.594496186638,5.594496186638,4.991738540648,5.594496186148,5.167068723548,5.594496186648,5.594496186648,5.594496186348,5.594496186348,5.594496186188,5.594496186188,5.355838685348,4.903478126446,4.938630348248,5.594496186148,5.594496186148,5.594496185728,5.594496185728,5.594496186738,5.594496186738,4.211156570318,5.594496186538,5.594496186558,5.594496186558,5.594496186558,4.651710307658,5.594496186658,5.481773555958,5.172039158458,5.105962631858,5.594496186138,5.313712928238,5.594496186538,5.594496186338
"t2",4.50296901082,4.50296901062,4.502969010628,4.502969010628,4.502969010598,4.50296901063,4.50296901063,4.502969010613,4.502969010613,4.5029690106,4.5029690106,4.37717714682,4.50296901052,3.59969331492,3.46759862722,4.50296901102,1.94621413881,0,4.1642994133,4.4225984,4.8208388332,4.2119304447,5.0356282058,7.3840638736254,7.3840638736254,7.384063873558,7.384063873558,7.384063873558,7.384063873558,7.384063873087,6.916352411077,7.384063873087,7.384063873187,7.384063873187,6.131268702018,6.229036331508,7.384063872908,7.384063872908,7.384063873008,7.384063873008,7.384063873158,7.384063873158,6.477823517358,7.3840638730698,7.3840638730698,7.3840638730398,7.3840638730398,7.3840638733398,7.1963222834598,7.3840638730298,7.3840638730698,7.3840638730698,7.3840638730398,7.3840638730398,7.3840638731398,7.3623555782398,7.3840638730398,7.3840638730498,7.3840638730498,7.103458079438,7.384063873038,7.384063873038,7.384063873028,7.384063872928,7.384063872928,7.384063873028,7.384063873028,7.384063873528,7.384063873518,7.384063873518,7.384063873518,7.384063873518,6.109240729428,7.384063873628,7.384063873628,7.384063873428,7.384063873548,7.384063873548,7.384063873548,7.384063873578,7.384063873578,7.384063873578,7.384063873538,7.384063873538,7.384063873538,6.791924753938,7.319150855288,6.646397810588,7.260688025688,7.384063873588,5.673759036528,6.775455329128,6.913769641038,7.384063873338,7.384063873338,6.721427823528,6.888851600728,7.384063873478,7.384063873378,7.384063873378,7.384063873878,6.683939158168,7.384063873528,7.384063873838,7.384063873828,7.384063873828,6.781306227838,7.384063873338,6.956636410738,7.384063873838,7.384063873838,7.384063873538,7.384063873538,7.384063873378,7.384063873378,7.145406372538,6.693045813636,6.728198035438,7.384063873338,7.384063873338,7.384063872918,7.384063872918,7.384063873928,7.384063873928,6.000724257508,7.384063873728,7.384063873748,7.384063873748,7.384063873748,6.441277994848,7.384063873848,7.271341243148,6.961606845648,6.895530319048,7.384063873328,7.103280615428,7.384063873728,7.384063873528
