"","t1","t4","t48","t151","t152","t114","t115","t15","t38","t76","t77","t129","t130","t141","t142","t57","t116","t134","t135","t70","t71","t65","t47","t102","t149","t150","t83","t84","t75","t21","t45","t46","t110","t111","t90","t91","t94","t125","t126","t88","t89","t55","t56","t132","t133","t62","t60","t92","t93","t27","t14","t40","t86","t87","t72","t30","t31","t13","t11","t16","t108","t109","t28","t6","t9","t32","t39","t54","t119","t120","t19","t12","t53","t100","t101","t63","t68","t69","t23","t24","t10","t5","t43","t44","t66","t67","t29","t41","t42","t73","t105","t106","t78","t147","t148","t37","t22","t34","t35","t33","t103","t131","t138","t139","t74","t61","t112","t113","t97","t117","t118","t140","t143","t144","t104","t85","t20","t64","t123","t124","t51","t52","t50","t107","t145","t146","t58","t59","t121","t122","t49","t81","t95","t96","t25","t79","t80","t17","t18","t26","t136","t137","t127","t128","t82","t98","t99","t36","t8","t7","t2","t3"
"t1",0,6.15091547113,9.14603594371,9.146035944194,9.146035944194,9.14603594343,9.14603594343,8.27340438916,8.27937331816,9.14603594316,9.14603594316,9.14603594316,9.14603594311,9.14603594313,9.14603594313,9.14603594286,9.146035943043,9.146035943033,9.146035943033,8.634034616043,9.146035943343,9.146035943243,9.146035943093,9.14603594286,9.1460359429,9.1460359429,9.14603594288,9.14603594288,9.14603594288,7.08568651307,9.06916997406,7.89253247657,9.14603594327,8.99473435744,9.14603594316,9.14603594316,9.14603594326,9.14603594316,9.14603594316,9.14603594319,9.14603594319,9.14603594306,9.14603594306,9.14603594328,9.14603594328,9.14603594288,9.14603594366,9.14603594356,9.14603594356,7.46703408606,6.50551430195,9.14603594295,9.14603594295,9.14603594295,9.14603594295,9.14603594355,8.06289871535,6.18733955272,6.87862921842,8.60236459362,9.14603594312,9.14603594312,8.40407578882,5.28958543413,5.34552640337,7.421986339977,7.70683041233,8.23958550733,9.14603594293,9.14603594293,7.29394596993,7.46021670773,9.14603594333,9.14603594363,9.14603594363,9.14603594363,9.14603594363,8.43032404336,7.94988273023,7.25924773293,5.6280572964,5.36766639313,8.19427845493,8.71754543453,8.67254919373,8.87338086993,8.06694563513,9.14603594366,9.14603594366,9.14603594346,9.14603594346,9.14603594346,9.14603594346,9.14603594327,9.14603594327,9.14603594356,8.38331391946,7.55137672821,7.54469404984,9.14603594269,9.14603594268,9.14603594268,9.14603594265,9.14603594265,8.55493195162,8.16649190043,9.14603594258,8.93798798173,9.146035942563,9.146035942543,9.146035942543,9.14603594256,9.14603594256,9.14603594256,9.14603594258,8.82817069789,9.14603594279,9.14603594269,9.14603594269,9.14603594269,9.14603594234,9.14603594234,9.14603594269,9.14603594309,9.14603594303,9.14603594303,9.14603594289,8.52226767519,9.14603594299,8.96733042097,9.14603594229,9.14603594279,9.14603594279,9.14603594279,7.95627281569,9.07067431179,9.14603594249,7.14880068599,9.14603594334,7.79533582284,9.14603594284,9.14603594284,9.14603594294,9.14603594294,8.68059728442,9.14603594269,9.03390856369,9.14603594329,5.20349202339,7.17941677083,4.2984022593,5.2799125141
"t4",6.15091547113,0,6.47964916458,6.479649165064,6.479649165064,6.4796491643,6.4796491643,5.60701761003,5.61298653903,6.47964916403,6.47964916403,6.47964916403,6.47964916398,6.479649164,6.479649164,6.47964916373,6.479649163913,6.479649163903,6.479649163903,5.967647836913,6.479649164213,6.479649164113,6.479649163963,6.47964916373,6.47964916377,6.47964916377,6.47964916375,6.47964916375,6.47964916375,4.41929973394,6.40278319493,5.22614569744,6.47964916414,6.32834757831,6.47964916403,6.47964916403,6.47964916413,6.47964916403,6.47964916403,6.47964916406,6.47964916406,6.47964916393,6.47964916393,6.47964916415,6.47964916415,6.47964916375,6.47964916453,6.47964916443,6.47964916443,4.80064730693,3.83912752282,6.47964916382,6.47964916382,6.47964916382,6.47964916382,6.47964916442,5.39651193622,3.52095277359,4.21224243929,5.93597781449,6.47964916399,6.47964916399,5.73768900969,3.5255180648,3.58145903404,5.657918970647,5.942763043,6.475518138,7.3819685736,7.3819685736,5.5298786006,5.6961493384,7.381968574,7.3819685743,7.3819685743,7.3819685743,7.3819685743,6.66625667403,6.1858153609,5.4951803636,3.86398992707,3.6035990238,7.71084048,8.2341074596,8.1891112188,8.389942895,7.5835076602,8.66259796873,8.66259796873,8.66259796853,8.66259796853,8.66259796853,8.66259796853,8.66259796834,8.66259796834,8.66259796863,7.89987594453,7.06793875328,7.06125607491,8.66259796776,8.66259796775,8.66259796775,8.66259796772,8.66259796772,8.07149397669,7.6830539255,8.66259796765,8.4545500068,8.662597967633,8.662597967613,8.662597967613,8.66259796763,8.66259796763,8.66259796763,8.66259796765,8.34473272296,8.66259796786,8.66259796776,8.66259796776,8.66259796776,8.66259796741,8.66259796741,8.66259796776,8.66259796816,8.6625979681,8.6625979681,8.66259796796,8.03882970026,8.66259796806,8.48389244604,8.66259796736,8.66259796786,8.66259796786,8.66259796786,7.47283484076,8.58723633686,8.66259796756,6.66536271106,8.66259796841,7.31189784791,8.66259796791,8.66259796791,8.66259796801,8.66259796801,8.19715930949,8.66259796776,8.55047058876,8.66259796836,4.72005404846,6.6959787959,3.93498804983,4.91649830463
"t48",9.14603594371,6.47964916458,0,2.782445466484,2.782445466484,2.86226944428,2.86226944428,7.36133367601,7.36730260501,8.23396523001,8.23396523001,8.23396523001,8.23396522996,8.23396522998,8.23396522998,8.23396522971,8.233965229893,8.233965229883,8.233965229883,7.721963902893,8.233965230193,8.233965230093,8.233965229943,8.23396522971,8.23396522975,8.23396522975,8.23396522973,8.23396522973,8.23396522973,6.17361579992,8.15709926091,6.98046176342,8.23396523012,8.08266364429,8.23396523001,8.23396523001,8.23396523011,8.23396523001,8.23396523001,8.23396523004,8.23396523004,8.23396522991,8.23396522991,8.23396523013,8.23396523013,8.23396522973,8.23396523051,8.23396523041,8.23396523041,6.55496337291,5.5934435888,8.2339652298,8.2339652298,8.2339652298,8.2339652298,8.2339652304,7.1508280022,5.27526883957,5.96655850527,7.69029388047,8.23396522997,8.23396522997,7.49200507567,6.52063853738,6.57657950662,8.653039443227,8.93788351558,9.47063861058,10.37708904618,10.37708904618,8.52499907318,8.69126981098,10.37708904658,10.37708904688,10.37708904688,10.37708904688,10.37708904688,9.66137714661,9.18093583348,8.49030083618,6.85911039965,6.59871949638,10.70596095258,11.22922793218,11.18423169138,11.38506336758,10.57862813278,11.65771844131,11.65771844131,11.65771844111,11.65771844111,11.65771844111,11.65771844111,11.65771844092,11.65771844092,11.65771844121,10.89499641711,10.06305922586,10.05637654749,11.65771844034,11.65771844033,11.65771844033,11.6577184403,11.6577184403,11.06661444927,10.67817439808,11.65771844023,11.44967047938,11.657718440213,11.657718440193,11.657718440193,11.65771844021,11.65771844021,11.65771844021,11.65771844023,11.33985319554,11.65771844044,11.65771844034,11.65771844034,11.65771844034,11.65771843999,11.65771843999,11.65771844034,11.65771844074,11.65771844068,11.65771844068,11.65771844054,11.03395017284,11.65771844064,11.47901291862,11.65771843994,11.65771844044,11.65771844044,11.65771844044,10.46795531334,11.58235680944,11.65771844014,9.66048318364,11.65771844099,10.30701832049,11.65771844049,11.65771844049,11.65771844059,11.65771844059,11.19227978207,11.65771844034,11.54559106134,11.65771844094,7.71517452104,9.69109926848,6.93010852241,7.91161877721
"t151",9.146035944194,6.479649165064,2.782445466484,0,0.003155388968,2.862269444764,2.862269444764,7.361333676494,7.367302605494,8.233965230494,8.233965230494,8.233965230494,8.233965230444,8.233965230464,8.233965230464,8.233965230194,8.233965230377,8.233965230367,8.233965230367,7.721963903377,8.233965230677,8.233965230577,8.233965230427,8.233965230194,8.233965230234,8.233965230234,8.233965230214,8.233965230214,8.233965230214,6.173615800404,8.157099261394,6.980461763904,8.233965230604,8.082663644774,8.233965230494,8.233965230494,8.233965230594,8.233965230494,8.233965230494,8.233965230524,8.233965230524,8.233965230394,8.233965230394,8.233965230614,8.233965230614,8.233965230214,8.233965230994,8.233965230894,8.233965230894,6.554963373394,5.593443589284,8.233965230284,8.233965230284,8.233965230284,8.233965230284,8.233965230884,7.150828002684,5.275268840054,5.966558505754,7.690293880954,8.233965230454,8.233965230454,7.492005076154,6.520638537864,6.576579507104,8.653039443711,8.937883516064,9.470638611064,10.377089046664,10.377089046664,8.524999073664,8.691269811464,10.377089047064,10.377089047364,10.377089047364,10.377089047364,10.377089047364,9.661377147094,9.180935833964,8.490300836664,6.859110400134,6.598719496864,10.705960953064,11.229227932664,11.184231691864,11.385063368064,10.578628133264,11.657718441794,11.657718441794,11.657718441594,11.657718441594,11.657718441594,11.657718441594,11.657718441404,11.657718441404,11.657718441694,10.894996417594,10.063059226344,10.056376547974,11.657718440824,11.657718440814,11.657718440814,11.657718440784,11.657718440784,11.066614449754,10.678174398564,11.657718440714,11.449670479864,11.657718440697,11.657718440677,11.657718440677,11.657718440694,11.657718440694,11.657718440694,11.657718440714,11.339853196024,11.657718440924,11.657718440824,11.657718440824,11.657718440824,11.657718440474,11.657718440474,11.657718440824,11.657718441224,11.657718441164,11.657718441164,11.657718441024,11.033950173324,11.657718441124,11.479012919104,11.657718440424,11.657718440924,11.657718440924,11.657718440924,10.467955313824,11.582356809924,11.657718440624,9.660483184124,11.657718441474,10.307018320974,11.657718440974,11.657718440974,11.657718441074,11.657718441074,11.192279782554,11.657718440824,11.545591061824,11.657718441424,7.715174521524,9.691099268964,6.930108522894,7.911618777694
"t152",9.146035944194,6.479649165064,2.782445466484,0.003155388968,0,2.862269444764,2.862269444764,7.361333676494,7.367302605494,8.233965230494,8.233965230494,8.233965230494,8.233965230444,8.233965230464,8.233965230464,8.233965230194,8.233965230377,8.233965230367,8.233965230367,7.721963903377,8.233965230677,8.233965230577,8.233965230427,8.233965230194,8.233965230234,8.233965230234,8.233965230214,8.233965230214,8.233965230214,6.173615800404,8.157099261394,6.980461763904,8.233965230604,8.082663644774,8.233965230494,8.233965230494,8.233965230594,8.233965230494,8.233965230494,8.233965230524,8.233965230524,8.233965230394,8.233965230394,8.233965230614,8.233965230614,8.233965230214,8.233965230994,8.233965230894,8.233965230894,6.554963373394,5.593443589284,8.233965230284,8.233965230284,8.233965230284,8.233965230284,8.233965230884,7.150828002684,5.275268840054,5.966558505754,7.690293880954,8.233965230454,8.233965230454,7.492005076154,6.520638537864,6.576579507104,8.653039443711,8.937883516064,9.470638611064,10.377089046664,10.377089046664,8.524999073664,8.691269811464,10.377089047064,10.377089047364,10.377089047364,10.377089047364,10.377089047364,9.661377147094,9.180935833964,8.490300836664,6.859110400134,6.598719496864,10.705960953064,11.229227932664,11.184231691864,11.385063368064,10.578628133264,11.657718441794,11.657718441794,11.657718441594,11.657718441594,11.657718441594,11.657718441594,11.657718441404,11.657718441404,11.657718441694,10.894996417594,10.063059226344,10.056376547974,11.657718440824,11.657718440814,11.657718440814,11.657718440784,11.657718440784,11.066614449754,10.678174398564,11.657718440714,11.449670479864,11.657718440697,11.657718440677,11.657718440677,11.657718440694,11.657718440694,11.657718440694,11.657718440714,11.339853196024,11.657718440924,11.657718440824,11.657718440824,11.657718440824,11.657718440474,11.657718440474,11.657718440824,11.657718441224,11.657718441164,11.657718441164,11.657718441024,11.033950173324,11.657718441124,11.479012919104,11.657718440424,11.657718440924,11.657718440924,11.657718440924,10.467955313824,11.582356809924,11.657718440624,9.660483184124,11.657718441474,10.307018320974,11.657718440974,11.657718440974,11.657718441074,11.657718441074,11.192279782554,11.657718440824,11.545591061824,11.657718441424,7.715174521524,9.691099268964,6.930108522894,7.911618777694
"t114",9.14603594343,6.4796491643,2.86226944428,2.862269444764,2.862269444764,0,0.454878754,7.36133367573,7.36730260473,8.23396522973,8.23396522973,8.23396522973,8.23396522968,8.2339652297,8.2339652297,8.23396522943,8.233965229613,8.233965229603,8.233965229603,7.721963902613,8.233965229913,8.233965229813,8.233965229663,8.23396522943,8.23396522947,8.23396522947,8.23396522945,8.23396522945,8.23396522945,6.17361579964,8.15709926063,6.98046176314,8.23396522984,8.08266364401,8.23396522973,8.23396522973,8.23396522983,8.23396522973,8.23396522973,8.23396522976,8.23396522976,8.23396522963,8.23396522963,8.23396522985,8.23396522985,8.23396522945,8.23396523023,8.23396523013,8.23396523013,6.55496337263,5.59344358852,8.23396522952,8.23396522952,8.23396522952,8.23396522952,8.23396523012,7.15082800192,5.27526883929,5.96655850499,7.69029388019,8.23396522969,8.23396522969,7.49200507539,6.5206385371,6.57657950634,8.653039442947,8.9378835153,9.4706386103,10.3770890459,10.3770890459,8.5249990729,8.6912698107,10.3770890463,10.3770890466,10.3770890466,10.3770890466,10.3770890466,9.66137714633,9.1809358332,8.4903008359,6.85911039937,6.5987194961,10.7059609523,11.2292279319,11.1842316911,11.3850633673,10.5786281325,11.65771844103,11.65771844103,11.65771844083,11.65771844083,11.65771844083,11.65771844083,11.65771844064,11.65771844064,11.65771844093,10.89499641683,10.06305922558,10.05637654721,11.65771844006,11.65771844005,11.65771844005,11.65771844002,11.65771844002,11.06661444899,10.6781743978,11.65771843995,11.4496704791,11.657718439933,11.657718439913,11.657718439913,11.65771843993,11.65771843993,11.65771843993,11.65771843995,11.33985319526,11.65771844016,11.65771844006,11.65771844006,11.65771844006,11.65771843971,11.65771843971,11.65771844006,11.65771844046,11.6577184404,11.6577184404,11.65771844026,11.03395017256,11.65771844036,11.47901291834,11.65771843966,11.65771844016,11.65771844016,11.65771844016,10.46795531306,11.58235680916,11.65771843986,9.66048318336,11.65771844071,10.30701832021,11.65771844021,11.65771844021,11.65771844031,11.65771844031,11.19227978179,11.65771844006,11.54559106106,11.65771844066,7.71517452076,9.6910992682,6.93010852213,7.91161877693
"t115",9.14603594343,6.4796491643,2.86226944428,2.862269444764,2.862269444764,0.454878754,0,7.36133367573,7.36730260473,8.23396522973,8.23396522973,8.23396522973,8.23396522968,8.2339652297,8.2339652297,8.23396522943,8.233965229613,8.233965229603,8.233965229603,7.721963902613,8.233965229913,8.233965229813,8.233965229663,8.23396522943,8.23396522947,8.23396522947,8.23396522945,8.23396522945,8.23396522945,6.17361579964,8.15709926063,6.98046176314,8.23396522984,8.08266364401,8.23396522973,8.23396522973,8.23396522983,8.23396522973,8.23396522973,8.23396522976,8.23396522976,8.23396522963,8.23396522963,8.23396522985,8.23396522985,8.23396522945,8.23396523023,8.23396523013,8.23396523013,6.55496337263,5.59344358852,8.23396522952,8.23396522952,8.23396522952,8.23396522952,8.23396523012,7.15082800192,5.27526883929,5.96655850499,7.69029388019,8.23396522969,8.23396522969,7.49200507539,6.5206385371,6.57657950634,8.653039442947,8.9378835153,9.4706386103,10.3770890459,10.3770890459,8.5249990729,8.6912698107,10.3770890463,10.3770890466,10.3770890466,10.3770890466,10.3770890466,9.66137714633,9.1809358332,8.4903008359,6.85911039937,6.5987194961,10.7059609523,11.2292279319,11.1842316911,11.3850633673,10.5786281325,11.65771844103,11.65771844103,11.65771844083,11.65771844083,11.65771844083,11.65771844083,11.65771844064,11.65771844064,11.65771844093,10.89499641683,10.06305922558,10.05637654721,11.65771844006,11.65771844005,11.65771844005,11.65771844002,11.65771844002,11.06661444899,10.6781743978,11.65771843995,11.4496704791,11.657718439933,11.657718439913,11.657718439913,11.65771843993,11.65771843993,11.65771843993,11.65771843995,11.33985319526,11.65771844016,11.65771844006,11.65771844006,11.65771844006,11.65771843971,11.65771843971,11.65771844006,11.65771844046,11.6577184404,11.6577184404,11.65771844026,11.03395017256,11.65771844036,11.47901291834,11.65771843966,11.65771844016,11.65771844016,11.65771844016,10.46795531306,11.58235680916,11.65771843986,9.66048318336,11.65771844071,10.30701832021,11.65771844021,11.65771844021,11.65771844031,11.65771844031,11.19227978179,11.65771844006,11.54559106106,11.65771844066,7.71517452076,9.6910992682,6.93010852213,7.91161877693
"t15",8.27340438916,5.60701761003,7.36133367601,7.361333676494,7.361333676494,7.36133367573,7.36133367573,0,3.413768057,4.280430682,4.280430682,4.280430682,4.28043068195,4.28043068197,4.28043068197,4.2804306817,4.280430681883,4.280430681873,4.280430681873,3.768429354883,4.280430682183,4.280430682083,4.280430681933,4.2804306817,4.28043068174,4.28043068174,4.28043068172,4.28043068172,4.28043068172,2.95182605431,4.9353095153,3.75867201781,5.01217548451,4.86087389868,5.0121754844,5.0121754844,5.0121754845,5.0121754844,5.0121754844,5.01217548443,5.01217548443,5.0121754843,5.0121754843,5.01217548452,5.01217548452,5.01217548412,5.0121754849,5.0121754848,5.0121754848,3.3331736273,2.47014785467,5.11066949567,5.11066949567,5.11066949567,5.11066949567,5.11066949627,4.02753226807,2.41288239924,4.93774061874,6.66147599394,7.20514734344,7.20514734344,6.46318718914,5.64800698283,5.70394795207,7.780407888677,8.06525196103,8.59800705603,9.50445749163,9.50445749163,7.65236751863,7.81863825643,9.50445749203,9.50445749233,9.50445749233,9.50445749233,9.50445749233,8.78874559206,8.30830427893,7.61766928163,5.9864788451,5.72608794183,9.83332939803,10.35659637763,10.31160013683,10.51243181303,9.70599657823,10.78508688676,10.78508688676,10.78508688656,10.78508688656,10.78508688656,10.78508688656,10.78508688637,10.78508688637,10.78508688666,10.02236486256,9.19042767131,9.18374499294,10.78508688579,10.78508688578,10.78508688578,10.78508688575,10.78508688575,10.19398289472,9.80554284353,10.78508688568,10.57703892483,10.785086885663,10.785086885643,10.785086885643,10.78508688566,10.78508688566,10.78508688566,10.78508688568,10.46722164099,10.78508688589,10.78508688579,10.78508688579,10.78508688579,10.78508688544,10.78508688544,10.78508688579,10.78508688619,10.78508688613,10.78508688613,10.78508688599,10.16131861829,10.78508688609,10.60638136407,10.78508688539,10.78508688589,10.78508688589,10.78508688589,9.59532375879,10.70972525489,10.78508688559,8.78785162909,10.78508688644,9.43438676594,10.78508688594,10.78508688594,10.78508688604,10.78508688604,10.31964822752,10.78508688579,10.67295950679,10.78508688639,6.84254296649,8.81846771393,6.05747696786,7.03898722266
"t38",8.27937331816,5.61298653903,7.36730260501,7.367302605494,7.367302605494,7.36730260473,7.36730260473,3.413768057,0,2.2223238148,2.2223238148,2.2223238148,2.22232381475,2.22232381477,2.22232381477,2.2223238145,2.222323814683,2.222323814673,2.222323814673,1.710322487683,2.222323814983,2.222323814883,2.222323814733,2.9222702307,2.92227023074,2.92227023074,2.92227023072,2.92227023072,2.92227023072,2.95779498331,4.9412784443,3.76464094681,5.01814441351,4.86684282768,5.0181444134,5.0181444134,5.0181444135,5.0181444134,5.0181444134,5.01814441343,5.01814441343,5.0181444133,5.0181444133,5.01814441352,5.01814441352,5.01814441312,5.0181444139,5.0181444138,5.0181444138,3.3391425563,2.47611678367,5.11663842467,5.11663842467,5.11663842467,5.11663842467,5.11663842527,4.03350119707,2.41885132824,4.94370954774,6.66744492294,7.21111627244,7.21111627244,6.46915611814,5.65397591183,5.70991688107,7.786376817677,8.07122089003,8.60397598503,9.51042642063,9.51042642063,7.65833644763,7.82460718543,9.51042642103,9.51042642133,9.51042642133,9.51042642133,9.51042642133,8.79471452106,8.31427320793,7.62363821063,5.9924477741,5.73205687083,9.83929832703,10.36256530663,10.31756906583,10.51840074203,9.71196550723,10.79105581576,10.79105581576,10.79105581556,10.79105581556,10.79105581556,10.79105581556,10.79105581537,10.79105581537,10.79105581566,10.02833379156,9.19639660031,9.18971392194,10.79105581479,10.79105581478,10.79105581478,10.79105581475,10.79105581475,10.19995182372,9.81151177253,10.79105581468,10.58300785383,10.791055814663,10.791055814643,10.791055814643,10.79105581466,10.79105581466,10.79105581466,10.79105581468,10.47319056999,10.79105581489,10.79105581479,10.79105581479,10.79105581479,10.79105581444,10.79105581444,10.79105581479,10.79105581519,10.79105581513,10.79105581513,10.79105581499,10.16728754729,10.79105581509,10.61235029307,10.79105581439,10.79105581489,10.79105581489,10.79105581489,9.60129268779,10.71569418389,10.79105581459,8.79382055809,10.79105581544,9.44035569494,10.79105581494,10.79105581494,10.79105581504,10.79105581504,10.32561715652,10.79105581479,10.67892843579,10.79105581539,6.84851189549,8.82443664293,6.06344589686,7.04495615166
"t76",9.14603594316,6.47964916403,8.23396523001,8.233965230494,8.233965230494,8.23396522973,8.23396522973,4.280430682,2.2223238148,0,1.205384316,1.471136964,1.47113696395,1.47113696397,1.47113696397,2.1876283123,2.846409024883,2.846409024873,2.846409024873,2.334407697883,2.846409025183,2.846409025083,2.846409024933,3.7889328557,3.78893285574,3.78893285574,3.78893285572,3.78893285572,3.78893285572,3.82445760831,5.8079410693,4.63130357181,5.88480703851,5.73350545268,5.8848070384,5.8848070384,5.8848070385,5.8848070384,5.8848070384,5.88480703843,5.88480703843,5.8848070383,5.8848070383,5.88480703852,5.88480703852,5.88480703812,5.8848070389,5.8848070388,5.8848070388,4.2058051813,3.34277940867,5.98330104967,5.98330104967,5.98330104967,5.98330104967,5.98330105027,4.90016382207,3.28551395324,5.81037217274,7.53410754794,8.07777889744,8.07777889744,7.33581874314,6.52063853683,6.57657950607,8.653039442677,8.93788351503,9.47063861003,10.37708904563,10.37708904563,8.52499907263,8.69126981043,10.37708904603,10.37708904633,10.37708904633,10.37708904633,10.37708904633,9.66137714606,9.18093583293,8.49030083563,6.8591103991,6.59871949583,10.70596095203,11.22922793163,11.18423169083,11.38506336703,10.57862813223,11.65771844076,11.65771844076,11.65771844056,11.65771844056,11.65771844056,11.65771844056,11.65771844037,11.65771844037,11.65771844066,10.89499641656,10.06305922531,10.05637654694,11.65771843979,11.65771843978,11.65771843978,11.65771843975,11.65771843975,11.06661444872,10.67817439753,11.65771843968,11.44967047883,11.657718439663,11.657718439643,11.657718439643,11.65771843966,11.65771843966,11.65771843966,11.65771843968,11.33985319499,11.65771843989,11.65771843979,11.65771843979,11.65771843979,11.65771843944,11.65771843944,11.65771843979,11.65771844019,11.65771844013,11.65771844013,11.65771843999,11.03395017229,11.65771844009,11.47901291807,11.65771843939,11.65771843989,11.65771843989,11.65771843989,10.46795531279,11.58235680889,11.65771843959,9.66048318309,11.65771844044,10.30701831994,11.65771843994,11.65771843994,11.65771844004,11.65771844004,11.19227978152,11.65771843979,11.54559106079,11.65771844039,7.71517452049,9.69109926793,6.93010852186,7.91161877666
"t77",9.14603594316,6.47964916403,8.23396523001,8.233965230494,8.233965230494,8.23396522973,8.23396522973,4.280430682,2.2223238148,1.205384316,0,1.471136964,1.47113696395,1.47113696397,1.47113696397,2.1876283123,2.846409024883,2.846409024873,2.846409024873,2.334407697883,2.846409025183,2.846409025083,2.846409024933,3.7889328557,3.78893285574,3.78893285574,3.78893285572,3.78893285572,3.78893285572,3.82445760831,5.8079410693,4.63130357181,5.88480703851,5.73350545268,5.8848070384,5.8848070384,5.8848070385,5.8848070384,5.8848070384,5.88480703843,5.88480703843,5.8848070383,5.8848070383,5.88480703852,5.88480703852,5.88480703812,5.8848070389,5.8848070388,5.8848070388,4.2058051813,3.34277940867,5.98330104967,5.98330104967,5.98330104967,5.98330104967,5.98330105027,4.90016382207,3.28551395324,5.81037217274,7.53410754794,8.07777889744,8.07777889744,7.33581874314,6.52063853683,6.57657950607,8.653039442677,8.93788351503,9.47063861003,10.37708904563,10.37708904563,8.52499907263,8.69126981043,10.37708904603,10.37708904633,10.37708904633,10.37708904633,10.37708904633,9.66137714606,9.18093583293,8.49030083563,6.8591103991,6.59871949583,10.70596095203,11.22922793163,11.18423169083,11.38506336703,10.57862813223,11.65771844076,11.65771844076,11.65771844056,11.65771844056,11.65771844056,11.65771844056,11.65771844037,11.65771844037,11.65771844066,10.89499641656,10.06305922531,10.05637654694,11.65771843979,11.65771843978,11.65771843978,11.65771843975,11.65771843975,11.06661444872,10.67817439753,11.65771843968,11.44967047883,11.657718439663,11.657718439643,11.657718439643,11.65771843966,11.65771843966,11.65771843966,11.65771843968,11.33985319499,11.65771843989,11.65771843979,11.65771843979,11.65771843979,11.65771843944,11.65771843944,11.65771843979,11.65771844019,11.65771844013,11.65771844013,11.65771843999,11.03395017229,11.65771844009,11.47901291807,11.65771843939,11.65771843989,11.65771843989,11.65771843989,10.46795531279,11.58235680889,11.65771843959,9.66048318309,11.65771844044,10.30701831994,11.65771843994,11.65771843994,11.65771844004,11.65771844004,11.19227978152,11.65771843979,11.54559106079,11.65771844039,7.71517452049,9.69109926793,6.93010852186,7.91161877666
"t129",9.14603594316,6.47964916403,8.23396523001,8.233965230494,8.233965230494,8.23396522973,8.23396522973,4.280430682,2.2223238148,1.471136964,1.471136964,0,0.33484960215,0.33484960217,0.33484960217,2.1876283123,2.846409024883,2.846409024873,2.846409024873,2.334407697883,2.846409025183,2.846409025083,2.846409024933,3.7889328557,3.78893285574,3.78893285574,3.78893285572,3.78893285572,3.78893285572,3.82445760831,5.8079410693,4.63130357181,5.88480703851,5.73350545268,5.8848070384,5.8848070384,5.8848070385,5.8848070384,5.8848070384,5.88480703843,5.88480703843,5.8848070383,5.8848070383,5.88480703852,5.88480703852,5.88480703812,5.8848070389,5.8848070388,5.8848070388,4.2058051813,3.34277940867,5.98330104967,5.98330104967,5.98330104967,5.98330104967,5.98330105027,4.90016382207,3.28551395324,5.81037217274,7.53410754794,8.07777889744,8.07777889744,7.33581874314,6.52063853683,6.57657950607,8.653039442677,8.93788351503,9.47063861003,10.37708904563,10.37708904563,8.52499907263,8.69126981043,10.37708904603,10.37708904633,10.37708904633,10.37708904633,10.37708904633,9.66137714606,9.18093583293,8.49030083563,6.8591103991,6.59871949583,10.70596095203,11.22922793163,11.18423169083,11.38506336703,10.57862813223,11.65771844076,11.65771844076,11.65771844056,11.65771844056,11.65771844056,11.65771844056,11.65771844037,11.65771844037,11.65771844066,10.89499641656,10.06305922531,10.05637654694,11.65771843979,11.65771843978,11.65771843978,11.65771843975,11.65771843975,11.06661444872,10.67817439753,11.65771843968,11.44967047883,11.657718439663,11.657718439643,11.657718439643,11.65771843966,11.65771843966,11.65771843966,11.65771843968,11.33985319499,11.65771843989,11.65771843979,11.65771843979,11.65771843979,11.65771843944,11.65771843944,11.65771843979,11.65771844019,11.65771844013,11.65771844013,11.65771843999,11.03395017229,11.65771844009,11.47901291807,11.65771843939,11.65771843989,11.65771843989,11.65771843989,10.46795531279,11.58235680889,11.65771843959,9.66048318309,11.65771844044,10.30701831994,11.65771843994,11.65771843994,11.65771844004,11.65771844004,11.19227978152,11.65771843979,11.54559106079,11.65771844039,7.71517452049,9.69109926793,6.93010852186,7.91161877666
"t130",9.14603594311,6.47964916398,8.23396522996,8.233965230444,8.233965230444,8.23396522968,8.23396522968,4.28043068195,2.22232381475,1.47113696395,1.47113696395,0.33484960215,0,0.30107485122,0.30107485122,2.18762831225,2.846409024833,2.846409024823,2.846409024823,2.334407697833,2.846409025133,2.846409025033,2.846409024883,3.78893285565,3.78893285569,3.78893285569,3.78893285567,3.78893285567,3.78893285567,3.82445760826,5.80794106925,4.63130357176,5.88480703846,5.73350545263,5.88480703835,5.88480703835,5.88480703845,5.88480703835,5.88480703835,5.88480703838,5.88480703838,5.88480703825,5.88480703825,5.88480703847,5.88480703847,5.88480703807,5.88480703885,5.88480703875,5.88480703875,4.20580518125,3.34277940862,5.98330104962,5.98330104962,5.98330104962,5.98330104962,5.98330105022,4.90016382202,3.28551395319,5.81037217269,7.53410754789,8.07777889739,8.07777889739,7.33581874309,6.52063853678,6.57657950602,8.653039442627,8.93788351498,9.47063860998,10.37708904558,10.37708904558,8.52499907258,8.69126981038,10.37708904598,10.37708904628,10.37708904628,10.37708904628,10.37708904628,9.66137714601,9.18093583288,8.49030083558,6.85911039905,6.59871949578,10.70596095198,11.22922793158,11.18423169078,11.38506336698,10.57862813218,11.65771844071,11.65771844071,11.65771844051,11.65771844051,11.65771844051,11.65771844051,11.65771844032,11.65771844032,11.65771844061,10.89499641651,10.06305922526,10.05637654689,11.65771843974,11.65771843973,11.65771843973,11.6577184397,11.6577184397,11.06661444867,10.67817439748,11.65771843963,11.44967047878,11.657718439613,11.657718439593,11.657718439593,11.65771843961,11.65771843961,11.65771843961,11.65771843963,11.33985319494,11.65771843984,11.65771843974,11.65771843974,11.65771843974,11.65771843939,11.65771843939,11.65771843974,11.65771844014,11.65771844008,11.65771844008,11.65771843994,11.03395017224,11.65771844004,11.47901291802,11.65771843934,11.65771843984,11.65771843984,11.65771843984,10.46795531274,11.58235680884,11.65771843954,9.66048318304,11.65771844039,10.30701831989,11.65771843989,11.65771843989,11.65771843999,11.65771843999,11.19227978147,11.65771843974,11.54559106074,11.65771844034,7.71517452044,9.69109926788,6.93010852181,7.91161877661
"t141",9.14603594313,6.479649164,8.23396522998,8.233965230464,8.233965230464,8.2339652297,8.2339652297,4.28043068197,2.22232381477,1.47113696397,1.47113696397,0.33484960217,0.30107485122,0,0.14261146848,2.18762831227,2.846409024853,2.846409024843,2.846409024843,2.334407697853,2.846409025153,2.846409025053,2.846409024903,3.78893285567,3.78893285571,3.78893285571,3.78893285569,3.78893285569,3.78893285569,3.82445760828,5.80794106927,4.63130357178,5.88480703848,5.73350545265,5.88480703837,5.88480703837,5.88480703847,5.88480703837,5.88480703837,5.8848070384,5.8848070384,5.88480703827,5.88480703827,5.88480703849,5.88480703849,5.88480703809,5.88480703887,5.88480703877,5.88480703877,4.20580518127,3.34277940864,5.98330104964,5.98330104964,5.98330104964,5.98330104964,5.98330105024,4.90016382204,3.28551395321,5.81037217271,7.53410754791,8.07777889741,8.07777889741,7.33581874311,6.5206385368,6.57657950604,8.653039442647,8.937883515,9.47063861,10.3770890456,10.3770890456,8.5249990726,8.6912698104,10.377089046,10.3770890463,10.3770890463,10.3770890463,10.3770890463,9.66137714603,9.1809358329,8.4903008356,6.85911039907,6.5987194958,10.705960952,11.2292279316,11.1842316908,11.385063367,10.5786281322,11.65771844073,11.65771844073,11.65771844053,11.65771844053,11.65771844053,11.65771844053,11.65771844034,11.65771844034,11.65771844063,10.89499641653,10.06305922528,10.05637654691,11.65771843976,11.65771843975,11.65771843975,11.65771843972,11.65771843972,11.06661444869,10.6781743975,11.65771843965,11.4496704788,11.657718439633,11.657718439613,11.657718439613,11.65771843963,11.65771843963,11.65771843963,11.65771843965,11.33985319496,11.65771843986,11.65771843976,11.65771843976,11.65771843976,11.65771843941,11.65771843941,11.65771843976,11.65771844016,11.6577184401,11.6577184401,11.65771843996,11.03395017226,11.65771844006,11.47901291804,11.65771843936,11.65771843986,11.65771843986,11.65771843986,10.46795531276,11.58235680886,11.65771843956,9.66048318306,11.65771844041,10.30701831991,11.65771843991,11.65771843991,11.65771844001,11.65771844001,11.19227978149,11.65771843976,11.54559106076,11.65771844036,7.71517452046,9.6910992679,6.93010852183,7.91161877663
"t142",9.14603594313,6.479649164,8.23396522998,8.233965230464,8.233965230464,8.2339652297,8.2339652297,4.28043068197,2.22232381477,1.47113696397,1.47113696397,0.33484960217,0.30107485122,0.14261146848,0,2.18762831227,2.846409024853,2.846409024843,2.846409024843,2.334407697853,2.846409025153,2.846409025053,2.846409024903,3.78893285567,3.78893285571,3.78893285571,3.78893285569,3.78893285569,3.78893285569,3.82445760828,5.80794106927,4.63130357178,5.88480703848,5.73350545265,5.88480703837,5.88480703837,5.88480703847,5.88480703837,5.88480703837,5.8848070384,5.8848070384,5.88480703827,5.88480703827,5.88480703849,5.88480703849,5.88480703809,5.88480703887,5.88480703877,5.88480703877,4.20580518127,3.34277940864,5.98330104964,5.98330104964,5.98330104964,5.98330104964,5.98330105024,4.90016382204,3.28551395321,5.81037217271,7.53410754791,8.07777889741,8.07777889741,7.33581874311,6.5206385368,6.57657950604,8.653039442647,8.937883515,9.47063861,10.3770890456,10.3770890456,8.5249990726,8.6912698104,10.377089046,10.3770890463,10.3770890463,10.3770890463,10.3770890463,9.66137714603,9.1809358329,8.4903008356,6.85911039907,6.5987194958,10.705960952,11.2292279316,11.1842316908,11.385063367,10.5786281322,11.65771844073,11.65771844073,11.65771844053,11.65771844053,11.65771844053,11.65771844053,11.65771844034,11.65771844034,11.65771844063,10.89499641653,10.06305922528,10.05637654691,11.65771843976,11.65771843975,11.65771843975,11.65771843972,11.65771843972,11.06661444869,10.6781743975,11.65771843965,11.4496704788,11.657718439633,11.657718439613,11.657718439613,11.65771843963,11.65771843963,11.65771843963,11.65771843965,11.33985319496,11.65771843986,11.65771843976,11.65771843976,11.65771843976,11.65771843941,11.65771843941,11.65771843976,11.65771844016,11.6577184401,11.6577184401,11.65771843996,11.03395017226,11.65771844006,11.47901291804,11.65771843936,11.65771843986,11.65771843986,11.65771843986,10.46795531276,11.58235680886,11.65771843956,9.66048318306,11.65771844041,10.30701831991,11.65771843991,11.65771843991,11.65771844001,11.65771844001,11.19227978149,11.65771843976,11.54559106076,11.65771844036,7.71517452046,9.6910992679,6.93010852183,7.91161877663
"t57",9.14603594286,6.47964916373,8.23396522971,8.233965230194,8.233965230194,8.23396522943,8.23396522943,4.2804306817,2.2223238145,2.1876283123,2.1876283123,2.1876283123,2.18762831225,2.18762831227,2.18762831227,0,2.846409024583,2.846409024573,2.846409024573,2.334407697583,2.846409024883,2.846409024783,2.846409024633,3.7889328554,3.78893285544,3.78893285544,3.78893285542,3.78893285542,3.78893285542,3.82445760801,5.807941069,4.63130357151,5.88480703821,5.73350545238,5.8848070381,5.8848070381,5.8848070382,5.8848070381,5.8848070381,5.88480703813,5.88480703813,5.884807038,5.884807038,5.88480703822,5.88480703822,5.88480703782,5.8848070386,5.8848070385,5.8848070385,4.205805181,3.34277940837,5.98330104937,5.98330104937,5.98330104937,5.98330104937,5.98330104997,4.90016382177,3.28551395294,5.81037217244,7.53410754764,8.07777889714,8.07777889714,7.33581874284,6.52063853653,6.57657950577,8.653039442377,8.93788351473,9.47063860973,10.37708904533,10.37708904533,8.52499907233,8.69126981013,10.37708904573,10.37708904603,10.37708904603,10.37708904603,10.37708904603,9.66137714576,9.18093583263,8.49030083533,6.8591103988,6.59871949553,10.70596095173,11.22922793133,11.18423169053,11.38506336673,10.57862813193,11.65771844046,11.65771844046,11.65771844026,11.65771844026,11.65771844026,11.65771844026,11.65771844007,11.65771844007,11.65771844036,10.89499641626,10.06305922501,10.05637654664,11.65771843949,11.65771843948,11.65771843948,11.65771843945,11.65771843945,11.06661444842,10.67817439723,11.65771843938,11.44967047853,11.657718439363,11.657718439343,11.657718439343,11.65771843936,11.65771843936,11.65771843936,11.65771843938,11.33985319469,11.65771843959,11.65771843949,11.65771843949,11.65771843949,11.65771843914,11.65771843914,11.65771843949,11.65771843989,11.65771843983,11.65771843983,11.65771843969,11.03395017199,11.65771843979,11.47901291777,11.65771843909,11.65771843959,11.65771843959,11.65771843959,10.46795531249,11.58235680859,11.65771843929,9.66048318279,11.65771844014,10.30701831964,11.65771843964,11.65771843964,11.65771843974,11.65771843974,11.19227978122,11.65771843949,11.54559106049,11.65771844009,7.71517452019,9.69109926763,6.93010852156,7.91161877636
"t116",9.146035943043,6.479649163913,8.233965229893,8.233965230377,8.233965230377,8.233965229613,8.233965229613,4.280430681883,2.222323814683,2.846409024883,2.846409024883,2.846409024883,2.846409024833,2.846409024853,2.846409024853,2.846409024583,0,0.44513335039,0.44513335039,2.1553878674,2.6673891947,2.6673891946,2.84003820395,3.788932855583,3.788932855623,3.788932855623,3.788932855603,3.788932855603,3.788932855603,3.824457608193,5.807941069183,4.631303571693,5.884807038393,5.733505452563,5.884807038283,5.884807038283,5.884807038383,5.884807038283,5.884807038283,5.884807038313,5.884807038313,5.884807038183,5.884807038183,5.884807038403,5.884807038403,5.884807038003,5.884807038783,5.884807038683,5.884807038683,4.205805181183,3.342779408553,5.983301049553,5.983301049553,5.983301049553,5.983301049553,5.983301050153,4.900163821953,3.285513953123,5.810372172623,7.534107547823,8.077778897323,8.077778897323,7.335818743023,6.520638536713,6.576579505953,8.65303944256,8.937883514913,9.470638609913,10.377089045513,10.377089045513,8.524999072513,8.691269810313,10.377089045913,10.377089046213,10.377089046213,10.377089046213,10.377089046213,9.661377145943,9.180935832813,8.490300835513,6.859110398983,6.598719495713,10.705960951913,11.229227931513,11.184231690713,11.385063366913,10.578628132113,11.657718440643,11.657718440643,11.657718440443,11.657718440443,11.657718440443,11.657718440443,11.657718440253,11.657718440253,11.657718440543,10.894996416443,10.063059225193,10.056376546823,11.657718439673,11.657718439663,11.657718439663,11.657718439633,11.657718439633,11.066614448603,10.678174397413,11.657718439563,11.449670478713,11.657718439546,11.657718439526,11.657718439526,11.657718439543,11.657718439543,11.657718439543,11.657718439563,11.339853194873,11.657718439773,11.657718439673,11.657718439673,11.657718439673,11.657718439323,11.657718439323,11.657718439673,11.657718440073,11.657718440013,11.657718440013,11.657718439873,11.033950172173,11.657718439973,11.479012917953,11.657718439273,11.657718439773,11.657718439773,11.657718439773,10.467955312673,11.582356808773,11.657718439473,9.660483182973,11.657718440323,10.307018319823,11.657718439823,11.657718439823,11.657718439923,11.657718439923,11.192279781403,11.657718439673,11.545591060673,11.657718440273,7.715174520373,9.691099267813,6.930108521743,7.911618776543
