"","t59","t77","t83","t84","t66","t99","t100","t72","t37","t14","t15","t3","t9","t89","t90","t47","t48","t32","t29","t11","t51","t52","t18","t33","t34","t73","t74","t78","t79","t35","t49","t50","t38","t39","t53","t54","t28","t20","t21","t80","t81","t67","t68","t22","t42","t43","t1","t2","t91","t92","t25","t26","t23","t44","t45","t55","t56","t7","t8","t41","t60","t61","t4","t5","t36","t57","t58","t46","t71","t82","t93","t94","t30","t19","t6","t87","t88","t95","t96","t27","t12","t62","t63","t31","t85","t86","t16","t17","t97","t98","t24","t10","t13","t40","t75","t76","t69","t70","t64","t65"
"t59",0,0.63795461561,0.63795461559,0.63795461559,0.63795461562,0.637954615555,0.637954615555,0.63795461557,0.9497506298,4.6680525939,4.6680525939,4.6680525937,5.5174011106,5.51740111032,5.51740111032,5.51740111048,5.51740111048,5.51740111048,5.5174011104,5.51740111,5.51740111,5.51740111,6.03212309739,6.03212309735,6.03212309735,6.03212309735,6.03212309735,6.03212309731,6.03212309731,6.03212309741,6.03212309735,6.03212309735,6.03212309735,6.03212309735,6.03212309799,6.03212309799,6.03212309799,6.03212309779,6.03212309779,6.032123097862,6.032123097862,6.032123097792,6.032123097792,6.032123097892,6.03212309789,6.03212309789,6.395061544,6.395061544,8.24525869958,8.24525869958,8.2452586996,8.2452586996,8.2452586996,8.24525869966,8.24525869966,8.2452586996,8.2452586996,8.2452586991,8.2452586991,8.2452586989,8.2452586989,8.2452586989,8.245258699,8.245258699,8.2452586992,8.24525869915,8.24525869915,8.24525869915,8.2452586992,8.24525869916,8.2452586992,8.2452586992,8.2452586992,8.2452586991,8.2452586992,8.24525869929,8.24525869929,8.24525869931,8.24525869931,8.24525869925,8.24525869922,8.24525869922,8.24525869922,8.24525869922,8.24525869961,8.24525869961,8.24525869925,8.24525869925,8.24525869922,8.24525869922,8.24525869925,8.24525869965,8.24525869925,8.24525869925,8.24525869925,8.24525869925,8.2452586992,8.2452586992,8.2452586992,8.2452586992
"t77",0.63795461561,0,0.28509831138,0.28509831138,0.50757668521,0.507576685145,0.507576685145,0.50757668516,0.94975062981,4.66805259391,4.66805259391,4.66805259371,5.51740111061,5.51740111033,5.51740111033,5.51740111049,5.51740111049,5.51740111049,5.51740111041,5.51740111001,5.51740111001,5.51740111001,6.0321230974,6.03212309736,6.03212309736,6.03212309736,6.03212309736,6.03212309732,6.03212309732,6.03212309742,6.03212309736,6.03212309736,6.03212309736,6.03212309736,6.032123098,6.032123098,6.032123098,6.0321230978,6.0321230978,6.032123097872,6.032123097872,6.032123097802,6.032123097802,6.032123097902,6.0321230979,6.0321230979,6.39506154401,6.39506154401,8.24525869959,8.24525869959,8.24525869961,8.24525869961,8.24525869961,8.24525869967,8.24525869967,8.24525869961,8.24525869961,8.24525869911,8.24525869911,8.24525869891,8.24525869891,8.24525869891,8.24525869901,8.24525869901,8.24525869921,8.24525869916,8.24525869916,8.24525869916,8.24525869921,8.24525869917,8.24525869921,8.24525869921,8.24525869921,8.24525869911,8.24525869921,8.2452586993,8.2452586993,8.24525869932,8.24525869932,8.24525869926,8.24525869923,8.24525869923,8.24525869923,8.24525869923,8.24525869962,8.24525869962,8.24525869926,8.24525869926,8.24525869923,8.24525869923,8.24525869926,8.24525869966,8.24525869926,8.24525869926,8.24525869926,8.24525869926,8.24525869921,8.24525869921,8.24525869921,8.24525869921
"t83",0.63795461559,0.28509831138,0,0.15092179532,0.50757668519,0.507576685125,0.507576685125,0.50757668514,0.94975062979,4.66805259389,4.66805259389,4.66805259369,5.51740111059,5.51740111031,5.51740111031,5.51740111047,5.51740111047,5.51740111047,5.51740111039,5.51740110999,5.51740110999,5.51740110999,6.03212309738,6.03212309734,6.03212309734,6.03212309734,6.03212309734,6.0321230973,6.0321230973,6.0321230974,6.03212309734,6.03212309734,6.03212309734,6.03212309734,6.03212309798,6.03212309798,6.03212309798,6.03212309778,6.03212309778,6.032123097852,6.032123097852,6.032123097782,6.032123097782,6.032123097882,6.03212309788,6.03212309788,6.39506154399,6.39506154399,8.24525869957,8.24525869957,8.24525869959,8.24525869959,8.24525869959,8.24525869965,8.24525869965,8.24525869959,8.24525869959,8.24525869909,8.24525869909,8.24525869889,8.24525869889,8.24525869889,8.24525869899,8.24525869899,8.24525869919,8.24525869914,8.24525869914,8.24525869914,8.24525869919,8.24525869915,8.24525869919,8.24525869919,8.24525869919,8.24525869909,8.24525869919,8.24525869928,8.24525869928,8.2452586993,8.2452586993,8.24525869924,8.24525869921,8.24525869921,8.24525869921,8.24525869921,8.2452586996,8.2452586996,8.24525869924,8.24525869924,8.24525869921,8.24525869921,8.24525869924,8.24525869964,8.24525869924,8.24525869924,8.24525869924,8.24525869924,8.24525869919,8.24525869919,8.24525869919,8.24525869919
"t84",0.63795461559,0.28509831138,0.15092179532,0,0.50757668519,0.507576685125,0.507576685125,0.50757668514,0.94975062979,4.66805259389,4.66805259389,4.66805259369,5.51740111059,5.51740111031,5.51740111031,5.51740111047,5.51740111047,5.51740111047,5.51740111039,5.51740110999,5.51740110999,5.51740110999,6.03212309738,6.03212309734,6.03212309734,6.03212309734,6.03212309734,6.0321230973,6.0321230973,6.0321230974,6.03212309734,6.03212309734,6.03212309734,6.03212309734,6.03212309798,6.03212309798,6.03212309798,6.03212309778,6.03212309778,6.032123097852,6.032123097852,6.032123097782,6.032123097782,6.032123097882,6.03212309788,6.03212309788,6.39506154399,6.39506154399,8.24525869957,8.24525869957,8.24525869959,8.24525869959,8.24525869959,8.24525869965,8.24525869965,8.24525869959,8.24525869959,8.24525869909,8.24525869909,8.24525869889,8.24525869889,8.24525869889,8.24525869899,8.24525869899,8.24525869919,8.24525869914,8.24525869914,8.24525869914,8.24525869919,8.24525869915,8.24525869919,8.24525869919,8.24525869919,8.24525869909,8.24525869919,8.24525869928,8.24525869928,8.2452586993,8.2452586993,8.24525869924,8.24525869921,8.24525869921,8.24525869921,8.24525869921,8.2452586996,8.2452586996,8.24525869924,8.24525869924,8.24525869921,8.24525869921,8.24525869924,8.24525869964,8.24525869924,8.24525869924,8.24525869924,8.24525869924,8.24525869919,8.24525869919,8.24525869919,8.24525869919
"t66",0.63795461562,0.50757668521,0.50757668519,0.50757668519,0,0.444686282135,0.444686282135,0.44468628215,0.94975062982,4.66805259392,4.66805259392,4.66805259372,5.51740111062,5.51740111034,5.51740111034,5.5174011105,5.5174011105,5.5174011105,5.51740111042,5.51740111002,5.51740111002,5.51740111002,6.03212309741,6.03212309737,6.03212309737,6.03212309737,6.03212309737,6.03212309733,6.03212309733,6.03212309743,6.03212309737,6.03212309737,6.03212309737,6.03212309737,6.03212309801,6.03212309801,6.03212309801,6.03212309781,6.03212309781,6.032123097882,6.032123097882,6.032123097812,6.032123097812,6.032123097912,6.03212309791,6.03212309791,6.39506154402,6.39506154402,8.2452586996,8.2452586996,8.24525869962,8.24525869962,8.24525869962,8.24525869968,8.24525869968,8.24525869962,8.24525869962,8.24525869912,8.24525869912,8.24525869892,8.24525869892,8.24525869892,8.24525869902,8.24525869902,8.24525869922,8.24525869917,8.24525869917,8.24525869917,8.24525869922,8.24525869918,8.24525869922,8.24525869922,8.24525869922,8.24525869912,8.24525869922,8.24525869931,8.24525869931,8.24525869933,8.24525869933,8.24525869927,8.24525869924,8.24525869924,8.24525869924,8.24525869924,8.24525869963,8.24525869963,8.24525869927,8.24525869927,8.24525869924,8.24525869924,8.24525869927,8.24525869967,8.24525869927,8.24525869927,8.24525869927,8.24525869927,8.24525869922,8.24525869922,8.24525869922,8.24525869922
"t99",0.637954615555,0.507576685145,0.507576685125,0.507576685125,0.444686282135,0,0.00860560217,0.405609140385,0.949750629755,4.668052593855,4.668052593855,4.668052593655,5.517401110555,5.517401110275,5.517401110275,5.517401110435,5.517401110435,5.517401110435,5.517401110355,5.517401109955,5.517401109955,5.517401109955,6.032123097345,6.032123097305,6.032123097305,6.032123097305,6.032123097305,6.032123097265,6.032123097265,6.032123097365,6.032123097305,6.032123097305,6.032123097305,6.032123097305,6.032123097945,6.032123097945,6.032123097945,6.032123097745,6.032123097745,6.032123097817,6.032123097817,6.032123097747,6.032123097747,6.032123097847,6.032123097845,6.032123097845,6.395061543955,6.395061543955,8.245258699535,8.245258699535,8.245258699555,8.245258699555,8.245258699555,8.245258699615,8.245258699615,8.245258699555,8.245258699555,8.245258699055,8.245258699055,8.245258698855,8.245258698855,8.245258698855,8.245258698955,8.245258698955,8.245258699155,8.245258699105,8.245258699105,8.245258699105,8.245258699155,8.245258699115,8.245258699155,8.245258699155,8.245258699155,8.245258699055,8.245258699155,8.245258699245,8.245258699245,8.245258699265,8.245258699265,8.245258699205,8.245258699175,8.245258699175,8.245258699175,8.245258699175,8.245258699565,8.245258699565,8.245258699205,8.245258699205,8.245258699175,8.245258699175,8.245258699205,8.245258699605,8.245258699205,8.245258699205,8.245258699205,8.245258699205,8.245258699155,8.245258699155,8.245258699155,8.245258699155
"t100",0.637954615555,0.507576685145,0.507576685125,0.507576685125,0.444686282135,0.00860560217,0,0.405609140385,0.949750629755,4.668052593855,4.668052593855,4.668052593655,5.517401110555,5.517401110275,5.517401110275,5.517401110435,5.517401110435,5.517401110435,5.517401110355,5.517401109955,5.517401109955,5.517401109955,6.032123097345,6.032123097305,6.032123097305,6.032123097305,6.032123097305,6.032123097265,6.032123097265,6.032123097365,6.032123097305,6.032123097305,6.032123097305,6.032123097305,6.032123097945,6.032123097945,6.032123097945,6.032123097745,6.032123097745,6.032123097817,6.032123097817,6.032123097747,6.032123097747,6.032123097847,6.032123097845,6.032123097845,6.395061543955,6.395061543955,8.245258699535,8.245258699535,8.245258699555,8.245258699555,8.245258699555,8.245258699615,8.245258699615,8.245258699555,8.245258699555,8.245258699055,8.245258699055,8.245258698855,8.245258698855,8.245258698855,8.245258698955,8.245258698955,8.245258699155,8.245258699105,8.245258699105,8.245258699105,8.245258699155,8.245258699115,8.245258699155,8.245258699155,8.245258699155,8.245258699055,8.245258699155,8.245258699245,8.245258699245,8.245258699265,8.245258699265,8.245258699205,8.245258699175,8.245258699175,8.245258699175,8.245258699175,8.245258699565,8.245258699565,8.245258699205,8.245258699205,8.245258699175,8.245258699175,8.245258699205,8.245258699605,8.245258699205,8.245258699205,8.245258699205,8.245258699205,8.245258699155,8.245258699155,8.245258699155,8.245258699155
"t72",0.63795461557,0.50757668516,0.50757668514,0.50757668514,0.44468628215,0.405609140385,0.405609140385,0,0.94975062977,4.66805259387,4.66805259387,4.66805259367,5.51740111057,5.51740111029,5.51740111029,5.51740111045,5.51740111045,5.51740111045,5.51740111037,5.51740110997,5.51740110997,5.51740110997,6.03212309736,6.03212309732,6.03212309732,6.03212309732,6.03212309732,6.03212309728,6.03212309728,6.03212309738,6.03212309732,6.03212309732,6.03212309732,6.03212309732,6.03212309796,6.03212309796,6.03212309796,6.03212309776,6.03212309776,6.032123097832,6.032123097832,6.032123097762,6.032123097762,6.032123097862,6.03212309786,6.03212309786,6.39506154397,6.39506154397,8.24525869955,8.24525869955,8.24525869957,8.24525869957,8.24525869957,8.24525869963,8.24525869963,8.24525869957,8.24525869957,8.24525869907,8.24525869907,8.24525869887,8.24525869887,8.24525869887,8.24525869897,8.24525869897,8.24525869917,8.24525869912,8.24525869912,8.24525869912,8.24525869917,8.24525869913,8.24525869917,8.24525869917,8.24525869917,8.24525869907,8.24525869917,8.24525869926,8.24525869926,8.24525869928,8.24525869928,8.24525869922,8.24525869919,8.24525869919,8.24525869919,8.24525869919,8.24525869958,8.24525869958,8.24525869922,8.24525869922,8.24525869919,8.24525869919,8.24525869922,8.24525869962,8.24525869922,8.24525869922,8.24525869922,8.24525869922,8.24525869917,8.24525869917,8.24525869917,8.24525869917
"t37",0.9497506298,0.94975062981,0.94975062979,0.94975062979,0.94975062982,0.949750629755,0.949750629755,0.94975062977,0,4.6680525939,4.6680525939,4.6680525937,5.5174011106,5.51740111032,5.51740111032,5.51740111048,5.51740111048,5.51740111048,5.5174011104,5.51740111,5.51740111,5.51740111,6.03212309739,6.03212309735,6.03212309735,6.03212309735,6.03212309735,6.03212309731,6.03212309731,6.03212309741,6.03212309735,6.03212309735,6.03212309735,6.03212309735,6.03212309799,6.03212309799,6.03212309799,6.03212309779,6.03212309779,6.032123097862,6.032123097862,6.032123097792,6.032123097792,6.032123097892,6.03212309789,6.03212309789,6.395061544,6.395061544,8.24525869958,8.24525869958,8.2452586996,8.2452586996,8.2452586996,8.24525869966,8.24525869966,8.2452586996,8.2452586996,8.2452586991,8.2452586991,8.2452586989,8.2452586989,8.2452586989,8.245258699,8.245258699,8.2452586992,8.24525869915,8.24525869915,8.24525869915,8.2452586992,8.24525869916,8.2452586992,8.2452586992,8.2452586992,8.2452586991,8.2452586992,8.24525869929,8.24525869929,8.24525869931,8.24525869931,8.24525869925,8.24525869922,8.24525869922,8.24525869922,8.24525869922,8.24525869961,8.24525869961,8.24525869925,8.24525869925,8.24525869922,8.24525869922,8.24525869925,8.24525869965,8.24525869925,8.24525869925,8.24525869925,8.24525869925,8.2452586992,8.2452586992,8.2452586992,8.2452586992
"t14",4.6680525939,4.66805259391,4.66805259389,4.66805259389,4.66805259392,4.668052593855,4.668052593855,4.66805259387,4.6680525939,0,1.9515623978,3.5708601562,5.5174011107,5.51740111042,5.51740111042,5.51740111058,5.51740111058,5.51740111058,5.5174011105,5.5174011101,5.5174011101,5.5174011101,6.03212309749,6.03212309745,6.03212309745,6.03212309745,6.03212309745,6.03212309741,6.03212309741,6.03212309751,6.03212309745,6.03212309745,6.03212309745,6.03212309745,6.03212309809,6.03212309809,6.03212309809,6.03212309789,6.03212309789,6.032123097962,6.032123097962,6.032123097892,6.032123097892,6.032123097992,6.03212309799,6.03212309799,6.3950615441,6.3950615441,8.24525869968,8.24525869968,8.2452586997,8.2452586997,8.2452586997,8.24525869976,8.24525869976,8.2452586997,8.2452586997,8.2452586992,8.2452586992,8.245258699,8.245258699,8.245258699,8.2452586991,8.2452586991,8.2452586993,8.24525869925,8.24525869925,8.24525869925,8.2452586993,8.24525869926,8.2452586993,8.2452586993,8.2452586993,8.2452586992,8.2452586993,8.24525869939,8.24525869939,8.24525869941,8.24525869941,8.24525869935,8.24525869932,8.24525869932,8.24525869932,8.24525869932,8.24525869971,8.24525869971,8.24525869935,8.24525869935,8.24525869932,8.24525869932,8.24525869935,8.24525869975,8.24525869935,8.24525869935,8.24525869935,8.24525869935,8.2452586993,8.2452586993,8.2452586993,8.2452586993
"t15",4.6680525939,4.66805259391,4.66805259389,4.66805259389,4.66805259392,4.668052593855,4.668052593855,4.66805259387,4.6680525939,1.9515623978,0,3.5708601562,5.5174011107,5.51740111042,5.51740111042,5.51740111058,5.51740111058,5.51740111058,5.5174011105,5.5174011101,5.5174011101,5.5174011101,6.03212309749,6.03212309745,6.03212309745,6.03212309745,6.03212309745,6.03212309741,6.03212309741,6.03212309751,6.03212309745,6.03212309745,6.03212309745,6.03212309745,6.03212309809,6.03212309809,6.03212309809,6.03212309789,6.03212309789,6.032123097962,6.032123097962,6.032123097892,6.032123097892,6.032123097992,6.03212309799,6.03212309799,6.3950615441,6.3950615441,8.24525869968,8.24525869968,8.2452586997,8.2452586997,8.2452586997,8.24525869976,8.24525869976,8.2452586997,8.2452586997,8.2452586992,8.2452586992,8.245258699,8.245258699,8.245258699,8.2452586991,8.2452586991,8.2452586993,8.24525869925,8.24525869925,8.24525869925,8.2452586993,8.24525869926,8.2452586993,8.2452586993,8.2452586993,8.2452586992,8.2452586993,8.24525869939,8.24525869939,8.24525869941,8.24525869941,8.24525869935,8.24525869932,8.24525869932,8.24525869932,8.24525869932,8.24525869971,8.24525869971,8.24525869935,8.24525869935,8.24525869932,8.24525869932,8.24525869935,8.24525869975,8.24525869935,8.24525869935,8.24525869935,8.24525869935,8.2452586993,8.2452586993,8.2452586993,8.2452586993
"t3",4.6680525937,4.66805259371,4.66805259369,4.66805259369,4.66805259372,4.668052593655,4.668052593655,4.66805259367,4.6680525937,3.5708601562,3.5708601562,0,5.5174011105,5.51740111022,5.51740111022,5.51740111038,5.51740111038,5.51740111038,5.5174011103,5.5174011099,5.5174011099,5.5174011099,6.03212309729,6.03212309725,6.03212309725,6.03212309725,6.03212309725,6.03212309721,6.03212309721,6.03212309731,6.03212309725,6.03212309725,6.03212309725,6.03212309725,6.03212309789,6.03212309789,6.03212309789,6.03212309769,6.03212309769,6.032123097762,6.032123097762,6.032123097692,6.032123097692,6.032123097792,6.03212309779,6.03212309779,6.3950615439,6.3950615439,8.24525869948,8.24525869948,8.2452586995,8.2452586995,8.2452586995,8.24525869956,8.24525869956,8.2452586995,8.2452586995,8.245258699,8.245258699,8.2452586988,8.2452586988,8.2452586988,8.2452586989,8.2452586989,8.2452586991,8.24525869905,8.24525869905,8.24525869905,8.2452586991,8.24525869906,8.2452586991,8.2452586991,8.2452586991,8.245258699,8.2452586991,8.24525869919,8.24525869919,8.24525869921,8.24525869921,8.24525869915,8.24525869912,8.24525869912,8.24525869912,8.24525869912,8.24525869951,8.24525869951,8.24525869915,8.24525869915,8.24525869912,8.24525869912,8.24525869915,8.24525869955,8.24525869915,8.24525869915,8.24525869915,8.24525869915,8.2452586991,8.2452586991,8.2452586991,8.2452586991
"t9",5.5174011106,5.51740111061,5.51740111059,5.51740111059,5.51740111062,5.517401110555,5.517401110555,5.51740111057,5.5174011106,5.5174011107,5.5174011107,5.5174011105,0,2.48556904372,2.48556904372,3.68067961968,3.68067961968,3.68067961968,3.6806796196,3.6806796192,3.6806796192,3.6806796192,6.03212309759,6.03212309755,6.03212309755,6.03212309755,6.03212309755,6.03212309751,6.03212309751,6.03212309761,6.03212309755,6.03212309755,6.03212309755,6.03212309755,6.03212309819,6.03212309819,6.03212309819,6.03212309799,6.03212309799,6.032123098062,6.032123098062,6.032123097992,6.032123097992,6.032123098092,6.03212309809,6.03212309809,6.3950615442,6.3950615442,8.24525869978,8.24525869978,8.2452586998,8.2452586998,8.2452586998,8.24525869986,8.24525869986,8.2452586998,8.2452586998,8.2452586993,8.2452586993,8.2452586991,8.2452586991,8.2452586991,8.2452586992,8.2452586992,8.2452586994,8.24525869935,8.24525869935,8.24525869935,8.2452586994,8.24525869936,8.2452586994,8.2452586994,8.2452586994,8.2452586993,8.2452586994,8.24525869949,8.24525869949,8.24525869951,8.24525869951,8.24525869945,8.24525869942,8.24525869942,8.24525869942,8.24525869942,8.24525869981,8.24525869981,8.24525869945,8.24525869945,8.24525869942,8.24525869942,8.24525869945,8.24525869985,8.24525869945,8.24525869945,8.24525869945,8.24525869945,8.2452586994,8.2452586994,8.2452586994,8.2452586994
"t89",5.51740111032,5.51740111033,5.51740111031,5.51740111031,5.51740111034,5.517401110275,5.517401110275,5.51740111029,5.51740111032,5.51740111042,5.51740111042,5.51740111022,2.48556904372,0,0.08223337144,3.6806796194,3.6806796194,3.6806796194,3.68067961932,3.68067961892,3.68067961892,3.68067961892,6.03212309731,6.03212309727,6.03212309727,6.03212309727,6.03212309727,6.03212309723,6.03212309723,6.03212309733,6.03212309727,6.03212309727,6.03212309727,6.03212309727,6.03212309791,6.03212309791,6.03212309791,6.03212309771,6.03212309771,6.032123097782,6.032123097782,6.032123097712,6.032123097712,6.032123097812,6.03212309781,6.03212309781,6.39506154392,6.39506154392,8.2452586995,8.2452586995,8.24525869952,8.24525869952,8.24525869952,8.24525869958,8.24525869958,8.24525869952,8.24525869952,8.24525869902,8.24525869902,8.24525869882,8.24525869882,8.24525869882,8.24525869892,8.24525869892,8.24525869912,8.24525869907,8.24525869907,8.24525869907,8.24525869912,8.24525869908,8.24525869912,8.24525869912,8.24525869912,8.24525869902,8.24525869912,8.24525869921,8.24525869921,8.24525869923,8.24525869923,8.24525869917,8.24525869914,8.24525869914,8.24525869914,8.24525869914,8.24525869953,8.24525869953,8.24525869917,8.24525869917,8.24525869914,8.24525869914,8.24525869917,8.24525869957,8.24525869917,8.24525869917,8.24525869917,8.24525869917,8.24525869912,8.24525869912,8.24525869912,8.24525869912
"t90",5.51740111032,5.51740111033,5.51740111031,5.51740111031,5.51740111034,5.517401110275,5.517401110275,5.51740111029,5.51740111032,5.51740111042,5.51740111042,5.51740111022,2.48556904372,0.08223337144,0,3.6806796194,3.6806796194,3.6806796194,3.68067961932,3.68067961892,3.68067961892,3.68067961892,6.03212309731,6.03212309727,6.03212309727,6.03212309727,6.03212309727,6.03212309723,6.03212309723,6.03212309733,6.03212309727,6.03212309727,6.03212309727,6.03212309727,6.03212309791,6.03212309791,6.03212309791,6.03212309771,6.03212309771,6.032123097782,6.032123097782,6.032123097712,6.032123097712,6.032123097812,6.03212309781,6.03212309781,6.39506154392,6.39506154392,8.2452586995,8.2452586995,8.24525869952,8.24525869952,8.24525869952,8.24525869958,8.24525869958,8.24525869952,8.24525869952,8.24525869902,8.24525869902,8.24525869882,8.24525869882,8.24525869882,8.24525869892,8.24525869892,8.24525869912,8.24525869907,8.24525869907,8.24525869907,8.24525869912,8.24525869908,8.24525869912,8.24525869912,8.24525869912,8.24525869902,8.24525869912,8.24525869921,8.24525869921,8.24525869923,8.24525869923,8.24525869917,8.24525869914,8.24525869914,8.24525869914,8.24525869914,8.24525869953,8.24525869953,8.24525869917,8.24525869917,8.24525869914,8.24525869914,8.24525869917,8.24525869957,8.24525869917,8.24525869917,8.24525869917,8.24525869917,8.24525869912,8.24525869912,8.24525869912,8.24525869912
"t47",5.51740111048,5.51740111049,5.51740111047,5.51740111047,5.5174011105,5.517401110435,5.517401110435,5.51740111045,5.51740111048,5.51740111058,5.51740111058,5.51740111038,3.68067961968,3.6806796194,3.6806796194,0,0.8116433802,1.0918714072,1.12345606788,2.22643005648,3.23338014948,3.23338014948,6.03212309747,6.03212309743,6.03212309743,6.03212309743,6.03212309743,6.03212309739,6.03212309739,6.03212309749,6.03212309743,6.03212309743,6.03212309743,6.03212309743,6.03212309807,6.03212309807,6.03212309807,6.03212309787,6.03212309787,6.032123097942,6.032123097942,6.032123097872,6.032123097872,6.032123097972,6.03212309797,6.03212309797,6.39506154408,6.39506154408,8.24525869966,8.24525869966,8.24525869968,8.24525869968,8.24525869968,8.24525869974,8.24525869974,8.24525869968,8.24525869968,8.24525869918,8.24525869918,8.24525869898,8.24525869898,8.24525869898,8.24525869908,8.24525869908,8.24525869928,8.24525869923,8.24525869923,8.24525869923,8.24525869928,8.24525869924,8.24525869928,8.24525869928,8.24525869928,8.24525869918,8.24525869928,8.24525869937,8.24525869937,8.24525869939,8.24525869939,8.24525869933,8.2452586993,8.2452586993,8.2452586993,8.2452586993,8.24525869969,8.24525869969,8.24525869933,8.24525869933,8.2452586993,8.2452586993,8.24525869933,8.24525869973,8.24525869933,8.24525869933,8.24525869933,8.24525869933,8.24525869928,8.24525869928,8.24525869928,8.24525869928
"t48",5.51740111048,5.51740111049,5.51740111047,5.51740111047,5.5174011105,5.517401110435,5.517401110435,5.51740111045,5.51740111048,5.51740111058,5.51740111058,5.51740111038,3.68067961968,3.6806796194,3.6806796194,0.8116433802,0,1.0918714072,1.12345606788,2.22643005648,3.23338014948,3.23338014948,6.03212309747,6.03212309743,6.03212309743,6.03212309743,6.03212309743,6.03212309739,6.03212309739,6.03212309749,6.03212309743,6.03212309743,6.03212309743,6.03212309743,6.03212309807,6.03212309807,6.03212309807,6.03212309787,6.03212309787,6.032123097942,6.032123097942,6.032123097872,6.032123097872,6.032123097972,6.03212309797,6.03212309797,6.39506154408,6.39506154408,8.24525869966,8.24525869966,8.24525869968,8.24525869968,8.24525869968,8.24525869974,8.24525869974,8.24525869968,8.24525869968,8.24525869918,8.24525869918,8.24525869898,8.24525869898,8.24525869898,8.24525869908,8.24525869908,8.24525869928,8.24525869923,8.24525869923,8.24525869923,8.24525869928,8.24525869924,8.24525869928,8.24525869928,8.24525869928,8.24525869918,8.24525869928,8.24525869937,8.24525869937,8.24525869939,8.24525869939,8.24525869933,8.2452586993,8.2452586993,8.2452586993,8.2452586993,8.24525869969,8.24525869969,8.24525869933,8.24525869933,8.2452586993,8.2452586993,8.24525869933,8.24525869973,8.24525869933,8.24525869933,8.24525869933,8.24525869933,8.24525869928,8.24525869928,8.24525869928,8.24525869928
"t32",5.51740111048,5.51740111049,5.51740111047,5.51740111047,5.5174011105,5.517401110435,5.517401110435,5.51740111045,5.51740111048,5.51740111058,5.51740111058,5.51740111038,3.68067961968,3.6806796194,3.6806796194,1.0918714072,1.0918714072,0,1.12345606788,2.22643005648,3.23338014948,3.23338014948,6.03212309747,6.03212309743,6.03212309743,6.03212309743,6.03212309743,6.03212309739,6.03212309739,6.03212309749,6.03212309743,6.03212309743,6.03212309743,6.03212309743,6.03212309807,6.03212309807,6.03212309807,6.03212309787,6.03212309787,6.032123097942,6.032123097942,6.032123097872,6.032123097872,6.032123097972,6.03212309797,6.03212309797,6.39506154408,6.39506154408,8.24525869966,8.24525869966,8.24525869968,8.24525869968,8.24525869968,8.24525869974,8.24525869974,8.24525869968,8.24525869968,8.24525869918,8.24525869918,8.24525869898,8.24525869898,8.24525869898,8.24525869908,8.24525869908,8.24525869928,8.24525869923,8.24525869923,8.24525869923,8.24525869928,8.24525869924,8.24525869928,8.24525869928,8.24525869928,8.24525869918,8.24525869928,8.24525869937,8.24525869937,8.24525869939,8.24525869939,8.24525869933,8.2452586993,8.2452586993,8.2452586993,8.2452586993,8.24525869969,8.24525869969,8.24525869933,8.24525869933,8.2452586993,8.2452586993,8.24525869933,8.24525869973,8.24525869933,8.24525869933,8.24525869933,8.24525869933,8.24525869928,8.24525869928,8.24525869928,8.24525869928
"t29",5.5174011104,5.51740111041,5.51740111039,5.51740111039,5.51740111042,5.517401110355,5.517401110355,5.51740111037,5.5174011104,5.5174011105,5.5174011105,5.5174011103,3.6806796196,3.68067961932,3.68067961932,1.12345606788,1.12345606788,1.12345606788,0,2.2264300564,3.2333801494,3.2333801494,6.03212309739,6.03212309735,6.03212309735,6.03212309735,6.03212309735,6.03212309731,6.03212309731,6.03212309741,6.03212309735,6.03212309735,6.03212309735,6.03212309735,6.03212309799,6.03212309799,6.03212309799,6.03212309779,6.03212309779,6.032123097862,6.032123097862,6.032123097792,6.032123097792,6.032123097892,6.03212309789,6.03212309789,6.395061544,6.395061544,8.24525869958,8.24525869958,8.2452586996,8.2452586996,8.2452586996,8.24525869966,8.24525869966,8.2452586996,8.2452586996,8.2452586991,8.2452586991,8.2452586989,8.2452586989,8.2452586989,8.245258699,8.245258699,8.2452586992,8.24525869915,8.24525869915,8.24525869915,8.2452586992,8.24525869916,8.2452586992,8.2452586992,8.2452586992,8.2452586991,8.2452586992,8.24525869929,8.24525869929,8.24525869931,8.24525869931,8.24525869925,8.24525869922,8.24525869922,8.24525869922,8.24525869922,8.24525869961,8.24525869961,8.24525869925,8.24525869925,8.24525869922,8.24525869922,8.24525869925,8.24525869965,8.24525869925,8.24525869925,8.24525869925,8.24525869925,8.2452586992,8.2452586992,8.2452586992,8.2452586992
"t11",5.51740111,5.51740111001,5.51740110999,5.51740110999,5.51740111002,5.517401109955,5.517401109955,5.51740110997,5.51740111,5.5174011101,5.5174011101,5.5174011099,3.6806796192,3.68067961892,3.68067961892,2.22643005648,2.22643005648,2.22643005648,2.2264300564,0,3.233380149,3.233380149,6.03212309699,6.03212309695,6.03212309695,6.03212309695,6.03212309695,6.03212309691,6.03212309691,6.03212309701,6.03212309695,6.03212309695,6.03212309695,6.03212309695,6.03212309759,6.03212309759,6.03212309759,6.03212309739,6.03212309739,6.032123097462,6.032123097462,6.032123097392,6.032123097392,6.032123097492,6.03212309749,6.03212309749,6.3950615436,6.3950615436,8.24525869918,8.24525869918,8.2452586992,8.2452586992,8.2452586992,8.24525869926,8.24525869926,8.2452586992,8.2452586992,8.2452586987,8.2452586987,8.2452586985,8.2452586985,8.2452586985,8.2452586986,8.2452586986,8.2452586988,8.24525869875,8.24525869875,8.24525869875,8.2452586988,8.24525869876,8.2452586988,8.2452586988,8.2452586988,8.2452586987,8.2452586988,8.24525869889,8.24525869889,8.24525869891,8.24525869891,8.24525869885,8.24525869882,8.24525869882,8.24525869882,8.24525869882,8.24525869921,8.24525869921,8.24525869885,8.24525869885,8.24525869882,8.24525869882,8.24525869885,8.24525869925,8.24525869885,8.24525869885,8.24525869885,8.24525869885,8.2452586988,8.2452586988,8.2452586988,8.2452586988
"t51",5.51740111,5.51740111001,5.51740110999,5.51740110999,5.51740111002,5.517401109955,5.517401109955,5.51740110997,5.51740111,5.5174011101,5.5174011101,5.5174011099,3.6806796192,3.68067961892,3.68067961892,3.23338014948,3.23338014948,3.23338014948,3.2333801494,3.233380149,0,0.699392261,6.03212309699,6.03212309695,6.03212309695,6.03212309695,6.03212309695,6.03212309691,6.03212309691,6.03212309701,6.03212309695,6.03212309695,6.03212309695,6.03212309695,6.03212309759,6.03212309759,6.03212309759,6.03212309739,6.03212309739,6.032123097462,6.032123097462,6.032123097392,6.032123097392,6.032123097492,6.03212309749,6.03212309749,6.3950615436,6.3950615436,8.24525869918,8.24525869918,8.2452586992,8.2452586992,8.2452586992,8.24525869926,8.24525869926,8.2452586992,8.2452586992,8.2452586987,8.2452586987,8.2452586985,8.2452586985,8.2452586985,8.2452586986,8.2452586986,8.2452586988,8.24525869875,8.24525869875,8.24525869875,8.2452586988,8.24525869876,8.2452586988,8.2452586988,8.2452586988,8.2452586987,8.2452586988,8.24525869889,8.24525869889,8.24525869891,8.24525869891,8.24525869885,8.24525869882,8.24525869882,8.24525869882,8.24525869882,8.24525869921,8.24525869921,8.24525869885,8.24525869885,8.24525869882,8.24525869882,8.24525869885,8.24525869925,8.24525869885,8.24525869885,8.24525869885,8.24525869885,8.2452586988,8.2452586988,8.2452586988,8.2452586988
"t52",5.51740111,5.51740111001,5.51740110999,5.51740110999,5.51740111002,5.517401109955,5.517401109955,5.51740110997,5.51740111,5.5174011101,5.5174011101,5.5174011099,3.6806796192,3.68067961892,3.68067961892,3.23338014948,3.23338014948,3.23338014948,3.2333801494,3.233380149,0.699392261,0,6.03212309699,6.03212309695,6.03212309695,6.03212309695,6.03212309695,6.03212309691,6.03212309691,6.03212309701,6.03212309695,6.03212309695,6.03212309695,6.03212309695,6.03212309759,6.03212309759,6.03212309759,6.03212309739,6.03212309739,6.032123097462,6.032123097462,6.032123097392,6.032123097392,6.032123097492,6.03212309749,6.03212309749,6.3950615436,6.3950615436,8.24525869918,8.24525869918,8.2452586992,8.2452586992,8.2452586992,8.24525869926,8.24525869926,8.2452586992,8.2452586992,8.2452586987,8.2452586987,8.2452586985,8.2452586985,8.2452586985,8.2452586986,8.2452586986,8.2452586988,8.24525869875,8.24525869875,8.24525869875,8.2452586988,8.24525869876,8.2452586988,8.2452586988,8.2452586988,8.2452586987,8.2452586988,8.24525869889,8.24525869889,8.24525869891,8.24525869891,8.24525869885,8.24525869882,8.24525869882,8.24525869882,8.24525869882,8.24525869921,8.24525869921,8.24525869885,8.24525869885,8.24525869882,8.24525869882,8.24525869885,8.24525869925,8.24525869885,8.24525869885,8.24525869885,8.24525869885,8.2452586988,8.2452586988,8.2452586988,8.2452586988
"t18",6.03212309739,6.0321230974,6.03212309738,6.03212309738,6.03212309741,6.032123097345,6.032123097345,6.03212309736,6.03212309739,6.03212309749,6.03212309749,6.03212309729,6.03212309759,6.03212309731,6.03212309731,6.03212309747,6.03212309747,6.03212309747,6.03212309739,6.03212309699,6.03212309699,6.03212309699,0,1.83273111576,1.83273111576,1.83273111576,1.83273111576,1.83273111572,1.83273111572,1.83273111582,1.83273111576,1.83273111576,1.83273111576,1.83273111576,5.8578689184,5.8578689184,5.8578689184,5.8578689182,5.8578689182,5.857868918272,5.857868918272,5.857868918202,5.857868918202,5.857868918302,5.8578689183,5.8578689183,6.39506154379,6.39506154379,8.24525869937,8.24525869937,8.24525869939,8.24525869939,8.24525869939,8.24525869945,8.24525869945,8.24525869939,8.24525869939,8.24525869889,8.24525869889,8.24525869869,8.24525869869,8.24525869869,8.24525869879,8.24525869879,8.24525869899,8.24525869894,8.24525869894,8.24525869894,8.24525869899,8.24525869895,8.24525869899,8.24525869899,8.24525869899,8.24525869889,8.24525869899,8.24525869908,8.24525869908,8.2452586991,8.2452586991,8.24525869904,8.24525869901,8.24525869901,8.24525869901,8.24525869901,8.2452586994,8.2452586994,8.24525869904,8.24525869904,8.24525869901,8.24525869901,8.24525869904,8.24525869944,8.24525869904,8.24525869904,8.24525869904,8.24525869904,8.24525869899,8.24525869899,8.24525869899,8.24525869899
"t33",6.03212309735,6.03212309736,6.03212309734,6.03212309734,6.03212309737,6.032123097305,6.032123097305,6.03212309732,6.03212309735,6.03212309745,6.03212309745,6.03212309725,6.03212309755,6.03212309727,6.03212309727,6.03212309743,6.03212309743,6.03212309743,6.03212309735,6.03212309695,6.03212309695,6.03212309695,1.83273111576,0,1.0067503168,1.5352380406,1.5352380406,1.53523804056,1.53523804056,1.53523804066,1.7815737368,1.7815737368,1.7815737368,1.7815737368,5.85786891836,5.85786891836,5.85786891836,5.85786891816,5.85786891816,5.857868918232,5.857868918232,5.857868918162,5.857868918162,5.857868918262,5.85786891826,5.85786891826,6.39506154375,6.39506154375,8.24525869933,8.24525869933,8.24525869935,8.24525869935,8.24525869935,8.24525869941,8.24525869941,8.24525869935,8.24525869935,8.24525869885,8.24525869885,8.24525869865,8.24525869865,8.24525869865,8.24525869875,8.24525869875,8.24525869895,8.2452586989,8.2452586989,8.2452586989,8.24525869895,8.24525869891,8.24525869895,8.24525869895,8.24525869895,8.24525869885,8.24525869895,8.24525869904,8.24525869904,8.24525869906,8.24525869906,8.245258699,8.24525869897,8.24525869897,8.24525869897,8.24525869897,8.24525869936,8.24525869936,8.245258699,8.245258699,8.24525869897,8.24525869897,8.245258699,8.2452586994,8.245258699,8.245258699,8.245258699,8.245258699,8.24525869895,8.24525869895,8.24525869895,8.24525869895
"t34",6.03212309735,6.03212309736,6.03212309734,6.03212309734,6.03212309737,6.032123097305,6.032123097305,6.03212309732,6.03212309735,6.03212309745,6.03212309745,6.03212309725,6.03212309755,6.03212309727,6.03212309727,6.03212309743,6.03212309743,6.03212309743,6.03212309735,6.03212309695,6.03212309695,6.03212309695,1.83273111576,1.0067503168,0,1.5352380406,1.5352380406,1.53523804056,1.53523804056,1.53523804066,1.7815737368,1.7815737368,1.7815737368,1.7815737368,5.85786891836,5.85786891836,5.85786891836,5.85786891816,5.85786891816,5.857868918232,5.857868918232,5.857868918162,5.857868918162,5.857868918262,5.85786891826,5.85786891826,6.39506154375,6.39506154375,8.24525869933,8.24525869933,8.24525869935,8.24525869935,8.24525869935,8.24525869941,8.24525869941,8.24525869935,8.24525869935,8.24525869885,8.24525869885,8.24525869865,8.24525869865,8.24525869865,8.24525869875,8.24525869875,8.24525869895,8.2452586989,8.2452586989,8.2452586989,8.24525869895,8.24525869891,8.24525869895,8.24525869895,8.24525869895,8.24525869885,8.24525869895,8.24525869904,8.24525869904,8.24525869906,8.24525869906,8.245258699,8.24525869897,8.24525869897,8.24525869897,8.24525869897,8.24525869936,8.24525869936,8.245258699,8.245258699,8.24525869897,8.24525869897,8.245258699,8.2452586994,8.245258699,8.245258699,8.245258699,8.245258699,8.24525869895,8.24525869895,8.24525869895,8.24525869895
"t73",6.03212309735,6.03212309736,6.03212309734,6.03212309734,6.03212309737,6.032123097305,6.032123097305,6.03212309732,6.03212309735,6.03212309745,6.03212309745,6.03212309725,6.03212309755,6.03212309727,6.03212309727,6.03212309743,6.03212309743,6.03212309743,6.03212309735,6.03212309695,6.03212309695,6.03212309695,1.83273111576,1.5352380406,1.5352380406,0,0.3646671254,1.11407781236,1.11407781236,1.11407781246,1.7815737368,1.7815737368,1.7815737368,1.7815737368,5.85786891836,5.85786891836,5.85786891836,5.85786891816,5.85786891816,5.857868918232,5.857868918232,5.857868918162,5.857868918162,5.857868918262,5.85786891826,5.85786891826,6.39506154375,6.39506154375,8.24525869933,8.24525869933,8.24525869935,8.24525869935,8.24525869935,8.24525869941,8.24525869941,8.24525869935,8.24525869935,8.24525869885,8.24525869885,8.24525869865,8.24525869865,8.24525869865,8.24525869875,8.24525869875,8.24525869895,8.2452586989,8.2452586989,8.2452586989,8.24525869895,8.24525869891,8.24525869895,8.24525869895,8.24525869895,8.24525869885,8.24525869895,8.24525869904,8.24525869904,8.24525869906,8.24525869906,8.245258699,8.24525869897,8.24525869897,8.24525869897,8.24525869897,8.24525869936,8.24525869936,8.245258699,8.245258699,8.24525869897,8.24525869897,8.245258699,8.2452586994,8.245258699,8.245258699,8.245258699,8.245258699,8.24525869895,8.24525869895,8.24525869895,8.24525869895
"t74",6.03212309735,6.03212309736,6.03212309734,6.03212309734,6.03212309737,6.032123097305,6.032123097305,6.03212309732,6.03212309735,6.03212309745,6.03212309745,6.03212309725,6.03212309755,6.03212309727,6.03212309727,6.03212309743,6.03212309743,6.03212309743,6.03212309735,6.03212309695,6.03212309695,6.03212309695,1.83273111576,1.5352380406,1.5352380406,0.3646671254,0,1.11407781236,1.11407781236,1.11407781246,1.7815737368,1.7815737368,1.7815737368,1.7815737368,5.85786891836,5.85786891836,5.85786891836,5.85786891816,5.85786891816,5.857868918232,5.857868918232,5.857868918162,5.857868918162,5.857868918262,5.85786891826,5.85786891826,6.39506154375,6.39506154375,8.24525869933,8.24525869933,8.24525869935,8.24525869935,8.24525869935,8.24525869941,8.24525869941,8.24525869935,8.24525869935,8.24525869885,8.24525869885,8.24525869865,8.24525869865,8.24525869865,8.24525869875,8.24525869875,8.24525869895,8.2452586989,8.2452586989,8.2452586989,8.24525869895,8.24525869891,8.24525869895,8.24525869895,8.24525869895,8.24525869885,8.24525869895,8.24525869904,8.24525869904,8.24525869906,8.24525869906,8.245258699,8.24525869897,8.24525869897,8.24525869897,8.24525869897,8.24525869936,8.24525869936,8.245258699,8.245258699,8.24525869897,8.24525869897,8.245258699,8.2452586994,8.245258699,8.245258699,8.245258699,8.245258699,8.24525869895,8.24525869895,8.24525869895,8.24525869895
"t78",6.03212309731,6.03212309732,6.0321230973,6.0321230973,6.03212309733,6.032123097265,6.032123097265,6.03212309728,6.03212309731,6.03212309741,6.03212309741,6.03212309721,6.03212309751,6.03212309723,6.03212309723,6.03212309739,6.03212309739,6.03212309739,6.03212309731,6.03212309691,6.03212309691,6.03212309691,1.83273111572,1.53523804056,1.53523804056,1.11407781236,1.11407781236,0,0.2824547872,0.9682833263,1.78157373676,1.78157373676,1.78157373676,1.78157373676,5.85786891832,5.85786891832,5.85786891832,5.85786891812,5.85786891812,5.857868918192,5.857868918192,5.857868918122,5.857868918122,5.857868918222,5.85786891822,5.85786891822,6.39506154371,6.39506154371,8.24525869929,8.24525869929,8.24525869931,8.24525869931,8.24525869931,8.24525869937,8.24525869937,8.24525869931,8.24525869931,8.24525869881,8.24525869881,8.24525869861,8.24525869861,8.24525869861,8.24525869871,8.24525869871,8.24525869891,8.24525869886,8.24525869886,8.24525869886,8.24525869891,8.24525869887,8.24525869891,8.24525869891,8.24525869891,8.24525869881,8.24525869891,8.245258699,8.245258699,8.24525869902,8.24525869902,8.24525869896,8.24525869893,8.24525869893,8.24525869893,8.24525869893,8.24525869932,8.24525869932,8.24525869896,8.24525869896,8.24525869893,8.24525869893,8.24525869896,8.24525869936,8.24525869896,8.24525869896,8.24525869896,8.24525869896,8.24525869891,8.24525869891,8.24525869891,8.24525869891
