"","t58","t59","t15","t14","t76","t77","t48","t40","t41","t24","t25","t13","t30","t31","t82","t83","t9","t85","t86","t57","t65","t71","t72","t45","t51","t99","t100","t66","t67","t32","t10","t2","t26","t78","t79","t70","t61","t62","t80","t81","t54","t44","t95","t96","t97","t98","t42","t52","t53","t22","t23","t28","t29","t74","t75","t47","t68","t69","t11","t1","t4","t5","t49","t50","t56","t91","t92","t73","t27","t8","t43","t93","t94","t84","t63","t64","t7","t6","t19","t35","t38","t39","t20","t21","t36","t37","t12","t33","t34","t46","t89","t90","t18","t16","t17","t55","t60","t87","t88","t3"
"t58",0,0.476474663,1.9064180529,1.95461378154,2.67088222344,2.67088222344,2.67088222344,2.67088222331,2.67088222331,3.61799236052,3.61799236052,3.61799236092,3.61799236055,3.61799236055,3.61799236087,3.61799236087,3.61799236005,5.94404253037,5.94404253037,5.94404253034,5.94404253031,5.94404253037,5.94404253037,5.94404253035,5.94404253035,5.9440425302676,5.9440425302676,5.94404253035,5.94404253035,5.94404253034,5.94404253054,5.94404253034,5.94404253054,5.94404253052,5.94404253052,5.94404253054,5.94404253054,5.94404253054,7.9039014046,7.9039014046,7.90390140464,7.90390140464,7.90390140461,7.90390140461,7.90390140461,7.90390140461,7.9039014046,7.9039014046,7.9039014046,7.90390140466,7.90390140466,7.90390140399,7.90390140399,7.90390140394,7.90390140394,7.90390140394,7.90390140434,7.90390140434,7.90390140404,7.90390140394,7.90390140477,7.90390140477,7.90390140427,7.90390140427,7.90390140427,7.90390140425,7.90390140425,7.90390140427,7.90390140427,7.90390140474,7.90390140424,7.903901404262,7.903901404262,7.903901404272,7.903901404282,7.903901404282,7.90390140464,7.90390140404,7.90390140434,7.90390140434,7.90390140427,7.90390140427,7.90390140434,7.90390140434,7.90390140434,7.90390140434,7.90390140474,7.90390140426,7.90390140426,7.90390140436,7.90390140442,7.90390140442,7.90390140434,9.39333945374,9.39333945374,9.39333945374,9.3933394537,9.39333945366,9.39333945366,9.39333945384
"t59",0.476474663,0,1.9064180529,1.95461378154,2.67088222344,2.67088222344,2.67088222344,2.67088222331,2.67088222331,3.61799236052,3.61799236052,3.61799236092,3.61799236055,3.61799236055,3.61799236087,3.61799236087,3.61799236005,5.94404253037,5.94404253037,5.94404253034,5.94404253031,5.94404253037,5.94404253037,5.94404253035,5.94404253035,5.9440425302676,5.9440425302676,5.94404253035,5.94404253035,5.94404253034,5.94404253054,5.94404253034,5.94404253054,5.94404253052,5.94404253052,5.94404253054,5.94404253054,5.94404253054,7.9039014046,7.9039014046,7.90390140464,7.90390140464,7.90390140461,7.90390140461,7.90390140461,7.90390140461,7.9039014046,7.9039014046,7.9039014046,7.90390140466,7.90390140466,7.90390140399,7.90390140399,7.90390140394,7.90390140394,7.90390140394,7.90390140434,7.90390140434,7.90390140404,7.90390140394,7.90390140477,7.90390140477,7.90390140427,7.90390140427,7.90390140427,7.90390140425,7.90390140425,7.90390140427,7.90390140427,7.90390140474,7.90390140424,7.903901404262,7.903901404262,7.903901404272,7.903901404282,7.903901404282,7.90390140464,7.90390140404,7.90390140434,7.90390140434,7.90390140427,7.90390140427,7.90390140434,7.90390140434,7.90390140434,7.90390140434,7.90390140474,7.90390140426,7.90390140426,7.90390140436,7.90390140442,7.90390140442,7.90390140434,9.39333945374,9.39333945374,9.39333945374,9.3933394537,9.39333945366,9.39333945366,9.39333945384
"t15",1.9064180529,1.9064180529,0,1.95461378164,2.67088222354,2.67088222354,2.67088222354,2.67088222341,2.67088222341,3.61799236062,3.61799236062,3.61799236102,3.61799236065,3.61799236065,3.61799236097,3.61799236097,3.61799236015,5.94404253047,5.94404253047,5.94404253044,5.94404253041,5.94404253047,5.94404253047,5.94404253045,5.94404253045,5.9440425303676,5.9440425303676,5.94404253045,5.94404253045,5.94404253044,5.94404253064,5.94404253044,5.94404253064,5.94404253062,5.94404253062,5.94404253064,5.94404253064,5.94404253064,7.9039014047,7.9039014047,7.90390140474,7.90390140474,7.90390140471,7.90390140471,7.90390140471,7.90390140471,7.9039014047,7.9039014047,7.9039014047,7.90390140476,7.90390140476,7.90390140409,7.90390140409,7.90390140404,7.90390140404,7.90390140404,7.90390140444,7.90390140444,7.90390140414,7.90390140404,7.90390140487,7.90390140487,7.90390140437,7.90390140437,7.90390140437,7.90390140435,7.90390140435,7.90390140437,7.90390140437,7.90390140484,7.90390140434,7.903901404362,7.903901404362,7.903901404372,7.903901404382,7.903901404382,7.90390140474,7.90390140414,7.90390140444,7.90390140444,7.90390140437,7.90390140437,7.90390140444,7.90390140444,7.90390140444,7.90390140444,7.90390140484,7.90390140436,7.90390140436,7.90390140446,7.90390140452,7.90390140452,7.90390140444,9.39333945384,9.39333945384,9.39333945384,9.3933394538,9.39333945376,9.39333945376,9.39333945394
"t14",1.95461378154,1.95461378154,1.95461378164,0,2.6708822235,2.6708822235,2.6708822235,2.67088222337,2.67088222337,3.61799236058,3.61799236058,3.61799236098,3.61799236061,3.61799236061,3.61799236093,3.61799236093,3.61799236011,5.94404253043,5.94404253043,5.9440425304,5.94404253037,5.94404253043,5.94404253043,5.94404253041,5.94404253041,5.9440425303276,5.9440425303276,5.94404253041,5.94404253041,5.9440425304,5.9440425306,5.9440425304,5.9440425306,5.94404253058,5.94404253058,5.9440425306,5.9440425306,5.9440425306,7.90390140466,7.90390140466,7.9039014047,7.9039014047,7.90390140467,7.90390140467,7.90390140467,7.90390140467,7.90390140466,7.90390140466,7.90390140466,7.90390140472,7.90390140472,7.90390140405,7.90390140405,7.903901404,7.903901404,7.903901404,7.9039014044,7.9039014044,7.9039014041,7.903901404,7.90390140483,7.90390140483,7.90390140433,7.90390140433,7.90390140433,7.90390140431,7.90390140431,7.90390140433,7.90390140433,7.9039014048,7.9039014043,7.903901404322,7.903901404322,7.903901404332,7.903901404342,7.903901404342,7.9039014047,7.9039014041,7.9039014044,7.9039014044,7.90390140433,7.90390140433,7.9039014044,7.9039014044,7.9039014044,7.9039014044,7.9039014048,7.90390140432,7.90390140432,7.90390140442,7.90390140448,7.90390140448,7.9039014044,9.3933394538,9.3933394538,9.3933394538,9.39333945376,9.39333945372,9.39333945372,9.3933394539
"t76",2.67088222344,2.67088222344,2.67088222354,2.6708822235,0,0.2028482948,0.8196793828,1.22401059487,1.22401059487,3.61799236068,3.61799236068,3.61799236108,3.61799236071,3.61799236071,3.61799236103,3.61799236103,3.61799236021,5.94404253053,5.94404253053,5.9440425305,5.94404253047,5.94404253053,5.94404253053,5.94404253051,5.94404253051,5.9440425304276,5.9440425304276,5.94404253051,5.94404253051,5.9440425305,5.9440425307,5.9440425305,5.9440425307,5.94404253068,5.94404253068,5.9440425307,5.9440425307,5.9440425307,7.90390140476,7.90390140476,7.9039014048,7.9039014048,7.90390140477,7.90390140477,7.90390140477,7.90390140477,7.90390140476,7.90390140476,7.90390140476,7.90390140482,7.90390140482,7.90390140415,7.90390140415,7.9039014041,7.9039014041,7.9039014041,7.9039014045,7.9039014045,7.9039014042,7.9039014041,7.90390140493,7.90390140493,7.90390140443,7.90390140443,7.90390140443,7.90390140441,7.90390140441,7.90390140443,7.90390140443,7.9039014049,7.9039014044,7.903901404422,7.903901404422,7.903901404432,7.903901404442,7.903901404442,7.9039014048,7.9039014042,7.9039014045,7.9039014045,7.90390140443,7.90390140443,7.9039014045,7.9039014045,7.9039014045,7.9039014045,7.9039014049,7.90390140442,7.90390140442,7.90390140452,7.90390140458,7.90390140458,7.9039014045,9.3933394539,9.3933394539,9.3933394539,9.39333945386,9.39333945382,9.39333945382,9.393339454
"t77",2.67088222344,2.67088222344,2.67088222354,2.6708822235,0.2028482948,0,0.8196793828,1.22401059487,1.22401059487,3.61799236068,3.61799236068,3.61799236108,3.61799236071,3.61799236071,3.61799236103,3.61799236103,3.61799236021,5.94404253053,5.94404253053,5.9440425305,5.94404253047,5.94404253053,5.94404253053,5.94404253051,5.94404253051,5.9440425304276,5.9440425304276,5.94404253051,5.94404253051,5.9440425305,5.9440425307,5.9440425305,5.9440425307,5.94404253068,5.94404253068,5.9440425307,5.9440425307,5.9440425307,7.90390140476,7.90390140476,7.9039014048,7.9039014048,7.90390140477,7.90390140477,7.90390140477,7.90390140477,7.90390140476,7.90390140476,7.90390140476,7.90390140482,7.90390140482,7.90390140415,7.90390140415,7.9039014041,7.9039014041,7.9039014041,7.9039014045,7.9039014045,7.9039014042,7.9039014041,7.90390140493,7.90390140493,7.90390140443,7.90390140443,7.90390140443,7.90390140441,7.90390140441,7.90390140443,7.90390140443,7.9039014049,7.9039014044,7.903901404422,7.903901404422,7.903901404432,7.903901404442,7.903901404442,7.9039014048,7.9039014042,7.9039014045,7.9039014045,7.90390140443,7.90390140443,7.9039014045,7.9039014045,7.9039014045,7.9039014045,7.9039014049,7.90390140442,7.90390140442,7.90390140452,7.90390140458,7.90390140458,7.9039014045,9.3933394539,9.3933394539,9.3933394539,9.39333945386,9.39333945382,9.39333945382,9.393339454
"t48",2.67088222344,2.67088222344,2.67088222354,2.6708822235,0.8196793828,0.8196793828,0,1.22401059487,1.22401059487,3.61799236068,3.61799236068,3.61799236108,3.61799236071,3.61799236071,3.61799236103,3.61799236103,3.61799236021,5.94404253053,5.94404253053,5.9440425305,5.94404253047,5.94404253053,5.94404253053,5.94404253051,5.94404253051,5.9440425304276,5.9440425304276,5.94404253051,5.94404253051,5.9440425305,5.9440425307,5.9440425305,5.9440425307,5.94404253068,5.94404253068,5.9440425307,5.9440425307,5.9440425307,7.90390140476,7.90390140476,7.9039014048,7.9039014048,7.90390140477,7.90390140477,7.90390140477,7.90390140477,7.90390140476,7.90390140476,7.90390140476,7.90390140482,7.90390140482,7.90390140415,7.90390140415,7.9039014041,7.9039014041,7.9039014041,7.9039014045,7.9039014045,7.9039014042,7.9039014041,7.90390140493,7.90390140493,7.90390140443,7.90390140443,7.90390140443,7.90390140441,7.90390140441,7.90390140443,7.90390140443,7.9039014049,7.9039014044,7.903901404422,7.903901404422,7.903901404432,7.903901404442,7.903901404442,7.9039014048,7.9039014042,7.9039014045,7.9039014045,7.90390140443,7.90390140443,7.9039014045,7.9039014045,7.9039014045,7.9039014045,7.9039014049,7.90390140442,7.90390140442,7.90390140452,7.90390140458,7.90390140458,7.9039014045,9.3933394539,9.3933394539,9.3933394539,9.39333945386,9.39333945382,9.39333945382,9.393339454
"t40",2.67088222331,2.67088222331,2.67088222341,2.67088222337,1.22401059487,1.22401059487,1.22401059487,0,1.106850546,3.61799236055,3.61799236055,3.61799236095,3.61799236058,3.61799236058,3.6179923609,3.6179923609,3.61799236008,5.9440425304,5.9440425304,5.94404253037,5.94404253034,5.9440425304,5.9440425304,5.94404253038,5.94404253038,5.9440425302976,5.9440425302976,5.94404253038,5.94404253038,5.94404253037,5.94404253057,5.94404253037,5.94404253057,5.94404253055,5.94404253055,5.94404253057,5.94404253057,5.94404253057,7.90390140463,7.90390140463,7.90390140467,7.90390140467,7.90390140464,7.90390140464,7.90390140464,7.90390140464,7.90390140463,7.90390140463,7.90390140463,7.90390140469,7.90390140469,7.90390140402,7.90390140402,7.90390140397,7.90390140397,7.90390140397,7.90390140437,7.90390140437,7.90390140407,7.90390140397,7.9039014048,7.9039014048,7.9039014043,7.9039014043,7.9039014043,7.90390140428,7.90390140428,7.9039014043,7.9039014043,7.90390140477,7.90390140427,7.903901404292,7.903901404292,7.903901404302,7.903901404312,7.903901404312,7.90390140467,7.90390140407,7.90390140437,7.90390140437,7.9039014043,7.9039014043,7.90390140437,7.90390140437,7.90390140437,7.90390140437,7.90390140477,7.90390140429,7.90390140429,7.90390140439,7.90390140445,7.90390140445,7.90390140437,9.39333945377,9.39333945377,9.39333945377,9.39333945373,9.39333945369,9.39333945369,9.39333945387
"t41",2.67088222331,2.67088222331,2.67088222341,2.67088222337,1.22401059487,1.22401059487,1.22401059487,1.106850546,0,3.61799236055,3.61799236055,3.61799236095,3.61799236058,3.61799236058,3.6179923609,3.6179923609,3.61799236008,5.9440425304,5.9440425304,5.94404253037,5.94404253034,5.9440425304,5.9440425304,5.94404253038,5.94404253038,5.9440425302976,5.9440425302976,5.94404253038,5.94404253038,5.94404253037,5.94404253057,5.94404253037,5.94404253057,5.94404253055,5.94404253055,5.94404253057,5.94404253057,5.94404253057,7.90390140463,7.90390140463,7.90390140467,7.90390140467,7.90390140464,7.90390140464,7.90390140464,7.90390140464,7.90390140463,7.90390140463,7.90390140463,7.90390140469,7.90390140469,7.90390140402,7.90390140402,7.90390140397,7.90390140397,7.90390140397,7.90390140437,7.90390140437,7.90390140407,7.90390140397,7.9039014048,7.9039014048,7.9039014043,7.9039014043,7.9039014043,7.90390140428,7.90390140428,7.9039014043,7.9039014043,7.90390140477,7.90390140427,7.903901404292,7.903901404292,7.903901404302,7.903901404312,7.903901404312,7.90390140467,7.90390140407,7.90390140437,7.90390140437,7.9039014043,7.9039014043,7.90390140437,7.90390140437,7.90390140437,7.90390140437,7.90390140477,7.90390140429,7.90390140429,7.90390140439,7.90390140445,7.90390140445,7.90390140437,9.39333945377,9.39333945377,9.39333945377,9.39333945373,9.39333945369,9.39333945369,9.39333945387
"t24",3.61799236052,3.61799236052,3.61799236062,3.61799236058,3.61799236068,3.61799236068,3.61799236068,3.61799236055,3.61799236055,0,1.588387792,2.0048555036,2.13860650657,2.13860650657,3.56534938249,3.56534938249,3.56534938167,5.94404253041,5.94404253041,5.94404253038,5.94404253035,5.94404253041,5.94404253041,5.94404253039,5.94404253039,5.9440425303076,5.9440425303076,5.94404253039,5.94404253039,5.94404253038,5.94404253058,5.94404253038,5.94404253058,5.94404253056,5.94404253056,5.94404253058,5.94404253058,5.94404253058,7.90390140464,7.90390140464,7.90390140468,7.90390140468,7.90390140465,7.90390140465,7.90390140465,7.90390140465,7.90390140464,7.90390140464,7.90390140464,7.9039014047,7.9039014047,7.90390140403,7.90390140403,7.90390140398,7.90390140398,7.90390140398,7.90390140438,7.90390140438,7.90390140408,7.90390140398,7.90390140481,7.90390140481,7.90390140431,7.90390140431,7.90390140431,7.90390140429,7.90390140429,7.90390140431,7.90390140431,7.90390140478,7.90390140428,7.903901404302,7.903901404302,7.903901404312,7.903901404322,7.903901404322,7.90390140468,7.90390140408,7.90390140438,7.90390140438,7.90390140431,7.90390140431,7.90390140438,7.90390140438,7.90390140438,7.90390140438,7.90390140478,7.9039014043,7.9039014043,7.9039014044,7.90390140446,7.90390140446,7.90390140438,9.39333945378,9.39333945378,9.39333945378,9.39333945374,9.3933394537,9.3933394537,9.39333945388
"t25",3.61799236052,3.61799236052,3.61799236062,3.61799236058,3.61799236068,3.61799236068,3.61799236068,3.61799236055,3.61799236055,1.588387792,0,2.0048555036,2.13860650657,2.13860650657,3.56534938249,3.56534938249,3.56534938167,5.94404253041,5.94404253041,5.94404253038,5.94404253035,5.94404253041,5.94404253041,5.94404253039,5.94404253039,5.9440425303076,5.9440425303076,5.94404253039,5.94404253039,5.94404253038,5.94404253058,5.94404253038,5.94404253058,5.94404253056,5.94404253056,5.94404253058,5.94404253058,5.94404253058,7.90390140464,7.90390140464,7.90390140468,7.90390140468,7.90390140465,7.90390140465,7.90390140465,7.90390140465,7.90390140464,7.90390140464,7.90390140464,7.9039014047,7.9039014047,7.90390140403,7.90390140403,7.90390140398,7.90390140398,7.90390140398,7.90390140438,7.90390140438,7.90390140408,7.90390140398,7.90390140481,7.90390140481,7.90390140431,7.90390140431,7.90390140431,7.90390140429,7.90390140429,7.90390140431,7.90390140431,7.90390140478,7.90390140428,7.903901404302,7.903901404302,7.903901404312,7.903901404322,7.903901404322,7.90390140468,7.90390140408,7.90390140438,7.90390140438,7.90390140431,7.90390140431,7.90390140438,7.90390140438,7.90390140438,7.90390140438,7.90390140478,7.9039014043,7.9039014043,7.9039014044,7.90390140446,7.90390140446,7.90390140438,9.39333945378,9.39333945378,9.39333945378,9.39333945374,9.3933394537,9.3933394537,9.39333945388
"t13",3.61799236092,3.61799236092,3.61799236102,3.61799236098,3.61799236108,3.61799236108,3.61799236108,3.61799236095,3.61799236095,2.0048555036,2.0048555036,0,2.13860650697,2.13860650697,3.56534938289,3.56534938289,3.56534938207,5.94404253081,5.94404253081,5.94404253078,5.94404253075,5.94404253081,5.94404253081,5.94404253079,5.94404253079,5.9440425307076,5.9440425307076,5.94404253079,5.94404253079,5.94404253078,5.94404253098,5.94404253078,5.94404253098,5.94404253096,5.94404253096,5.94404253098,5.94404253098,5.94404253098,7.90390140504,7.90390140504,7.90390140508,7.90390140508,7.90390140505,7.90390140505,7.90390140505,7.90390140505,7.90390140504,7.90390140504,7.90390140504,7.9039014051,7.9039014051,7.90390140443,7.90390140443,7.90390140438,7.90390140438,7.90390140438,7.90390140478,7.90390140478,7.90390140448,7.90390140438,7.90390140521,7.90390140521,7.90390140471,7.90390140471,7.90390140471,7.90390140469,7.90390140469,7.90390140471,7.90390140471,7.90390140518,7.90390140468,7.903901404702,7.903901404702,7.903901404712,7.903901404722,7.903901404722,7.90390140508,7.90390140448,7.90390140478,7.90390140478,7.90390140471,7.90390140471,7.90390140478,7.90390140478,7.90390140478,7.90390140478,7.90390140518,7.9039014047,7.9039014047,7.9039014048,7.90390140486,7.90390140486,7.90390140478,9.39333945418,9.39333945418,9.39333945418,9.39333945414,9.3933394541,9.3933394541,9.39333945428
"t30",3.61799236055,3.61799236055,3.61799236065,3.61799236061,3.61799236071,3.61799236071,3.61799236071,3.61799236058,3.61799236058,2.13860650657,2.13860650657,2.13860650697,0,1.4792817358,3.56534938252,3.56534938252,3.5653493817,5.94404253044,5.94404253044,5.94404253041,5.94404253038,5.94404253044,5.94404253044,5.94404253042,5.94404253042,5.9440425303376,5.9440425303376,5.94404253042,5.94404253042,5.94404253041,5.94404253061,5.94404253041,5.94404253061,5.94404253059,5.94404253059,5.94404253061,5.94404253061,5.94404253061,7.90390140467,7.90390140467,7.90390140471,7.90390140471,7.90390140468,7.90390140468,7.90390140468,7.90390140468,7.90390140467,7.90390140467,7.90390140467,7.90390140473,7.90390140473,7.90390140406,7.90390140406,7.90390140401,7.90390140401,7.90390140401,7.90390140441,7.90390140441,7.90390140411,7.90390140401,7.90390140484,7.90390140484,7.90390140434,7.90390140434,7.90390140434,7.90390140432,7.90390140432,7.90390140434,7.90390140434,7.90390140481,7.90390140431,7.903901404332,7.903901404332,7.903901404342,7.903901404352,7.903901404352,7.90390140471,7.90390140411,7.90390140441,7.90390140441,7.90390140434,7.90390140434,7.90390140441,7.90390140441,7.90390140441,7.90390140441,7.90390140481,7.90390140433,7.90390140433,7.90390140443,7.90390140449,7.90390140449,7.90390140441,9.39333945381,9.39333945381,9.39333945381,9.39333945377,9.39333945373,9.39333945373,9.39333945391
"t31",3.61799236055,3.61799236055,3.61799236065,3.61799236061,3.61799236071,3.61799236071,3.61799236071,3.61799236058,3.61799236058,2.13860650657,2.13860650657,2.13860650697,1.4792817358,0,3.56534938252,3.56534938252,3.5653493817,5.94404253044,5.94404253044,5.94404253041,5.94404253038,5.94404253044,5.94404253044,5.94404253042,5.94404253042,5.9440425303376,5.9440425303376,5.94404253042,5.94404253042,5.94404253041,5.94404253061,5.94404253041,5.94404253061,5.94404253059,5.94404253059,5.94404253061,5.94404253061,5.94404253061,7.90390140467,7.90390140467,7.90390140471,7.90390140471,7.90390140468,7.90390140468,7.90390140468,7.90390140468,7.90390140467,7.90390140467,7.90390140467,7.90390140473,7.90390140473,7.90390140406,7.90390140406,7.90390140401,7.90390140401,7.90390140401,7.90390140441,7.90390140441,7.90390140411,7.90390140401,7.90390140484,7.90390140484,7.90390140434,7.90390140434,7.90390140434,7.90390140432,7.90390140432,7.90390140434,7.90390140434,7.90390140481,7.90390140431,7.903901404332,7.903901404332,7.903901404342,7.903901404352,7.903901404352,7.90390140471,7.90390140411,7.90390140441,7.90390140441,7.90390140434,7.90390140434,7.90390140441,7.90390140441,7.90390140441,7.90390140441,7.90390140481,7.90390140433,7.90390140433,7.90390140443,7.90390140449,7.90390140449,7.90390140441,9.39333945381,9.39333945381,9.39333945381,9.39333945377,9.39333945373,9.39333945373,9.39333945391
"t82",3.61799236087,3.61799236087,3.61799236097,3.61799236093,3.61799236103,3.61799236103,3.61799236103,3.6179923609,3.6179923609,3.56534938249,3.56534938249,3.56534938289,3.56534938252,3.56534938252,0,0.19157269564,2.47120957882,5.94404253076,5.94404253076,5.94404253073,5.9440425307,5.94404253076,5.94404253076,5.94404253074,5.94404253074,5.9440425306576,5.9440425306576,5.94404253074,5.94404253074,5.94404253073,5.94404253093,5.94404253073,5.94404253093,5.94404253091,5.94404253091,5.94404253093,5.94404253093,5.94404253093,7.90390140499,7.90390140499,7.90390140503,7.90390140503,7.903901405,7.903901405,7.903901405,7.903901405,7.90390140499,7.90390140499,7.90390140499,7.90390140505,7.90390140505,7.90390140438,7.90390140438,7.90390140433,7.90390140433,7.90390140433,7.90390140473,7.90390140473,7.90390140443,7.90390140433,7.90390140516,7.90390140516,7.90390140466,7.90390140466,7.90390140466,7.90390140464,7.90390140464,7.90390140466,7.90390140466,7.90390140513,7.90390140463,7.903901404652,7.903901404652,7.903901404662,7.903901404672,7.903901404672,7.90390140503,7.90390140443,7.90390140473,7.90390140473,7.90390140466,7.90390140466,7.90390140473,7.90390140473,7.90390140473,7.90390140473,7.90390140513,7.90390140465,7.90390140465,7.90390140475,7.90390140481,7.90390140481,7.90390140473,9.39333945413,9.39333945413,9.39333945413,9.39333945409,9.39333945405,9.39333945405,9.39333945423
"t83",3.61799236087,3.61799236087,3.61799236097,3.61799236093,3.61799236103,3.61799236103,3.61799236103,3.6179923609,3.6179923609,3.56534938249,3.56534938249,3.56534938289,3.56534938252,3.56534938252,0.19157269564,0,2.47120957882,5.94404253076,5.94404253076,5.94404253073,5.9440425307,5.94404253076,5.94404253076,5.94404253074,5.94404253074,5.9440425306576,5.9440425306576,5.94404253074,5.94404253074,5.94404253073,5.94404253093,5.94404253073,5.94404253093,5.94404253091,5.94404253091,5.94404253093,5.94404253093,5.94404253093,7.90390140499,7.90390140499,7.90390140503,7.90390140503,7.903901405,7.903901405,7.903901405,7.903901405,7.90390140499,7.90390140499,7.90390140499,7.90390140505,7.90390140505,7.90390140438,7.90390140438,7.90390140433,7.90390140433,7.90390140433,7.90390140473,7.90390140473,7.90390140443,7.90390140433,7.90390140516,7.90390140516,7.90390140466,7.90390140466,7.90390140466,7.90390140464,7.90390140464,7.90390140466,7.90390140466,7.90390140513,7.90390140463,7.903901404652,7.903901404652,7.903901404662,7.903901404672,7.903901404672,7.90390140503,7.90390140443,7.90390140473,7.90390140473,7.90390140466,7.90390140466,7.90390140473,7.90390140473,7.90390140473,7.90390140473,7.90390140513,7.90390140465,7.90390140465,7.90390140475,7.90390140481,7.90390140481,7.90390140473,9.39333945413,9.39333945413,9.39333945413,9.39333945409,9.39333945405,9.39333945405,9.39333945423
"t9",3.61799236005,3.61799236005,3.61799236015,3.61799236011,3.61799236021,3.61799236021,3.61799236021,3.61799236008,3.61799236008,3.56534938167,3.56534938167,3.56534938207,3.5653493817,3.5653493817,2.47120957882,2.47120957882,0,5.94404252994,5.94404252994,5.94404252991,5.94404252988,5.94404252994,5.94404252994,5.94404252992,5.94404252992,5.9440425298376,5.9440425298376,5.94404252992,5.94404252992,5.94404252991,5.94404253011,5.94404252991,5.94404253011,5.94404253009,5.94404253009,5.94404253011,5.94404253011,5.94404253011,7.90390140417,7.90390140417,7.90390140421,7.90390140421,7.90390140418,7.90390140418,7.90390140418,7.90390140418,7.90390140417,7.90390140417,7.90390140417,7.90390140423,7.90390140423,7.90390140356,7.90390140356,7.90390140351,7.90390140351,7.90390140351,7.90390140391,7.90390140391,7.90390140361,7.90390140351,7.90390140434,7.90390140434,7.90390140384,7.90390140384,7.90390140384,7.90390140382,7.90390140382,7.90390140384,7.90390140384,7.90390140431,7.90390140381,7.903901403832,7.903901403832,7.903901403842,7.903901403852,7.903901403852,7.90390140421,7.90390140361,7.90390140391,7.90390140391,7.90390140384,7.90390140384,7.90390140391,7.90390140391,7.90390140391,7.90390140391,7.90390140431,7.90390140383,7.90390140383,7.90390140393,7.90390140399,7.90390140399,7.90390140391,9.39333945331,9.39333945331,9.39333945331,9.39333945327,9.39333945323,9.39333945323,9.39333945341
"t85",5.94404253037,5.94404253037,5.94404253047,5.94404253043,5.94404253053,5.94404253053,5.94404253053,5.9440425304,5.9440425304,5.94404253041,5.94404253041,5.94404253081,5.94404253044,5.94404253044,5.94404253076,5.94404253076,5.94404252994,0,0.18471974206,1.58908122963,1.5890812296,1.58908122966,1.58908122966,2.80455402244,2.80455402244,2.8045540223576,2.8045540223576,2.80455402244,2.80455402244,2.80455402243,2.80455402263,4.74677387283,4.74677387303,4.74677387301,4.74677387301,4.74677387303,4.74677387303,4.74677387303,7.90390140449,7.90390140449,7.90390140453,7.90390140453,7.9039014045,7.9039014045,7.9039014045,7.9039014045,7.90390140449,7.90390140449,7.90390140449,7.90390140455,7.90390140455,7.90390140388,7.90390140388,7.90390140383,7.90390140383,7.90390140383,7.90390140423,7.90390140423,7.90390140393,7.90390140383,7.90390140466,7.90390140466,7.90390140416,7.90390140416,7.90390140416,7.90390140414,7.90390140414,7.90390140416,7.90390140416,7.90390140463,7.90390140413,7.903901404152,7.903901404152,7.903901404162,7.903901404172,7.903901404172,7.90390140453,7.90390140393,7.90390140423,7.90390140423,7.90390140416,7.90390140416,7.90390140423,7.90390140423,7.90390140423,7.90390140423,7.90390140463,7.90390140415,7.90390140415,7.90390140425,7.90390140431,7.90390140431,7.90390140423,9.39333945363,9.39333945363,9.39333945363,9.39333945359,9.39333945355,9.39333945355,9.39333945373
"t86",5.94404253037,5.94404253037,5.94404253047,5.94404253043,5.94404253053,5.94404253053,5.94404253053,5.9440425304,5.9440425304,5.94404253041,5.94404253041,5.94404253081,5.94404253044,5.94404253044,5.94404253076,5.94404253076,5.94404252994,0.18471974206,0,1.58908122963,1.5890812296,1.58908122966,1.58908122966,2.80455402244,2.80455402244,2.8045540223576,2.8045540223576,2.80455402244,2.80455402244,2.80455402243,2.80455402263,4.74677387283,4.74677387303,4.74677387301,4.74677387301,4.74677387303,4.74677387303,4.74677387303,7.90390140449,7.90390140449,7.90390140453,7.90390140453,7.9039014045,7.9039014045,7.9039014045,7.9039014045,7.90390140449,7.90390140449,7.90390140449,7.90390140455,7.90390140455,7.90390140388,7.90390140388,7.90390140383,7.90390140383,7.90390140383,7.90390140423,7.90390140423,7.90390140393,7.90390140383,7.90390140466,7.90390140466,7.90390140416,7.90390140416,7.90390140416,7.90390140414,7.90390140414,7.90390140416,7.90390140416,7.90390140463,7.90390140413,7.903901404152,7.903901404152,7.903901404162,7.903901404172,7.903901404172,7.90390140453,7.90390140393,7.90390140423,7.90390140423,7.90390140416,7.90390140416,7.90390140423,7.90390140423,7.90390140423,7.90390140423,7.90390140463,7.90390140415,7.90390140415,7.90390140425,7.90390140431,7.90390140431,7.90390140423,9.39333945363,9.39333945363,9.39333945363,9.39333945359,9.39333945355,9.39333945355,9.39333945373
"t57",5.94404253034,5.94404253034,5.94404253044,5.9440425304,5.9440425305,5.9440425305,5.9440425305,5.94404253037,5.94404253037,5.94404253038,5.94404253038,5.94404253078,5.94404253041,5.94404253041,5.94404253073,5.94404253073,5.94404252991,1.58908122963,1.58908122963,0,0.47919735257,0.47919735263,0.47919735263,2.80455402241,2.80455402241,2.8045540223276,2.8045540223276,2.80455402241,2.80455402241,2.8045540224,2.8045540226,4.7467738728,4.746773873,4.74677387298,4.74677387298,4.746773873,4.746773873,4.746773873,7.90390140446,7.90390140446,7.9039014045,7.9039014045,7.90390140447,7.90390140447,7.90390140447,7.90390140447,7.90390140446,7.90390140446,7.90390140446,7.90390140452,7.90390140452,7.90390140385,7.90390140385,7.9039014038,7.9039014038,7.9039014038,7.9039014042,7.9039014042,7.9039014039,7.9039014038,7.90390140463,7.90390140463,7.90390140413,7.90390140413,7.90390140413,7.90390140411,7.90390140411,7.90390140413,7.90390140413,7.9039014046,7.9039014041,7.903901404122,7.903901404122,7.903901404132,7.903901404142,7.903901404142,7.9039014045,7.9039014039,7.9039014042,7.9039014042,7.90390140413,7.90390140413,7.9039014042,7.9039014042,7.9039014042,7.9039014042,7.9039014046,7.90390140412,7.90390140412,7.90390140422,7.90390140428,7.90390140428,7.9039014042,9.3933394536,9.3933394536,9.3933394536,9.39333945356,9.39333945352,9.39333945352,9.3933394537
"t65",5.94404253031,5.94404253031,5.94404253041,5.94404253037,5.94404253047,5.94404253047,5.94404253047,5.94404253034,5.94404253034,5.94404253035,5.94404253035,5.94404253075,5.94404253038,5.94404253038,5.9440425307,5.9440425307,5.94404252988,1.5890812296,1.5890812296,0.47919735257,0,0.30793889246,0.30793889246,2.80455402238,2.80455402238,2.8045540222976,2.8045540222976,2.80455402238,2.80455402238,2.80455402237,2.80455402257,4.74677387277,4.74677387297,4.74677387295,4.74677387295,4.74677387297,4.74677387297,4.74677387297,7.90390140443,7.90390140443,7.90390140447,7.90390140447,7.90390140444,7.90390140444,7.90390140444,7.90390140444,7.90390140443,7.90390140443,7.90390140443,7.90390140449,7.90390140449,7.90390140382,7.90390140382,7.90390140377,7.90390140377,7.90390140377,7.90390140417,7.90390140417,7.90390140387,7.90390140377,7.9039014046,7.9039014046,7.9039014041,7.9039014041,7.9039014041,7.90390140408,7.90390140408,7.9039014041,7.9039014041,7.90390140457,7.90390140407,7.903901404092,7.903901404092,7.903901404102,7.903901404112,7.903901404112,7.90390140447,7.90390140387,7.90390140417,7.90390140417,7.9039014041,7.9039014041,7.90390140417,7.90390140417,7.90390140417,7.90390140417,7.90390140457,7.90390140409,7.90390140409,7.90390140419,7.90390140425,7.90390140425,7.90390140417,9.39333945357,9.39333945357,9.39333945357,9.39333945353,9.39333945349,9.39333945349,9.39333945367
"t71",5.94404253037,5.94404253037,5.94404253047,5.94404253043,5.94404253053,5.94404253053,5.94404253053,5.9440425304,5.9440425304,5.94404253041,5.94404253041,5.94404253081,5.94404253044,5.94404253044,5.94404253076,5.94404253076,5.94404252994,1.58908122966,1.58908122966,0.47919735263,0.30793889246,0,0.2225651318,2.80455402244,2.80455402244,2.8045540223576,2.8045540223576,2.80455402244,2.80455402244,2.80455402243,2.80455402263,4.74677387283,4.74677387303,4.74677387301,4.74677387301,4.74677387303,4.74677387303,4.74677387303,7.90390140449,7.90390140449,7.90390140453,7.90390140453,7.9039014045,7.9039014045,7.9039014045,7.9039014045,7.90390140449,7.90390140449,7.90390140449,7.90390140455,7.90390140455,7.90390140388,7.90390140388,7.90390140383,7.90390140383,7.90390140383,7.90390140423,7.90390140423,7.90390140393,7.90390140383,7.90390140466,7.90390140466,7.90390140416,7.90390140416,7.90390140416,7.90390140414,7.90390140414,7.90390140416,7.90390140416,7.90390140463,7.90390140413,7.903901404152,7.903901404152,7.903901404162,7.903901404172,7.903901404172,7.90390140453,7.90390140393,7.90390140423,7.90390140423,7.90390140416,7.90390140416,7.90390140423,7.90390140423,7.90390140423,7.90390140423,7.90390140463,7.90390140415,7.90390140415,7.90390140425,7.90390140431,7.90390140431,7.90390140423,9.39333945363,9.39333945363,9.39333945363,9.39333945359,9.39333945355,9.39333945355,9.39333945373
"t72",5.94404253037,5.94404253037,5.94404253047,5.94404253043,5.94404253053,5.94404253053,5.94404253053,5.9440425304,5.9440425304,5.94404253041,5.94404253041,5.94404253081,5.94404253044,5.94404253044,5.94404253076,5.94404253076,5.94404252994,1.58908122966,1.58908122966,0.47919735263,0.30793889246,0.2225651318,0,2.80455402244,2.80455402244,2.8045540223576,2.8045540223576,2.80455402244,2.80455402244,2.80455402243,2.80455402263,4.74677387283,4.74677387303,4.74677387301,4.74677387301,4.74677387303,4.74677387303,4.74677387303,7.90390140449,7.90390140449,7.90390140453,7.90390140453,7.9039014045,7.9039014045,7.9039014045,7.9039014045,7.90390140449,7.90390140449,7.90390140449,7.90390140455,7.90390140455,7.90390140388,7.90390140388,7.90390140383,7.90390140383,7.90390140383,7.90390140423,7.90390140423,7.90390140393,7.90390140383,7.90390140466,7.90390140466,7.90390140416,7.90390140416,7.90390140416,7.90390140414,7.90390140414,7.90390140416,7.90390140416,7.90390140463,7.90390140413,7.903901404152,7.903901404152,7.903901404162,7.903901404172,7.903901404172,7.90390140453,7.90390140393,7.90390140423,7.90390140423,7.90390140416,7.90390140416,7.90390140423,7.90390140423,7.90390140423,7.90390140423,7.90390140463,7.90390140415,7.90390140415,7.90390140425,7.90390140431,7.90390140431,7.90390140423,9.39333945363,9.39333945363,9.39333945363,9.39333945359,9.39333945355,9.39333945355,9.39333945373
"t45",5.94404253035,5.94404253035,5.94404253045,5.94404253041,5.94404253051,5.94404253051,5.94404253051,5.94404253038,5.94404253038,5.94404253039,5.94404253039,5.94404253079,5.94404253042,5.94404253042,5.94404253074,5.94404253074,5.94404252992,2.80455402244,2.80455402244,2.80455402241,2.80455402238,2.80455402244,2.80455402244,0,1.0279493204,1.0279493203176,1.0279493203176,1.2958593536,1.2958593536,1.39216801421,2.25672392981,4.74677387281,4.74677387301,4.74677387299,4.74677387299,4.74677387301,4.74677387301,4.74677387301,7.90390140447,7.90390140447,7.90390140451,7.90390140451,7.90390140448,7.90390140448,7.90390140448,7.90390140448,7.90390140447,7.90390140447,7.90390140447,7.90390140453,7.90390140453,7.90390140386,7.90390140386,7.90390140381,7.90390140381,7.90390140381,7.90390140421,7.90390140421,7.90390140391,7.90390140381,7.90390140464,7.90390140464,7.90390140414,7.90390140414,7.90390140414,7.90390140412,7.90390140412,7.90390140414,7.90390140414,7.90390140461,7.90390140411,7.903901404132,7.903901404132,7.903901404142,7.903901404152,7.903901404152,7.90390140451,7.90390140391,7.90390140421,7.90390140421,7.90390140414,7.90390140414,7.90390140421,7.90390140421,7.90390140421,7.90390140421,7.90390140461,7.90390140413,7.90390140413,7.90390140423,7.90390140429,7.90390140429,7.90390140421,9.39333945361,9.39333945361,9.39333945361,9.39333945357,9.39333945353,9.39333945353,9.39333945371
"t51",5.94404253035,5.94404253035,5.94404253045,5.94404253041,5.94404253051,5.94404253051,5.94404253051,5.94404253038,5.94404253038,5.94404253039,5.94404253039,5.94404253079,5.94404253042,5.94404253042,5.94404253074,5.94404253074,5.94404252992,2.80455402244,2.80455402244,2.80455402241,2.80455402238,2.80455402244,2.80455402244,1.0279493204,0,0.7059764381176,0.7059764381176,1.2958593536,1.2958593536,1.39216801421,2.25672392981,4.74677387281,4.74677387301,4.74677387299,4.74677387299,4.74677387301,4.74677387301,4.74677387301,7.90390140447,7.90390140447,7.90390140451,7.90390140451,7.90390140448,7.90390140448,7.90390140448,7.90390140448,7.90390140447,7.90390140447,7.90390140447,7.90390140453,7.90390140453,7.90390140386,7.90390140386,7.90390140381,7.90390140381,7.90390140381,7.90390140421,7.90390140421,7.90390140391,7.90390140381,7.90390140464,7.90390140464,7.90390140414,7.90390140414,7.90390140414,7.90390140412,7.90390140412,7.90390140414,7.90390140414,7.90390140461,7.90390140411,7.903901404132,7.903901404132,7.903901404142,7.903901404152,7.903901404152,7.90390140451,7.90390140391,7.90390140421,7.90390140421,7.90390140414,7.90390140414,7.90390140421,7.90390140421,7.90390140421,7.90390140421,7.90390140461,7.90390140413,7.90390140413,7.90390140423,7.90390140429,7.90390140429,7.90390140421,9.39333945361,9.39333945361,9.39333945361,9.39333945357,9.39333945353,9.39333945353,9.39333945371
"t99",5.9440425302676,5.9440425302676,5.9440425303676,5.9440425303276,5.9440425304276,5.9440425304276,5.9440425304276,5.9440425302976,5.9440425302976,5.9440425303076,5.9440425303076,5.9440425307076,5.9440425303376,5.9440425303376,5.9440425306576,5.9440425306576,5.9440425298376,2.8045540223576,2.8045540223576,2.8045540223276,2.8045540222976,2.8045540223576,2.8045540223576,1.0279493203176,0.7059764381176,0,0.0012345974352,1.2958593535176,1.2958593535176,1.3921680141276,2.2567239297276,4.7467738727276,4.7467738729276,4.7467738729076,4.7467738729076,4.7467738729276,4.7467738729276,4.7467738729276,7.9039014043876,7.9039014043876,7.9039014044276,7.9039014044276,7.9039014043976,7.9039014043976,7.9039014043976,7.9039014043976,7.9039014043876,7.9039014043876,7.9039014043876,7.9039014044476,7.9039014044476,7.9039014037776,7.9039014037776,7.9039014037276,7.9039014037276,7.9039014037276,7.9039014041276,7.9039014041276,7.9039014038276,7.9039014037276,7.9039014045576,7.9039014045576,7.9039014040576,7.9039014040576,7.9039014040576,7.9039014040376,7.9039014040376,7.9039014040576,7.9039014040576,7.9039014045276,7.9039014040276,7.9039014040496,7.9039014040496,7.9039014040596,7.9039014040696,7.9039014040696,7.9039014044276,7.9039014038276,7.9039014041276,7.9039014041276,7.9039014040576,7.9039014040576,7.9039014041276,7.9039014041276,7.9039014041276,7.9039014041276,7.9039014045276,7.9039014040476,7.9039014040476,7.9039014041476,7.9039014042076,7.9039014042076,7.9039014041276,9.3933394535276,9.3933394535276,9.3933394535276,9.3933394534876,9.3933394534476,9.3933394534476,9.3933394536276
"t100",5.9440425302676,5.9440425302676,5.9440425303676,5.9440425303276,5.9440425304276,5.9440425304276,5.9440425304276,5.9440425302976,5.9440425302976,5.9440425303076,5.9440425303076,5.9440425307076,5.9440425303376,5.9440425303376,5.9440425306576,5.9440425306576,5.9440425298376,2.8045540223576,2.8045540223576,2.8045540223276,2.8045540222976,2.8045540223576,2.8045540223576,1.0279493203176,0.7059764381176,0.0012345974352,0,1.2958593535176,1.2958593535176,1.3921680141276,2.2567239297276,4.7467738727276,4.7467738729276,4.7467738729076,4.7467738729076,4.7467738729276,4.7467738729276,4.7467738729276,7.9039014043876,7.9039014043876,7.9039014044276,7.9039014044276,7.9039014043976,7.9039014043976,7.9039014043976,7.9039014043976,7.9039014043876,7.9039014043876,7.9039014043876,7.9039014044476,7.9039014044476,7.9039014037776,7.9039014037776,7.9039014037276,7.9039014037276,7.9039014037276,7.9039014041276,7.9039014041276,7.9039014038276,7.9039014037276,7.9039014045576,7.9039014045576,7.9039014040576,7.9039014040576,7.9039014040576,7.9039014040376,7.9039014040376,7.9039014040576,7.9039014040576,7.9039014045276,7.9039014040276,7.9039014040496,7.9039014040496,7.9039014040596,7.9039014040696,7.9039014040696,7.9039014044276,7.9039014038276,7.9039014041276,7.9039014041276,7.9039014040576,7.9039014040576,7.9039014041276,7.9039014041276,7.9039014041276,7.9039014041276,7.9039014045276,7.9039014040476,7.9039014040476,7.9039014041476,7.9039014042076,7.9039014042076,7.9039014041276,9.3933394535276,9.3933394535276,9.3933394535276,9.3933394534876,9.3933394534476,9.3933394534476,9.3933394536276
"t66",5.94404253035,5.94404253035,5.94404253045,5.94404253041,5.94404253051,5.94404253051,5.94404253051,5.94404253038,5.94404253038,5.94404253039,5.94404253039,5.94404253079,5.94404253042,5.94404253042,5.94404253074,5.94404253074,5.94404252992,2.80455402244,2.80455402244,2.80455402241,2.80455402238,2.80455402244,2.80455402244,1.2958593536,1.2958593536,1.2958593535176,1.2958593535176,0,0.2809898236,1.39216801421,2.25672392981,4.74677387281,4.74677387301,4.74677387299,4.74677387299,4.74677387301,4.74677387301,4.74677387301,7.90390140447,7.90390140447,7.90390140451,7.90390140451,7.90390140448,7.90390140448,7.90390140448,7.90390140448,7.90390140447,7.90390140447,7.90390140447,7.90390140453,7.90390140453,7.90390140386,7.90390140386,7.90390140381,7.90390140381,7.90390140381,7.90390140421,7.90390140421,7.90390140391,7.90390140381,7.90390140464,7.90390140464,7.90390140414,7.90390140414,7.90390140414,7.90390140412,7.90390140412,7.90390140414,7.90390140414,7.90390140461,7.90390140411,7.903901404132,7.903901404132,7.903901404142,7.903901404152,7.903901404152,7.90390140451,7.90390140391,7.90390140421,7.90390140421,7.90390140414,7.90390140414,7.90390140421,7.90390140421,7.90390140421,7.90390140421,7.90390140461,7.90390140413,7.90390140413,7.90390140423,7.90390140429,7.90390140429,7.90390140421,9.39333945361,9.39333945361,9.39333945361,9.39333945357,9.39333945353,9.39333945353,9.39333945371
