"","t1","t122","t123","t56","t57","t53","t142","t143","t30","t31","t59","t60","t43","t7","t126","t127","t107","t108","t32","t5","t6","t26","t89","t90","t73","t98","t99","t88","t10","t36","t102","t105","t106","t124","t125","t86","t79","t81","t82","t95","t96","t83","t136","t137","t27","t14","t22","t41","t49","t50","t44","t45","t51","t52","t13","t8","t3","t4","t33","t111","t112","t110","t113","t114","t65","t120","t121","t144","t145","t131","t42","t69","t70","t19","t20","t24","t25","t35","t37","t67","t68","t76","t134","t135","t130","t46","t77","t78","t23","t12","t39","t91","t92","t132","t133","t63","t61","t62","t80","t93","t94","t64","t38","t21","t118","t119","t34","t97","t103","t117","t146","t147","t58","t18","t54","t55","t48","t115","t116","t104","t66","t40","t16","t17","t74","t75","t84","t85","t71","t100","t101","t47","t11","t15","t128","t129","t87","t138","t139","t109","t140","t141","t72","t28","t29","t9","t2"
"t1",0,4.7678770234,4.7678770234,3.89056235289,4.00199670232,4.7678770238,4.76787702359,4.76787702359,4.7678770231,3.7348262454,4.767877024,4.5987301224,4.2696446476,2.639865283,4.76787702374,4.76787702374,4.7678770235,4.7678770235,3.8977077764,2.07758401012,4.76787702372,4.767877023,4.44083101408,4.7678770234,4.7678770234,4.7678770235,4.7678770235,4.46376892502,2.8839032003,3.7764490354,4.76787702428,4.76787702425,4.767877024304,4.767877024314,4.767877024314,4.76787702428,4.76787702438,4.76787702437,4.30263872896,4.7678770239,4.7678770239,4.76787702413,4.76787702416,4.76787702416,3.98538282523,3.83687277693,2.83300298436,3.60375706398,4.76787702416,4.76787702416,4.76787702379,4.76787702379,4.1935979302,3.87365303261,4.7678770239,3.1598115186,4.767877024,2.5633160785,3.6440497491,4.7678770239,4.7678770239,4.7678770239,4.76787702395,4.76787702395,4.7678770241,4.76787702407,4.68117299523,4.767877024076,4.767877024076,4.76787702408,4.3836459336,4.129550336696,4.76787702353,4.76787702359,4.48790155059,3.20822555168,4.76787702368,3.590162544395,3.634549823385,4.767877023885,4.767877023885,4.767877023985,4.767877023975,4.767877023975,4.767877023975,4.767877024095,4.615170530195,4.433398732695,4.767877024295,3.3438143876,4.7678770233,4.7678770237,4.7678770237,4.76787702367,4.76787702367,4.7678770236,4.7678770237,3.9517145576,4.7678770237,4.7678770236,4.7678770236,4.7678770236,4.7678770239,3.2334137781,4.7678770241,4.7678770241,4.7678770233,4.7678770237,4.76787702373,4.67318662473,4.7678770236826,4.7678770236826,4.4705648453,3.23044690446,4.76787702381,4.76787702381,4.7678770236,4.76787702374,4.76787702374,4.76787702376,4.76787702386,4.76787702376,3.0083355603,2.9650693392,4.7678770235,4.7678770235,4.7678770235,4.7678770235,4.7678770234,4.7678770234,4.7678770234,3.8443721081,2.99124185757,4.76787702417,4.76787702337,4.76787702337,4.76787702338,4.76787702344,4.76787702344,4.67422508431,4.7678770234,4.7678770234,4.76787702338,3.49305535147,3.16393373712,2.24330619857,2.38246917007
"t122",4.7678770234,0,0.3061037794,3.40587663689,3.51731098632,4.2831913078,4.28319130759,4.28319130759,5.3308603583,4.2978095806,7.0083542804,6.8392073788,6.510121904,4.8803425394,7.00835428014,7.00835428014,7.0083542799,7.0083542799,6.1381850328,4.31806126652,7.00835428012,8.5632618592,8.23621585028,8.5632618596,8.5632618596,8.5632618597,8.5632618597,8.25915376122,6.6792880365,7.5718338716,8.56326186048,8.56326186045,8.563261860504,8.563261860514,8.563261860514,8.56326186048,8.56326186058,8.56326186057,8.09802356516,9.0962191471,9.0962191471,9.09621914733,9.09621914736,9.09621914736,8.31372494843,8.16521490013,7.16134510756,7.93209918718,9.09621914736,9.09621914736,9.09621914699,9.09621914699,8.5219400534,8.20199515581,9.0962191471,7.4881536418,9.0962191472,6.8916582017,7.9723918723,9.0962191471,9.0962191471,9.0962191471,9.09621914715,9.09621914715,9.0962191473,9.09621914727,9.00951511843,9.096219147276,9.096219147276,9.09621914728,8.7119880568,8.457892459896,9.09621914673,9.09621914679,8.81624367379,7.53656767488,9.09621914688,7.918504667595,7.962891946585,9.096219147085,9.096219147085,9.096219147185,9.096219147175,9.096219147175,9.096219147175,9.096219147295,8.943512653395,8.761740855895,9.096219147495,7.6721565108,9.0962191465,9.0962191469,9.0962191469,9.09621914687,9.09621914687,9.0962191468,9.0962191469,8.2800566808,9.0962191469,9.0962191468,9.0962191468,9.0962191468,9.0962191471,7.5617559013,9.0962191473,9.0962191473,9.0962191465,9.0962191469,9.09621914693,9.00152874793,9.0962191468826,9.0962191468826,8.7989069685,7.55878902766,9.09621914701,9.09621914701,9.0962191468,9.09621914694,9.09621914694,9.09621914696,9.09621914706,9.09621914696,7.3366776835,7.2934114624,9.0962191467,9.0962191467,9.0962191467,9.0962191467,9.0962191466,9.0962191466,9.0962191466,8.1727142313,7.31958398077,9.09621914737,9.09621914657,9.09621914657,9.09621914658,9.09621914664,9.09621914664,9.00256720751,9.0962191466,9.0962191466,9.09621914658,7.82139747467,7.49227586032,6.57164832177,6.71081129327
"t123",4.7678770234,0.3061037794,0,3.40587663689,3.51731098632,4.2831913078,4.28319130759,4.28319130759,5.3308603583,4.2978095806,7.0083542804,6.8392073788,6.510121904,4.8803425394,7.00835428014,7.00835428014,7.0083542799,7.0083542799,6.1381850328,4.31806126652,7.00835428012,8.5632618592,8.23621585028,8.5632618596,8.5632618596,8.5632618597,8.5632618597,8.25915376122,6.6792880365,7.5718338716,8.56326186048,8.56326186045,8.563261860504,8.563261860514,8.563261860514,8.56326186048,8.56326186058,8.56326186057,8.09802356516,9.0962191471,9.0962191471,9.09621914733,9.09621914736,9.09621914736,8.31372494843,8.16521490013,7.16134510756,7.93209918718,9.09621914736,9.09621914736,9.09621914699,9.09621914699,8.5219400534,8.20199515581,9.0962191471,7.4881536418,9.0962191472,6.8916582017,7.9723918723,9.0962191471,9.0962191471,9.0962191471,9.09621914715,9.09621914715,9.0962191473,9.09621914727,9.00951511843,9.096219147276,9.096219147276,9.09621914728,8.7119880568,8.457892459896,9.09621914673,9.09621914679,8.81624367379,7.53656767488,9.09621914688,7.918504667595,7.962891946585,9.096219147085,9.096219147085,9.096219147185,9.096219147175,9.096219147175,9.096219147175,9.096219147295,8.943512653395,8.761740855895,9.096219147495,7.6721565108,9.0962191465,9.0962191469,9.0962191469,9.09621914687,9.09621914687,9.0962191468,9.0962191469,8.2800566808,9.0962191469,9.0962191468,9.0962191468,9.0962191468,9.0962191471,7.5617559013,9.0962191473,9.0962191473,9.0962191465,9.0962191469,9.09621914693,9.00152874793,9.0962191468826,9.0962191468826,8.7989069685,7.55878902766,9.09621914701,9.09621914701,9.0962191468,9.09621914694,9.09621914694,9.09621914696,9.09621914706,9.09621914696,7.3366776835,7.2934114624,9.0962191467,9.0962191467,9.0962191467,9.0962191467,9.0962191466,9.0962191466,9.0962191466,8.1727142313,7.31958398077,9.09621914737,9.09621914657,9.09621914657,9.09621914658,9.09621914664,9.09621914664,9.00256720751,9.0962191466,9.0962191466,9.09621914658,7.82139747467,7.49227586032,6.57164832177,6.71081129327
"t56",3.89056235289,3.40587663689,3.40587663689,0,0.21427743977,1.03956279609,2.19838711048,2.19838711048,4.45354568779,3.42049491009,6.13103960989,5.96189270829,5.63280723349,4.00302786889,6.13103960963,6.13103960963,6.13103960939,6.13103960939,5.26087036229,3.44074659601,6.13103960961,7.68594718869,7.35890117977,7.68594718909,7.68594718909,7.68594718919,7.68594718919,7.38183909071,5.80197336599,6.69451920109,7.68594718997,7.68594718994,7.685947189994,7.685947190004,7.685947190004,7.68594718997,7.68594719007,7.68594719006,7.22070889465,8.21890447659,8.21890447659,8.21890447682,8.21890447685,8.21890447685,7.43641027792,7.28790022962,6.28403043705,7.05478451667,8.21890447685,8.21890447685,8.21890447648,8.21890447648,7.64462538289,7.3246804853,8.21890447659,6.61083897129,8.21890447669,6.01434353119,7.09507720179,8.21890447659,8.21890447659,8.21890447659,8.21890447664,8.21890447664,8.21890447679,8.21890447676,8.13220044792,8.218904476766,8.218904476766,8.21890447677,7.83467338629,7.580577789386,8.21890447622,8.21890447628,7.93892900328,6.65925300437,8.21890447637,7.041189997085,7.085577276075,8.218904476575,8.218904476575,8.218904476675,8.218904476665,8.218904476665,8.218904476665,8.218904476785,8.066197982885,7.884426185385,8.218904476985,6.79484184029,8.21890447599,8.21890447639,8.21890447639,8.21890447636,8.21890447636,8.21890447629,8.21890447639,7.40274201029,8.21890447639,8.21890447629,8.21890447629,8.21890447629,8.21890447659,6.68444123079,8.21890447679,8.21890447679,8.21890447599,8.21890447639,8.21890447642,8.12421407742,8.2189044763726,8.2189044763726,7.92159229799,6.68147435715,8.2189044765,8.2189044765,8.21890447629,8.21890447643,8.21890447643,8.21890447645,8.21890447655,8.21890447645,6.45936301299,6.41609679189,8.21890447619,8.21890447619,8.21890447619,8.21890447619,8.21890447609,8.21890447609,8.21890447609,7.29539956079,6.44226931026,8.21890447686,8.21890447606,8.21890447606,8.21890447607,8.21890447613,8.21890447613,8.125252537,8.21890447609,8.21890447609,8.21890447607,6.94408280416,6.61496118981,5.69433365126,5.83349662276
"t57",4.00199670232,3.51731098632,3.51731098632,0.21427743977,0,1.15099714552,2.30982145991,2.30982145991,4.56498003722,3.53192925952,6.24247395932,6.07332705772,5.74424158292,4.11446221832,6.24247395906,6.24247395906,6.24247395882,6.24247395882,5.37230471172,3.55218094544,6.24247395904,7.79738153812,7.4703355292,7.79738153852,7.79738153852,7.79738153862,7.79738153862,7.49327344014,5.91340771542,6.80595355052,7.7973815394,7.79738153937,7.797381539424,7.797381539434,7.797381539434,7.7973815394,7.7973815395,7.79738153949,7.33214324408,8.33033882602,8.33033882602,8.33033882625,8.33033882628,8.33033882628,7.54784462735,7.39933457905,6.39546478648,7.1662188661,8.33033882628,8.33033882628,8.33033882591,8.33033882591,7.75605973232,7.43611483473,8.33033882602,6.72227332072,8.33033882612,6.12577788062,7.20651155122,8.33033882602,8.33033882602,8.33033882602,8.33033882607,8.33033882607,8.33033882622,8.33033882619,8.24363479735,8.330338826196,8.330338826196,8.3303388262,7.94610773572,7.692012138816,8.33033882565,8.33033882571,8.05036335271,6.7706873538,8.3303388258,7.152624346515,7.197011625505,8.330338826005,8.330338826005,8.330338826105,8.330338826095,8.330338826095,8.330338826095,8.330338826215,8.177632332315,7.995860534815,8.330338826415,6.90627618972,8.33033882542,8.33033882582,8.33033882582,8.33033882579,8.33033882579,8.33033882572,8.33033882582,7.51417635972,8.33033882582,8.33033882572,8.33033882572,8.33033882572,8.33033882602,6.79587558022,8.33033882622,8.33033882622,8.33033882542,8.33033882582,8.33033882585,8.23564842685,8.3303388258026,8.3303388258026,8.03302664742,6.79290870658,8.33033882593,8.33033882593,8.33033882572,8.33033882586,8.33033882586,8.33033882588,8.33033882598,8.33033882588,6.57079736242,6.52753114132,8.33033882562,8.33033882562,8.33033882562,8.33033882562,8.33033882552,8.33033882552,8.33033882552,7.40683391022,6.55370365969,8.33033882629,8.33033882549,8.33033882549,8.3303388255,8.33033882556,8.33033882556,8.23668688643,8.33033882552,8.33033882552,8.3303388255,7.05551715359,6.72639553924,5.80576800069,5.94493097219
"t53",4.7678770238,4.2831913078,4.2831913078,1.03956279609,1.15099714552,0,3.07570178139,3.07570178139,5.3308603587,4.297809581,7.0083542808,6.8392073792,6.5101219044,4.8803425398,7.00835428054,7.00835428054,7.0083542803,7.0083542803,6.1381850332,4.31806126692,7.00835428052,8.5632618596,8.23621585068,8.56326186,8.56326186,8.5632618601,8.5632618601,8.25915376162,6.6792880369,7.571833872,8.56326186088,8.56326186085,8.563261860904,8.563261860914,8.563261860914,8.56326186088,8.56326186098,8.56326186097,8.09802356556,9.0962191475,9.0962191475,9.09621914773,9.09621914776,9.09621914776,8.31372494883,8.16521490053,7.16134510796,7.93209918758,9.09621914776,9.09621914776,9.09621914739,9.09621914739,8.5219400538,8.20199515621,9.0962191475,7.4881536422,9.0962191476,6.8916582021,7.9723918727,9.0962191475,9.0962191475,9.0962191475,9.09621914755,9.09621914755,9.0962191477,9.09621914767,9.00951511883,9.096219147676,9.096219147676,9.09621914768,8.7119880572,8.457892460296,9.09621914713,9.09621914719,8.81624367419,7.53656767528,9.09621914728,7.918504667995,7.962891946985,9.096219147485,9.096219147485,9.096219147585,9.096219147575,9.096219147575,9.096219147575,9.096219147695,8.943512653795,8.761740856295,9.096219147895,7.6721565112,9.0962191469,9.0962191473,9.0962191473,9.09621914727,9.09621914727,9.0962191472,9.0962191473,8.2800566812,9.0962191473,9.0962191472,9.0962191472,9.0962191472,9.0962191475,7.5617559017,9.0962191477,9.0962191477,9.0962191469,9.0962191473,9.09621914733,9.00152874833,9.0962191472826,9.0962191472826,8.7989069689,7.55878902806,9.09621914741,9.09621914741,9.0962191472,9.09621914734,9.09621914734,9.09621914736,9.09621914746,9.09621914736,7.3366776839,7.2934114628,9.0962191471,9.0962191471,9.0962191471,9.0962191471,9.096219147,9.096219147,9.096219147,8.1727142317,7.31958398117,9.09621914777,9.09621914697,9.09621914697,9.09621914698,9.09621914704,9.09621914704,9.00256720791,9.096219147,9.096219147,9.09621914698,7.82139747507,7.49227586072,6.57164832217,6.71081129367
"t142",4.76787702359,4.28319130759,4.28319130759,2.19838711048,2.30982145991,3.07570178139,0,0.03910178118,5.33086035849,4.29780958079,7.00835428059,6.83920737899,6.51012190419,4.88034253959,7.00835428033,7.00835428033,7.00835428009,7.00835428009,6.13818503299,4.31806126671,7.00835428031,8.56326185939,8.23621585047,8.56326185979,8.56326185979,8.56326185989,8.56326185989,8.25915376141,6.67928803669,7.57183387179,8.56326186067,8.56326186064,8.563261860694,8.563261860704,8.563261860704,8.56326186067,8.56326186077,8.56326186076,8.09802356535,9.09621914729,9.09621914729,9.09621914752,9.09621914755,9.09621914755,8.31372494862,8.16521490032,7.16134510775,7.93209918737,9.09621914755,9.09621914755,9.09621914718,9.09621914718,8.52194005359,8.201995156,9.09621914729,7.48815364199,9.09621914739,6.89165820189,7.97239187249,9.09621914729,9.09621914729,9.09621914729,9.09621914734,9.09621914734,9.09621914749,9.09621914746,9.00951511862,9.096219147466,9.096219147466,9.09621914747,8.71198805699,8.457892460086,9.09621914692,9.09621914698,8.81624367398,7.53656767507,9.09621914707,7.918504667785,7.962891946775,9.096219147275,9.096219147275,9.096219147375,9.096219147365,9.096219147365,9.096219147365,9.096219147485,8.943512653585,8.761740856085,9.096219147685,7.67215651099,9.09621914669,9.09621914709,9.09621914709,9.09621914706,9.09621914706,9.09621914699,9.09621914709,8.28005668099,9.09621914709,9.09621914699,9.09621914699,9.09621914699,9.09621914729,7.56175590149,9.09621914749,9.09621914749,9.09621914669,9.09621914709,9.09621914712,9.00152874812,9.0962191470726,9.0962191470726,8.79890696869,7.55878902785,9.0962191472,9.0962191472,9.09621914699,9.09621914713,9.09621914713,9.09621914715,9.09621914725,9.09621914715,7.33667768369,7.29341146259,9.09621914689,9.09621914689,9.09621914689,9.09621914689,9.09621914679,9.09621914679,9.09621914679,8.17271423149,7.31958398096,9.09621914756,9.09621914676,9.09621914676,9.09621914677,9.09621914683,9.09621914683,9.0025672077,9.09621914679,9.09621914679,9.09621914677,7.82139747486,7.49227586051,6.57164832196,6.71081129346
"t143",4.76787702359,4.28319130759,4.28319130759,2.19838711048,2.30982145991,3.07570178139,0.03910178118,0,5.33086035849,4.29780958079,7.00835428059,6.83920737899,6.51012190419,4.88034253959,7.00835428033,7.00835428033,7.00835428009,7.00835428009,6.13818503299,4.31806126671,7.00835428031,8.56326185939,8.23621585047,8.56326185979,8.56326185979,8.56326185989,8.56326185989,8.25915376141,6.67928803669,7.57183387179,8.56326186067,8.56326186064,8.563261860694,8.563261860704,8.563261860704,8.56326186067,8.56326186077,8.56326186076,8.09802356535,9.09621914729,9.09621914729,9.09621914752,9.09621914755,9.09621914755,8.31372494862,8.16521490032,7.16134510775,7.93209918737,9.09621914755,9.09621914755,9.09621914718,9.09621914718,8.52194005359,8.201995156,9.09621914729,7.48815364199,9.09621914739,6.89165820189,7.97239187249,9.09621914729,9.09621914729,9.09621914729,9.09621914734,9.09621914734,9.09621914749,9.09621914746,9.00951511862,9.096219147466,9.096219147466,9.09621914747,8.71198805699,8.457892460086,9.09621914692,9.09621914698,8.81624367398,7.53656767507,9.09621914707,7.918504667785,7.962891946775,9.096219147275,9.096219147275,9.096219147375,9.096219147365,9.096219147365,9.096219147365,9.096219147485,8.943512653585,8.761740856085,9.096219147685,7.67215651099,9.09621914669,9.09621914709,9.09621914709,9.09621914706,9.09621914706,9.09621914699,9.09621914709,8.28005668099,9.09621914709,9.09621914699,9.09621914699,9.09621914699,9.09621914729,7.56175590149,9.09621914749,9.09621914749,9.09621914669,9.09621914709,9.09621914712,9.00152874812,9.0962191470726,9.0962191470726,8.79890696869,7.55878902785,9.0962191472,9.0962191472,9.09621914699,9.09621914713,9.09621914713,9.09621914715,9.09621914725,9.09621914715,7.33667768369,7.29341146259,9.09621914689,9.09621914689,9.09621914689,9.09621914689,9.09621914679,9.09621914679,9.09621914679,8.17271423149,7.31958398096,9.09621914756,9.09621914676,9.09621914676,9.09621914677,9.09621914683,9.09621914683,9.0025672077,9.09621914679,9.09621914679,9.09621914677,7.82139747486,7.49227586051,6.57164832196,6.71081129346
"t30",4.7678770231,5.3308603583,5.3308603583,4.45354568779,4.56498003722,5.3308603587,5.33086035849,5.33086035849,0,2.2409354443,7.0083542801,6.8392073785,6.5101219037,4.8803425391,7.00835427984,7.00835427984,7.0083542796,7.0083542796,6.1381850325,4.31806126622,7.00835427982,8.5632618589,8.23621584998,8.5632618593,8.5632618593,8.5632618594,8.5632618594,8.25915376092,6.6792880362,7.5718338713,8.56326186018,8.56326186015,8.563261860204,8.563261860214,8.563261860214,8.56326186018,8.56326186028,8.56326186027,8.09802356486,9.0962191468,9.0962191468,9.09621914703,9.09621914706,9.09621914706,8.31372494813,8.16521489983,7.16134510726,7.93209918688,9.09621914706,9.09621914706,9.09621914669,9.09621914669,8.5219400531,8.20199515551,9.0962191468,7.4881536415,9.0962191469,6.8916582014,7.972391872,9.0962191468,9.0962191468,9.0962191468,9.09621914685,9.09621914685,9.096219147,9.09621914697,9.00951511813,9.096219146976,9.096219146976,9.09621914698,8.7119880565,8.457892459596,9.09621914643,9.09621914649,8.81624367349,7.53656767458,9.09621914658,7.918504667295,7.962891946285,9.096219146785,9.096219146785,9.096219146885,9.096219146875,9.096219146875,9.096219146875,9.096219146995,8.943512653095,8.761740855595,9.096219147195,7.6721565105,9.0962191462,9.0962191466,9.0962191466,9.09621914657,9.09621914657,9.0962191465,9.0962191466,8.2800566805,9.0962191466,9.0962191465,9.0962191465,9.0962191465,9.0962191468,7.561755901,9.096219147,9.096219147,9.0962191462,9.0962191466,9.09621914663,9.00152874763,9.0962191465826,9.0962191465826,8.7989069682,7.55878902736,9.09621914671,9.09621914671,9.0962191465,9.09621914664,9.09621914664,9.09621914666,9.09621914676,9.09621914666,7.3366776832,7.2934114621,9.0962191464,9.0962191464,9.0962191464,9.0962191464,9.0962191463,9.0962191463,9.0962191463,8.172714231,7.31958398047,9.09621914707,9.09621914627,9.09621914627,9.09621914628,9.09621914634,9.09621914634,9.00256720721,9.0962191463,9.0962191463,9.09621914628,7.82139747437,7.49227586002,6.57164832147,6.71081129297
"t31",3.7348262454,4.2978095806,4.2978095806,3.42049491009,3.53192925952,4.297809581,4.29780958079,4.29780958079,2.2409354443,0,5.9753035024,5.8061566008,5.477071126,3.8472917614,5.97530350214,5.97530350214,5.9753035019,5.9753035019,5.1051342548,3.28501048852,5.97530350212,7.5302110812,7.20316507228,7.5302110816,7.5302110816,7.5302110817,7.5302110817,7.22610298322,5.6462372585,6.5387830936,7.53021108248,7.53021108245,7.530211082504,7.530211082514,7.530211082514,7.53021108248,7.53021108258,7.53021108257,7.06497278716,8.0631683691,8.0631683691,8.06316836933,8.06316836936,8.06316836936,7.28067417043,7.13216412213,6.12829432956,6.89904840918,8.06316836936,8.06316836936,8.06316836899,8.06316836899,7.4888892754,7.16894437781,8.0631683691,6.4551028638,8.0631683692,5.8586074237,6.9393410943,8.0631683691,8.0631683691,8.0631683691,8.06316836915,8.06316836915,8.0631683693,8.06316836927,7.97646434043,8.063168369276,8.063168369276,8.06316836928,7.6789372788,7.424841681896,8.06316836873,8.06316836879,7.78319289579,6.50351689688,8.06316836888,6.885453889595,6.929841168585,8.063168369085,8.063168369085,8.063168369185,8.063168369175,8.063168369175,8.063168369175,8.063168369295,7.910461875395,7.728690077895,8.063168369495,6.6391057328,8.0631683685,8.0631683689,8.0631683689,8.06316836887,8.06316836887,8.0631683688,8.0631683689,7.2470059028,8.0631683689,8.0631683688,8.0631683688,8.0631683688,8.0631683691,6.5287051233,8.0631683693,8.0631683693,8.0631683685,8.0631683689,8.06316836893,7.96847796993,8.0631683688826,8.0631683688826,7.7658561905,6.52573824966,8.06316836901,8.06316836901,8.0631683688,8.06316836894,8.06316836894,8.06316836896,8.06316836906,8.06316836896,6.3036269055,6.2603606844,8.0631683687,8.0631683687,8.0631683687,8.0631683687,8.0631683686,8.0631683686,8.0631683686,7.1396634533,6.28653320277,8.06316836937,8.06316836857,8.06316836857,8.06316836858,8.06316836864,8.06316836864,7.96951642951,8.0631683686,8.0631683686,8.06316836858,6.78834669667,6.45922508232,5.53859754377,5.67776051527
"t59",4.767877024,7.0083542804,7.0083542804,6.13103960989,6.24247395932,7.0083542808,7.00835428059,7.00835428059,7.0083542801,5.9753035024,0,1.5743721978,1.824280855,3.2256196984,5.83205013354,5.83205013354,6.2429779569,6.2429779569,5.3728087098,3.55268494352,6.24297795712,8.5632618598,8.23621585088,8.5632618602,8.5632618602,8.5632618603,8.5632618603,8.25915376182,6.6792880371,7.5718338722,8.56326186108,8.56326186105,8.563261861104,8.563261861114,8.563261861114,8.56326186108,8.56326186118,8.56326186117,8.09802356576,9.0962191477,9.0962191477,9.09621914793,9.09621914796,9.09621914796,8.31372494903,8.16521490073,7.16134510816,7.93209918778,9.09621914796,9.09621914796,9.09621914759,9.09621914759,8.521940054,8.20199515641,9.0962191477,7.4881536424,9.0962191478,6.8916582023,7.9723918729,9.0962191477,9.0962191477,9.0962191477,9.09621914775,9.09621914775,9.0962191479,9.09621914787,9.00951511903,9.096219147876,9.096219147876,9.09621914788,8.7119880574,8.457892460496,9.09621914733,9.09621914739,8.81624367439,7.53656767548,9.09621914748,7.918504668195,7.962891947185,9.096219147685,9.096219147685,9.096219147785,9.096219147775,9.096219147775,9.096219147775,9.096219147895,8.943512653995,8.761740856495,9.096219148095,7.6721565114,9.0962191471,9.0962191475,9.0962191475,9.09621914747,9.09621914747,9.0962191474,9.0962191475,8.2800566814,9.0962191475,9.0962191474,9.0962191474,9.0962191474,9.0962191477,7.5617559019,9.0962191479,9.0962191479,9.0962191471,9.0962191475,9.09621914753,9.00152874853,9.0962191474826,9.0962191474826,8.7989069691,7.55878902826,9.09621914761,9.09621914761,9.0962191474,9.09621914754,9.09621914754,9.09621914756,9.09621914766,9.09621914756,7.3366776841,7.293411463,9.0962191473,9.0962191473,9.0962191473,9.0962191473,9.0962191472,9.0962191472,9.0962191472,8.1727142319,7.31958398137,9.09621914797,9.09621914717,9.09621914717,9.09621914718,9.09621914724,9.09621914724,9.00256720811,9.0962191472,9.0962191472,9.09621914718,7.82139747527,7.49227586092,6.57164832237,6.71081129387
"t60",4.5987301224,6.8392073788,6.8392073788,5.96189270829,6.07332705772,6.8392073792,6.83920737899,6.83920737899,6.8392073785,5.8061566008,1.5743721978,0,1.6551339534,3.0564727968,5.66290323194,5.66290323194,6.0738310553,6.0738310553,5.2036618082,3.38353804192,6.07383105552,8.3941149582,8.06706894928,8.3941149586,8.3941149586,8.3941149587,8.3941149587,8.09000686022,6.5101411355,7.4026869706,8.39411495948,8.39411495945,8.394114959504,8.394114959514,8.394114959514,8.39411495948,8.39411495958,8.39411495957,7.92887666416,8.9270722461,8.9270722461,8.92707224633,8.92707224636,8.92707224636,8.14457804743,7.99606799913,6.99219820656,7.76295228618,8.92707224636,8.92707224636,8.92707224599,8.92707224599,8.3527931524,8.03284825481,8.9270722461,7.3190067408,8.9270722462,6.7225113007,7.8032449713,8.9270722461,8.9270722461,8.9270722461,8.92707224615,8.92707224615,8.9270722463,8.92707224627,8.84036821743,8.927072246276,8.927072246276,8.92707224628,8.5428411558,8.288745558896,8.92707224573,8.92707224579,8.64709677279,7.36742077388,8.92707224588,7.749357766595,7.793745045585,8.927072246085,8.927072246085,8.927072246185,8.927072246175,8.927072246175,8.927072246175,8.927072246295,8.774365752395,8.592593954895,8.927072246495,7.5030096098,8.9270722455,8.9270722459,8.9270722459,8.92707224587,8.92707224587,8.9270722458,8.9270722459,8.1109097798,8.9270722459,8.9270722458,8.9270722458,8.9270722458,8.9270722461,7.3926090003,8.9270722463,8.9270722463,8.9270722455,8.9270722459,8.92707224593,8.83238184693,8.9270722458826,8.9270722458826,8.6297600675,7.38964212666,8.92707224601,8.92707224601,8.9270722458,8.92707224594,8.92707224594,8.92707224596,8.92707224606,8.92707224596,7.1675307825,7.1242645614,8.9270722457,8.9270722457,8.9270722457,8.9270722457,8.9270722456,8.9270722456,8.9270722456,8.0035673303,7.15043707977,8.92707224637,8.92707224557,8.92707224557,8.92707224558,8.92707224564,8.92707224564,8.83342030651,8.9270722456,8.9270722456,8.92707224558,7.65225057367,7.32312895932,6.40250142077,6.54166439227
"t43",4.2696446476,6.510121904,6.510121904,5.63280723349,5.74424158292,6.5101219044,6.51012190419,6.51012190419,6.5101219037,5.477071126,1.824280855,1.6551339534,0,2.727387322,5.33381775714,5.33381775714,5.7447455805,5.7447455805,4.8745763334,3.05445256712,5.74474558072,8.0650294834,7.73798347448,8.0650294838,8.0650294838,8.0650294839,8.0650294839,7.76092138542,6.1810556607,7.0736014958,8.06502948468,8.06502948465,8.065029484704,8.065029484714,8.065029484714,8.06502948468,8.06502948478,8.06502948477,7.59979118936,8.5979867713,8.5979867713,8.59798677153,8.59798677156,8.59798677156,7.81549257263,7.66698252433,6.66311273176,7.43386681138,8.59798677156,8.59798677156,8.59798677119,8.59798677119,8.0237076776,7.70376278001,8.5979867713,6.989921266,8.5979867714,6.3934258259,7.4741594965,8.5979867713,8.5979867713,8.5979867713,8.59798677135,8.59798677135,8.5979867715,8.59798677147,8.51128274263,8.597986771476,8.597986771476,8.59798677148,8.213755681,7.959660084096,8.59798677093,8.59798677099,8.31801129799,7.03833529908,8.59798677108,7.420272291795,7.464659570785,8.597986771285,8.597986771285,8.597986771385,8.597986771375,8.597986771375,8.597986771375,8.597986771495,8.445280277595,8.263508480095,8.597986771695,7.173924135,8.5979867707,8.5979867711,8.5979867711,8.59798677107,8.59798677107,8.597986771,8.5979867711,7.781824305,8.5979867711,8.597986771,8.597986771,8.597986771,8.5979867713,7.0635235255,8.5979867715,8.5979867715,8.5979867707,8.5979867711,8.59798677113,8.50329637213,8.5979867710826,8.5979867710826,8.3006745927,7.06055665186,8.59798677121,8.59798677121,8.597986771,8.59798677114,8.59798677114,8.59798677116,8.59798677126,8.59798677116,6.8384453077,6.7951790866,8.5979867709,8.5979867709,8.5979867709,8.5979867709,8.5979867708,8.5979867708,8.5979867708,7.6744818555,6.82135160497,8.59798677157,8.59798677077,8.59798677077,8.59798677078,8.59798677084,8.59798677084,8.50433483171,8.5979867708,8.5979867708,8.59798677078,7.32316509887,6.99404348452,6.07341594597,6.21257891747
"t7",2.639865283,4.8803425394,4.8803425394,4.00302786889,4.11446221832,4.8803425398,4.88034253959,4.88034253959,4.8803425391,3.8472917614,3.2256196984,3.0564727968,2.727387322,0,3.70403839254,3.70403839254,4.1149662159,4.1149662159,3.2447969688,1.42467320252,4.11496621612,6.4352501188,6.10820410988,6.4352501192,6.4352501192,6.4352501193,6.4352501193,6.13114202082,4.5512762961,5.4438221312,6.43525012008,6.43525012005,6.435250120104,6.435250120114,6.435250120114,6.43525012008,6.43525012018,6.43525012017,5.97001182476,6.9682074067,6.9682074067,6.96820740693,6.96820740696,6.96820740696,6.18571320803,6.03720315973,5.03333336716,5.80408744678,6.96820740696,6.96820740696,6.96820740659,6.96820740659,6.393928313,6.07398341541,6.9682074067,5.3601419014,6.9682074068,4.7636464613,5.8443801319,6.9682074067,6.9682074067,6.9682074067,6.96820740675,6.96820740675,6.9682074069,6.96820740687,6.88150337803,6.968207406876,6.968207406876,6.96820740688,6.5839763164,6.329880719496,6.96820740633,6.96820740639,6.68823193339,5.40855593448,6.96820740648,5.790492927195,5.834880206185,6.968207406685,6.968207406685,6.968207406785,6.968207406775,6.968207406775,6.968207406775,6.968207406895,6.815500912995,6.633729115495,6.968207407095,5.5441447704,6.9682074061,6.9682074065,6.9682074065,6.96820740647,6.96820740647,6.9682074064,6.9682074065,6.1520449404,6.9682074065,6.9682074064,6.9682074064,6.9682074064,6.9682074067,5.4337441609,6.9682074069,6.9682074069,6.9682074061,6.9682074065,6.96820740653,6.87351700753,6.9682074064826,6.9682074064826,6.6708952281,5.43077728726,6.96820740661,6.96820740661,6.9682074064,6.96820740654,6.96820740654,6.96820740656,6.96820740666,6.96820740656,5.2086659431,5.165399722,6.9682074063,6.9682074063,6.9682074063,6.9682074063,6.9682074062,6.9682074062,6.9682074062,6.0447024909,5.19157224037,6.96820740697,6.96820740617,6.96820740617,6.96820740618,6.96820740624,6.96820740624,6.87455546711,6.9682074062,6.9682074062,6.96820740618,5.69338573427,5.36426411992,4.44363658137,4.58279955287
"t126",4.76787702374,7.00835428014,7.00835428014,6.13103960963,6.24247395906,7.00835428054,7.00835428033,7.00835428033,7.00835427984,5.97530350214,5.83205013354,5.66290323194,5.33381775714,3.70403839254,0,0.18286159728,6.24297795664,6.24297795664,5.37280870954,3.55268494326,6.24297795686,8.56326185954,8.23621585062,8.56326185994,8.56326185994,8.56326186004,8.56326186004,8.25915376156,6.67928803684,7.57183387194,8.56326186082,8.56326186079,8.563261860844,8.563261860854,8.563261860854,8.56326186082,8.56326186092,8.56326186091,8.0980235655,9.09621914744,9.09621914744,9.09621914767,9.0962191477,9.0962191477,8.31372494877,8.16521490047,7.1613451079,7.93209918752,9.0962191477,9.0962191477,9.09621914733,9.09621914733,8.52194005374,8.20199515615,9.09621914744,7.48815364214,9.09621914754,6.89165820204,7.97239187264,9.09621914744,9.09621914744,9.09621914744,9.09621914749,9.09621914749,9.09621914764,9.09621914761,9.00951511877,9.096219147616,9.096219147616,9.09621914762,8.71198805714,8.457892460236,9.09621914707,9.09621914713,8.81624367413,7.53656767522,9.09621914722,7.918504667935,7.962891946925,9.096219147425,9.096219147425,9.096219147525,9.096219147515,9.096219147515,9.096219147515,9.096219147635,8.943512653735,8.761740856235,9.096219147835,7.67215651114,9.09621914684,9.09621914724,9.09621914724,9.09621914721,9.09621914721,9.09621914714,9.09621914724,8.28005668114,9.09621914724,9.09621914714,9.09621914714,9.09621914714,9.09621914744,7.56175590164,9.09621914764,9.09621914764,9.09621914684,9.09621914724,9.09621914727,9.00152874827,9.0962191472226,9.0962191472226,8.79890696884,7.558789028,9.09621914735,9.09621914735,9.09621914714,9.09621914728,9.09621914728,9.0962191473,9.0962191474,9.0962191473,7.33667768384,7.29341146274,9.09621914704,9.09621914704,9.09621914704,9.09621914704,9.09621914694,9.09621914694,9.09621914694,8.17271423164,7.31958398111,9.09621914771,9.09621914691,9.09621914691,9.09621914692,9.09621914698,9.09621914698,9.00256720785,9.09621914694,9.09621914694,9.09621914692,7.82139747501,7.49227586066,6.57164832211,6.71081129361
"t127",4.76787702374,7.00835428014,7.00835428014,6.13103960963,6.24247395906,7.00835428054,7.00835428033,7.00835428033,7.00835427984,5.97530350214,5.83205013354,5.66290323194,5.33381775714,3.70403839254,0.18286159728,0,6.24297795664,6.24297795664,5.37280870954,3.55268494326,6.24297795686,8.56326185954,8.23621585062,8.56326185994,8.56326185994,8.56326186004,8.56326186004,8.25915376156,6.67928803684,7.57183387194,8.56326186082,8.56326186079,8.563261860844,8.563261860854,8.563261860854,8.56326186082,8.56326186092,8.56326186091,8.0980235655,9.09621914744,9.09621914744,9.09621914767,9.0962191477,9.0962191477,8.31372494877,8.16521490047,7.1613451079,7.93209918752,9.0962191477,9.0962191477,9.09621914733,9.09621914733,8.52194005374,8.20199515615,9.09621914744,7.48815364214,9.09621914754,6.89165820204,7.97239187264,9.09621914744,9.09621914744,9.09621914744,9.09621914749,9.09621914749,9.09621914764,9.09621914761,9.00951511877,9.096219147616,9.096219147616,9.09621914762,8.71198805714,8.457892460236,9.09621914707,9.09621914713,8.81624367413,7.53656767522,9.09621914722,7.918504667935,7.962891946925,9.096219147425,9.096219147425,9.096219147525,9.096219147515,9.096219147515,9.096219147515,9.096219147635,8.943512653735,8.761740856235,9.096219147835,7.67215651114,9.09621914684,9.09621914724,9.09621914724,9.09621914721,9.09621914721,9.09621914714,9.09621914724,8.28005668114,9.09621914724,9.09621914714,9.09621914714,9.09621914714,9.09621914744,7.56175590164,9.09621914764,9.09621914764,9.09621914684,9.09621914724,9.09621914727,9.00152874827,9.0962191472226,9.0962191472226,8.79890696884,7.558789028,9.09621914735,9.09621914735,9.09621914714,9.09621914728,9.09621914728,9.0962191473,9.0962191474,9.0962191473,7.33667768384,7.29341146274,9.09621914704,9.09621914704,9.09621914704,9.09621914704,9.09621914694,9.09621914694,9.09621914694,8.17271423164,7.31958398111,9.09621914771,9.09621914691,9.09621914691,9.09621914692,9.09621914698,9.09621914698,9.00256720785,9.09621914694,9.09621914694,9.09621914692,7.82139747501,7.49227586066,6.57164832211,6.71081129361
"t107",4.7678770235,7.0083542799,7.0083542799,6.13103960939,6.24247395882,7.0083542803,7.00835428009,7.00835428009,7.0083542796,5.9753035019,6.2429779569,6.0738310553,5.7447455805,4.1149662159,6.24297795664,6.24297795664,0,0.4238549194,2.3686103703,3.11856505402,5.80885806762,8.5632618593,8.23621585038,8.5632618597,8.5632618597,8.5632618598,8.5632618598,8.25915376132,6.6792880366,7.5718338717,8.56326186058,8.56326186055,8.563261860604,8.563261860614,8.563261860614,8.56326186058,8.56326186068,8.56326186067,8.09802356526,9.0962191472,9.0962191472,9.09621914743,9.09621914746,9.09621914746,8.31372494853,8.16521490023,7.16134510766,7.93209918728,9.09621914746,9.09621914746,9.09621914709,9.09621914709,8.5219400535,8.20199515591,9.0962191472,7.4881536419,9.0962191473,6.8916582018,7.9723918724,9.0962191472,9.0962191472,9.0962191472,9.09621914725,9.09621914725,9.0962191474,9.09621914737,9.00951511853,9.096219147376,9.096219147376,9.09621914738,8.7119880569,8.457892459996,9.09621914683,9.09621914689,8.81624367389,7.53656767498,9.09621914698,7.918504667695,7.962891946685,9.096219147185,9.096219147185,9.096219147285,9.096219147275,9.096219147275,9.096219147275,9.096219147395,8.943512653495,8.761740855995,9.096219147595,7.6721565109,9.0962191466,9.096219147,9.096219147,9.09621914697,9.09621914697,9.0962191469,9.096219147,8.2800566809,9.096219147,9.0962191469,9.0962191469,9.0962191469,9.0962191472,7.5617559014,9.0962191474,9.0962191474,9.0962191466,9.096219147,9.09621914703,9.00152874803,9.0962191469826,9.0962191469826,8.7989069686,7.55878902776,9.09621914711,9.09621914711,9.0962191469,9.09621914704,9.09621914704,9.09621914706,9.09621914716,9.09621914706,7.3366776836,7.2934114625,9.0962191468,9.0962191468,9.0962191468,9.0962191468,9.0962191467,9.0962191467,9.0962191467,8.1727142314,7.31958398087,9.09621914747,9.09621914667,9.09621914667,9.09621914668,9.09621914674,9.09621914674,9.00256720761,9.0962191467,9.0962191467,9.09621914668,7.82139747477,7.49227586042,6.57164832187,6.71081129337
"t108",4.7678770235,7.0083542799,7.0083542799,6.13103960939,6.24247395882,7.0083542803,7.00835428009,7.00835428009,7.0083542796,5.9753035019,6.2429779569,6.0738310553,5.7447455805,4.1149662159,6.24297795664,6.24297795664,0.4238549194,0,2.3686103703,3.11856505402,5.80885806762,8.5632618593,8.23621585038,8.5632618597,8.5632618597,8.5632618598,8.5632618598,8.25915376132,6.6792880366,7.5718338717,8.56326186058,8.56326186055,8.563261860604,8.563261860614,8.563261860614,8.56326186058,8.56326186068,8.56326186067,8.09802356526,9.0962191472,9.0962191472,9.09621914743,9.09621914746,9.09621914746,8.31372494853,8.16521490023,7.16134510766,7.93209918728,9.09621914746,9.09621914746,9.09621914709,9.09621914709,8.5219400535,8.20199515591,9.0962191472,7.4881536419,9.0962191473,6.8916582018,7.9723918724,9.0962191472,9.0962191472,9.0962191472,9.09621914725,9.09621914725,9.0962191474,9.09621914737,9.00951511853,9.096219147376,9.096219147376,9.09621914738,8.7119880569,8.457892459996,9.09621914683,9.09621914689,8.81624367389,7.53656767498,9.09621914698,7.918504667695,7.962891946685,9.096219147185,9.096219147185,9.096219147285,9.096219147275,9.096219147275,9.096219147275,9.096219147395,8.943512653495,8.761740855995,9.096219147595,7.6721565109,9.0962191466,9.096219147,9.096219147,9.09621914697,9.09621914697,9.0962191469,9.096219147,8.2800566809,9.096219147,9.0962191469,9.0962191469,9.0962191469,9.0962191472,7.5617559014,9.0962191474,9.0962191474,9.0962191466,9.096219147,9.09621914703,9.00152874803,9.0962191469826,9.0962191469826,8.7989069686,7.55878902776,9.09621914711,9.09621914711,9.0962191469,9.09621914704,9.09621914704,9.09621914706,9.09621914716,9.09621914706,7.3366776836,7.2934114625,9.0962191468,9.0962191468,9.0962191468,9.0962191468,9.0962191467,9.0962191467,9.0962191467,8.1727142314,7.31958398087,9.09621914747,9.09621914667,9.09621914667,9.09621914668,9.09621914674,9.09621914674,9.00256720761,9.0962191467,9.0962191467,9.09621914668,7.82139747477,7.49227586042,6.57164832187,6.71081129337
"t32",3.8977077764,6.1381850328,6.1381850328,5.26087036229,5.37230471172,6.1381850332,6.13818503299,6.13818503299,6.1381850325,5.1051342548,5.3728087098,5.2036618082,4.8745763334,3.2447969688,5.37280870954,5.37280870954,2.3686103703,2.3686103703,0,2.24839580692,4.93868882052,7.6930926122,7.36604660328,7.6930926126,7.6930926126,7.6930926127,7.6930926127,7.38898451422,5.8091187895,6.7016646246,7.69309261348,7.69309261345,7.693092613504,7.693092613514,7.693092613514,7.69309261348,7.69309261358,7.69309261357,7.22785431816,8.2260499001,8.2260499001,8.22604990033,8.22604990036,8.22604990036,7.44355570143,7.29504565313,6.29117586056,7.06192994018,8.22604990036,8.22604990036,8.22604989999,8.22604989999,7.6517708064,7.33182590881,8.2260499001,6.6179843948,8.2260499002,6.0214889547,7.1022226253,8.2260499001,8.2260499001,8.2260499001,8.22604990015,8.22604990015,8.2260499003,8.22604990027,8.13934587143,8.226049900276,8.226049900276,8.22604990028,7.8418188098,7.587723212896,8.22604989973,8.22604989979,7.94607442679,6.66639842788,8.22604989988,7.048335420595,7.092722699585,8.226049900085,8.226049900085,8.226049900185,8.226049900175,8.226049900175,8.226049900175,8.226049900295,8.073343406395,7.891571608895,8.226049900495,6.8019872638,8.2260498995,8.2260498999,8.2260498999,8.22604989987,8.22604989987,8.2260498998,8.2260498999,7.4098874338,8.2260498999,8.2260498998,8.2260498998,8.2260498998,8.2260499001,6.6915866543,8.2260499003,8.2260499003,8.2260498995,8.2260498999,8.22604989993,8.13135950093,8.2260498998826,8.2260498998826,7.9287377215,6.68861978066,8.22604990001,8.22604990001,8.2260498998,8.22604989994,8.22604989994,8.22604989996,8.22604990006,8.22604989996,6.4665084365,6.4232422154,8.2260498997,8.2260498997,8.2260498997,8.2260498997,8.2260498996,8.2260498996,8.2260498996,7.3025449843,6.44941473377,8.22604990037,8.22604989957,8.22604989957,8.22604989958,8.22604989964,8.22604989964,8.13239796051,8.2260498996,8.2260498996,8.22604989958,6.95122822767,6.62210661332,5.70147907477,5.84064204627
