"","t1","t24","t25","t5","t43","t44","t12","t47","t48","t15","t10","t39","t40","t31","t99","t100","t63","t64","t41","t42","t54","t55","t60","t61","t32","t17","t72","t73","t49","t20","t70","t71","t93","t94","t16","t2","t85","t86","t97","t98","t95","t96","t35","t9","t27","t28","t11","t7","t8","t22","t23","t18","t33","t34","t81","t82","t51","t68","t69","t37","t38","t89","t90","t3","t36","t56","t57","t19","t78","t83","t84","t52","t76","t77","t26","t50","t66","t67","t4","t29","t30","t58","t59","t53","t21","t74","t75","t45","t46","t91","t92","t13","t14","t87","t88","t62","t79","t80","t65","t6"
"t1",0,4.6518242944,4.6518242944,6.1145746332,6.114574633,6.114574633,6.114574633,8.0890389645,8.0890389645,8.0890389644,8.08903896446,8.08903896446,8.08903896446,8.08903896446,8.089038964447,8.089038964447,8.089038965,8.089038965,8.0890389645,8.0890389645,8.08903896444,8.08903896444,8.0890389644,8.0890389644,8.0890389645,8.0890389646,8.0890389646,8.0890389646,8.0890389646,8.0890389646,8.0890389646,8.0890389646,8.08903896459,8.08903896459,8.0890389645,8.0890389651,8.08903896456,8.08903896456,8.08903896459,8.08903896459,8.08903896459,8.08903896459,8.08903896464,8.08903896464,8.08903896459,8.08903896459,8.08903896459,8.08903896507,8.08903896507,8.08903896457,8.08903896457,8.08903896508,8.08903896508,8.08903896508,8.08903896452,8.08903896452,8.08903896458,8.08903896452,8.08903896452,8.0890389646,8.0890389646,8.08903896448,8.08903896448,8.08903896458,8.08903896505,8.08903896515,8.08903896515,8.08903896485,8.08903896479,8.0890389648,8.0890389648,8.08903896475,8.08903896462,8.08903896462,8.08903896475,8.08903896465,8.08903896465,8.08903896465,8.08903896475,8.08903896472,8.08903896472,8.08903896474,8.08903896474,8.08903896472,8.08903896472,8.08903896483,8.08903896483,8.08903896475,8.08903896475,8.08903896477,8.08903896477,8.08903896465,8.08903896465,11.83561697601,11.83561697601,11.8356169761,11.83561697601,11.83561697601,11.835616976,11.8356169762
"t24",4.6518242944,0,0.9671319728,6.1145746336,6.1145746334,6.1145746334,6.1145746334,8.0890389649,8.0890389649,8.0890389648,8.08903896486,8.08903896486,8.08903896486,8.08903896486,8.089038964847,8.089038964847,8.0890389654,8.0890389654,8.0890389649,8.0890389649,8.08903896484,8.08903896484,8.0890389648,8.0890389648,8.0890389649,8.089038965,8.089038965,8.089038965,8.089038965,8.089038965,8.089038965,8.089038965,8.08903896499,8.08903896499,8.0890389649,8.0890389655,8.08903896496,8.08903896496,8.08903896499,8.08903896499,8.08903896499,8.08903896499,8.08903896504,8.08903896504,8.08903896499,8.08903896499,8.08903896499,8.08903896547,8.08903896547,8.08903896497,8.08903896497,8.08903896548,8.08903896548,8.08903896548,8.08903896492,8.08903896492,8.08903896498,8.08903896492,8.08903896492,8.089038965,8.089038965,8.08903896488,8.08903896488,8.08903896498,8.08903896545,8.08903896555,8.08903896555,8.08903896525,8.08903896519,8.0890389652,8.0890389652,8.08903896515,8.08903896502,8.08903896502,8.08903896515,8.08903896505,8.08903896505,8.08903896505,8.08903896515,8.08903896512,8.08903896512,8.08903896514,8.08903896514,8.08903896512,8.08903896512,8.08903896523,8.08903896523,8.08903896515,8.08903896515,8.08903896517,8.08903896517,8.08903896505,8.08903896505,11.83561697641,11.83561697641,11.8356169765,11.83561697641,11.83561697641,11.8356169764,11.8356169766
"t25",4.6518242944,0.9671319728,0,6.1145746336,6.1145746334,6.1145746334,6.1145746334,8.0890389649,8.0890389649,8.0890389648,8.08903896486,8.08903896486,8.08903896486,8.08903896486,8.089038964847,8.089038964847,8.0890389654,8.0890389654,8.0890389649,8.0890389649,8.08903896484,8.08903896484,8.0890389648,8.0890389648,8.0890389649,8.089038965,8.089038965,8.089038965,8.089038965,8.089038965,8.089038965,8.089038965,8.08903896499,8.08903896499,8.0890389649,8.0890389655,8.08903896496,8.08903896496,8.08903896499,8.08903896499,8.08903896499,8.08903896499,8.08903896504,8.08903896504,8.08903896499,8.08903896499,8.08903896499,8.08903896547,8.08903896547,8.08903896497,8.08903896497,8.08903896548,8.08903896548,8.08903896548,8.08903896492,8.08903896492,8.08903896498,8.08903896492,8.08903896492,8.089038965,8.089038965,8.08903896488,8.08903896488,8.08903896498,8.08903896545,8.08903896555,8.08903896555,8.08903896525,8.08903896519,8.0890389652,8.0890389652,8.08903896515,8.08903896502,8.08903896502,8.08903896515,8.08903896505,8.08903896505,8.08903896505,8.08903896515,8.08903896512,8.08903896512,8.08903896514,8.08903896514,8.08903896512,8.08903896512,8.08903896523,8.08903896523,8.08903896515,8.08903896515,8.08903896517,8.08903896517,8.08903896505,8.08903896505,11.83561697641,11.83561697641,11.8356169765,11.83561697641,11.83561697641,11.8356169764,11.8356169766
"t5",6.1145746332,6.1145746336,6.1145746336,0,2.4842796718,2.4842796718,2.4842796718,8.0890389653,8.0890389653,8.0890389652,8.08903896526,8.08903896526,8.08903896526,8.08903896526,8.089038965247,8.089038965247,8.0890389658,8.0890389658,8.0890389653,8.0890389653,8.08903896524,8.08903896524,8.0890389652,8.0890389652,8.0890389653,8.0890389654,8.0890389654,8.0890389654,8.0890389654,8.0890389654,8.0890389654,8.0890389654,8.08903896539,8.08903896539,8.0890389653,8.0890389659,8.08903896536,8.08903896536,8.08903896539,8.08903896539,8.08903896539,8.08903896539,8.08903896544,8.08903896544,8.08903896539,8.08903896539,8.08903896539,8.08903896587,8.08903896587,8.08903896537,8.08903896537,8.08903896588,8.08903896588,8.08903896588,8.08903896532,8.08903896532,8.08903896538,8.08903896532,8.08903896532,8.0890389654,8.0890389654,8.08903896528,8.08903896528,8.08903896538,8.08903896585,8.08903896595,8.08903896595,8.08903896565,8.08903896559,8.0890389656,8.0890389656,8.08903896555,8.08903896542,8.08903896542,8.08903896555,8.08903896545,8.08903896545,8.08903896545,8.08903896555,8.08903896552,8.08903896552,8.08903896554,8.08903896554,8.08903896552,8.08903896552,8.08903896563,8.08903896563,8.08903896555,8.08903896555,8.08903896557,8.08903896557,8.08903896545,8.08903896545,11.83561697681,11.83561697681,11.8356169769,11.83561697681,11.83561697681,11.8356169768,11.835616977
"t43",6.114574633,6.1145746334,6.1145746334,2.4842796718,0,0.5755941002,1.8045990988,8.0890389651,8.0890389651,8.089038965,8.08903896506,8.08903896506,8.08903896506,8.08903896506,8.089038965047,8.089038965047,8.0890389656,8.0890389656,8.0890389651,8.0890389651,8.08903896504,8.08903896504,8.089038965,8.089038965,8.0890389651,8.0890389652,8.0890389652,8.0890389652,8.0890389652,8.0890389652,8.0890389652,8.0890389652,8.08903896519,8.08903896519,8.0890389651,8.0890389657,8.08903896516,8.08903896516,8.08903896519,8.08903896519,8.08903896519,8.08903896519,8.08903896524,8.08903896524,8.08903896519,8.08903896519,8.08903896519,8.08903896567,8.08903896567,8.08903896517,8.08903896517,8.08903896568,8.08903896568,8.08903896568,8.08903896512,8.08903896512,8.08903896518,8.08903896512,8.08903896512,8.0890389652,8.0890389652,8.08903896508,8.08903896508,8.08903896518,8.08903896565,8.08903896575,8.08903896575,8.08903896545,8.08903896539,8.0890389654,8.0890389654,8.08903896535,8.08903896522,8.08903896522,8.08903896535,8.08903896525,8.08903896525,8.08903896525,8.08903896535,8.08903896532,8.08903896532,8.08903896534,8.08903896534,8.08903896532,8.08903896532,8.08903896543,8.08903896543,8.08903896535,8.08903896535,8.08903896537,8.08903896537,8.08903896525,8.08903896525,11.83561697661,11.83561697661,11.8356169767,11.83561697661,11.83561697661,11.8356169766,11.8356169768
"t44",6.114574633,6.1145746334,6.1145746334,2.4842796718,0.5755941002,0,1.8045990988,8.0890389651,8.0890389651,8.089038965,8.08903896506,8.08903896506,8.08903896506,8.08903896506,8.089038965047,8.089038965047,8.0890389656,8.0890389656,8.0890389651,8.0890389651,8.08903896504,8.08903896504,8.089038965,8.089038965,8.0890389651,8.0890389652,8.0890389652,8.0890389652,8.0890389652,8.0890389652,8.0890389652,8.0890389652,8.08903896519,8.08903896519,8.0890389651,8.0890389657,8.08903896516,8.08903896516,8.08903896519,8.08903896519,8.08903896519,8.08903896519,8.08903896524,8.08903896524,8.08903896519,8.08903896519,8.08903896519,8.08903896567,8.08903896567,8.08903896517,8.08903896517,8.08903896568,8.08903896568,8.08903896568,8.08903896512,8.08903896512,8.08903896518,8.08903896512,8.08903896512,8.0890389652,8.0890389652,8.08903896508,8.08903896508,8.08903896518,8.08903896565,8.08903896575,8.08903896575,8.08903896545,8.08903896539,8.0890389654,8.0890389654,8.08903896535,8.08903896522,8.08903896522,8.08903896535,8.08903896525,8.08903896525,8.08903896525,8.08903896535,8.08903896532,8.08903896532,8.08903896534,8.08903896534,8.08903896532,8.08903896532,8.08903896543,8.08903896543,8.08903896535,8.08903896535,8.08903896537,8.08903896537,8.08903896525,8.08903896525,11.83561697661,11.83561697661,11.8356169767,11.83561697661,11.83561697661,11.8356169766,11.8356169768
"t12",6.114574633,6.1145746334,6.1145746334,2.4842796718,1.8045990988,1.8045990988,0,8.0890389651,8.0890389651,8.089038965,8.08903896506,8.08903896506,8.08903896506,8.08903896506,8.089038965047,8.089038965047,8.0890389656,8.0890389656,8.0890389651,8.0890389651,8.08903896504,8.08903896504,8.089038965,8.089038965,8.0890389651,8.0890389652,8.0890389652,8.0890389652,8.0890389652,8.0890389652,8.0890389652,8.0890389652,8.08903896519,8.08903896519,8.0890389651,8.0890389657,8.08903896516,8.08903896516,8.08903896519,8.08903896519,8.08903896519,8.08903896519,8.08903896524,8.08903896524,8.08903896519,8.08903896519,8.08903896519,8.08903896567,8.08903896567,8.08903896517,8.08903896517,8.08903896568,8.08903896568,8.08903896568,8.08903896512,8.08903896512,8.08903896518,8.08903896512,8.08903896512,8.0890389652,8.0890389652,8.08903896508,8.08903896508,8.08903896518,8.08903896565,8.08903896575,8.08903896575,8.08903896545,8.08903896539,8.0890389654,8.0890389654,8.08903896535,8.08903896522,8.08903896522,8.08903896535,8.08903896525,8.08903896525,8.08903896525,8.08903896535,8.08903896532,8.08903896532,8.08903896534,8.08903896534,8.08903896532,8.08903896532,8.08903896543,8.08903896543,8.08903896535,8.08903896535,8.08903896537,8.08903896537,8.08903896525,8.08903896525,11.83561697661,11.83561697661,11.8356169767,11.83561697661,11.83561697661,11.8356169766,11.8356169768
"t47",8.0890389645,8.0890389649,8.0890389649,8.0890389653,8.0890389651,8.0890389651,8.0890389651,0,0.5450797022,1.3630235499,2.00129189736,2.00129189736,2.00129189736,2.00129189736,2.001291897347,2.001291897347,4.5324820239,4.5324820239,4.5324820234,4.5324820234,4.53248202334,4.53248202334,4.5324820233,4.5324820233,4.5324820234,4.5324820235,4.5324820235,4.5324820235,4.5324820235,4.5324820235,4.5324820235,4.5324820235,4.53248202349,4.53248202349,4.5324820234,4.532482024,4.53248202346,4.53248202346,4.53248202349,4.53248202349,4.53248202349,4.53248202349,4.53248202354,4.53248202354,4.53248202349,4.53248202349,4.53248202349,4.53248202397,4.53248202397,4.53248202347,4.53248202347,5.22498467118,5.22498467118,5.22498467118,5.22498467062,5.22498467062,5.22498467068,5.22498467062,5.22498467062,5.2249846707,5.2249846707,5.22498467058,5.22498467058,5.22498467068,5.22498467115,5.22498467125,5.22498467125,5.22498467095,5.22498467089,5.2249846709,5.2249846709,5.22498467085,5.22498467072,5.22498467072,5.22498467085,5.22498467075,5.22498467075,5.22498467075,5.22498467085,5.22498467082,5.22498467082,5.22498467084,5.22498467084,5.22498467082,5.22498467082,5.22498467093,5.22498467093,5.22498467085,5.22498467085,5.22498467087,5.22498467087,5.22498467075,5.22498467075,11.83561697611,11.83561697611,11.8356169762,11.83561697611,11.83561697611,11.8356169761,11.8356169763
"t48",8.0890389645,8.0890389649,8.0890389649,8.0890389653,8.0890389651,8.0890389651,8.0890389651,0.5450797022,0,1.3630235499,2.00129189736,2.00129189736,2.00129189736,2.00129189736,2.001291897347,2.001291897347,4.5324820239,4.5324820239,4.5324820234,4.5324820234,4.53248202334,4.53248202334,4.5324820233,4.5324820233,4.5324820234,4.5324820235,4.5324820235,4.5324820235,4.5324820235,4.5324820235,4.5324820235,4.5324820235,4.53248202349,4.53248202349,4.5324820234,4.532482024,4.53248202346,4.53248202346,4.53248202349,4.53248202349,4.53248202349,4.53248202349,4.53248202354,4.53248202354,4.53248202349,4.53248202349,4.53248202349,4.53248202397,4.53248202397,4.53248202347,4.53248202347,5.22498467118,5.22498467118,5.22498467118,5.22498467062,5.22498467062,5.22498467068,5.22498467062,5.22498467062,5.2249846707,5.2249846707,5.22498467058,5.22498467058,5.22498467068,5.22498467115,5.22498467125,5.22498467125,5.22498467095,5.22498467089,5.2249846709,5.2249846709,5.22498467085,5.22498467072,5.22498467072,5.22498467085,5.22498467075,5.22498467075,5.22498467075,5.22498467085,5.22498467082,5.22498467082,5.22498467084,5.22498467084,5.22498467082,5.22498467082,5.22498467093,5.22498467093,5.22498467085,5.22498467085,5.22498467087,5.22498467087,5.22498467075,5.22498467075,11.83561697611,11.83561697611,11.8356169762,11.83561697611,11.83561697611,11.8356169761,11.8356169763
"t15",8.0890389644,8.0890389648,8.0890389648,8.0890389652,8.089038965,8.089038965,8.089038965,1.3630235499,1.3630235499,0,2.00129189726,2.00129189726,2.00129189726,2.00129189726,2.001291897247,2.001291897247,4.5324820238,4.5324820238,4.5324820233,4.5324820233,4.53248202324,4.53248202324,4.5324820232,4.5324820232,4.5324820233,4.5324820234,4.5324820234,4.5324820234,4.5324820234,4.5324820234,4.5324820234,4.5324820234,4.53248202339,4.53248202339,4.5324820233,4.5324820239,4.53248202336,4.53248202336,4.53248202339,4.53248202339,4.53248202339,4.53248202339,4.53248202344,4.53248202344,4.53248202339,4.53248202339,4.53248202339,4.53248202387,4.53248202387,4.53248202337,4.53248202337,5.22498467108,5.22498467108,5.22498467108,5.22498467052,5.22498467052,5.22498467058,5.22498467052,5.22498467052,5.2249846706,5.2249846706,5.22498467048,5.22498467048,5.22498467058,5.22498467105,5.22498467115,5.22498467115,5.22498467085,5.22498467079,5.2249846708,5.2249846708,5.22498467075,5.22498467062,5.22498467062,5.22498467075,5.22498467065,5.22498467065,5.22498467065,5.22498467075,5.22498467072,5.22498467072,5.22498467074,5.22498467074,5.22498467072,5.22498467072,5.22498467083,5.22498467083,5.22498467075,5.22498467075,5.22498467077,5.22498467077,5.22498467065,5.22498467065,11.83561697601,11.83561697601,11.8356169761,11.83561697601,11.83561697601,11.835616976,11.8356169762
"t10",8.08903896446,8.08903896486,8.08903896486,8.08903896526,8.08903896506,8.08903896506,8.08903896506,2.00129189736,2.00129189736,2.00129189726,0,1.933713553,1.933713553,1.933713553,1.933713552987,1.933713552987,4.53248202386,4.53248202386,4.53248202336,4.53248202336,4.5324820233,4.5324820233,4.53248202326,4.53248202326,4.53248202336,4.53248202346,4.53248202346,4.53248202346,4.53248202346,4.53248202346,4.53248202346,4.53248202346,4.53248202345,4.53248202345,4.53248202336,4.53248202396,4.53248202342,4.53248202342,4.53248202345,4.53248202345,4.53248202345,4.53248202345,4.5324820235,4.5324820235,4.53248202345,4.53248202345,4.53248202345,4.53248202393,4.53248202393,4.53248202343,4.53248202343,5.22498467114,5.22498467114,5.22498467114,5.22498467058,5.22498467058,5.22498467064,5.22498467058,5.22498467058,5.22498467066,5.22498467066,5.22498467054,5.22498467054,5.22498467064,5.22498467111,5.22498467121,5.22498467121,5.22498467091,5.22498467085,5.22498467086,5.22498467086,5.22498467081,5.22498467068,5.22498467068,5.22498467081,5.22498467071,5.22498467071,5.22498467071,5.22498467081,5.22498467078,5.22498467078,5.2249846708,5.2249846708,5.22498467078,5.22498467078,5.22498467089,5.22498467089,5.22498467081,5.22498467081,5.22498467083,5.22498467083,5.22498467071,5.22498467071,11.83561697607,11.83561697607,11.83561697616,11.83561697607,11.83561697607,11.83561697606,11.83561697626
"t39",8.08903896446,8.08903896486,8.08903896486,8.08903896526,8.08903896506,8.08903896506,8.08903896506,2.00129189736,2.00129189736,2.00129189726,1.933713553,0,0.629962997,1.0394162216,1.039416221587,1.039416221587,4.53248202386,4.53248202386,4.53248202336,4.53248202336,4.5324820233,4.5324820233,4.53248202326,4.53248202326,4.53248202336,4.53248202346,4.53248202346,4.53248202346,4.53248202346,4.53248202346,4.53248202346,4.53248202346,4.53248202345,4.53248202345,4.53248202336,4.53248202396,4.53248202342,4.53248202342,4.53248202345,4.53248202345,4.53248202345,4.53248202345,4.5324820235,4.5324820235,4.53248202345,4.53248202345,4.53248202345,4.53248202393,4.53248202393,4.53248202343,4.53248202343,5.22498467114,5.22498467114,5.22498467114,5.22498467058,5.22498467058,5.22498467064,5.22498467058,5.22498467058,5.22498467066,5.22498467066,5.22498467054,5.22498467054,5.22498467064,5.22498467111,5.22498467121,5.22498467121,5.22498467091,5.22498467085,5.22498467086,5.22498467086,5.22498467081,5.22498467068,5.22498467068,5.22498467081,5.22498467071,5.22498467071,5.22498467071,5.22498467081,5.22498467078,5.22498467078,5.2249846708,5.2249846708,5.22498467078,5.22498467078,5.22498467089,5.22498467089,5.22498467081,5.22498467081,5.22498467083,5.22498467083,5.22498467071,5.22498467071,11.83561697607,11.83561697607,11.83561697616,11.83561697607,11.83561697607,11.83561697606,11.83561697626
"t40",8.08903896446,8.08903896486,8.08903896486,8.08903896526,8.08903896506,8.08903896506,8.08903896506,2.00129189736,2.00129189736,2.00129189726,1.933713553,0.629962997,0,1.0394162216,1.039416221587,1.039416221587,4.53248202386,4.53248202386,4.53248202336,4.53248202336,4.5324820233,4.5324820233,4.53248202326,4.53248202326,4.53248202336,4.53248202346,4.53248202346,4.53248202346,4.53248202346,4.53248202346,4.53248202346,4.53248202346,4.53248202345,4.53248202345,4.53248202336,4.53248202396,4.53248202342,4.53248202342,4.53248202345,4.53248202345,4.53248202345,4.53248202345,4.5324820235,4.5324820235,4.53248202345,4.53248202345,4.53248202345,4.53248202393,4.53248202393,4.53248202343,4.53248202343,5.22498467114,5.22498467114,5.22498467114,5.22498467058,5.22498467058,5.22498467064,5.22498467058,5.22498467058,5.22498467066,5.22498467066,5.22498467054,5.22498467054,5.22498467064,5.22498467111,5.22498467121,5.22498467121,5.22498467091,5.22498467085,5.22498467086,5.22498467086,5.22498467081,5.22498467068,5.22498467068,5.22498467081,5.22498467071,5.22498467071,5.22498467071,5.22498467081,5.22498467078,5.22498467078,5.2249846708,5.2249846708,5.22498467078,5.22498467078,5.22498467089,5.22498467089,5.22498467081,5.22498467081,5.22498467083,5.22498467083,5.22498467071,5.22498467071,11.83561697607,11.83561697607,11.83561697616,11.83561697607,11.83561697607,11.83561697606,11.83561697626
"t31",8.08903896446,8.08903896486,8.08903896486,8.08903896526,8.08903896506,8.08903896506,8.08903896506,2.00129189736,2.00129189736,2.00129189726,1.933713553,1.0394162216,1.0394162216,0,0.816151453187,0.816151453187,4.53248202386,4.53248202386,4.53248202336,4.53248202336,4.5324820233,4.5324820233,4.53248202326,4.53248202326,4.53248202336,4.53248202346,4.53248202346,4.53248202346,4.53248202346,4.53248202346,4.53248202346,4.53248202346,4.53248202345,4.53248202345,4.53248202336,4.53248202396,4.53248202342,4.53248202342,4.53248202345,4.53248202345,4.53248202345,4.53248202345,4.5324820235,4.5324820235,4.53248202345,4.53248202345,4.53248202345,4.53248202393,4.53248202393,4.53248202343,4.53248202343,5.22498467114,5.22498467114,5.22498467114,5.22498467058,5.22498467058,5.22498467064,5.22498467058,5.22498467058,5.22498467066,5.22498467066,5.22498467054,5.22498467054,5.22498467064,5.22498467111,5.22498467121,5.22498467121,5.22498467091,5.22498467085,5.22498467086,5.22498467086,5.22498467081,5.22498467068,5.22498467068,5.22498467081,5.22498467071,5.22498467071,5.22498467071,5.22498467081,5.22498467078,5.22498467078,5.2249846708,5.2249846708,5.22498467078,5.22498467078,5.22498467089,5.22498467089,5.22498467081,5.22498467081,5.22498467083,5.22498467083,5.22498467071,5.22498467071,11.83561697607,11.83561697607,11.83561697616,11.83561697607,11.83561697607,11.83561697606,11.83561697626
"t99",8.089038964447,8.089038964847,8.089038964847,8.089038965247,8.089038965047,8.089038965047,8.089038965047,2.001291897347,2.001291897347,2.001291897247,1.933713552987,1.039416221587,1.039416221587,0.816151453187,0,0.007965727774,4.532482023847,4.532482023847,4.532482023347,4.532482023347,4.532482023287,4.532482023287,4.532482023247,4.532482023247,4.532482023347,4.532482023447,4.532482023447,4.532482023447,4.532482023447,4.532482023447,4.532482023447,4.532482023447,4.532482023437,4.532482023437,4.532482023347,4.532482023947,4.532482023407,4.532482023407,4.532482023437,4.532482023437,4.532482023437,4.532482023437,4.532482023487,4.532482023487,4.532482023437,4.532482023437,4.532482023437,4.532482023917,4.532482023917,4.532482023417,4.532482023417,5.224984671127,5.224984671127,5.224984671127,5.224984670567,5.224984670567,5.224984670627,5.224984670567,5.224984670567,5.224984670647,5.224984670647,5.224984670527,5.224984670527,5.224984670627,5.224984671097,5.224984671197,5.224984671197,5.224984670897,5.224984670837,5.224984670847,5.224984670847,5.224984670797,5.224984670667,5.224984670667,5.224984670797,5.224984670697,5.224984670697,5.224984670697,5.224984670797,5.224984670767,5.224984670767,5.224984670787,5.224984670787,5.224984670767,5.224984670767,5.224984670877,5.224984670877,5.224984670797,5.224984670797,5.224984670817,5.224984670817,5.224984670697,5.224984670697,11.835616976057,11.835616976057,11.835616976147,11.835616976057,11.835616976057,11.835616976047,11.835616976247
"t100",8.089038964447,8.089038964847,8.089038964847,8.089038965247,8.089038965047,8.089038965047,8.089038965047,2.001291897347,2.001291897347,2.001291897247,1.933713552987,1.039416221587,1.039416221587,0.816151453187,0.007965727774,0,4.532482023847,4.532482023847,4.532482023347,4.532482023347,4.532482023287,4.532482023287,4.532482023247,4.532482023247,4.532482023347,4.532482023447,4.532482023447,4.532482023447,4.532482023447,4.532482023447,4.532482023447,4.532482023447,4.532482023437,4.532482023437,4.532482023347,4.532482023947,4.532482023407,4.532482023407,4.532482023437,4.532482023437,4.532482023437,4.532482023437,4.532482023487,4.532482023487,4.532482023437,4.532482023437,4.532482023437,4.532482023917,4.532482023917,4.532482023417,4.532482023417,5.224984671127,5.224984671127,5.224984671127,5.224984670567,5.224984670567,5.224984670627,5.224984670567,5.224984670567,5.224984670647,5.224984670647,5.224984670527,5.224984670527,5.224984670627,5.224984671097,5.224984671197,5.224984671197,5.224984670897,5.224984670837,5.224984670847,5.224984670847,5.224984670797,5.224984670667,5.224984670667,5.224984670797,5.224984670697,5.224984670697,5.224984670697,5.224984670797,5.224984670767,5.224984670767,5.224984670787,5.224984670787,5.224984670767,5.224984670767,5.224984670877,5.224984670877,5.224984670797,5.224984670797,5.224984670817,5.224984670817,5.224984670697,5.224984670697,11.835616976057,11.835616976057,11.835616976147,11.835616976057,11.835616976057,11.835616976047,11.835616976247
"t63",8.089038965,8.0890389654,8.0890389654,8.0890389658,8.0890389656,8.0890389656,8.0890389656,4.5324820239,4.5324820239,4.5324820238,4.53248202386,4.53248202386,4.53248202386,4.53248202386,4.532482023847,4.532482023847,0,0.2880751606,3.2084891701,3.2084891701,3.20848917004,3.20848917004,3.20848917,3.20848917,3.2084891701,3.2084891702,3.2084891702,3.2084891702,3.2084891702,3.2084891702,3.2084891702,3.2084891702,3.20848917019,3.20848917019,3.2084891701,4.1035080921,4.10350809156,4.10350809156,4.10350809159,4.10350809159,4.10350809159,4.10350809159,4.10350809164,4.10350809164,4.10350809159,4.10350809159,4.10350809159,4.10350809207,4.10350809207,4.10350809157,4.10350809157,5.22498467168,5.22498467168,5.22498467168,5.22498467112,5.22498467112,5.22498467118,5.22498467112,5.22498467112,5.2249846712,5.2249846712,5.22498467108,5.22498467108,5.22498467118,5.22498467165,5.22498467175,5.22498467175,5.22498467145,5.22498467139,5.2249846714,5.2249846714,5.22498467135,5.22498467122,5.22498467122,5.22498467135,5.22498467125,5.22498467125,5.22498467125,5.22498467135,5.22498467132,5.22498467132,5.22498467134,5.22498467134,5.22498467132,5.22498467132,5.22498467143,5.22498467143,5.22498467135,5.22498467135,5.22498467137,5.22498467137,5.22498467125,5.22498467125,11.83561697661,11.83561697661,11.8356169767,11.83561697661,11.83561697661,11.8356169766,11.8356169768
"t64",8.089038965,8.0890389654,8.0890389654,8.0890389658,8.0890389656,8.0890389656,8.0890389656,4.5324820239,4.5324820239,4.5324820238,4.53248202386,4.53248202386,4.53248202386,4.53248202386,4.532482023847,4.532482023847,0.2880751606,0,3.2084891701,3.2084891701,3.20848917004,3.20848917004,3.20848917,3.20848917,3.2084891701,3.2084891702,3.2084891702,3.2084891702,3.2084891702,3.2084891702,3.2084891702,3.2084891702,3.20848917019,3.20848917019,3.2084891701,4.1035080921,4.10350809156,4.10350809156,4.10350809159,4.10350809159,4.10350809159,4.10350809159,4.10350809164,4.10350809164,4.10350809159,4.10350809159,4.10350809159,4.10350809207,4.10350809207,4.10350809157,4.10350809157,5.22498467168,5.22498467168,5.22498467168,5.22498467112,5.22498467112,5.22498467118,5.22498467112,5.22498467112,5.2249846712,5.2249846712,5.22498467108,5.22498467108,5.22498467118,5.22498467165,5.22498467175,5.22498467175,5.22498467145,5.22498467139,5.2249846714,5.2249846714,5.22498467135,5.22498467122,5.22498467122,5.22498467135,5.22498467125,5.22498467125,5.22498467125,5.22498467135,5.22498467132,5.22498467132,5.22498467134,5.22498467134,5.22498467132,5.22498467132,5.22498467143,5.22498467143,5.22498467135,5.22498467135,5.22498467137,5.22498467137,5.22498467125,5.22498467125,11.83561697661,11.83561697661,11.8356169767,11.83561697661,11.83561697661,11.8356169766,11.8356169768
"t41",8.0890389645,8.0890389649,8.0890389649,8.0890389653,8.0890389651,8.0890389651,8.0890389651,4.5324820234,4.5324820234,4.5324820233,4.53248202336,4.53248202336,4.53248202336,4.53248202336,4.532482023347,4.532482023347,3.2084891701,3.2084891701,0,0.6034396554,1.10537392994,1.10537392994,1.1053739299,1.1053739299,1.10537393,2.1668528481,2.1668528481,2.1668528481,2.1668528481,2.1668528481,2.1668528481,2.1668528481,2.60544044889,2.60544044889,2.6054404488,4.1035080916,4.10350809106,4.10350809106,4.10350809109,4.10350809109,4.10350809109,4.10350809109,4.10350809114,4.10350809114,4.10350809109,4.10350809109,4.10350809109,4.10350809157,4.10350809157,4.10350809107,4.10350809107,5.22498467118,5.22498467118,5.22498467118,5.22498467062,5.22498467062,5.22498467068,5.22498467062,5.22498467062,5.2249846707,5.2249846707,5.22498467058,5.22498467058,5.22498467068,5.22498467115,5.22498467125,5.22498467125,5.22498467095,5.22498467089,5.2249846709,5.2249846709,5.22498467085,5.22498467072,5.22498467072,5.22498467085,5.22498467075,5.22498467075,5.22498467075,5.22498467085,5.22498467082,5.22498467082,5.22498467084,5.22498467084,5.22498467082,5.22498467082,5.22498467093,5.22498467093,5.22498467085,5.22498467085,5.22498467087,5.22498467087,5.22498467075,5.22498467075,11.83561697611,11.83561697611,11.8356169762,11.83561697611,11.83561697611,11.8356169761,11.8356169763
"t42",8.0890389645,8.0890389649,8.0890389649,8.0890389653,8.0890389651,8.0890389651,8.0890389651,4.5324820234,4.5324820234,4.5324820233,4.53248202336,4.53248202336,4.53248202336,4.53248202336,4.532482023347,4.532482023347,3.2084891701,3.2084891701,0.6034396554,0,1.10537392994,1.10537392994,1.1053739299,1.1053739299,1.10537393,2.1668528481,2.1668528481,2.1668528481,2.1668528481,2.1668528481,2.1668528481,2.1668528481,2.60544044889,2.60544044889,2.6054404488,4.1035080916,4.10350809106,4.10350809106,4.10350809109,4.10350809109,4.10350809109,4.10350809109,4.10350809114,4.10350809114,4.10350809109,4.10350809109,4.10350809109,4.10350809157,4.10350809157,4.10350809107,4.10350809107,5.22498467118,5.22498467118,5.22498467118,5.22498467062,5.22498467062,5.22498467068,5.22498467062,5.22498467062,5.2249846707,5.2249846707,5.22498467058,5.22498467058,5.22498467068,5.22498467115,5.22498467125,5.22498467125,5.22498467095,5.22498467089,5.2249846709,5.2249846709,5.22498467085,5.22498467072,5.22498467072,5.22498467085,5.22498467075,5.22498467075,5.22498467075,5.22498467085,5.22498467082,5.22498467082,5.22498467084,5.22498467084,5.22498467082,5.22498467082,5.22498467093,5.22498467093,5.22498467085,5.22498467085,5.22498467087,5.22498467087,5.22498467075,5.22498467075,11.83561697611,11.83561697611,11.8356169762,11.83561697611,11.83561697611,11.8356169761,11.8356169763
"t54",8.08903896444,8.08903896484,8.08903896484,8.08903896524,8.08903896504,8.08903896504,8.08903896504,4.53248202334,4.53248202334,4.53248202324,4.5324820233,4.5324820233,4.5324820233,4.5324820233,4.532482023287,4.532482023287,3.20848917004,3.20848917004,1.10537392994,1.10537392994,0,0.4367140984,0.59568950764,0.59568950764,0.80553394854,2.16685284804,2.16685284804,2.16685284804,2.16685284804,2.16685284804,2.16685284804,2.16685284804,2.60544044883,2.60544044883,2.60544044874,4.10350809154,4.103508091,4.103508091,4.10350809103,4.10350809103,4.10350809103,4.10350809103,4.10350809108,4.10350809108,4.10350809103,4.10350809103,4.10350809103,4.10350809151,4.10350809151,4.10350809101,4.10350809101,5.22498467112,5.22498467112,5.22498467112,5.22498467056,5.22498467056,5.22498467062,5.22498467056,5.22498467056,5.22498467064,5.22498467064,5.22498467052,5.22498467052,5.22498467062,5.22498467109,5.22498467119,5.22498467119,5.22498467089,5.22498467083,5.22498467084,5.22498467084,5.22498467079,5.22498467066,5.22498467066,5.22498467079,5.22498467069,5.22498467069,5.22498467069,5.22498467079,5.22498467076,5.22498467076,5.22498467078,5.22498467078,5.22498467076,5.22498467076,5.22498467087,5.22498467087,5.22498467079,5.22498467079,5.22498467081,5.22498467081,5.22498467069,5.22498467069,11.83561697605,11.83561697605,11.83561697614,11.83561697605,11.83561697605,11.83561697604,11.83561697624
"t55",8.08903896444,8.08903896484,8.08903896484,8.08903896524,8.08903896504,8.08903896504,8.08903896504,4.53248202334,4.53248202334,4.53248202324,4.5324820233,4.5324820233,4.5324820233,4.5324820233,4.532482023287,4.532482023287,3.20848917004,3.20848917004,1.10537392994,1.10537392994,0.4367140984,0,0.59568950764,0.59568950764,0.80553394854,2.16685284804,2.16685284804,2.16685284804,2.16685284804,2.16685284804,2.16685284804,2.16685284804,2.60544044883,2.60544044883,2.60544044874,4.10350809154,4.103508091,4.103508091,4.10350809103,4.10350809103,4.10350809103,4.10350809103,4.10350809108,4.10350809108,4.10350809103,4.10350809103,4.10350809103,4.10350809151,4.10350809151,4.10350809101,4.10350809101,5.22498467112,5.22498467112,5.22498467112,5.22498467056,5.22498467056,5.22498467062,5.22498467056,5.22498467056,5.22498467064,5.22498467064,5.22498467052,5.22498467052,5.22498467062,5.22498467109,5.22498467119,5.22498467119,5.22498467089,5.22498467083,5.22498467084,5.22498467084,5.22498467079,5.22498467066,5.22498467066,5.22498467079,5.22498467069,5.22498467069,5.22498467069,5.22498467079,5.22498467076,5.22498467076,5.22498467078,5.22498467078,5.22498467076,5.22498467076,5.22498467087,5.22498467087,5.22498467079,5.22498467079,5.22498467081,5.22498467081,5.22498467069,5.22498467069,11.83561697605,11.83561697605,11.83561697614,11.83561697605,11.83561697605,11.83561697604,11.83561697624
"t60",8.0890389644,8.0890389648,8.0890389648,8.0890389652,8.089038965,8.089038965,8.089038965,4.5324820233,4.5324820233,4.5324820232,4.53248202326,4.53248202326,4.53248202326,4.53248202326,4.532482023247,4.532482023247,3.20848917,3.20848917,1.1053739299,1.1053739299,0.59568950764,0.59568950764,0,0.3350754396,0.8055339485,2.166852848,2.166852848,2.166852848,2.166852848,2.166852848,2.166852848,2.166852848,2.60544044879,2.60544044879,2.6054404487,4.1035080915,4.10350809096,4.10350809096,4.10350809099,4.10350809099,4.10350809099,4.10350809099,4.10350809104,4.10350809104,4.10350809099,4.10350809099,4.10350809099,4.10350809147,4.10350809147,4.10350809097,4.10350809097,5.22498467108,5.22498467108,5.22498467108,5.22498467052,5.22498467052,5.22498467058,5.22498467052,5.22498467052,5.2249846706,5.2249846706,5.22498467048,5.22498467048,5.22498467058,5.22498467105,5.22498467115,5.22498467115,5.22498467085,5.22498467079,5.2249846708,5.2249846708,5.22498467075,5.22498467062,5.22498467062,5.22498467075,5.22498467065,5.22498467065,5.22498467065,5.22498467075,5.22498467072,5.22498467072,5.22498467074,5.22498467074,5.22498467072,5.22498467072,5.22498467083,5.22498467083,5.22498467075,5.22498467075,5.22498467077,5.22498467077,5.22498467065,5.22498467065,11.83561697601,11.83561697601,11.8356169761,11.83561697601,11.83561697601,11.835616976,11.8356169762
"t61",8.0890389644,8.0890389648,8.0890389648,8.0890389652,8.089038965,8.089038965,8.089038965,4.5324820233,4.5324820233,4.5324820232,4.53248202326,4.53248202326,4.53248202326,4.53248202326,4.532482023247,4.532482023247,3.20848917,3.20848917,1.1053739299,1.1053739299,0.59568950764,0.59568950764,0.3350754396,0,0.8055339485,2.166852848,2.166852848,2.166852848,2.166852848,2.166852848,2.166852848,2.166852848,2.60544044879,2.60544044879,2.6054404487,4.1035080915,4.10350809096,4.10350809096,4.10350809099,4.10350809099,4.10350809099,4.10350809099,4.10350809104,4.10350809104,4.10350809099,4.10350809099,4.10350809099,4.10350809147,4.10350809147,4.10350809097,4.10350809097,5.22498467108,5.22498467108,5.22498467108,5.22498467052,5.22498467052,5.22498467058,5.22498467052,5.22498467052,5.2249846706,5.2249846706,5.22498467048,5.22498467048,5.22498467058,5.22498467105,5.22498467115,5.22498467115,5.22498467085,5.22498467079,5.2249846708,5.2249846708,5.22498467075,5.22498467062,5.22498467062,5.22498467075,5.22498467065,5.22498467065,5.22498467065,5.22498467075,5.22498467072,5.22498467072,5.22498467074,5.22498467074,5.22498467072,5.22498467072,5.22498467083,5.22498467083,5.22498467075,5.22498467075,5.22498467077,5.22498467077,5.22498467065,5.22498467065,11.83561697601,11.83561697601,11.8356169761,11.83561697601,11.83561697601,11.835616976,11.8356169762
"t32",8.0890389645,8.0890389649,8.0890389649,8.0890389653,8.0890389651,8.0890389651,8.0890389651,4.5324820234,4.5324820234,4.5324820233,4.53248202336,4.53248202336,4.53248202336,4.53248202336,4.532482023347,4.532482023347,3.2084891701,3.2084891701,1.10537393,1.10537393,0.80553394854,0.80553394854,0.8055339485,0.8055339485,0,2.1668528481,2.1668528481,2.1668528481,2.1668528481,2.1668528481,2.1668528481,2.1668528481,2.60544044889,2.60544044889,2.6054404488,4.1035080916,4.10350809106,4.10350809106,4.10350809109,4.10350809109,4.10350809109,4.10350809109,4.10350809114,4.10350809114,4.10350809109,4.10350809109,4.10350809109,4.10350809157,4.10350809157,4.10350809107,4.10350809107,5.22498467118,5.22498467118,5.22498467118,5.22498467062,5.22498467062,5.22498467068,5.22498467062,5.22498467062,5.2249846707,5.2249846707,5.22498467058,5.22498467058,5.22498467068,5.22498467115,5.22498467125,5.22498467125,5.22498467095,5.22498467089,5.2249846709,5.2249846709,5.22498467085,5.22498467072,5.22498467072,5.22498467085,5.22498467075,5.22498467075,5.22498467075,5.22498467085,5.22498467082,5.22498467082,5.22498467084,5.22498467084,5.22498467082,5.22498467082,5.22498467093,5.22498467093,5.22498467085,5.22498467085,5.22498467087,5.22498467087,5.22498467075,5.22498467075,11.83561697611,11.83561697611,11.8356169762,11.83561697611,11.83561697611,11.8356169761,11.8356169763
"t17",8.0890389646,8.089038965,8.089038965,8.0890389654,8.0890389652,8.0890389652,8.0890389652,4.5324820235,4.5324820235,4.5324820234,4.53248202346,4.53248202346,4.53248202346,4.53248202346,4.532482023447,4.532482023447,3.2084891702,3.2084891702,2.1668528481,2.1668528481,2.16685284804,2.16685284804,2.166852848,2.166852848,2.1668528481,0,1.3547557006,1.3547557006,1.3547557006,1.7262838462,1.7262838462,1.7262838462,2.60544044899,2.60544044899,2.6054404489,4.1035080917,4.10350809116,4.10350809116,4.10350809119,4.10350809119,4.10350809119,4.10350809119,4.10350809124,4.10350809124,4.10350809119,4.10350809119,4.10350809119,4.10350809167,4.10350809167,4.10350809117,4.10350809117,5.22498467128,5.22498467128,5.22498467128,5.22498467072,5.22498467072,5.22498467078,5.22498467072,5.22498467072,5.2249846708,5.2249846708,5.22498467068,5.22498467068,5.22498467078,5.22498467125,5.22498467135,5.22498467135,5.22498467105,5.22498467099,5.224984671,5.224984671,5.22498467095,5.22498467082,5.22498467082,5.22498467095,5.22498467085,5.22498467085,5.22498467085,5.22498467095,5.22498467092,5.22498467092,5.22498467094,5.22498467094,5.22498467092,5.22498467092,5.22498467103,5.22498467103,5.22498467095,5.22498467095,5.22498467097,5.22498467097,5.22498467085,5.22498467085,11.83561697621,11.83561697621,11.8356169763,11.83561697621,11.83561697621,11.8356169762,11.8356169764
"t72",8.0890389646,8.089038965,8.089038965,8.0890389654,8.0890389652,8.0890389652,8.0890389652,4.5324820235,4.5324820235,4.5324820234,4.53248202346,4.53248202346,4.53248202346,4.53248202346,4.532482023447,4.532482023447,3.2084891702,3.2084891702,2.1668528481,2.1668528481,2.16685284804,2.16685284804,2.166852848,2.166852848,2.1668528481,1.3547557006,0,0.2475841122,0.5449157422,1.7262838462,1.7262838462,1.7262838462,2.60544044899,2.60544044899,2.6054404489,4.1035080917,4.10350809116,4.10350809116,4.10350809119,4.10350809119,4.10350809119,4.10350809119,4.10350809124,4.10350809124,4.10350809119,4.10350809119,4.10350809119,4.10350809167,4.10350809167,4.10350809117,4.10350809117,5.22498467128,5.22498467128,5.22498467128,5.22498467072,5.22498467072,5.22498467078,5.22498467072,5.22498467072,5.2249846708,5.2249846708,5.22498467068,5.22498467068,5.22498467078,5.22498467125,5.22498467135,5.22498467135,5.22498467105,5.22498467099,5.224984671,5.224984671,5.22498467095,5.22498467082,5.22498467082,5.22498467095,5.22498467085,5.22498467085,5.22498467085,5.22498467095,5.22498467092,5.22498467092,5.22498467094,5.22498467094,5.22498467092,5.22498467092,5.22498467103,5.22498467103,5.22498467095,5.22498467095,5.22498467097,5.22498467097,5.22498467085,5.22498467085,11.83561697621,11.83561697621,11.8356169763,11.83561697621,11.83561697621,11.8356169762,11.8356169764
"t73",8.0890389646,8.089038965,8.089038965,8.0890389654,8.0890389652,8.0890389652,8.0890389652,4.5324820235,4.5324820235,4.5324820234,4.53248202346,4.53248202346,4.53248202346,4.53248202346,4.532482023447,4.532482023447,3.2084891702,3.2084891702,2.1668528481,2.1668528481,2.16685284804,2.16685284804,2.166852848,2.166852848,2.1668528481,1.3547557006,0.2475841122,0,0.5449157422,1.7262838462,1.7262838462,1.7262838462,2.60544044899,2.60544044899,2.6054404489,4.1035080917,4.10350809116,4.10350809116,4.10350809119,4.10350809119,4.10350809119,4.10350809119,4.10350809124,4.10350809124,4.10350809119,4.10350809119,4.10350809119,4.10350809167,4.10350809167,4.10350809117,4.10350809117,5.22498467128,5.22498467128,5.22498467128,5.22498467072,5.22498467072,5.22498467078,5.22498467072,5.22498467072,5.2249846708,5.2249846708,5.22498467068,5.22498467068,5.22498467078,5.22498467125,5.22498467135,5.22498467135,5.22498467105,5.22498467099,5.224984671,5.224984671,5.22498467095,5.22498467082,5.22498467082,5.22498467095,5.22498467085,5.22498467085,5.22498467085,5.22498467095,5.22498467092,5.22498467092,5.22498467094,5.22498467094,5.22498467092,5.22498467092,5.22498467103,5.22498467103,5.22498467095,5.22498467095,5.22498467097,5.22498467097,5.22498467085,5.22498467085,11.83561697621,11.83561697621,11.8356169763,11.83561697621,11.83561697621,11.8356169762,11.8356169764
