"","t21","t26","t27","t17","t16","t55","t159","t160","t123","t115","t97","t47","t92","t93","t65","t48","t88","t147","t148","t86","t73","t87","t143","t144","t134","t70","t71","t72","t119","t120","t38","t44","t45","t82","t83","t30","t36","t151","t152","t133","t157","t158","t135","t79","t29","t31","t113","t114","t89","t63","t141","t142","t62","t155","t156","t41","t42","t6","t7","t2","t19","t25","t98","t145","t146","t54","t124","t125","t52","t20","t10","t34","t66","t67","t49","t50","t51","t102","t103","t13","t12","t3","t4","t5","t108","t153","t154","t64","t68","t69","t15","t9","t75","t76","t74","t121","t122","t57","t126","t127","t46","t43","t131","t132","t78","t28","t24","t60","t61","t106","t107","t85","t80","t81","t95","t96","t40","t18","t8","t109","t110","t116","t117","t58","t128","t139","t140","t99","t100","t14","t35","t84","t104","t105","t129","t130","t111","t112","t94","t136","t137","t138","t118","t59","t77","t101","t149","t150","t39","t23","t22","t1","t32","t33","t37","t56","t90","t91","t53","t11"
"t21",0,0.48095203017,2.28842403217,0.85009721966,2.24495601246,3.56445656723,4.365214993329,4.365214993329,4.36521499337,4.36521499329,4.36521499333,3.34196908953,4.3652149934,4.3652149934,4.2584060585,4.3652149936,4.36521499341,4.36521499341,4.36521499341,4.36521499337,3.78453161717,4.36521499326,4.36521499329,4.36521499329,4.36521499336,4.36521499336,4.36521499334,4.10460813774,4.36521499328,4.23454285358,3.59076378328,4.36521499328,3.68959221028,4.36521499338,4.36521499338,4.36521499298,2.91148607556,4.36521499346,4.36521499346,4.36521499356,4.3652149935,4.3652149935,4.36521499357,4.36521499356,3.31242345746,4.21904580256,5.95678192866,5.70564934277,6.02389018936,6.02389018936,6.02389018966,6.02389018966,5.54036138536,6.0238901893,6.0238901893,6.02389018936,6.02389018936,2.73493853596,3.09278249036,3.76402797576,6.15005065506,8.35666743266,8.35666743243,8.35666743243,8.35666743243,7.57985886933,8.3566674325,8.3566674325,7.3683202227,6.57930871846,5.19081532763,6.73798488263,8.35666743253,7.71494491233,7.90424341903,8.35666743243,7.37623523493,8.35666743303,8.35666743303,5.25197715243,5.36458264796,3.67401134052,6.65407647539,5.53789558036,8.15946071666,8.35666743346,8.35666743346,8.35666743347,8.35666743348,7.61244735315,5.87436821126,4.78468012419,7.75857165602,8.356667432,8.3566674321,8.3566674321,8.3566674321,8.35666743263,8.35666743253,8.35666743253,7.15765449293,8.07193494959,8.35666743289,8.35666743289,8.35666743279,7.22863601579,7.4904660341,7.50828400271,8.3566674323,8.3566674326,8.3566674326,8.3566674326,8.35666743257,8.35666743257,8.35666743257,8.35666743257,8.3566674328,7.0402212085,7.28410048926,8.35666743246,8.35666743246,8.35666743246,8.35666743246,8.35666743256,8.356667432553,8.356667432533,8.356667432533,8.356667432453,8.356667432453,7.40584499375,7.09818919441,8.35666743261,8.3566674327,8.3566674327,8.3566674326,8.3566674326,8.35666743261,8.35666743261,8.35666743261,8.35666743261,8.356667432629,8.356667432629,8.35666743261,7.57864272781,8.35666743271,8.30440587531,8.35666743271,8.35666743271,7.32731676831,6.46590432621,8.35666743245,4.41141881679,7.60572226376,7.95997169675,8.40295526915,9.54955127433,9.54955127443,9.27977356383,8.53054286755,7.02683640826
"t26",0.48095203017,0,2.568078646,1.30885591171,2.70371470451,4.02321525928,4.823973685379,4.823973685379,4.82397368542,4.82397368534,4.82397368538,3.80072778158,4.82397368545,4.82397368545,4.71716475055,4.82397368565,4.82397368546,4.82397368546,4.82397368546,4.82397368542,4.24329030922,4.82397368531,4.82397368534,4.82397368534,4.82397368541,4.82397368541,4.82397368539,4.56336682979,4.82397368533,4.69330154563,4.04952247533,4.82397368533,4.14835090233,4.82397368543,4.82397368543,4.82397368503,3.37024476761,4.82397368551,4.82397368551,4.82397368561,4.82397368555,4.82397368555,4.82397368562,4.82397368561,3.77118214951,4.67780449461,6.41554062071,6.16440803482,6.48264888141,6.48264888141,6.48264888171,6.48264888171,5.99912007741,6.48264888135,6.48264888135,6.48264888141,6.48264888141,3.19369722801,3.55154118241,4.22278666781,6.60880934711,8.81542612471,8.81542612448,8.81542612448,8.81542612448,8.03861756138,8.81542612455,8.81542612455,7.82707891475,7.03806741051,5.64957401968,7.19674357468,8.81542612458,8.17370360438,8.36300211108,8.81542612448,7.83499392698,8.81542612508,8.81542612508,5.71073584448,5.82334134001,4.13277003257,7.11283516744,5.99665427241,8.61821940871,8.81542612551,8.81542612551,8.81542612552,8.81542612553,8.0712060452,6.33312690331,5.24343881624,8.21733034807,8.81542612405,8.81542612415,8.81542612415,8.81542612415,8.81542612468,8.81542612458,8.81542612458,7.61641318498,8.53069364164,8.81542612494,8.81542612494,8.81542612484,7.68739470784,7.94922472615,7.96704269476,8.81542612435,8.81542612465,8.81542612465,8.81542612465,8.81542612462,8.81542612462,8.81542612462,8.81542612462,8.81542612485,7.49897990055,7.74285918131,8.81542612451,8.81542612451,8.81542612451,8.81542612451,8.81542612461,8.815426124603,8.815426124583,8.815426124583,8.815426124503,8.815426124503,7.8646036858,7.55694788646,8.81542612466,8.81542612475,8.81542612475,8.81542612465,8.81542612465,8.81542612466,8.81542612466,8.81542612466,8.81542612466,8.815426124679,8.815426124679,8.81542612466,8.03740141986,8.81542612476,8.76316456736,8.81542612476,8.81542612476,7.78607546036,6.92466301826,8.8154261245,4.87017750884,8.06448095581,8.4187303888,8.8617139612,10.00830996638,10.00830996648,9.73853225588,8.9893015596,7.48559510031
"t27",2.28842403217,2.568078646,0,3.11632791371,4.51118670651,5.83068726128,6.631445687379,6.631445687379,6.63144568742,6.63144568734,6.63144568738,5.60819978358,6.63144568745,6.63144568745,6.52463675255,6.63144568765,6.63144568746,6.63144568746,6.63144568746,6.63144568742,6.05076231122,6.63144568731,6.63144568734,6.63144568734,6.63144568741,6.63144568741,6.63144568739,6.37083883179,6.63144568733,6.50077354763,5.85699447733,6.63144568733,5.95582290433,6.63144568743,6.63144568743,6.63144568703,5.17771676961,6.63144568751,6.63144568751,6.63144568761,6.63144568755,6.63144568755,6.63144568762,6.63144568761,5.57865415151,6.48527649661,8.22301262271,7.97188003682,8.29012088341,8.29012088341,8.29012088371,8.29012088371,7.80659207941,8.29012088335,8.29012088335,8.29012088341,8.29012088341,5.00116923001,5.35901318441,6.03025866981,8.41628134911,10.62289812671,10.62289812648,10.62289812648,10.62289812648,9.84608956338,10.62289812655,10.62289812655,9.63455091675,8.84553941251,7.45704602168,9.00421557668,10.62289812658,9.98117560638,10.17047411308,10.62289812648,9.64246592898,10.62289812708,10.62289812708,7.51820784648,7.63081334201,5.94024203457,8.92030716944,7.80412627441,10.42569141071,10.62289812751,10.62289812751,10.62289812752,10.62289812753,9.8786780472,8.14059890531,7.05091081824,10.02480235007,10.62289812605,10.62289812615,10.62289812615,10.62289812615,10.62289812668,10.62289812658,10.62289812658,9.42388518698,10.33816564364,10.62289812694,10.62289812694,10.62289812684,9.49486670984,9.75669672815,9.77451469676,10.62289812635,10.62289812665,10.62289812665,10.62289812665,10.62289812662,10.62289812662,10.62289812662,10.62289812662,10.62289812685,9.30645190255,9.55033118331,10.62289812651,10.62289812651,10.62289812651,10.62289812651,10.62289812661,10.622898126603,10.622898126583,10.622898126583,10.622898126503,10.622898126503,9.6720756878,9.36441988846,10.62289812666,10.62289812675,10.62289812675,10.62289812665,10.62289812665,10.62289812666,10.62289812666,10.62289812666,10.62289812666,10.622898126679,10.622898126679,10.62289812666,9.84487342186,10.62289812676,10.57063656936,10.62289812676,10.62289812676,9.59354746236,8.73213502026,10.6228981265,6.67764951084,9.87195295781,10.2262023908,10.6691859632,11.81578196838,11.81578196848,11.54600425788,10.7967735616,9.29306710231
"t17",0.85009721966,1.30885591171,3.11632791371,0,2.2157776424,3.53527819717,4.336036623269,4.336036623269,4.33603662331,4.33603662323,4.33603662327,3.31279071947,4.33603662334,4.33603662334,4.22922768844,4.33603662354,4.33603662335,4.33603662335,4.33603662335,4.33603662331,3.75535324711,4.3360366232,4.33603662323,4.33603662323,4.3360366233,4.3360366233,4.33603662328,4.07542976768,4.33603662322,4.20536448352,3.56158541322,4.33603662322,3.66041384022,4.33603662332,4.33603662332,4.33603662292,2.8823077055,4.3360366234,4.3360366234,4.3360366235,4.33603662344,4.33603662344,4.33603662351,4.3360366235,3.2832450874,4.1898674325,5.9276035586,5.67647097271,5.9947118193,5.9947118193,5.9947118196,5.9947118196,5.5111830153,5.99471181924,5.99471181924,5.9947118193,5.9947118193,2.7057601659,3.0636041203,3.7348496057,6.120872285,8.3274890626,8.32748906237,8.32748906237,8.32748906237,7.55068049927,8.32748906244,8.32748906244,7.33914185264,6.5501303484,5.16163695757,6.70880651257,8.32748906247,7.68576654227,7.87506504897,8.32748906237,7.34705686487,8.32748906297,8.32748906297,5.22279878237,5.3354042779,3.64483297046,6.62489810533,5.5087172103,8.1302823466,8.3274890634,8.3274890634,8.32748906341,8.32748906342,7.58326898309,5.8451898412,4.75550175413,7.72939328596,8.32748906194,8.32748906204,8.32748906204,8.32748906204,8.32748906257,8.32748906247,8.32748906247,7.12847612287,8.04275657953,8.32748906283,8.32748906283,8.32748906273,7.19945764573,7.46128766404,7.47910563265,8.32748906224,8.32748906254,8.32748906254,8.32748906254,8.32748906251,8.32748906251,8.32748906251,8.32748906251,8.32748906274,7.01104283844,7.2549221192,8.3274890624,8.3274890624,8.3274890624,8.3274890624,8.3274890625,8.327489062493,8.327489062473,8.327489062473,8.327489062393,8.327489062393,7.37666662369,7.06901082435,8.32748906255,8.32748906264,8.32748906264,8.32748906254,8.32748906254,8.32748906255,8.32748906255,8.32748906255,8.32748906255,8.327489062569,8.327489062569,8.32748906255,7.54946435775,8.32748906265,8.27522750525,8.32748906265,8.32748906265,7.29813839825,6.43672595615,8.32748906239,4.38224044673,7.5765438937,7.93079332669,8.37377689909,9.52037290427,9.52037290437,9.25059519377,8.50136449749,6.9976580382
"t16",2.24495601246,2.70371470451,4.51118670651,2.2157776424,0,2.56428414877,3.365042574869,3.365042574869,3.36504257491,3.36504257483,3.36504257487,2.34179667107,3.36504257494,3.36504257494,3.25823364004,3.36504257514,3.36504257495,3.36504257495,3.36504257495,3.36504257491,2.78435919871,3.3650425748,3.36504257483,3.36504257483,3.3650425749,3.3650425749,3.36504257488,3.10443571928,3.36504257482,3.23437043512,2.59059136482,3.36504257482,2.68941979182,3.36504257492,3.36504257492,3.36504257452,2.5364684533,3.9901973712,3.9901973712,3.9901973713,3.99019737124,3.99019737124,3.99019737131,3.9901973713,2.9374058352,4.3650175153,6.1027536414,5.85162105551,6.1698619021,6.1698619021,6.1698619024,6.1698619024,5.6863330981,6.16986190204,6.16986190204,6.1698619021,6.1698619021,2.8809102487,3.2387542031,3.9099996885,6.2960223678,8.5026391454,8.50263914517,8.50263914517,8.50263914517,7.72583058207,8.50263914524,8.50263914524,7.51429193544,6.7252804312,5.33678704037,6.88395659537,8.50263914527,7.86091662507,8.05021513177,8.50263914517,7.52220694767,8.50263914577,8.50263914577,5.39794886517,5.5105543607,3.81998305326,6.80004818813,5.6838672931,8.3054324294,8.5026391462,8.5026391462,8.50263914621,8.50263914622,7.75841906589,6.020339924,4.93065183693,7.90454336876,8.50263914474,8.50263914484,8.50263914484,8.50263914484,8.50263914537,8.50263914527,8.50263914527,7.30362620567,8.21790666233,8.50263914563,8.50263914563,8.50263914553,7.37460772853,7.63643774684,7.65425571545,8.50263914504,8.50263914534,8.50263914534,8.50263914534,8.50263914531,8.50263914531,8.50263914531,8.50263914531,8.50263914554,7.18619292124,7.430072202,8.5026391452,8.5026391452,8.5026391452,8.5026391452,8.5026391453,8.502639145293,8.502639145273,8.502639145273,8.502639145193,8.502639145193,7.55181670649,7.24416090715,8.50263914535,8.50263914544,8.50263914544,8.50263914534,8.50263914534,8.50263914535,8.50263914535,8.50263914535,8.50263914535,8.502639145369,8.502639145369,8.50263914535,7.72461444055,8.50263914545,8.45037758805,8.50263914545,8.50263914545,7.47328848105,6.61187603895,8.50263914519,4.55739052953,7.7516939765,8.10594340949,8.54892698189,9.69552298707,9.69552298717,9.42574527657,8.67651458029,7.172808121
"t55",3.56445656723,4.02321525928,5.83068726128,3.53527819717,2.56428414877,0,1.344461222299,1.344461222299,1.34446122234,1.34446122226,1.3444612223,0.8943264589,1.99096627207,1.99096627207,1.88415733717,1.99096627227,2.56153143508,2.56153143508,2.56153143508,2.56153143504,1.98084805884,2.56153143493,2.56153143496,2.56153143496,2.56153143503,2.56153143503,2.56153143501,2.30092457941,2.56153143495,2.43085929525,3.85746989895,4.63192110895,3.95629832595,4.63192110905,4.63192110905,4.63192110865,3.85596900807,5.30969792597,5.30969792597,5.30969792607,5.30969792601,5.30969792601,5.30969792608,5.30969792607,4.25690638997,5.68451807007,7.42225419617,7.17112161028,7.48936245687,7.48936245687,7.48936245717,7.48936245717,7.00583365287,7.48936245681,7.48936245681,7.48936245687,7.48936245687,4.20041080347,4.55825475787,5.22950024327,7.61552292257,9.82213970017,9.82213969994,9.82213969994,9.82213969994,9.04533113684,9.82213970001,9.82213970001,8.83379249021,8.04478098597,6.65628759514,8.20345715014,9.82213970004,9.18041717984,9.36971568654,9.82213969994,8.84170750244,9.82213970054,9.82213970054,6.71744941994,6.83005491547,5.13948360803,8.1195487429,7.00336784787,9.62493298417,9.82213970097,9.82213970097,9.82213970098,9.82213970099,9.07791962066,7.33984047877,6.2501523917,9.22404392353,9.82213969951,9.82213969961,9.82213969961,9.82213969961,9.82213970014,9.82213970004,9.82213970004,8.62312676044,9.5374072171,9.8221397004,9.8221397004,9.8221397003,8.6941082833,8.95593830161,8.97375627022,9.82213969981,9.82213970011,9.82213970011,9.82213970011,9.82213970008,9.82213970008,9.82213970008,9.82213970008,9.82213970031,8.50569347601,8.74957275677,9.82213969997,9.82213969997,9.82213969997,9.82213969997,9.82213970007,9.822139700063,9.822139700043,9.822139700043,9.822139699963,9.822139699963,8.87131726126,8.56366146192,9.82213970012,9.82213970021,9.82213970021,9.82213970011,9.82213970011,9.82213970012,9.82213970012,9.82213970012,9.82213970012,9.822139700139,9.822139700139,9.82213970012,9.04411499532,9.82213970022,9.76987814282,9.82213970022,9.82213970022,8.79278903582,7.93137659372,9.82213969996,5.8768910843,9.07119453127,9.42544396426,9.86842753666,11.01502354184,11.01502354194,10.74524583134,9.99601513506,8.49230867577
"t159",4.365214993329,4.823973685379,6.631445687379,4.336036623269,3.365042574869,1.344461222299,0,0.016760989718,0.476829084759,0.668436609039,0.842077849199,1.695084884999,2.791724698169,2.791724698169,2.684915763269,2.791724698369,3.362289861179,3.362289861179,3.362289861179,3.362289861139,2.781606484939,3.362289861029,3.362289861059,3.362289861059,3.362289861129,3.362289861129,3.362289861109,3.101683005509,3.362289861049,3.231617721349,4.658228325049,5.432679535049,4.757056752049,5.432679535149,5.432679535149,5.432679534749,4.656727434169,6.110456352069,6.110456352069,6.110456352169,6.110456352109,6.110456352109,6.110456352179,6.110456352169,5.057664816069,6.485276496169,8.223012622269,7.971880036379,8.290120882969,8.290120882969,8.290120883269,8.290120883269,7.806592078969,8.290120882909,8.290120882909,8.290120882969,8.290120882969,5.001169229569,5.359013183969,6.030258669369,8.416281348669,10.622898126269,10.622898126039,10.622898126039,10.622898126039,9.846089562939,10.622898126109,10.622898126109,9.634550916309,8.845539412069,7.457046021239,9.004215576239,10.622898126139,9.981175605939,10.170474112639,10.622898126039,9.642465928539,10.622898126639,10.622898126639,7.518207846039,7.630813341569,5.940242034129,8.920307168999,7.804126273969,10.425691410269,10.622898127069,10.622898127069,10.622898127079,10.622898127089,9.878678046759,8.140598904869,7.050910817799,10.024802349629,10.622898125609,10.622898125709,10.622898125709,10.622898125709,10.622898126239,10.622898126139,10.622898126139,9.423885186539,10.338165643199,10.622898126499,10.622898126499,10.622898126399,9.494866709399,9.756696727709,9.774514696319,10.622898125909,10.622898126209,10.622898126209,10.622898126209,10.622898126179,10.622898126179,10.622898126179,10.622898126179,10.622898126409,9.306451902109,9.550331182869,10.622898126069,10.622898126069,10.622898126069,10.622898126069,10.622898126169,10.622898126162,10.622898126142,10.622898126142,10.622898126062,10.622898126062,9.672075687359,9.364419888019,10.622898126219,10.622898126309,10.622898126309,10.622898126209,10.622898126209,10.622898126219,10.622898126219,10.622898126219,10.622898126219,10.622898126238,10.622898126238,10.622898126219,9.844873421419,10.622898126319,10.570636568919,10.622898126319,10.622898126319,9.593547461919,8.732135019819,10.622898126059,6.677649510399,9.871952957369,10.226202390359,10.669185962759,11.815781967939,11.815781968039,11.546004257439,10.796773561159,9.293067101869
"t160",4.365214993329,4.823973685379,6.631445687379,4.336036623269,3.365042574869,1.344461222299,0.016760989718,0,0.476829084759,0.668436609039,0.842077849199,1.695084884999,2.791724698169,2.791724698169,2.684915763269,2.791724698369,3.362289861179,3.362289861179,3.362289861179,3.362289861139,2.781606484939,3.362289861029,3.362289861059,3.362289861059,3.362289861129,3.362289861129,3.362289861109,3.101683005509,3.362289861049,3.231617721349,4.658228325049,5.432679535049,4.757056752049,5.432679535149,5.432679535149,5.432679534749,4.656727434169,6.110456352069,6.110456352069,6.110456352169,6.110456352109,6.110456352109,6.110456352179,6.110456352169,5.057664816069,6.485276496169,8.223012622269,7.971880036379,8.290120882969,8.290120882969,8.290120883269,8.290120883269,7.806592078969,8.290120882909,8.290120882909,8.290120882969,8.290120882969,5.001169229569,5.359013183969,6.030258669369,8.416281348669,10.622898126269,10.622898126039,10.622898126039,10.622898126039,9.846089562939,10.622898126109,10.622898126109,9.634550916309,8.845539412069,7.457046021239,9.004215576239,10.622898126139,9.981175605939,10.170474112639,10.622898126039,9.642465928539,10.622898126639,10.622898126639,7.518207846039,7.630813341569,5.940242034129,8.920307168999,7.804126273969,10.425691410269,10.622898127069,10.622898127069,10.622898127079,10.622898127089,9.878678046759,8.140598904869,7.050910817799,10.024802349629,10.622898125609,10.622898125709,10.622898125709,10.622898125709,10.622898126239,10.622898126139,10.622898126139,9.423885186539,10.338165643199,10.622898126499,10.622898126499,10.622898126399,9.494866709399,9.756696727709,9.774514696319,10.622898125909,10.622898126209,10.622898126209,10.622898126209,10.622898126179,10.622898126179,10.622898126179,10.622898126179,10.622898126409,9.306451902109,9.550331182869,10.622898126069,10.622898126069,10.622898126069,10.622898126069,10.622898126169,10.622898126162,10.622898126142,10.622898126142,10.622898126062,10.622898126062,9.672075687359,9.364419888019,10.622898126219,10.622898126309,10.622898126309,10.622898126209,10.622898126209,10.622898126219,10.622898126219,10.622898126219,10.622898126219,10.622898126238,10.622898126238,10.622898126219,9.844873421419,10.622898126319,10.570636568919,10.622898126319,10.622898126319,9.593547461919,8.732135019819,10.622898126059,6.677649510399,9.871952957369,10.226202390359,10.669185962759,11.815781967939,11.815781968039,11.546004257439,10.796773561159,9.293067101869
"t123",4.36521499337,4.82397368542,6.63144568742,4.33603662331,3.36504257491,1.34446122234,0.476829084759,0.476829084759,0,0.66843660908,0.84207784924,1.69508488504,2.79172469821,2.79172469821,2.68491576331,2.79172469841,3.36228986122,3.36228986122,3.36228986122,3.36228986118,2.78160648498,3.36228986107,3.3622898611,3.3622898611,3.36228986117,3.36228986117,3.36228986115,3.10168300555,3.36228986109,3.23161772139,4.65822832509,5.43267953509,4.75705675209,5.43267953519,5.43267953519,5.43267953479,4.65672743421,6.11045635211,6.11045635211,6.11045635221,6.11045635215,6.11045635215,6.11045635222,6.11045635221,5.05766481611,6.48527649621,8.22301262231,7.97188003642,8.29012088301,8.29012088301,8.29012088331,8.29012088331,7.80659207901,8.29012088295,8.29012088295,8.29012088301,8.29012088301,5.00116922961,5.35901318401,6.03025866941,8.41628134871,10.62289812631,10.62289812608,10.62289812608,10.62289812608,9.84608956298,10.62289812615,10.62289812615,9.63455091635,8.84553941211,7.45704602128,9.00421557628,10.62289812618,9.98117560598,10.17047411268,10.62289812608,9.64246592858,10.62289812668,10.62289812668,7.51820784608,7.63081334161,5.94024203417,8.92030716904,7.80412627401,10.42569141031,10.62289812711,10.62289812711,10.62289812712,10.62289812713,9.8786780468,8.14059890491,7.05091081784,10.02480234967,10.62289812565,10.62289812575,10.62289812575,10.62289812575,10.62289812628,10.62289812618,10.62289812618,9.42388518658,10.33816564324,10.62289812654,10.62289812654,10.62289812644,9.49486670944,9.75669672775,9.77451469636,10.62289812595,10.62289812625,10.62289812625,10.62289812625,10.62289812622,10.62289812622,10.62289812622,10.62289812622,10.62289812645,9.30645190215,9.55033118291,10.62289812611,10.62289812611,10.62289812611,10.62289812611,10.62289812621,10.622898126203,10.622898126183,10.622898126183,10.622898126103,10.622898126103,9.6720756874,9.36441988806,10.62289812626,10.62289812635,10.62289812635,10.62289812625,10.62289812625,10.62289812626,10.62289812626,10.62289812626,10.62289812626,10.622898126279,10.622898126279,10.62289812626,9.84487342146,10.62289812636,10.57063656896,10.62289812636,10.62289812636,9.59354746196,8.73213501986,10.6228981261,6.67764951044,9.87195295741,10.2262023904,10.6691859628,11.81578196798,11.81578196808,11.54600425748,10.7967735612,9.29306710191
"t115",4.36521499329,4.82397368534,6.63144568734,4.33603662323,3.36504257483,1.34446122226,0.668436609039,0.668436609039,0.66843660908,0,0.84207784916,1.69508488496,2.79172469813,2.79172469813,2.68491576323,2.79172469833,3.36228986114,3.36228986114,3.36228986114,3.3622898611,2.7816064849,3.36228986099,3.36228986102,3.36228986102,3.36228986109,3.36228986109,3.36228986107,3.10168300547,3.36228986101,3.23161772131,4.65822832501,5.43267953501,4.75705675201,5.43267953511,5.43267953511,5.43267953471,4.65672743413,6.11045635203,6.11045635203,6.11045635213,6.11045635207,6.11045635207,6.11045635214,6.11045635213,5.05766481603,6.48527649613,8.22301262223,7.97188003634,8.29012088293,8.29012088293,8.29012088323,8.29012088323,7.80659207893,8.29012088287,8.29012088287,8.29012088293,8.29012088293,5.00116922953,5.35901318393,6.03025866933,8.41628134863,10.62289812623,10.622898126,10.622898126,10.622898126,9.8460895629,10.62289812607,10.62289812607,9.63455091627,8.84553941203,7.4570460212,9.0042155762,10.6228981261,9.9811756059,10.1704741126,10.622898126,9.6424659285,10.6228981266,10.6228981266,7.518207846,7.63081334153,5.94024203409,8.92030716896,7.80412627393,10.42569141023,10.62289812703,10.62289812703,10.62289812704,10.62289812705,9.87867804672,8.14059890483,7.05091081776,10.02480234959,10.62289812557,10.62289812567,10.62289812567,10.62289812567,10.6228981262,10.6228981261,10.6228981261,9.4238851865,10.33816564316,10.62289812646,10.62289812646,10.62289812636,9.49486670936,9.75669672767,9.77451469628,10.62289812587,10.62289812617,10.62289812617,10.62289812617,10.62289812614,10.62289812614,10.62289812614,10.62289812614,10.62289812637,9.30645190207,9.55033118283,10.62289812603,10.62289812603,10.62289812603,10.62289812603,10.62289812613,10.622898126123,10.622898126103,10.622898126103,10.622898126023,10.622898126023,9.67207568732,9.36441988798,10.62289812618,10.62289812627,10.62289812627,10.62289812617,10.62289812617,10.62289812618,10.62289812618,10.62289812618,10.62289812618,10.622898126199,10.622898126199,10.62289812618,9.84487342138,10.62289812628,10.57063656888,10.62289812628,10.62289812628,9.59354746188,8.73213501978,10.62289812602,6.67764951036,9.87195295733,10.22620239032,10.66918596272,11.8157819679,11.815781968,11.5460042574,10.79677356112,9.29306710183
"t97",4.36521499333,4.82397368538,6.63144568738,4.33603662327,3.36504257487,1.3444612223,0.842077849199,0.842077849199,0.84207784924,0.84207784916,0,1.695084885,2.79172469817,2.79172469817,2.68491576327,2.79172469837,3.36228986118,3.36228986118,3.36228986118,3.36228986114,2.78160648494,3.36228986103,3.36228986106,3.36228986106,3.36228986113,3.36228986113,3.36228986111,3.10168300551,3.36228986105,3.23161772135,4.65822832505,5.43267953505,4.75705675205,5.43267953515,5.43267953515,5.43267953475,4.65672743417,6.11045635207,6.11045635207,6.11045635217,6.11045635211,6.11045635211,6.11045635218,6.11045635217,5.05766481607,6.48527649617,8.22301262227,7.97188003638,8.29012088297,8.29012088297,8.29012088327,8.29012088327,7.80659207897,8.29012088291,8.29012088291,8.29012088297,8.29012088297,5.00116922957,5.35901318397,6.03025866937,8.41628134867,10.62289812627,10.62289812604,10.62289812604,10.62289812604,9.84608956294,10.62289812611,10.62289812611,9.63455091631,8.84553941207,7.45704602124,9.00421557624,10.62289812614,9.98117560594,10.17047411264,10.62289812604,9.64246592854,10.62289812664,10.62289812664,7.51820784604,7.63081334157,5.94024203413,8.920307169,7.80412627397,10.42569141027,10.62289812707,10.62289812707,10.62289812708,10.62289812709,9.87867804676,8.14059890487,7.0509108178,10.02480234963,10.62289812561,10.62289812571,10.62289812571,10.62289812571,10.62289812624,10.62289812614,10.62289812614,9.42388518654,10.3381656432,10.6228981265,10.6228981265,10.6228981264,9.4948667094,9.75669672771,9.77451469632,10.62289812591,10.62289812621,10.62289812621,10.62289812621,10.62289812618,10.62289812618,10.62289812618,10.62289812618,10.62289812641,9.30645190211,9.55033118287,10.62289812607,10.62289812607,10.62289812607,10.62289812607,10.62289812617,10.622898126163,10.622898126143,10.622898126143,10.622898126063,10.622898126063,9.67207568736,9.36441988802,10.62289812622,10.62289812631,10.62289812631,10.62289812621,10.62289812621,10.62289812622,10.62289812622,10.62289812622,10.62289812622,10.622898126239,10.622898126239,10.62289812622,9.84487342142,10.62289812632,10.57063656892,10.62289812632,10.62289812632,9.59354746192,8.73213501982,10.62289812606,6.6776495104,9.87195295737,10.22620239036,10.66918596276,11.81578196794,11.81578196804,11.54600425744,10.79677356116,9.29306710187
"t47",3.34196908953,3.80072778158,5.60819978358,3.31279071947,2.34179667107,0.8943264589,1.695084884999,1.695084884999,1.69508488504,1.69508488496,1.695084885,0,1.76847879437,1.76847879437,1.66166985947,1.76847879457,2.33904395738,2.33904395738,2.33904395738,2.33904395734,1.75836058114,2.33904395723,2.33904395726,2.33904395726,2.33904395733,2.33904395733,2.33904395731,2.07843710171,2.33904395725,2.20837181755,3.63498242125,4.40943363125,3.73381084825,4.40943363135,4.40943363135,4.40943363095,3.63348153037,5.08721044827,5.08721044827,5.08721044837,5.08721044831,5.08721044831,5.08721044838,5.08721044837,4.03441891227,5.46203059237,7.19976671847,6.94863413258,7.26687497917,7.26687497917,7.26687497947,7.26687497947,6.78334617517,7.26687497911,7.26687497911,7.26687497917,7.26687497917,3.97792332577,4.33576728017,5.00701276557,7.39303544487,9.59965222247,9.59965222224,9.59965222224,9.59965222224,8.82284365914,9.59965222231,9.59965222231,8.61130501251,7.82229350827,6.43380011744,7.98096967244,9.59965222234,8.95792970214,9.14722820884,9.59965222224,8.61922002474,9.59965222284,9.59965222284,6.49496194224,6.60756743777,4.91699613033,7.8970612652,6.78088037017,9.40244550647,9.59965222327,9.59965222327,9.59965222328,9.59965222329,8.85543214296,7.11735300107,6.027664914,9.00155644583,9.59965222181,9.59965222191,9.59965222191,9.59965222191,9.59965222244,9.59965222234,9.59965222234,8.40063928274,9.3149197394,9.5996522227,9.5996522227,9.5996522226,8.4716208056,8.73345082391,8.75126879252,9.59965222211,9.59965222241,9.59965222241,9.59965222241,9.59965222238,9.59965222238,9.59965222238,9.59965222238,9.59965222261,8.28320599831,8.52708527907,9.59965222227,9.59965222227,9.59965222227,9.59965222227,9.59965222237,9.599652222363,9.599652222343,9.599652222343,9.599652222263,9.599652222263,8.64882978356,8.34117398422,9.59965222242,9.59965222251,9.59965222251,9.59965222241,9.59965222241,9.59965222242,9.59965222242,9.59965222242,9.59965222242,9.599652222439,9.599652222439,9.59965222242,8.82162751762,9.59965222252,9.54739066512,9.59965222252,9.59965222252,8.57030155812,7.70888911602,9.59965222226,5.6544036066,8.84870705357,9.20295648656,9.64594005896,10.79253606414,10.79253606424,10.52275835364,9.77352765736,8.26982119807
"t92",4.3652149934,4.82397368545,6.63144568745,4.33603662334,3.36504257494,1.99096627207,2.791724698169,2.791724698169,2.79172469821,2.79172469813,2.79172469817,1.76847879437,0,0.9028355862,1.5277581663,2.6366283878,3.36228986125,3.36228986125,3.36228986125,3.36228986121,2.78160648501,3.3622898611,3.36228986113,3.36228986113,3.3622898612,3.3622898612,3.36228986118,3.10168300558,3.36228986112,3.23161772142,4.65822832512,5.43267953512,4.75705675212,5.43267953522,5.43267953522,5.43267953482,4.65672743424,6.11045635214,6.11045635214,6.11045635224,6.11045635218,6.11045635218,6.11045635225,6.11045635224,5.05766481614,6.48527649624,8.22301262234,7.97188003645,8.29012088304,8.29012088304,8.29012088334,8.29012088334,7.80659207904,8.29012088298,8.29012088298,8.29012088304,8.29012088304,5.00116922964,5.35901318404,6.03025866944,8.41628134874,10.62289812634,10.62289812611,10.62289812611,10.62289812611,9.84608956301,10.62289812618,10.62289812618,9.63455091638,8.84553941214,7.45704602131,9.00421557631,10.62289812621,9.98117560601,10.17047411271,10.62289812611,9.64246592861,10.62289812671,10.62289812671,7.51820784611,7.63081334164,5.9402420342,8.92030716907,7.80412627404,10.42569141034,10.62289812714,10.62289812714,10.62289812715,10.62289812716,9.87867804683,8.14059890494,7.05091081787,10.0248023497,10.62289812568,10.62289812578,10.62289812578,10.62289812578,10.62289812631,10.62289812621,10.62289812621,9.42388518661,10.33816564327,10.62289812657,10.62289812657,10.62289812647,9.49486670947,9.75669672778,9.77451469639,10.62289812598,10.62289812628,10.62289812628,10.62289812628,10.62289812625,10.62289812625,10.62289812625,10.62289812625,10.62289812648,9.30645190218,9.55033118294,10.62289812614,10.62289812614,10.62289812614,10.62289812614,10.62289812624,10.622898126233,10.622898126213,10.622898126213,10.622898126133,10.622898126133,9.67207568743,9.36441988809,10.62289812629,10.62289812638,10.62289812638,10.62289812628,10.62289812628,10.62289812629,10.62289812629,10.62289812629,10.62289812629,10.622898126309,10.622898126309,10.62289812629,9.84487342149,10.62289812639,10.57063656899,10.62289812639,10.62289812639,9.59354746199,8.73213501989,10.62289812613,6.67764951047,9.87195295744,10.22620239043,10.66918596283,11.81578196801,11.81578196811,11.54600425751,10.79677356123,9.29306710194
"t93",4.3652149934,4.82397368545,6.63144568745,4.33603662334,3.36504257494,1.99096627207,2.791724698169,2.791724698169,2.79172469821,2.79172469813,2.79172469817,1.76847879437,0.9028355862,0,1.5277581663,2.6366283878,3.36228986125,3.36228986125,3.36228986125,3.36228986121,2.78160648501,3.3622898611,3.36228986113,3.36228986113,3.3622898612,3.3622898612,3.36228986118,3.10168300558,3.36228986112,3.23161772142,4.65822832512,5.43267953512,4.75705675212,5.43267953522,5.43267953522,5.43267953482,4.65672743424,6.11045635214,6.11045635214,6.11045635224,6.11045635218,6.11045635218,6.11045635225,6.11045635224,5.05766481614,6.48527649624,8.22301262234,7.97188003645,8.29012088304,8.29012088304,8.29012088334,8.29012088334,7.80659207904,8.29012088298,8.29012088298,8.29012088304,8.29012088304,5.00116922964,5.35901318404,6.03025866944,8.41628134874,10.62289812634,10.62289812611,10.62289812611,10.62289812611,9.84608956301,10.62289812618,10.62289812618,9.63455091638,8.84553941214,7.45704602131,9.00421557631,10.62289812621,9.98117560601,10.17047411271,10.62289812611,9.64246592861,10.62289812671,10.62289812671,7.51820784611,7.63081334164,5.9402420342,8.92030716907,7.80412627404,10.42569141034,10.62289812714,10.62289812714,10.62289812715,10.62289812716,9.87867804683,8.14059890494,7.05091081787,10.0248023497,10.62289812568,10.62289812578,10.62289812578,10.62289812578,10.62289812631,10.62289812621,10.62289812621,9.42388518661,10.33816564327,10.62289812657,10.62289812657,10.62289812647,9.49486670947,9.75669672778,9.77451469639,10.62289812598,10.62289812628,10.62289812628,10.62289812628,10.62289812625,10.62289812625,10.62289812625,10.62289812625,10.62289812648,9.30645190218,9.55033118294,10.62289812614,10.62289812614,10.62289812614,10.62289812614,10.62289812624,10.622898126233,10.622898126213,10.622898126213,10.622898126133,10.622898126133,9.67207568743,9.36441988809,10.62289812629,10.62289812638,10.62289812638,10.62289812628,10.62289812628,10.62289812629,10.62289812629,10.62289812629,10.62289812629,10.622898126309,10.622898126309,10.62289812629,9.84487342149,10.62289812639,10.57063656899,10.62289812639,10.62289812639,9.59354746199,8.73213501989,10.62289812613,6.67764951047,9.87195295744,10.22620239043,10.66918596283,11.81578196801,11.81578196811,11.54600425751,10.79677356123,9.29306710194
"t65",4.2584060585,4.71716475055,6.52463675255,4.22922768844,3.25823364004,1.88415733717,2.684915763269,2.684915763269,2.68491576331,2.68491576323,2.68491576327,1.66166985947,1.5277581663,1.5277581663,0,2.5298194529,3.25548092635,3.25548092635,3.25548092635,3.25548092631,2.67479755011,3.2554809262,3.25548092623,3.25548092623,3.2554809263,3.2554809263,3.25548092628,2.99487407068,3.25548092622,3.12480878652,4.55141939022,5.32587060022,4.65024781722,5.32587060032,5.32587060032,5.32587059992,4.54991849934,6.00364741724,6.00364741724,6.00364741734,6.00364741728,6.00364741728,6.00364741735,6.00364741734,4.95085588124,6.37846756134,8.11620368744,7.86507110155,8.18331194814,8.18331194814,8.18331194844,8.18331194844,7.69978314414,8.18331194808,8.18331194808,8.18331194814,8.18331194814,4.89436029474,5.25220424914,5.92344973454,8.30947241384,10.51608919144,10.51608919121,10.51608919121,10.51608919121,9.73928062811,10.51608919128,10.51608919128,9.52774198148,8.73873047724,7.35023708641,8.89740664141,10.51608919131,9.87436667111,10.06366517781,10.51608919121,9.53565699371,10.51608919181,10.51608919181,7.41139891121,7.52400440674,5.8334330993,8.81349823417,7.69731733914,10.31888247544,10.51608919224,10.51608919224,10.51608919225,10.51608919226,9.77186911193,8.03378997004,6.94410188297,9.9179934148,10.51608919078,10.51608919088,10.51608919088,10.51608919088,10.51608919141,10.51608919131,10.51608919131,9.31707625171,10.23135670837,10.51608919167,10.51608919167,10.51608919157,9.38805777457,9.64988779288,9.66770576149,10.51608919108,10.51608919138,10.51608919138,10.51608919138,10.51608919135,10.51608919135,10.51608919135,10.51608919135,10.51608919158,9.19964296728,9.44352224804,10.51608919124,10.51608919124,10.51608919124,10.51608919124,10.51608919134,10.516089191333,10.516089191313,10.516089191313,10.516089191233,10.516089191233,9.56526675253,9.25761095319,10.51608919139,10.51608919148,10.51608919148,10.51608919138,10.51608919138,10.51608919139,10.51608919139,10.51608919139,10.51608919139,10.516089191409,10.516089191409,10.51608919139,9.73806448659,10.51608919149,10.46382763409,10.51608919149,10.51608919149,9.48673852709,8.62532608499,10.51608919123,6.57084057557,9.76514402254,10.11939345553,10.56237702793,11.70897303311,11.70897303321,11.43919532261,10.68996462633,9.18625816704
"t48",4.3652149936,4.82397368565,6.63144568765,4.33603662354,3.36504257514,1.99096627227,2.791724698369,2.791724698369,2.79172469841,2.79172469833,2.79172469837,1.76847879457,2.6366283878,2.6366283878,2.5298194529,0,3.36228986145,3.36228986145,3.36228986145,3.36228986141,2.78160648521,3.3622898613,3.36228986133,3.36228986133,3.3622898614,3.3622898614,3.36228986138,3.10168300578,3.36228986132,3.23161772162,4.65822832532,5.43267953532,4.75705675232,5.43267953542,5.43267953542,5.43267953502,4.65672743444,6.11045635234,6.11045635234,6.11045635244,6.11045635238,6.11045635238,6.11045635245,6.11045635244,5.05766481634,6.48527649644,8.22301262254,7.97188003665,8.29012088324,8.29012088324,8.29012088354,8.29012088354,7.80659207924,8.29012088318,8.29012088318,8.29012088324,8.29012088324,5.00116922984,5.35901318424,6.03025866964,8.41628134894,10.62289812654,10.62289812631,10.62289812631,10.62289812631,9.84608956321,10.62289812638,10.62289812638,9.63455091658,8.84553941234,7.45704602151,9.00421557651,10.62289812641,9.98117560621,10.17047411291,10.62289812631,9.64246592881,10.62289812691,10.62289812691,7.51820784631,7.63081334184,5.9402420344,8.92030716927,7.80412627424,10.42569141054,10.62289812734,10.62289812734,10.62289812735,10.62289812736,9.87867804703,8.14059890514,7.05091081807,10.0248023499,10.62289812588,10.62289812598,10.62289812598,10.62289812598,10.62289812651,10.62289812641,10.62289812641,9.42388518681,10.33816564347,10.62289812677,10.62289812677,10.62289812667,9.49486670967,9.75669672798,9.77451469659,10.62289812618,10.62289812648,10.62289812648,10.62289812648,10.62289812645,10.62289812645,10.62289812645,10.62289812645,10.62289812668,9.30645190238,9.55033118314,10.62289812634,10.62289812634,10.62289812634,10.62289812634,10.62289812644,10.622898126433,10.622898126413,10.622898126413,10.622898126333,10.622898126333,9.67207568763,9.36441988829,10.62289812649,10.62289812658,10.62289812658,10.62289812648,10.62289812648,10.62289812649,10.62289812649,10.62289812649,10.62289812649,10.622898126509,10.622898126509,10.62289812649,9.84487342169,10.62289812659,10.57063656919,10.62289812659,10.62289812659,9.59354746219,8.73213502009,10.62289812633,6.67764951067,9.87195295764,10.22620239063,10.66918596303,11.81578196821,11.81578196831,11.54600425771,10.79677356143,9.29306710214
"t88",4.36521499341,4.82397368546,6.63144568746,4.33603662335,3.36504257495,2.56153143508,3.362289861179,3.362289861179,3.36228986122,3.36228986114,3.36228986118,2.33904395738,3.36228986125,3.36228986125,3.25548092635,3.36228986145,0,0.995987253,0.995987253,1.03415338544,0.82269179724,1.79135647233,1.79135647236,1.79135647236,1.79135647243,1.79135647243,1.79135647241,1.53074961681,1.93295128093,1.80227914123,4.65822832513,5.43267953513,4.75705675213,5.43267953523,5.43267953523,5.43267953483,4.65672743425,6.11045635215,6.11045635215,6.11045635225,6.11045635219,6.11045635219,6.11045635226,6.11045635225,5.05766481615,6.48527649625,8.22301262235,7.97188003646,8.29012088305,8.29012088305,8.29012088335,8.29012088335,7.80659207905,8.29012088299,8.29012088299,8.29012088305,8.29012088305,5.00116922965,5.35901318405,6.03025866945,8.41628134875,10.62289812635,10.62289812612,10.62289812612,10.62289812612,9.84608956302,10.62289812619,10.62289812619,9.63455091639,8.84553941215,7.45704602132,9.00421557632,10.62289812622,9.98117560602,10.17047411272,10.62289812612,9.64246592862,10.62289812672,10.62289812672,7.51820784612,7.63081334165,5.94024203421,8.92030716908,7.80412627405,10.42569141035,10.62289812715,10.62289812715,10.62289812716,10.62289812717,9.87867804684,8.14059890495,7.05091081788,10.02480234971,10.62289812569,10.62289812579,10.62289812579,10.62289812579,10.62289812632,10.62289812622,10.62289812622,9.42388518662,10.33816564328,10.62289812658,10.62289812658,10.62289812648,9.49486670948,9.75669672779,9.7745146964,10.62289812599,10.62289812629,10.62289812629,10.62289812629,10.62289812626,10.62289812626,10.62289812626,10.62289812626,10.62289812649,9.30645190219,9.55033118295,10.62289812615,10.62289812615,10.62289812615,10.62289812615,10.62289812625,10.622898126243,10.622898126223,10.622898126223,10.622898126143,10.622898126143,9.67207568744,9.3644198881,10.6228981263,10.62289812639,10.62289812639,10.62289812629,10.62289812629,10.6228981263,10.6228981263,10.6228981263,10.6228981263,10.622898126319,10.622898126319,10.6228981263,9.8448734215,10.6228981264,10.570636569,10.6228981264,10.6228981264,9.593547462,8.7321350199,10.62289812614,6.67764951048,9.87195295745,10.22620239044,10.66918596284,11.81578196802,11.81578196812,11.54600425752,10.79677356124,9.29306710195
