"","t2","t13","t18","t34","t49","t50","t26","t25","t107","t108","t64","t21","t22","t1","t5","t6","t27","t28","t29","t19","t63","t68","t114","t115","t65","t66","t67","t58","t72","t73","t41","t85","t86","t44","t24","t113","t141","t142","t130","t14","t101","t102","t61","t40","t92","t135","t136","t81","t82","t131","t132","t69","t70","t38","t128","t129","t139","t140","t91","t103","t118","t133","t134","t89","t90","t98","t99","t74","t75","t42","t23","t46","t126","t127","t105","t106","t31","t32","t43","t59","t60","t104","t119","t120","t37","t47","t76","t77","t122","t123","t62","t93","t96","t97","t78","t79","t80","t87","t116","t117","t88","t137","t138","t121","t16","t17","t11","t12","t57","t83","t84","t100","t143","t144","t54","t109","t110","t15","t30","t33","t51","t52","t39","t48","t53","t55","t56","t20","t10","t7","t8","t35","t145","t146","t4","t9","t124","t125","t111","t112","t45","t94","t95","t71","t36","t3"
"t2",0,3.30378629101,4.78061766731,5.70385734131,6.97538107791,6.97538107791,6.26454818291,4.97460886091,6.9753810779,6.9753810779,6.656244142,4.3743191302,6.9753810788,2.4068813505,3.4265688679,4.7446894173,7.9515577292,5.61318353463,5.60563772443,6.7091842436,7.95155772969,7.95155772964,7.95155772974,7.95155772974,7.95155772969,7.95155772976,7.95155772976,7.9515577297,7.6859215053,7.9515577301,6.4760680625,7.95155772967,7.95155772967,7.95155772987,5.6826235702,7.9515577297,7.951557729654,7.951557729654,7.95155772966,4.170108154,7.9515577288,7.9515577288,7.9515577288,7.9515577285,7.9515577291,7.95155772911,7.95155772911,7.95155772899,7.95155772899,7.95155772966,7.95155772966,7.95155772929,7.95155772929,6.65810979849,7.951557729432,7.951557729432,7.95155772939,7.95155772939,7.95155772929,7.95155772939,7.95155772931,7.95155772931,7.95155772931,7.95155772979,7.95155772979,7.95155772965,7.95155772965,7.95155772932,7.95155772932,7.95155772932,5.29767212319,7.33217508749,7.95155772919,7.95155772919,7.95155772919,7.95155772919,7.95155772959,5.79896585539,7.95155772939,7.95155772899,7.48990156429,7.95155772899,7.95155772899,7.95155772899,7.95155772879,6.85611071669,7.95155772959,7.95155772959,7.95155772964,7.95155772964,7.95155772964,7.95155772929,7.95155772925,7.95155772925,7.95155772929,7.78661106589,7.62585123429,7.95155772929,7.951557729359,7.951557729359,7.951557729359,7.95155772951,7.95155772951,7.95155772949,4.95152422072,6.44447202032,6.08929145519,5.04957972319,7.95155772963,7.47810791021,7.95155772973,7.95155772973,7.951557729689,7.951557729689,6.87710915875,7.95155772973,7.95155772973,4.17177087955,5.48970923705,6.15301832149,7.86124574691,7.95155772991,6.65121561091,6.79803614849,7.95155772939,7.95155772938,7.95155772938,5.01574613009,3.55528507926,4.05200014649,3.50216817919,7.95155773,7.951557729522,7.951557729522,2.847484449,3.5702870964,7.9515577293,7.9515577293,7.9515577294,7.9515577294,7.95155772914,7.95155772954,7.95155772954,7.95155772954,6.20265397288,2.8233093752
"t13",3.30378629101,0,2.0627328929,2.9859725669,4.2574963035,4.2574963035,3.5466634085,2.2567240865,4.28987366971,4.28987366971,3.97073673381,2.93126828161,5.53233023021,5.09600564791,6.11569316531,7.43381371471,10.64068202661,8.30230783204,8.29476202184,9.39830854101,10.6406820271,10.64068202705,10.64068202715,10.64068202715,10.6406820271,10.64068202717,10.64068202717,10.64068202711,10.37504580271,10.64068202751,9.16519235991,10.64068202708,10.64068202708,10.64068202728,8.37174786761,10.64068202711,10.640682027064,10.640682027064,10.64068202707,6.85923245141,10.64068202621,10.64068202621,10.64068202621,10.64068202591,10.64068202651,10.64068202652,10.64068202652,10.6406820264,10.6406820264,10.64068202707,10.64068202707,10.6406820267,10.6406820267,9.3472340959,10.640682026842,10.640682026842,10.6406820268,10.6406820268,10.6406820267,10.6406820268,10.64068202672,10.64068202672,10.64068202672,10.6406820272,10.6406820272,10.64068202706,10.64068202706,10.64068202673,10.64068202673,10.64068202673,7.9867964206,10.0212993849,10.6406820266,10.6406820266,10.6406820266,10.6406820266,10.640682027,8.4880901528,10.6406820268,10.6406820264,10.1790258617,10.6406820264,10.6406820264,10.6406820264,10.6406820262,9.5452350141,10.640682027,10.640682027,10.64068202705,10.64068202705,10.64068202705,10.6406820267,10.64068202666,10.64068202666,10.6406820267,10.4757353633,10.3149755317,10.6406820267,10.640682026769,10.640682026769,10.640682026769,10.64068202692,10.64068202692,10.6406820269,7.64064851813,9.13359631773,8.7784157526,7.7387040206,10.64068202704,10.16723220762,10.64068202714,10.64068202714,10.640682027099,10.640682027099,9.56623345616,10.64068202714,10.64068202714,6.86089517696,8.17883353446,8.8421426189,10.55037004432,10.64068202732,9.34033990832,9.4871604459,10.6406820268,10.64068202679,10.64068202679,7.7048704275,6.24440937667,6.7411244439,6.1912924766,10.64068202741,10.640682026932,10.640682026932,5.53660874641,6.25941139381,10.64068202671,10.64068202671,10.64068202681,10.64068202681,10.64068202655,10.64068202695,10.64068202695,10.64068202695,8.89177827029,5.51243367261
"t18",4.78061766731,2.0627328929,0,3.148390206,4.4199139426,4.4199139426,3.7090810476,2.4191417256,5.76670504601,5.76670504601,5.44756811011,4.40809965791,7.00916160651,6.57283702421,7.59252454161,8.91064509101,12.11751340291,9.77913920834,9.77159339814,10.87513991731,12.1175134034,12.11751340335,12.11751340345,12.11751340345,12.1175134034,12.11751340347,12.11751340347,12.11751340341,11.85187717901,12.11751340381,10.64202373621,12.11751340338,12.11751340338,12.11751340358,9.84857924391,12.11751340341,12.117513403364,12.117513403364,12.11751340337,8.33606382771,12.11751340251,12.11751340251,12.11751340251,12.11751340221,12.11751340281,12.11751340282,12.11751340282,12.1175134027,12.1175134027,12.11751340337,12.11751340337,12.117513403,12.117513403,10.8240654722,12.117513403142,12.117513403142,12.1175134031,12.1175134031,12.117513403,12.1175134031,12.11751340302,12.11751340302,12.11751340302,12.1175134035,12.1175134035,12.11751340336,12.11751340336,12.11751340303,12.11751340303,12.11751340303,9.4636277969,11.4981307612,12.1175134029,12.1175134029,12.1175134029,12.1175134029,12.1175134033,9.9649215291,12.1175134031,12.1175134027,11.655857238,12.1175134027,12.1175134027,12.1175134027,12.1175134025,11.0220663904,12.1175134033,12.1175134033,12.11751340335,12.11751340335,12.11751340335,12.117513403,12.11751340296,12.11751340296,12.117513403,11.9525667396,11.791806908,12.117513403,12.117513403069,12.117513403069,12.117513403069,12.11751340322,12.11751340322,12.1175134032,9.11747989443,10.61042769403,10.2552471289,9.2155353969,12.11751340334,11.64406358392,12.11751340344,12.11751340344,12.117513403399,12.117513403399,11.04306483246,12.11751340344,12.11751340344,8.33772655326,9.65566491076,10.3189739952,12.02720142062,12.11751340362,10.81717128462,10.9639918222,12.1175134031,12.11751340309,12.11751340309,9.1817018038,7.72124075297,8.2179558202,7.6681238529,12.11751340371,12.117513403232,12.117513403232,7.01344012271,7.73624277011,12.11751340301,12.11751340301,12.11751340311,12.11751340311,12.11751340285,12.11751340325,12.11751340325,12.11751340325,10.36860964659,6.98926504891
"t34",5.70385734131,2.9859725669,3.148390206,0,2.7259280144,2.7259280144,3.2830070504,2.252731532,6.68994472001,6.68994472001,6.37080778411,5.33133933191,7.93240128051,7.49607669821,8.51576421561,9.83388476501,13.04075307691,10.70237888234,10.69483307214,11.79837959131,13.0407530774,13.04075307735,13.04075307745,13.04075307745,13.0407530774,13.04075307747,13.04075307747,13.04075307741,12.77511685301,13.04075307781,11.56526341021,13.04075307738,13.04075307738,13.04075307758,10.77181891791,13.04075307741,13.040753077364,13.040753077364,13.04075307737,9.25930350171,13.04075307651,13.04075307651,13.04075307651,13.04075307621,13.04075307681,13.04075307682,13.04075307682,13.0407530767,13.0407530767,13.04075307737,13.04075307737,13.040753077,13.040753077,11.7473051462,13.040753077142,13.040753077142,13.0407530771,13.0407530771,13.040753077,13.0407530771,13.04075307702,13.04075307702,13.04075307702,13.0407530775,13.0407530775,13.04075307736,13.04075307736,13.04075307703,13.04075307703,13.04075307703,10.3868674709,12.4213704352,13.0407530769,13.0407530769,13.0407530769,13.0407530769,13.0407530773,10.8881612031,13.0407530771,13.0407530767,12.579096912,13.0407530767,13.0407530767,13.0407530767,13.0407530765,11.9453060644,13.0407530773,13.0407530773,13.04075307735,13.04075307735,13.04075307735,13.040753077,13.04075307696,13.04075307696,13.040753077,12.8758064136,12.715046582,13.040753077,13.040753077069,13.040753077069,13.040753077069,13.04075307722,13.04075307722,13.0407530772,10.04071956843,11.53366736803,11.1784868029,10.1387750709,13.04075307734,12.56730325792,13.04075307744,13.04075307744,13.040753077399,13.040753077399,11.96630450646,13.04075307744,13.04075307744,9.26096622726,10.57890458476,11.2422136692,12.95044109462,13.04075307762,11.74041095862,11.8872314962,13.0407530771,13.04075307709,13.04075307709,10.1049414778,8.64448042697,9.1411954942,8.5913635269,13.04075307771,13.040753077232,13.040753077232,7.93667979671,8.65948244411,13.04075307701,13.04075307701,13.04075307711,13.04075307711,13.04075307685,13.04075307725,13.04075307725,13.04075307725,11.29184932059,7.91250472291
"t49",6.97538107791,4.2574963035,4.4199139426,2.7259280144,0,2.618872228,4.554530787,3.5242552686,7.96146845661,7.96146845661,7.64233152071,6.60286306851,9.20392501711,8.76760043481,9.78728795221,11.10540850161,14.31227681351,11.97390261894,11.96635680874,13.06990332791,14.312276814,14.31227681395,14.31227681405,14.31227681405,14.312276814,14.31227681407,14.31227681407,14.31227681401,14.04664058961,14.31227681441,12.83678714681,14.31227681398,14.31227681398,14.31227681418,12.04334265451,14.31227681401,14.312276813964,14.312276813964,14.31227681397,10.53082723831,14.31227681311,14.31227681311,14.31227681311,14.31227681281,14.31227681341,14.31227681342,14.31227681342,14.3122768133,14.3122768133,14.31227681397,14.31227681397,14.3122768136,14.3122768136,13.0188288828,14.312276813742,14.312276813742,14.3122768137,14.3122768137,14.3122768136,14.3122768137,14.31227681362,14.31227681362,14.31227681362,14.3122768141,14.3122768141,14.31227681396,14.31227681396,14.31227681363,14.31227681363,14.31227681363,11.6583912075,13.6928941718,14.3122768135,14.3122768135,14.3122768135,14.3122768135,14.3122768139,12.1596849397,14.3122768137,14.3122768133,13.8506206486,14.3122768133,14.3122768133,14.3122768133,14.3122768131,13.216829801,14.3122768139,14.3122768139,14.31227681395,14.31227681395,14.31227681395,14.3122768136,14.31227681356,14.31227681356,14.3122768136,14.1473301502,13.9865703186,14.3122768136,14.312276813669,14.312276813669,14.312276813669,14.31227681382,14.31227681382,14.3122768138,11.31224330503,12.80519110463,12.4500105395,11.4102988075,14.31227681394,13.83882699452,14.31227681404,14.31227681404,14.312276813999,14.312276813999,13.23782824306,14.31227681404,14.31227681404,10.53248996386,11.85042832136,12.5137374058,14.22196483122,14.31227681422,13.01193469522,13.1587552328,14.3122768137,14.31227681369,14.31227681369,11.3764652144,9.91600416357,10.4127192308,9.8628872635,14.31227681431,14.312276813832,14.312276813832,9.20820353331,9.93100618071,14.31227681361,14.31227681361,14.31227681371,14.31227681371,14.31227681345,14.31227681385,14.31227681385,14.31227681385,12.56337305719,9.18402845951
"t50",6.97538107791,4.2574963035,4.4199139426,2.7259280144,2.618872228,0,4.554530787,3.5242552686,7.96146845661,7.96146845661,7.64233152071,6.60286306851,9.20392501711,8.76760043481,9.78728795221,11.10540850161,14.31227681351,11.97390261894,11.96635680874,13.06990332791,14.312276814,14.31227681395,14.31227681405,14.31227681405,14.312276814,14.31227681407,14.31227681407,14.31227681401,14.04664058961,14.31227681441,12.83678714681,14.31227681398,14.31227681398,14.31227681418,12.04334265451,14.31227681401,14.312276813964,14.312276813964,14.31227681397,10.53082723831,14.31227681311,14.31227681311,14.31227681311,14.31227681281,14.31227681341,14.31227681342,14.31227681342,14.3122768133,14.3122768133,14.31227681397,14.31227681397,14.3122768136,14.3122768136,13.0188288828,14.312276813742,14.312276813742,14.3122768137,14.3122768137,14.3122768136,14.3122768137,14.31227681362,14.31227681362,14.31227681362,14.3122768141,14.3122768141,14.31227681396,14.31227681396,14.31227681363,14.31227681363,14.31227681363,11.6583912075,13.6928941718,14.3122768135,14.3122768135,14.3122768135,14.3122768135,14.3122768139,12.1596849397,14.3122768137,14.3122768133,13.8506206486,14.3122768133,14.3122768133,14.3122768133,14.3122768131,13.216829801,14.3122768139,14.3122768139,14.31227681395,14.31227681395,14.31227681395,14.3122768136,14.31227681356,14.31227681356,14.3122768136,14.1473301502,13.9865703186,14.3122768136,14.312276813669,14.312276813669,14.312276813669,14.31227681382,14.31227681382,14.3122768138,11.31224330503,12.80519110463,12.4500105395,11.4102988075,14.31227681394,13.83882699452,14.31227681404,14.31227681404,14.312276813999,14.312276813999,13.23782824306,14.31227681404,14.31227681404,10.53248996386,11.85042832136,12.5137374058,14.22196483122,14.31227681422,13.01193469522,13.1587552328,14.3122768137,14.31227681369,14.31227681369,11.3764652144,9.91600416357,10.4127192308,9.8628872635,14.31227681431,14.312276813832,14.312276813832,9.20820353331,9.93100618071,14.31227681361,14.31227681361,14.31227681371,14.31227681371,14.31227681345,14.31227681385,14.31227681385,14.31227681385,12.56337305719,9.18402845951
"t26",6.26454818291,3.5466634085,3.7090810476,3.2830070504,4.554530787,4.554530787,0,2.8134223736,7.25063556161,7.25063556161,6.93149862571,5.89203017351,8.49309212211,8.05676753981,9.07645505721,10.39457560661,13.60144391851,11.26306972394,11.25552391374,12.35907043291,13.601443919,13.60144391895,13.60144391905,13.60144391905,13.601443919,13.60144391907,13.60144391907,13.60144391901,13.33580769461,13.60144391941,12.12595425181,13.60144391898,13.60144391898,13.60144391918,11.33250975951,13.60144391901,13.601443918964,13.601443918964,13.60144391897,9.81999434331,13.60144391811,13.60144391811,13.60144391811,13.60144391781,13.60144391841,13.60144391842,13.60144391842,13.6014439183,13.6014439183,13.60144391897,13.60144391897,13.6014439186,13.6014439186,12.3079959878,13.601443918742,13.601443918742,13.6014439187,13.6014439187,13.6014439186,13.6014439187,13.60144391862,13.60144391862,13.60144391862,13.6014439191,13.6014439191,13.60144391896,13.60144391896,13.60144391863,13.60144391863,13.60144391863,10.9475583125,12.9820612768,13.6014439185,13.6014439185,13.6014439185,13.6014439185,13.6014439189,11.4488520447,13.6014439187,13.6014439183,13.1397877536,13.6014439183,13.6014439183,13.6014439183,13.6014439181,12.505996906,13.6014439189,13.6014439189,13.60144391895,13.60144391895,13.60144391895,13.6014439186,13.60144391856,13.60144391856,13.6014439186,13.4364972552,13.2757374236,13.6014439186,13.601443918669,13.601443918669,13.601443918669,13.60144391882,13.60144391882,13.6014439188,10.60141041003,12.09435820963,11.7391776445,10.6994659125,13.60144391894,13.12799409952,13.60144391904,13.60144391904,13.601443918999,13.601443918999,12.52699534806,13.60144391904,13.60144391904,9.82165706886,11.13959542636,11.8029045108,13.51113193622,13.60144391922,12.30110180022,12.4479223378,13.6014439187,13.60144391869,13.60144391869,10.6656323194,9.20517126857,9.7018863358,9.1520543685,13.60144391931,13.601443918832,13.601443918832,8.49737063831,9.22017328571,13.60144391861,13.60144391861,13.60144391871,13.60144391871,13.60144391845,13.60144391885,13.60144391885,13.60144391885,11.85254016219,8.47319556451
"t25",4.97460886091,2.2567240865,2.4191417256,2.252731532,3.5242552686,3.5242552686,2.8134223736,0,5.96069623961,5.96069623961,5.64155930371,4.60209085151,7.20315280011,6.76682821781,7.78651573521,9.10463628461,12.31150459651,9.97313040194,9.96558459174,11.06913111091,12.311504597,12.31150459695,12.31150459705,12.31150459705,12.311504597,12.31150459707,12.31150459707,12.31150459701,12.04586837261,12.31150459741,10.83601492981,12.31150459698,12.31150459698,12.31150459718,10.04257043751,12.31150459701,12.311504596964,12.311504596964,12.31150459697,8.53005502131,12.31150459611,12.31150459611,12.31150459611,12.31150459581,12.31150459641,12.31150459642,12.31150459642,12.3115045963,12.3115045963,12.31150459697,12.31150459697,12.3115045966,12.3115045966,11.0180566658,12.311504596742,12.311504596742,12.3115045967,12.3115045967,12.3115045966,12.3115045967,12.31150459662,12.31150459662,12.31150459662,12.3115045971,12.3115045971,12.31150459696,12.31150459696,12.31150459663,12.31150459663,12.31150459663,9.6576189905,11.6921219548,12.3115045965,12.3115045965,12.3115045965,12.3115045965,12.3115045969,10.1589127227,12.3115045967,12.3115045963,11.8498484316,12.3115045963,12.3115045963,12.3115045963,12.3115045961,11.216057584,12.3115045969,12.3115045969,12.31150459695,12.31150459695,12.31150459695,12.3115045966,12.31150459656,12.31150459656,12.3115045966,12.1465579332,11.9857981016,12.3115045966,12.311504596669,12.311504596669,12.311504596669,12.31150459682,12.31150459682,12.3115045968,9.31147108803,10.80441888763,10.4492383225,9.4095265905,12.31150459694,11.83805477752,12.31150459704,12.31150459704,12.311504596999,12.311504596999,11.23705602606,12.31150459704,12.31150459704,8.53171774686,9.84965610436,10.5129651888,12.22119261422,12.31150459722,11.01116247822,11.1579830158,12.3115045967,12.31150459669,12.31150459669,9.3756929974,7.91523194657,8.4119470138,7.8621150465,12.31150459731,12.311504596832,12.311504596832,7.20743131631,7.93023396371,12.31150459661,12.31150459661,12.31150459671,12.31150459671,12.31150459645,12.31150459685,12.31150459685,12.31150459685,10.56260084019,7.18325624251
"t107",6.9753810779,4.28987366971,5.76670504601,6.68994472001,7.96146845661,7.96146845661,7.25063556161,5.96069623961,0,0.5093677492,1.1229107447,6.6028630685,9.2039250171,8.7676004348,9.7872879522,11.1054085016,14.3122768135,11.97390261893,11.96635680873,13.0699033279,14.31227681399,14.31227681394,14.31227681404,14.31227681404,14.31227681399,14.31227681406,14.31227681406,14.312276814,14.0466405896,14.3122768144,12.8367871468,14.31227681397,14.31227681397,14.31227681417,12.0433426545,14.312276814,14.312276813954,14.312276813954,14.31227681396,10.5308272383,14.3122768131,14.3122768131,14.3122768131,14.3122768128,14.3122768134,14.31227681341,14.31227681341,14.31227681329,14.31227681329,14.31227681396,14.31227681396,14.31227681359,14.31227681359,13.01882888279,14.312276813732,14.312276813732,14.31227681369,14.31227681369,14.31227681359,14.31227681369,14.31227681361,14.31227681361,14.31227681361,14.31227681409,14.31227681409,14.31227681395,14.31227681395,14.31227681362,14.31227681362,14.31227681362,11.65839120749,13.69289417179,14.31227681349,14.31227681349,14.31227681349,14.31227681349,14.31227681389,12.15968493969,14.31227681369,14.31227681329,13.85062064859,14.31227681329,14.31227681329,14.31227681329,14.31227681309,13.21682980099,14.31227681389,14.31227681389,14.31227681394,14.31227681394,14.31227681394,14.31227681359,14.31227681355,14.31227681355,14.31227681359,14.14733015019,13.98657031859,14.31227681359,14.312276813659,14.312276813659,14.312276813659,14.31227681381,14.31227681381,14.31227681379,11.31224330502,12.80519110462,12.45001053949,11.41029880749,14.31227681393,13.83882699451,14.31227681403,14.31227681403,14.312276813989,14.312276813989,13.23782824305,14.31227681403,14.31227681403,10.53248996385,11.85042832135,12.51373740579,14.22196483121,14.31227681421,13.01193469521,13.15875523279,14.31227681369,14.31227681368,14.31227681368,11.37646521439,9.91600416356,10.41271923079,9.86288726349,14.3122768143,14.312276813822,14.312276813822,9.2082035333,9.9310061807,14.3122768136,14.3122768136,14.3122768137,14.3122768137,14.31227681344,14.31227681384,14.31227681384,14.31227681384,12.56337305718,9.1840284595
"t108",6.9753810779,4.28987366971,5.76670504601,6.68994472001,7.96146845661,7.96146845661,7.25063556161,5.96069623961,0.5093677492,0,1.1229107447,6.6028630685,9.2039250171,8.7676004348,9.7872879522,11.1054085016,14.3122768135,11.97390261893,11.96635680873,13.0699033279,14.31227681399,14.31227681394,14.31227681404,14.31227681404,14.31227681399,14.31227681406,14.31227681406,14.312276814,14.0466405896,14.3122768144,12.8367871468,14.31227681397,14.31227681397,14.31227681417,12.0433426545,14.312276814,14.312276813954,14.312276813954,14.31227681396,10.5308272383,14.3122768131,14.3122768131,14.3122768131,14.3122768128,14.3122768134,14.31227681341,14.31227681341,14.31227681329,14.31227681329,14.31227681396,14.31227681396,14.31227681359,14.31227681359,13.01882888279,14.312276813732,14.312276813732,14.31227681369,14.31227681369,14.31227681359,14.31227681369,14.31227681361,14.31227681361,14.31227681361,14.31227681409,14.31227681409,14.31227681395,14.31227681395,14.31227681362,14.31227681362,14.31227681362,11.65839120749,13.69289417179,14.31227681349,14.31227681349,14.31227681349,14.31227681349,14.31227681389,12.15968493969,14.31227681369,14.31227681329,13.85062064859,14.31227681329,14.31227681329,14.31227681329,14.31227681309,13.21682980099,14.31227681389,14.31227681389,14.31227681394,14.31227681394,14.31227681394,14.31227681359,14.31227681355,14.31227681355,14.31227681359,14.14733015019,13.98657031859,14.31227681359,14.312276813659,14.312276813659,14.312276813659,14.31227681381,14.31227681381,14.31227681379,11.31224330502,12.80519110462,12.45001053949,11.41029880749,14.31227681393,13.83882699451,14.31227681403,14.31227681403,14.312276813989,14.312276813989,13.23782824305,14.31227681403,14.31227681403,10.53248996385,11.85042832135,12.51373740579,14.22196483121,14.31227681421,13.01193469521,13.15875523279,14.31227681369,14.31227681368,14.31227681368,11.37646521439,9.91600416356,10.41271923079,9.86288726349,14.3122768143,14.312276813822,14.312276813822,9.2082035333,9.9310061807,14.3122768136,14.3122768136,14.3122768137,14.3122768137,14.31227681344,14.31227681384,14.31227681384,14.31227681384,12.56337305718,9.1840284595
"t64",6.656244142,3.97073673381,5.44756811011,6.37080778411,7.64233152071,7.64233152071,6.93149862571,5.64155930371,1.1229107447,1.1229107447,0,6.2837261326,8.8847880812,8.4484634989,9.4681510163,10.7862715657,13.9931398776,11.65476568303,11.64721987283,12.750766392,13.99313987809,13.99313987804,13.99313987814,13.99313987814,13.99313987809,13.99313987816,13.99313987816,13.9931398781,13.7275036537,13.9931398785,12.5176502109,13.99313987807,13.99313987807,13.99313987827,11.7242057186,13.9931398781,13.993139878054,13.993139878054,13.99313987806,10.2116903024,13.9931398772,13.9931398772,13.9931398772,13.9931398769,13.9931398775,13.99313987751,13.99313987751,13.99313987739,13.99313987739,13.99313987806,13.99313987806,13.99313987769,13.99313987769,12.69969194689,13.993139877832,13.993139877832,13.99313987779,13.99313987779,13.99313987769,13.99313987779,13.99313987771,13.99313987771,13.99313987771,13.99313987819,13.99313987819,13.99313987805,13.99313987805,13.99313987772,13.99313987772,13.99313987772,11.33925427159,13.37375723589,13.99313987759,13.99313987759,13.99313987759,13.99313987759,13.99313987799,11.84054800379,13.99313987779,13.99313987739,13.53148371269,13.99313987739,13.99313987739,13.99313987739,13.99313987719,12.89769286509,13.99313987799,13.99313987799,13.99313987804,13.99313987804,13.99313987804,13.99313987769,13.99313987765,13.99313987765,13.99313987769,13.82819321429,13.66743338269,13.99313987769,13.993139877759,13.993139877759,13.993139877759,13.99313987791,13.99313987791,13.99313987789,10.99310636912,12.48605416872,12.13087360359,11.09116187159,13.99313987803,13.51969005861,13.99313987813,13.99313987813,13.993139878089,13.993139878089,12.91869130715,13.99313987813,13.99313987813,10.21335302795,11.53129138545,12.19460046989,13.90282789531,13.99313987831,12.69279775931,12.83961829689,13.99313987779,13.99313987778,13.99313987778,11.05732827849,9.59686722766,10.09358229489,9.54375032759,13.9931398784,13.993139877922,13.993139877922,8.8890665974,9.6118692448,13.9931398777,13.9931398777,13.9931398778,13.9931398778,13.99313987754,13.99313987794,13.99313987794,13.99313987794,12.24423612128,8.8648915236
"t21",4.3743191302,2.93126828161,4.40809965791,5.33133933191,6.60286306851,6.60286306851,5.89203017351,4.60209085151,6.6028630685,6.6028630685,6.2837261326,0,3.4277110194,6.1665384871,7.1862260045,8.5043465539,11.7112148658,9.37284067123,9.36529486103,10.4688413802,11.71121486629,11.71121486624,11.71121486634,11.71121486634,11.71121486629,11.71121486636,11.71121486636,11.7112148663,11.4455786419,11.7112148667,10.2357251991,11.71121486627,11.71121486627,11.71121486647,9.4422807068,11.7112148663,11.711214866254,11.711214866254,11.71121486626,7.9297652906,11.7112148654,11.7112148654,11.7112148654,11.7112148651,11.7112148657,11.71121486571,11.71121486571,11.71121486559,11.71121486559,11.71121486626,11.71121486626,11.71121486589,11.71121486589,10.41776693509,11.711214866032,11.711214866032,11.71121486599,11.71121486599,11.71121486589,11.71121486599,11.71121486591,11.71121486591,11.71121486591,11.71121486639,11.71121486639,11.71121486625,11.71121486625,11.71121486592,11.71121486592,11.71121486592,9.05732925979,11.09183222409,11.71121486579,11.71121486579,11.71121486579,11.71121486579,11.71121486619,9.55862299199,11.71121486599,11.71121486559,11.24955870089,11.71121486559,11.71121486559,11.71121486559,11.71121486539,10.61576785329,11.71121486619,11.71121486619,11.71121486624,11.71121486624,11.71121486624,11.71121486589,11.71121486585,11.71121486585,11.71121486589,11.54626820249,11.38550837089,11.71121486589,11.711214865959,11.711214865959,11.711214865959,11.71121486611,11.71121486611,11.71121486609,8.71118135732,10.20412915692,9.84894859179,8.80923685979,11.71121486623,11.23776504681,11.71121486633,11.71121486633,11.711214866289,11.711214866289,10.63676629535,11.71121486633,11.71121486633,7.93142801615,9.24936637365,9.91267545809,11.62090288351,11.71121486651,10.41087274751,10.55769328509,11.71121486599,11.71121486598,11.71121486598,8.77540326669,7.31494221586,7.81165728309,7.26182531579,11.7112148666,11.711214866122,11.711214866122,6.6071415856,7.329944233,11.7112148659,11.7112148659,11.711214866,11.711214866,11.71121486574,11.71121486614,11.71121486614,11.71121486614,9.96231110948,6.5829665118
"t22",6.9753810788,5.53233023021,7.00916160651,7.93240128051,9.20392501711,9.20392501711,8.49309212211,7.20315280011,9.2039250171,9.2039250171,8.8847880812,3.4277110194,0,8.7676004357,9.7872879531,11.1054085025,14.3122768144,11.97390261983,11.96635680963,13.0699033288,14.31227681489,14.31227681484,14.31227681494,14.31227681494,14.31227681489,14.31227681496,14.31227681496,14.3122768149,14.0466405905,14.3122768153,12.8367871477,14.31227681487,14.31227681487,14.31227681507,12.0433426554,14.3122768149,14.312276814854,14.312276814854,14.31227681486,10.5308272392,14.312276814,14.312276814,14.312276814,14.3122768137,14.3122768143,14.31227681431,14.31227681431,14.31227681419,14.31227681419,14.31227681486,14.31227681486,14.31227681449,14.31227681449,13.01882888369,14.312276814632,14.312276814632,14.31227681459,14.31227681459,14.31227681449,14.31227681459,14.31227681451,14.31227681451,14.31227681451,14.31227681499,14.31227681499,14.31227681485,14.31227681485,14.31227681452,14.31227681452,14.31227681452,11.65839120839,13.69289417269,14.31227681439,14.31227681439,14.31227681439,14.31227681439,14.31227681479,12.15968494059,14.31227681459,14.31227681419,13.85062064949,14.31227681419,14.31227681419,14.31227681419,14.31227681399,13.21682980189,14.31227681479,14.31227681479,14.31227681484,14.31227681484,14.31227681484,14.31227681449,14.31227681445,14.31227681445,14.31227681449,14.14733015109,13.98657031949,14.31227681449,14.312276814559,14.312276814559,14.312276814559,14.31227681471,14.31227681471,14.31227681469,11.31224330592,12.80519110552,12.45001054039,11.41029880839,14.31227681483,13.83882699541,14.31227681493,14.31227681493,14.312276814889,14.312276814889,13.23782824395,14.31227681493,14.31227681493,10.53248996475,11.85042832225,12.51373740669,14.22196483211,14.31227681511,13.01193469611,13.15875523369,14.31227681459,14.31227681458,14.31227681458,11.37646521529,9.91600416446,10.41271923169,9.86288726439,14.3122768152,14.312276814722,14.312276814722,9.2082035342,9.9310061816,14.3122768145,14.3122768145,14.3122768146,14.3122768146,14.31227681434,14.31227681474,14.31227681474,14.31227681474,12.56337305808,9.1840284604
"t1",2.4068813505,5.09600564791,6.57283702421,7.49607669821,8.76760043481,8.76760043481,8.05676753981,6.76682821781,8.7676004348,8.7676004348,8.4484634989,6.1665384871,8.7676004357,0,4.6923380414,6.0104585908,9.2173269027,6.87895270813,6.87140689793,7.9749534171,9.21732690319,9.21732690314,9.21732690324,9.21732690324,9.21732690319,9.21732690326,9.21732690326,9.2173269032,8.9516906788,9.2173269036,7.741837236,9.21732690317,9.21732690317,9.21732690337,6.9483927437,9.2173269032,9.217326903154,9.217326903154,9.21732690316,5.4358773275,9.2173269023,9.2173269023,9.2173269023,9.217326902,9.2173269026,9.21732690261,9.21732690261,9.21732690249,9.21732690249,9.21732690316,9.21732690316,9.21732690279,9.21732690279,7.92387897199,9.217326902932,9.217326902932,9.21732690289,9.21732690289,9.21732690279,9.21732690289,9.21732690281,9.21732690281,9.21732690281,9.21732690329,9.21732690329,9.21732690315,9.21732690315,9.21732690282,9.21732690282,9.21732690282,6.56344129669,8.59794426099,9.21732690269,9.21732690269,9.21732690269,9.21732690269,9.21732690309,7.06473502889,9.21732690289,9.21732690249,8.75567073779,9.21732690249,9.21732690249,9.21732690249,9.21732690229,8.12187989019,9.21732690309,9.21732690309,9.21732690314,9.21732690314,9.21732690314,9.21732690279,9.21732690275,9.21732690275,9.21732690279,9.05238023939,8.89162040779,9.21732690279,9.217326902859,9.217326902859,9.217326902859,9.21732690301,9.21732690301,9.21732690299,6.21729339422,7.71024119382,7.35506062869,6.31534889669,9.21732690313,8.74387708371,9.21732690323,9.21732690323,9.217326903189,9.217326903189,8.14287833225,9.21732690323,9.21732690323,5.43754005305,6.75547841055,7.41878749499,9.12701492041,9.21732690341,7.91698478441,8.06380532199,9.21732690289,9.21732690288,9.21732690288,6.28151530359,4.82105425276,5.31776931999,4.76793735269,9.2173269035,9.217326903022,9.217326903022,4.1132536225,4.8360562699,9.2173269028,9.2173269028,9.2173269029,9.2173269029,9.21732690264,9.21732690304,9.21732690304,9.21732690304,7.46842314638,4.0890785487
"t5",3.4265688679,6.11569316531,7.59252454161,8.51576421561,9.78728795221,9.78728795221,9.07645505721,7.78651573521,9.7872879522,9.7872879522,9.4681510163,7.1862260045,9.7872879531,4.6923380414,0,2.3540573726,7.2004059975,4.86203180293,4.85448599273,5.9580325119,7.20040599799,7.20040599794,7.20040599804,7.20040599804,7.20040599799,7.20040599806,7.20040599806,7.200405998,6.9347697736,7.2004059984,5.7249163308,7.20040599797,7.20040599797,7.20040599817,4.9314718385,7.200405998,7.200405997954,7.200405997954,7.20040599796,3.4189564223,7.2004059971,7.2004059971,7.2004059971,7.2004059968,7.2004059974,7.20040599741,7.20040599741,7.20040599729,7.20040599729,7.20040599796,7.20040599796,7.20040599759,7.20040599759,5.90695806679,7.200405997732,7.200405997732,7.20040599769,7.20040599769,7.20040599759,7.20040599769,7.20040599761,7.20040599761,7.20040599761,7.20040599809,7.20040599809,7.20040599795,7.20040599795,7.20040599762,7.20040599762,7.20040599762,4.54652039149,6.58102335579,7.20040599749,7.20040599749,7.20040599749,7.20040599749,7.20040599789,5.04781412369,7.20040599769,7.20040599729,6.73874983259,7.20040599729,7.20040599729,7.20040599729,7.20040599709,6.10495898499,7.20040599789,7.20040599789,7.20040599794,7.20040599794,7.20040599794,7.20040599759,7.20040599755,7.20040599755,7.20040599759,7.03545933419,6.87469950259,7.20040599759,7.200405997659,7.200405997659,7.200405997659,7.20040599781,7.20040599781,7.20040599779,4.20037248902,5.69332028862,5.33813972349,4.29842799149,7.20040599793,6.72695617851,7.20040599803,7.20040599803,7.200405997989,7.200405997989,6.12595742705,7.20040599803,7.20040599803,3.42061914785,4.73855750535,5.40186658979,7.11009401521,7.20040599821,5.90006387921,6.04688441679,7.20040599769,7.20040599768,7.20040599768,4.26459439839,2.80413334756,3.30084841479,2.75101644749,9.1957947813,9.195794780822,9.195794780822,4.0917215003,4.8145241477,9.1957947806,9.1957947806,9.1957947807,9.1957947807,9.19579478044,9.19579478084,9.19579478084,9.19579478084,7.44689102418,4.0675464265
"t6",4.7446894173,7.43381371471,8.91064509101,9.83388476501,11.10540850161,11.10540850161,10.39457560661,9.10463628461,11.1054085016,11.1054085016,10.7862715657,8.5043465539,11.1054085025,6.0104585908,2.3540573726,0,8.5185265469,6.18015235233,6.17260654213,7.2761530613,8.51852654739,8.51852654734,8.51852654744,8.51852654744,8.51852654739,8.51852654746,8.51852654746,8.5185265474,8.252890323,8.5185265478,7.0430368802,8.51852654737,8.51852654737,8.51852654757,6.2495923879,8.5185265474,8.518526547354,8.518526547354,8.51852654736,4.7370769717,8.5185265465,8.5185265465,8.5185265465,8.5185265462,8.5185265468,8.51852654681,8.51852654681,8.51852654669,8.51852654669,8.51852654736,8.51852654736,8.51852654699,8.51852654699,7.22507861619,8.518526547132,8.518526547132,8.51852654709,8.51852654709,8.51852654699,8.51852654709,8.51852654701,8.51852654701,8.51852654701,8.51852654749,8.51852654749,8.51852654735,8.51852654735,8.51852654702,8.51852654702,8.51852654702,5.86464094089,7.89914390519,8.51852654689,8.51852654689,8.51852654689,8.51852654689,8.51852654729,6.36593467309,8.51852654709,8.51852654669,8.05687038199,8.51852654669,8.51852654669,8.51852654669,8.51852654649,7.42307953439,8.51852654729,8.51852654729,8.51852654734,8.51852654734,8.51852654734,8.51852654699,8.51852654695,8.51852654695,8.51852654699,8.35357988359,8.19282005199,8.51852654699,8.518526547059,8.518526547059,8.518526547059,8.51852654721,8.51852654721,8.51852654719,5.51849303842,7.01144083802,6.65626027289,5.61654854089,8.51852654733,8.04507672791,8.51852654743,8.51852654743,8.518526547389,8.518526547389,7.44407797645,8.51852654743,8.51852654743,4.73873969725,6.05667805475,6.71998713919,8.42821456461,8.51852654761,7.21818442861,7.36500496619,8.51852654709,8.51852654708,8.51852654708,5.58271494779,4.12225389696,4.61896896419,4.06913699689,10.5139153307,10.513915330222,10.513915330222,5.4098420497,6.1326446971,10.51391533,10.51391533,10.5139153301,10.5139153301,10.51391532984,10.51391533024,10.51391533024,10.51391533024,8.76501157358,5.3856669759
"t27",7.9515577292,10.64068202661,12.11751340291,13.04075307691,14.31227681351,14.31227681351,13.60144391851,12.31150459651,14.3122768135,14.3122768135,13.9931398776,11.7112148658,14.3122768144,9.2173269027,7.2004059975,8.5185265469,0,2.91269056543,2.90514475523,5.2679621096,7.88079404129,7.88079404124,7.88079404134,7.88079404134,7.88079404129,7.88079404136,7.88079404136,7.8807940413,7.6151578169,7.8807940417,6.4053043741,7.88079404127,7.88079404127,7.88079404147,5.6118598818,10.0378336993,10.037833699254,10.037833699254,10.03783369926,6.2563841236,10.0378336984,10.0378336984,10.0378336984,10.0378336981,10.0378336987,10.03783369871,10.03783369871,10.03783369859,10.03783369859,10.03783369926,10.03783369926,10.03783369889,10.03783369889,8.74438576809,10.037833699032,10.037833699032,10.03783369899,10.03783369899,10.03783369889,10.03783369899,10.03783369891,10.03783369891,10.03783369891,10.03783369939,10.03783369939,10.03783369925,10.03783369925,10.03783369892,10.03783369892,10.03783369892,7.38394809279,9.41845105709,10.03783369879,10.03783369879,10.03783369879,10.03783369879,10.03783369919,7.88524182499,10.03783369899,10.03783369859,9.57617753389,10.03783369859,10.03783369859,10.03783369859,10.03783369839,8.94238668629,10.03783369919,10.03783369919,10.03783369924,10.03783369924,10.03783369924,10.03783369889,10.03783369885,10.03783369885,10.03783369889,9.87288703549,9.71212720389,10.03783369889,10.037833698959,10.037833698959,10.037833698959,10.03783369911,10.03783369911,10.03783369909,8.56626157772,10.05920937732,9.70402881219,8.66431708019,11.56629508663,11.09284526721,11.56629508673,11.56629508673,11.566295086689,11.566295086689,10.49184651575,11.56629508673,11.56629508673,7.78650823655,9.10444659405,9.76775567849,11.47598310391,11.56629508691,10.26595296791,10.41277350549,11.56629508639,11.56629508638,11.56629508638,8.63048348709,7.17002243626,7.66673750349,7.11690553619,13.7207836426,13.720783642122,13.720783642122,8.6167103616,9.339513009,13.7207836419,13.7207836419,13.720783642,13.720783642,13.72078364174,13.72078364214,13.72078364214,13.72078364214,11.97187988548,8.5925352878
"t28",5.61318353463,8.30230783204,9.77913920834,10.70237888234,11.97390261894,11.97390261894,11.26306972394,9.97313040194,11.97390261893,11.97390261893,11.65476568303,9.37284067123,11.97390261983,6.87895270813,4.86203180293,6.18015235233,2.91269056543,0,0.5153808088,2.92958791503,5.54241984672,5.54241984667,5.54241984677,5.54241984677,5.54241984672,5.54241984679,5.54241984679,5.54241984673,5.27678362233,5.54241984713,4.06693017953,5.5424198467,5.5424198467,5.5424198469,3.27348568723,7.69945950473,7.699459504684,7.699459504684,7.69945950469,3.91800992903,7.69945950383,7.69945950383,7.69945950383,7.69945950353,7.69945950413,7.69945950414,7.69945950414,7.69945950402,7.69945950402,7.69945950469,7.69945950469,7.69945950432,7.69945950432,6.40601157352,7.699459504462,7.699459504462,7.69945950442,7.69945950442,7.69945950432,7.69945950442,7.69945950434,7.69945950434,7.69945950434,7.69945950482,7.69945950482,7.69945950468,7.69945950468,7.69945950435,7.69945950435,7.69945950435,5.04557389822,7.08007686252,7.69945950422,7.69945950422,7.69945950422,7.69945950422,7.69945950462,5.54686763042,7.69945950442,7.69945950402,7.23780333932,7.69945950402,7.69945950402,7.69945950402,7.69945950382,6.60401249172,7.69945950462,7.69945950462,7.69945950467,7.69945950467,7.69945950467,7.69945950432,7.69945950428,7.69945950428,7.69945950432,7.53451284092,7.37375300932,7.69945950432,7.699459504389,7.699459504389,7.699459504389,7.69945950454,7.69945950454,7.69945950452,6.22788738315,7.72083518275,7.36565461762,6.32594288562,9.22792089206,8.75447107264,9.22792089216,9.22792089216,9.227920892119,9.227920892119,8.15347232118,9.22792089216,9.22792089216,5.44813404198,6.76607239948,7.42938148392,9.13760890934,9.22792089234,7.92757877334,8.07439931092,9.22792089182,9.22792089181,9.22792089181,6.29210929252,4.83164824169,5.32836330892,4.77853134162,11.38240944803,11.382409447552,11.382409447552,6.27833616703,7.00113881443,11.38240944733,11.38240944733,11.38240944743,11.38240944743,11.38240944717,11.38240944757,11.38240944757,11.38240944757,9.63350569091,6.25416109323
