"","t19","t30","t61","t62","t44","t25","t48","t85","t86","t39","t40","t38","t75","t76","t83","t84","t16","t15","t77","t78","t53","t54","t17","t46","t47","t45","t20","t21","t26","t32","t67","t68","t22","t11","t50","t93","t94","t91","t92","t7","t97","t98","t37","t89","t90","t13","t14","t6","t55","t56","t29","t35","t36","t63","t64","t43","t57","t58","t71","t81","t82","t3","t9","t10","t99","t100","t95","t96","t27","t28","t1","t12","t59","t60","t31","t33","t34","t4","t5","t8","t23","t24","t87","t88","t49","t72","t73","t74","t79","t80","t18","t51","t52","t69","t70","t2","t65","t66","t41","t42"
"t19",0,1.7632255435,1.7632255435,1.7632255435,1.7632255435,1.7632255436,3.293675322,3.29367532203,3.29367532203,3.7272568473,3.7272568473,3.72725684743,3.72725684743,3.72725684747,3.72725684743,3.72725684743,3.72725684733,3.7272568474,5.5873065419,5.5873065419,5.5873065422,5.5873065422,5.5873065422,5.58730654254,5.58730654254,5.5873065426,5.5873065422,5.5873065422,5.5873065423,5.5873065423,5.5873065423,5.5873065423,5.5873065423,5.5873065423,8.7711968164,8.7711968164,8.7711968164,8.77119681614,8.77119681614,8.7711968162,8.77119681637,8.77119681637,8.7711968164,8.7711968164,8.7711968164,8.77119681643,8.77119681643,8.77119681623,8.7711968164,8.7711968164,8.7711968164,8.7711968165,8.7711968165,8.7711968164,8.7711968164,8.7711968164,8.7711968164,8.7711968164,8.7711968161,8.77119681611,8.77119681611,8.7711968165,8.7711968165,8.7711968165,8.771196815907,8.771196815907,8.7711968164,8.7711968164,8.7711968164,8.7711968164,8.7711968162,8.7711968162,8.7711968159,8.7711968159,8.7711968159,8.7711968159,8.7711968159,8.7711968165,8.77119681643,8.77119681683,8.77119681658,8.77119681658,8.77119681665,8.77119681665,8.77119681658,8.77119681658,8.77119681667,8.77119681667,8.7711968169,8.7711968169,8.7711968169,8.77119681692,8.77119681692,8.77119681692,8.77119681692,8.7711968165,8.7711968164,8.7711968164,8.7711968164,8.7711968164
"t30",1.7632255435,0,1.2502500858,1.2502500858,1.2502500858,1.5168625627,3.2936753219,3.29367532193,3.29367532193,3.7272568472,3.7272568472,3.72725684733,3.72725684733,3.72725684737,3.72725684733,3.72725684733,3.72725684723,3.7272568473,5.5873065418,5.5873065418,5.5873065421,5.5873065421,5.5873065421,5.58730654244,5.58730654244,5.5873065425,5.5873065421,5.5873065421,5.5873065422,5.5873065422,5.5873065422,5.5873065422,5.5873065422,5.5873065422,8.7711968163,8.7711968163,8.7711968163,8.77119681604,8.77119681604,8.7711968161,8.77119681627,8.77119681627,8.7711968163,8.7711968163,8.7711968163,8.77119681633,8.77119681633,8.77119681613,8.7711968163,8.7711968163,8.7711968163,8.7711968164,8.7711968164,8.7711968163,8.7711968163,8.7711968163,8.7711968163,8.7711968163,8.771196816,8.77119681601,8.77119681601,8.7711968164,8.7711968164,8.7711968164,8.771196815807,8.771196815807,8.7711968163,8.7711968163,8.7711968163,8.7711968163,8.7711968161,8.7711968161,8.7711968158,8.7711968158,8.7711968158,8.7711968158,8.7711968158,8.7711968164,8.77119681633,8.77119681673,8.77119681648,8.77119681648,8.77119681655,8.77119681655,8.77119681648,8.77119681648,8.77119681657,8.77119681657,8.7711968168,8.7711968168,8.7711968168,8.77119681682,8.77119681682,8.77119681682,8.77119681682,8.7711968164,8.7711968163,8.7711968163,8.7711968163,8.7711968163
"t61",1.7632255435,1.2502500858,0,0.6736128248,0.9650131268,1.5168625627,3.2936753219,3.29367532193,3.29367532193,3.7272568472,3.7272568472,3.72725684733,3.72725684733,3.72725684737,3.72725684733,3.72725684733,3.72725684723,3.7272568473,5.5873065418,5.5873065418,5.5873065421,5.5873065421,5.5873065421,5.58730654244,5.58730654244,5.5873065425,5.5873065421,5.5873065421,5.5873065422,5.5873065422,5.5873065422,5.5873065422,5.5873065422,5.5873065422,8.7711968163,8.7711968163,8.7711968163,8.77119681604,8.77119681604,8.7711968161,8.77119681627,8.77119681627,8.7711968163,8.7711968163,8.7711968163,8.77119681633,8.77119681633,8.77119681613,8.7711968163,8.7711968163,8.7711968163,8.7711968164,8.7711968164,8.7711968163,8.7711968163,8.7711968163,8.7711968163,8.7711968163,8.771196816,8.77119681601,8.77119681601,8.7711968164,8.7711968164,8.7711968164,8.771196815807,8.771196815807,8.7711968163,8.7711968163,8.7711968163,8.7711968163,8.7711968161,8.7711968161,8.7711968158,8.7711968158,8.7711968158,8.7711968158,8.7711968158,8.7711968164,8.77119681633,8.77119681673,8.77119681648,8.77119681648,8.77119681655,8.77119681655,8.77119681648,8.77119681648,8.77119681657,8.77119681657,8.7711968168,8.7711968168,8.7711968168,8.77119681682,8.77119681682,8.77119681682,8.77119681682,8.7711968164,8.7711968163,8.7711968163,8.7711968163,8.7711968163
"t62",1.7632255435,1.2502500858,0.6736128248,0,0.9650131268,1.5168625627,3.2936753219,3.29367532193,3.29367532193,3.7272568472,3.7272568472,3.72725684733,3.72725684733,3.72725684737,3.72725684733,3.72725684733,3.72725684723,3.7272568473,5.5873065418,5.5873065418,5.5873065421,5.5873065421,5.5873065421,5.58730654244,5.58730654244,5.5873065425,5.5873065421,5.5873065421,5.5873065422,5.5873065422,5.5873065422,5.5873065422,5.5873065422,5.5873065422,8.7711968163,8.7711968163,8.7711968163,8.77119681604,8.77119681604,8.7711968161,8.77119681627,8.77119681627,8.7711968163,8.7711968163,8.7711968163,8.77119681633,8.77119681633,8.77119681613,8.7711968163,8.7711968163,8.7711968163,8.7711968164,8.7711968164,8.7711968163,8.7711968163,8.7711968163,8.7711968163,8.7711968163,8.771196816,8.77119681601,8.77119681601,8.7711968164,8.7711968164,8.7711968164,8.771196815807,8.771196815807,8.7711968163,8.7711968163,8.7711968163,8.7711968163,8.7711968161,8.7711968161,8.7711968158,8.7711968158,8.7711968158,8.7711968158,8.7711968158,8.7711968164,8.77119681633,8.77119681673,8.77119681648,8.77119681648,8.77119681655,8.77119681655,8.77119681648,8.77119681648,8.77119681657,8.77119681657,8.7711968168,8.7711968168,8.7711968168,8.77119681682,8.77119681682,8.77119681682,8.77119681682,8.7711968164,8.7711968163,8.7711968163,8.7711968163,8.7711968163
"t44",1.7632255435,1.2502500858,0.9650131268,0.9650131268,0,1.5168625627,3.2936753219,3.29367532193,3.29367532193,3.7272568472,3.7272568472,3.72725684733,3.72725684733,3.72725684737,3.72725684733,3.72725684733,3.72725684723,3.7272568473,5.5873065418,5.5873065418,5.5873065421,5.5873065421,5.5873065421,5.58730654244,5.58730654244,5.5873065425,5.5873065421,5.5873065421,5.5873065422,5.5873065422,5.5873065422,5.5873065422,5.5873065422,5.5873065422,8.7711968163,8.7711968163,8.7711968163,8.77119681604,8.77119681604,8.7711968161,8.77119681627,8.77119681627,8.7711968163,8.7711968163,8.7711968163,8.77119681633,8.77119681633,8.77119681613,8.7711968163,8.7711968163,8.7711968163,8.7711968164,8.7711968164,8.7711968163,8.7711968163,8.7711968163,8.7711968163,8.7711968163,8.771196816,8.77119681601,8.77119681601,8.7711968164,8.7711968164,8.7711968164,8.771196815807,8.771196815807,8.7711968163,8.7711968163,8.7711968163,8.7711968163,8.7711968161,8.7711968161,8.7711968158,8.7711968158,8.7711968158,8.7711968158,8.7711968158,8.7711968164,8.77119681633,8.77119681673,8.77119681648,8.77119681648,8.77119681655,8.77119681655,8.77119681648,8.77119681648,8.77119681657,8.77119681657,8.7711968168,8.7711968168,8.7711968168,8.77119681682,8.77119681682,8.77119681682,8.77119681682,8.7711968164,8.7711968163,8.7711968163,8.7711968163,8.7711968163
"t25",1.7632255436,1.5168625627,1.5168625627,1.5168625627,1.5168625627,0,3.293675322,3.29367532203,3.29367532203,3.7272568473,3.7272568473,3.72725684743,3.72725684743,3.72725684747,3.72725684743,3.72725684743,3.72725684733,3.7272568474,5.5873065419,5.5873065419,5.5873065422,5.5873065422,5.5873065422,5.58730654254,5.58730654254,5.5873065426,5.5873065422,5.5873065422,5.5873065423,5.5873065423,5.5873065423,5.5873065423,5.5873065423,5.5873065423,8.7711968164,8.7711968164,8.7711968164,8.77119681614,8.77119681614,8.7711968162,8.77119681637,8.77119681637,8.7711968164,8.7711968164,8.7711968164,8.77119681643,8.77119681643,8.77119681623,8.7711968164,8.7711968164,8.7711968164,8.7711968165,8.7711968165,8.7711968164,8.7711968164,8.7711968164,8.7711968164,8.7711968164,8.7711968161,8.77119681611,8.77119681611,8.7711968165,8.7711968165,8.7711968165,8.771196815907,8.771196815907,8.7711968164,8.7711968164,8.7711968164,8.7711968164,8.7711968162,8.7711968162,8.7711968159,8.7711968159,8.7711968159,8.7711968159,8.7711968159,8.7711968165,8.77119681643,8.77119681683,8.77119681658,8.77119681658,8.77119681665,8.77119681665,8.77119681658,8.77119681658,8.77119681667,8.77119681667,8.7711968169,8.7711968169,8.7711968169,8.77119681692,8.77119681692,8.77119681692,8.77119681692,8.7711968165,8.7711968164,8.7711968164,8.7711968164,8.7711968164
"t48",3.293675322,3.2936753219,3.2936753219,3.2936753219,3.2936753219,3.293675322,0,0.91258156563,0.91258156563,3.7272568469,3.7272568469,3.72725684703,3.72725684703,3.72725684707,3.72725684703,3.72725684703,3.72725684693,3.727256847,5.5873065415,5.5873065415,5.5873065418,5.5873065418,5.5873065418,5.58730654214,5.58730654214,5.5873065422,5.5873065418,5.5873065418,5.5873065419,5.5873065419,5.5873065419,5.5873065419,5.5873065419,5.5873065419,8.771196816,8.771196816,8.771196816,8.77119681574,8.77119681574,8.7711968158,8.77119681597,8.77119681597,8.771196816,8.771196816,8.771196816,8.77119681603,8.77119681603,8.77119681583,8.771196816,8.771196816,8.771196816,8.7711968161,8.7711968161,8.771196816,8.771196816,8.771196816,8.771196816,8.771196816,8.7711968157,8.77119681571,8.77119681571,8.7711968161,8.7711968161,8.7711968161,8.771196815507,8.771196815507,8.771196816,8.771196816,8.771196816,8.771196816,8.7711968158,8.7711968158,8.7711968155,8.7711968155,8.7711968155,8.7711968155,8.7711968155,8.7711968161,8.77119681603,8.77119681643,8.77119681618,8.77119681618,8.77119681625,8.77119681625,8.77119681618,8.77119681618,8.77119681627,8.77119681627,8.7711968165,8.7711968165,8.7711968165,8.77119681652,8.77119681652,8.77119681652,8.77119681652,8.7711968161,8.771196816,8.771196816,8.771196816,8.771196816
"t85",3.29367532203,3.29367532193,3.29367532193,3.29367532193,3.29367532193,3.29367532203,0.91258156563,0,0.16852210806,3.72725684693,3.72725684693,3.72725684706,3.72725684706,3.7272568471,3.72725684706,3.72725684706,3.72725684696,3.72725684703,5.58730654153,5.58730654153,5.58730654183,5.58730654183,5.58730654183,5.58730654217,5.58730654217,5.58730654223,5.58730654183,5.58730654183,5.58730654193,5.58730654193,5.58730654193,5.58730654193,5.58730654193,5.58730654193,8.77119681603,8.77119681603,8.77119681603,8.77119681577,8.77119681577,8.77119681583,8.771196816,8.771196816,8.77119681603,8.77119681603,8.77119681603,8.77119681606,8.77119681606,8.77119681586,8.77119681603,8.77119681603,8.77119681603,8.77119681613,8.77119681613,8.77119681603,8.77119681603,8.77119681603,8.77119681603,8.77119681603,8.77119681573,8.77119681574,8.77119681574,8.77119681613,8.77119681613,8.77119681613,8.771196815537,8.771196815537,8.77119681603,8.77119681603,8.77119681603,8.77119681603,8.77119681583,8.77119681583,8.77119681553,8.77119681553,8.77119681553,8.77119681553,8.77119681553,8.77119681613,8.77119681606,8.77119681646,8.77119681621,8.77119681621,8.77119681628,8.77119681628,8.77119681621,8.77119681621,8.7711968163,8.7711968163,8.77119681653,8.77119681653,8.77119681653,8.77119681655,8.77119681655,8.77119681655,8.77119681655,8.77119681613,8.77119681603,8.77119681603,8.77119681603,8.77119681603
"t86",3.29367532203,3.29367532193,3.29367532193,3.29367532193,3.29367532193,3.29367532203,0.91258156563,0.16852210806,0,3.72725684693,3.72725684693,3.72725684706,3.72725684706,3.7272568471,3.72725684706,3.72725684706,3.72725684696,3.72725684703,5.58730654153,5.58730654153,5.58730654183,5.58730654183,5.58730654183,5.58730654217,5.58730654217,5.58730654223,5.58730654183,5.58730654183,5.58730654193,5.58730654193,5.58730654193,5.58730654193,5.58730654193,5.58730654193,8.77119681603,8.77119681603,8.77119681603,8.77119681577,8.77119681577,8.77119681583,8.771196816,8.771196816,8.77119681603,8.77119681603,8.77119681603,8.77119681606,8.77119681606,8.77119681586,8.77119681603,8.77119681603,8.77119681603,8.77119681613,8.77119681613,8.77119681603,8.77119681603,8.77119681603,8.77119681603,8.77119681603,8.77119681573,8.77119681574,8.77119681574,8.77119681613,8.77119681613,8.77119681613,8.771196815537,8.771196815537,8.77119681603,8.77119681603,8.77119681603,8.77119681603,8.77119681583,8.77119681583,8.77119681553,8.77119681553,8.77119681553,8.77119681553,8.77119681553,8.77119681613,8.77119681606,8.77119681646,8.77119681621,8.77119681621,8.77119681628,8.77119681628,8.77119681621,8.77119681621,8.7711968163,8.7711968163,8.77119681653,8.77119681653,8.77119681653,8.77119681655,8.77119681655,8.77119681655,8.77119681655,8.77119681613,8.77119681603,8.77119681603,8.77119681603,8.77119681603
"t39",3.7272568473,3.7272568472,3.7272568472,3.7272568472,3.7272568472,3.7272568473,3.7272568469,3.72725684693,3.72725684693,0,1.0156132948,2.84855069193,2.84855069193,2.84855069197,2.84855069193,2.84855069193,2.84855069183,2.8485506919,5.5873065418,5.5873065418,5.5873065421,5.5873065421,5.5873065421,5.58730654244,5.58730654244,5.5873065425,5.5873065421,5.5873065421,5.5873065422,5.5873065422,5.5873065422,5.5873065422,5.5873065422,5.5873065422,8.7711968163,8.7711968163,8.7711968163,8.77119681604,8.77119681604,8.7711968161,8.77119681627,8.77119681627,8.7711968163,8.7711968163,8.7711968163,8.77119681633,8.77119681633,8.77119681613,8.7711968163,8.7711968163,8.7711968163,8.7711968164,8.7711968164,8.7711968163,8.7711968163,8.7711968163,8.7711968163,8.7711968163,8.771196816,8.77119681601,8.77119681601,8.7711968164,8.7711968164,8.7711968164,8.771196815807,8.771196815807,8.7711968163,8.7711968163,8.7711968163,8.7711968163,8.7711968161,8.7711968161,8.7711968158,8.7711968158,8.7711968158,8.7711968158,8.7711968158,8.7711968164,8.77119681633,8.77119681673,8.77119681648,8.77119681648,8.77119681655,8.77119681655,8.77119681648,8.77119681648,8.77119681657,8.77119681657,8.7711968168,8.7711968168,8.7711968168,8.77119681682,8.77119681682,8.77119681682,8.77119681682,8.7711968164,8.7711968163,8.7711968163,8.7711968163,8.7711968163
"t40",3.7272568473,3.7272568472,3.7272568472,3.7272568472,3.7272568472,3.7272568473,3.7272568469,3.72725684693,3.72725684693,1.0156132948,0,2.84855069193,2.84855069193,2.84855069197,2.84855069193,2.84855069193,2.84855069183,2.8485506919,5.5873065418,5.5873065418,5.5873065421,5.5873065421,5.5873065421,5.58730654244,5.58730654244,5.5873065425,5.5873065421,5.5873065421,5.5873065422,5.5873065422,5.5873065422,5.5873065422,5.5873065422,5.5873065422,8.7711968163,8.7711968163,8.7711968163,8.77119681604,8.77119681604,8.7711968161,8.77119681627,8.77119681627,8.7711968163,8.7711968163,8.7711968163,8.77119681633,8.77119681633,8.77119681613,8.7711968163,8.7711968163,8.7711968163,8.7711968164,8.7711968164,8.7711968163,8.7711968163,8.7711968163,8.7711968163,8.7711968163,8.771196816,8.77119681601,8.77119681601,8.7711968164,8.7711968164,8.7711968164,8.771196815807,8.771196815807,8.7711968163,8.7711968163,8.7711968163,8.7711968163,8.7711968161,8.7711968161,8.7711968158,8.7711968158,8.7711968158,8.7711968158,8.7711968158,8.7711968164,8.77119681633,8.77119681673,8.77119681648,8.77119681648,8.77119681655,8.77119681655,8.77119681648,8.77119681648,8.77119681657,8.77119681657,8.7711968168,8.7711968168,8.7711968168,8.77119681682,8.77119681682,8.77119681682,8.77119681682,8.7711968164,8.7711968163,8.7711968163,8.7711968163,8.7711968163
"t38",3.72725684743,3.72725684733,3.72725684733,3.72725684733,3.72725684733,3.72725684743,3.72725684703,3.72725684706,3.72725684706,2.84855069193,2.84855069193,0,1.0550051718,1.05500517184,1.0550051718,1.0550051718,1.8899282319,1.94042694143,5.58730654193,5.58730654193,5.58730654223,5.58730654223,5.58730654223,5.58730654257,5.58730654257,5.58730654263,5.58730654223,5.58730654223,5.58730654233,5.58730654233,5.58730654233,5.58730654233,5.58730654233,5.58730654233,8.77119681643,8.77119681643,8.77119681643,8.77119681617,8.77119681617,8.77119681623,8.7711968164,8.7711968164,8.77119681643,8.77119681643,8.77119681643,8.77119681646,8.77119681646,8.77119681626,8.77119681643,8.77119681643,8.77119681643,8.77119681653,8.77119681653,8.77119681643,8.77119681643,8.77119681643,8.77119681643,8.77119681643,8.77119681613,8.77119681614,8.77119681614,8.77119681653,8.77119681653,8.77119681653,8.771196815937,8.771196815937,8.77119681643,8.77119681643,8.77119681643,8.77119681643,8.77119681623,8.77119681623,8.77119681593,8.77119681593,8.77119681593,8.77119681593,8.77119681593,8.77119681653,8.77119681646,8.77119681686,8.77119681661,8.77119681661,8.77119681668,8.77119681668,8.77119681661,8.77119681661,8.7711968167,8.7711968167,8.77119681693,8.77119681693,8.77119681693,8.77119681695,8.77119681695,8.77119681695,8.77119681695,8.77119681653,8.77119681643,8.77119681643,8.77119681643,8.77119681643
"t75",3.72725684743,3.72725684733,3.72725684733,3.72725684733,3.72725684733,3.72725684743,3.72725684703,3.72725684706,3.72725684706,2.84855069193,2.84855069193,1.0550051718,0,0.31074622624,0.3107462262,0.3107462262,1.8899282319,1.94042694143,5.58730654193,5.58730654193,5.58730654223,5.58730654223,5.58730654223,5.58730654257,5.58730654257,5.58730654263,5.58730654223,5.58730654223,5.58730654233,5.58730654233,5.58730654233,5.58730654233,5.58730654233,5.58730654233,8.77119681643,8.77119681643,8.77119681643,8.77119681617,8.77119681617,8.77119681623,8.7711968164,8.7711968164,8.77119681643,8.77119681643,8.77119681643,8.77119681646,8.77119681646,8.77119681626,8.77119681643,8.77119681643,8.77119681643,8.77119681653,8.77119681653,8.77119681643,8.77119681643,8.77119681643,8.77119681643,8.77119681643,8.77119681613,8.77119681614,8.77119681614,8.77119681653,8.77119681653,8.77119681653,8.771196815937,8.771196815937,8.77119681643,8.77119681643,8.77119681643,8.77119681643,8.77119681623,8.77119681623,8.77119681593,8.77119681593,8.77119681593,8.77119681593,8.77119681593,8.77119681653,8.77119681646,8.77119681686,8.77119681661,8.77119681661,8.77119681668,8.77119681668,8.77119681661,8.77119681661,8.7711968167,8.7711968167,8.77119681693,8.77119681693,8.77119681693,8.77119681695,8.77119681695,8.77119681695,8.77119681695,8.77119681653,8.77119681643,8.77119681643,8.77119681643,8.77119681643
"t76",3.72725684747,3.72725684737,3.72725684737,3.72725684737,3.72725684737,3.72725684747,3.72725684707,3.7272568471,3.7272568471,2.84855069197,2.84855069197,1.05500517184,0.31074622624,0,0.27745734976,0.27745734976,1.88992823194,1.94042694147,5.58730654197,5.58730654197,5.58730654227,5.58730654227,5.58730654227,5.58730654261,5.58730654261,5.58730654267,5.58730654227,5.58730654227,5.58730654237,5.58730654237,5.58730654237,5.58730654237,5.58730654237,5.58730654237,8.77119681647,8.77119681647,8.77119681647,8.77119681621,8.77119681621,8.77119681627,8.77119681644,8.77119681644,8.77119681647,8.77119681647,8.77119681647,8.7711968165,8.7711968165,8.7711968163,8.77119681647,8.77119681647,8.77119681647,8.77119681657,8.77119681657,8.77119681647,8.77119681647,8.77119681647,8.77119681647,8.77119681647,8.77119681617,8.77119681618,8.77119681618,8.77119681657,8.77119681657,8.77119681657,8.771196815977,8.771196815977,8.77119681647,8.77119681647,8.77119681647,8.77119681647,8.77119681627,8.77119681627,8.77119681597,8.77119681597,8.77119681597,8.77119681597,8.77119681597,8.77119681657,8.7711968165,8.7711968169,8.77119681665,8.77119681665,8.77119681672,8.77119681672,8.77119681665,8.77119681665,8.77119681674,8.77119681674,8.77119681697,8.77119681697,8.77119681697,8.77119681699,8.77119681699,8.77119681699,8.77119681699,8.77119681657,8.77119681647,8.77119681647,8.77119681647,8.77119681647
"t83",3.72725684743,3.72725684733,3.72725684733,3.72725684733,3.72725684733,3.72725684743,3.72725684703,3.72725684706,3.72725684706,2.84855069193,2.84855069193,1.0550051718,0.3107462262,0.27745734976,0,0.17922352234,1.8899282319,1.94042694143,5.58730654193,5.58730654193,5.58730654223,5.58730654223,5.58730654223,5.58730654257,5.58730654257,5.58730654263,5.58730654223,5.58730654223,5.58730654233,5.58730654233,5.58730654233,5.58730654233,5.58730654233,5.58730654233,8.77119681643,8.77119681643,8.77119681643,8.77119681617,8.77119681617,8.77119681623,8.7711968164,8.7711968164,8.77119681643,8.77119681643,8.77119681643,8.77119681646,8.77119681646,8.77119681626,8.77119681643,8.77119681643,8.77119681643,8.77119681653,8.77119681653,8.77119681643,8.77119681643,8.77119681643,8.77119681643,8.77119681643,8.77119681613,8.77119681614,8.77119681614,8.77119681653,8.77119681653,8.77119681653,8.771196815937,8.771196815937,8.77119681643,8.77119681643,8.77119681643,8.77119681643,8.77119681623,8.77119681623,8.77119681593,8.77119681593,8.77119681593,8.77119681593,8.77119681593,8.77119681653,8.77119681646,8.77119681686,8.77119681661,8.77119681661,8.77119681668,8.77119681668,8.77119681661,8.77119681661,8.7711968167,8.7711968167,8.77119681693,8.77119681693,8.77119681693,8.77119681695,8.77119681695,8.77119681695,8.77119681695,8.77119681653,8.77119681643,8.77119681643,8.77119681643,8.77119681643
"t84",3.72725684743,3.72725684733,3.72725684733,3.72725684733,3.72725684733,3.72725684743,3.72725684703,3.72725684706,3.72725684706,2.84855069193,2.84855069193,1.0550051718,0.3107462262,0.27745734976,0.17922352234,0,1.8899282319,1.94042694143,5.58730654193,5.58730654193,5.58730654223,5.58730654223,5.58730654223,5.58730654257,5.58730654257,5.58730654263,5.58730654223,5.58730654223,5.58730654233,5.58730654233,5.58730654233,5.58730654233,5.58730654233,5.58730654233,8.77119681643,8.77119681643,8.77119681643,8.77119681617,8.77119681617,8.77119681623,8.7711968164,8.7711968164,8.77119681643,8.77119681643,8.77119681643,8.77119681646,8.77119681646,8.77119681626,8.77119681643,8.77119681643,8.77119681643,8.77119681653,8.77119681653,8.77119681643,8.77119681643,8.77119681643,8.77119681643,8.77119681643,8.77119681613,8.77119681614,8.77119681614,8.77119681653,8.77119681653,8.77119681653,8.771196815937,8.771196815937,8.77119681643,8.77119681643,8.77119681643,8.77119681643,8.77119681623,8.77119681623,8.77119681593,8.77119681593,8.77119681593,8.77119681593,8.77119681593,8.77119681653,8.77119681646,8.77119681686,8.77119681661,8.77119681661,8.77119681668,8.77119681668,8.77119681661,8.77119681661,8.7711968167,8.7711968167,8.77119681693,8.77119681693,8.77119681693,8.77119681695,8.77119681695,8.77119681695,8.77119681695,8.77119681653,8.77119681643,8.77119681643,8.77119681643,8.77119681643
"t16",3.72725684733,3.72725684723,3.72725684723,3.72725684723,3.72725684723,3.72725684733,3.72725684693,3.72725684696,3.72725684696,2.84855069183,2.84855069183,1.8899282319,1.8899282319,1.88992823194,1.8899282319,1.8899282319,0,1.94042694133,5.58730654183,5.58730654183,5.58730654213,5.58730654213,5.58730654213,5.58730654247,5.58730654247,5.58730654253,5.58730654213,5.58730654213,5.58730654223,5.58730654223,5.58730654223,5.58730654223,5.58730654223,5.58730654223,8.77119681633,8.77119681633,8.77119681633,8.77119681607,8.77119681607,8.77119681613,8.7711968163,8.7711968163,8.77119681633,8.77119681633,8.77119681633,8.77119681636,8.77119681636,8.77119681616,8.77119681633,8.77119681633,8.77119681633,8.77119681643,8.77119681643,8.77119681633,8.77119681633,8.77119681633,8.77119681633,8.77119681633,8.77119681603,8.77119681604,8.77119681604,8.77119681643,8.77119681643,8.77119681643,8.771196815837,8.771196815837,8.77119681633,8.77119681633,8.77119681633,8.77119681633,8.77119681613,8.77119681613,8.77119681583,8.77119681583,8.77119681583,8.77119681583,8.77119681583,8.77119681643,8.77119681636,8.77119681676,8.77119681651,8.77119681651,8.77119681658,8.77119681658,8.77119681651,8.77119681651,8.7711968166,8.7711968166,8.77119681683,8.77119681683,8.77119681683,8.77119681685,8.77119681685,8.77119681685,8.77119681685,8.77119681643,8.77119681633,8.77119681633,8.77119681633,8.77119681633
"t15",3.7272568474,3.7272568473,3.7272568473,3.7272568473,3.7272568473,3.7272568474,3.727256847,3.72725684703,3.72725684703,2.8485506919,2.8485506919,1.94042694143,1.94042694143,1.94042694147,1.94042694143,1.94042694143,1.94042694133,0,5.5873065419,5.5873065419,5.5873065422,5.5873065422,5.5873065422,5.58730654254,5.58730654254,5.5873065426,5.5873065422,5.5873065422,5.5873065423,5.5873065423,5.5873065423,5.5873065423,5.5873065423,5.5873065423,8.7711968164,8.7711968164,8.7711968164,8.77119681614,8.77119681614,8.7711968162,8.77119681637,8.77119681637,8.7711968164,8.7711968164,8.7711968164,8.77119681643,8.77119681643,8.77119681623,8.7711968164,8.7711968164,8.7711968164,8.7711968165,8.7711968165,8.7711968164,8.7711968164,8.7711968164,8.7711968164,8.7711968164,8.7711968161,8.77119681611,8.77119681611,8.7711968165,8.7711968165,8.7711968165,8.771196815907,8.771196815907,8.7711968164,8.7711968164,8.7711968164,8.7711968164,8.7711968162,8.7711968162,8.7711968159,8.7711968159,8.7711968159,8.7711968159,8.7711968159,8.7711968165,8.77119681643,8.77119681683,8.77119681658,8.77119681658,8.77119681665,8.77119681665,8.77119681658,8.77119681658,8.77119681667,8.77119681667,8.7711968169,8.7711968169,8.7711968169,8.77119681692,8.77119681692,8.77119681692,8.77119681692,8.7711968165,8.7711968164,8.7711968164,8.7711968164,8.7711968164
"t77",5.5873065419,5.5873065418,5.5873065418,5.5873065418,5.5873065418,5.5873065419,5.5873065415,5.58730654153,5.58730654153,5.5873065418,5.5873065418,5.58730654193,5.58730654193,5.58730654197,5.58730654193,5.58730654193,5.58730654183,5.5873065419,0,0.263653257,2.5074370013,2.5074370013,2.5074370013,4.21047376124,4.21047376124,4.2104737613,4.2104737609,4.2104737609,4.210473761,4.210473761,4.210473761,4.210473761,4.210473761,4.210473761,8.7711968159,8.7711968159,8.7711968159,8.77119681564,8.77119681564,8.7711968157,8.77119681587,8.77119681587,8.7711968159,8.7711968159,8.7711968159,8.77119681593,8.77119681593,8.77119681573,8.7711968159,8.7711968159,8.7711968159,8.771196816,8.771196816,8.7711968159,8.7711968159,8.7711968159,8.7711968159,8.7711968159,8.7711968156,8.77119681561,8.77119681561,8.771196816,8.771196816,8.771196816,8.771196815407,8.771196815407,8.7711968159,8.7711968159,8.7711968159,8.7711968159,8.7711968157,8.7711968157,8.7711968154,8.7711968154,8.7711968154,8.7711968154,8.7711968154,8.771196816,8.77119681593,8.77119681633,8.77119681608,8.77119681608,8.77119681615,8.77119681615,8.77119681608,8.77119681608,8.77119681617,8.77119681617,8.7711968164,8.7711968164,8.7711968164,8.77119681642,8.77119681642,8.77119681642,8.77119681642,8.771196816,8.7711968159,8.7711968159,8.7711968159,8.7711968159
"t78",5.5873065419,5.5873065418,5.5873065418,5.5873065418,5.5873065418,5.5873065419,5.5873065415,5.58730654153,5.58730654153,5.5873065418,5.5873065418,5.58730654193,5.58730654193,5.58730654197,5.58730654193,5.58730654193,5.58730654183,5.5873065419,0.263653257,0,2.5074370013,2.5074370013,2.5074370013,4.21047376124,4.21047376124,4.2104737613,4.2104737609,4.2104737609,4.210473761,4.210473761,4.210473761,4.210473761,4.210473761,4.210473761,8.7711968159,8.7711968159,8.7711968159,8.77119681564,8.77119681564,8.7711968157,8.77119681587,8.77119681587,8.7711968159,8.7711968159,8.7711968159,8.77119681593,8.77119681593,8.77119681573,8.7711968159,8.7711968159,8.7711968159,8.771196816,8.771196816,8.7711968159,8.7711968159,8.7711968159,8.7711968159,8.7711968159,8.7711968156,8.77119681561,8.77119681561,8.771196816,8.771196816,8.771196816,8.771196815407,8.771196815407,8.7711968159,8.7711968159,8.7711968159,8.7711968159,8.7711968157,8.7711968157,8.7711968154,8.7711968154,8.7711968154,8.7711968154,8.7711968154,8.771196816,8.77119681593,8.77119681633,8.77119681608,8.77119681608,8.77119681615,8.77119681615,8.77119681608,8.77119681608,8.77119681617,8.77119681617,8.7711968164,8.7711968164,8.7711968164,8.77119681642,8.77119681642,8.77119681642,8.77119681642,8.771196816,8.7711968159,8.7711968159,8.7711968159,8.7711968159
"t53",5.5873065422,5.5873065421,5.5873065421,5.5873065421,5.5873065421,5.5873065422,5.5873065418,5.58730654183,5.58730654183,5.5873065421,5.5873065421,5.58730654223,5.58730654223,5.58730654227,5.58730654223,5.58730654223,5.58730654213,5.5873065422,2.5074370013,2.5074370013,0,0.7929116532,1.8465666144,4.21047376154,4.21047376154,4.2104737616,4.2104737612,4.2104737612,4.2104737613,4.2104737613,4.2104737613,4.2104737613,4.2104737613,4.2104737613,8.7711968162,8.7711968162,8.7711968162,8.77119681594,8.77119681594,8.771196816,8.77119681617,8.77119681617,8.7711968162,8.7711968162,8.7711968162,8.77119681623,8.77119681623,8.77119681603,8.7711968162,8.7711968162,8.7711968162,8.7711968163,8.7711968163,8.7711968162,8.7711968162,8.7711968162,8.7711968162,8.7711968162,8.7711968159,8.77119681591,8.77119681591,8.7711968163,8.7711968163,8.7711968163,8.771196815707,8.771196815707,8.7711968162,8.7711968162,8.7711968162,8.7711968162,8.771196816,8.771196816,8.7711968157,8.7711968157,8.7711968157,8.7711968157,8.7711968157,8.7711968163,8.77119681623,8.77119681663,8.77119681638,8.77119681638,8.77119681645,8.77119681645,8.77119681638,8.77119681638,8.77119681647,8.77119681647,8.7711968167,8.7711968167,8.7711968167,8.77119681672,8.77119681672,8.77119681672,8.77119681672,8.7711968163,8.7711968162,8.7711968162,8.7711968162,8.7711968162
"t54",5.5873065422,5.5873065421,5.5873065421,5.5873065421,5.5873065421,5.5873065422,5.5873065418,5.58730654183,5.58730654183,5.5873065421,5.5873065421,5.58730654223,5.58730654223,5.58730654227,5.58730654223,5.58730654223,5.58730654213,5.5873065422,2.5074370013,2.5074370013,0.7929116532,0,1.8465666144,4.21047376154,4.21047376154,4.2104737616,4.2104737612,4.2104737612,4.2104737613,4.2104737613,4.2104737613,4.2104737613,4.2104737613,4.2104737613,8.7711968162,8.7711968162,8.7711968162,8.77119681594,8.77119681594,8.771196816,8.77119681617,8.77119681617,8.7711968162,8.7711968162,8.7711968162,8.77119681623,8.77119681623,8.77119681603,8.7711968162,8.7711968162,8.7711968162,8.7711968163,8.7711968163,8.7711968162,8.7711968162,8.7711968162,8.7711968162,8.7711968162,8.7711968159,8.77119681591,8.77119681591,8.7711968163,8.7711968163,8.7711968163,8.771196815707,8.771196815707,8.7711968162,8.7711968162,8.7711968162,8.7711968162,8.771196816,8.771196816,8.7711968157,8.7711968157,8.7711968157,8.7711968157,8.7711968157,8.7711968163,8.77119681623,8.77119681663,8.77119681638,8.77119681638,8.77119681645,8.77119681645,8.77119681638,8.77119681638,8.77119681647,8.77119681647,8.7711968167,8.7711968167,8.7711968167,8.77119681672,8.77119681672,8.77119681672,8.77119681672,8.7711968163,8.7711968162,8.7711968162,8.7711968162,8.7711968162
"t17",5.5873065422,5.5873065421,5.5873065421,5.5873065421,5.5873065421,5.5873065422,5.5873065418,5.58730654183,5.58730654183,5.5873065421,5.5873065421,5.58730654223,5.58730654223,5.58730654227,5.58730654223,5.58730654223,5.58730654213,5.5873065422,2.5074370013,2.5074370013,1.8465666144,1.8465666144,0,4.21047376154,4.21047376154,4.2104737616,4.2104737612,4.2104737612,4.2104737613,4.2104737613,4.2104737613,4.2104737613,4.2104737613,4.2104737613,8.7711968162,8.7711968162,8.7711968162,8.77119681594,8.77119681594,8.771196816,8.77119681617,8.77119681617,8.7711968162,8.7711968162,8.7711968162,8.77119681623,8.77119681623,8.77119681603,8.7711968162,8.7711968162,8.7711968162,8.7711968163,8.7711968163,8.7711968162,8.7711968162,8.7711968162,8.7711968162,8.7711968162,8.7711968159,8.77119681591,8.77119681591,8.7711968163,8.7711968163,8.7711968163,8.771196815707,8.771196815707,8.7711968162,8.7711968162,8.7711968162,8.7711968162,8.771196816,8.771196816,8.7711968157,8.7711968157,8.7711968157,8.7711968157,8.7711968157,8.7711968163,8.77119681623,8.77119681663,8.77119681638,8.77119681638,8.77119681645,8.77119681645,8.77119681638,8.77119681638,8.77119681647,8.77119681647,8.7711968167,8.7711968167,8.7711968167,8.77119681672,8.77119681672,8.77119681672,8.77119681672,8.7711968163,8.7711968162,8.7711968162,8.7711968162,8.7711968162
"t46",5.58730654254,5.58730654244,5.58730654244,5.58730654244,5.58730654244,5.58730654254,5.58730654214,5.58730654217,5.58730654217,5.58730654244,5.58730654244,5.58730654257,5.58730654257,5.58730654261,5.58730654257,5.58730654257,5.58730654247,5.58730654254,4.21047376124,4.21047376124,4.21047376154,4.21047376154,4.21047376154,0,0.938392006,0.96001824214,3.73578641774,3.73578641774,3.73578641784,3.73578641784,3.73578641784,3.73578641784,3.73578641784,3.73578641784,8.77119681654,8.77119681654,8.77119681654,8.77119681628,8.77119681628,8.77119681634,8.77119681651,8.77119681651,8.77119681654,8.77119681654,8.77119681654,8.77119681657,8.77119681657,8.77119681637,8.77119681654,8.77119681654,8.77119681654,8.77119681664,8.77119681664,8.77119681654,8.77119681654,8.77119681654,8.77119681654,8.77119681654,8.77119681624,8.77119681625,8.77119681625,8.77119681664,8.77119681664,8.77119681664,8.771196816047,8.771196816047,8.77119681654,8.77119681654,8.77119681654,8.77119681654,8.77119681634,8.77119681634,8.77119681604,8.77119681604,8.77119681604,8.77119681604,8.77119681604,8.77119681664,8.77119681657,8.77119681697,8.77119681672,8.77119681672,8.77119681679,8.77119681679,8.77119681672,8.77119681672,8.77119681681,8.77119681681,8.77119681704,8.77119681704,8.77119681704,8.77119681706,8.77119681706,8.77119681706,8.77119681706,8.77119681664,8.77119681654,8.77119681654,8.77119681654,8.77119681654
"t47",5.58730654254,5.58730654244,5.58730654244,5.58730654244,5.58730654244,5.58730654254,5.58730654214,5.58730654217,5.58730654217,5.58730654244,5.58730654244,5.58730654257,5.58730654257,5.58730654261,5.58730654257,5.58730654257,5.58730654247,5.58730654254,4.21047376124,4.21047376124,4.21047376154,4.21047376154,4.21047376154,0.938392006,0,0.96001824214,3.73578641774,3.73578641774,3.73578641784,3.73578641784,3.73578641784,3.73578641784,3.73578641784,3.73578641784,8.77119681654,8.77119681654,8.77119681654,8.77119681628,8.77119681628,8.77119681634,8.77119681651,8.77119681651,8.77119681654,8.77119681654,8.77119681654,8.77119681657,8.77119681657,8.77119681637,8.77119681654,8.77119681654,8.77119681654,8.77119681664,8.77119681664,8.77119681654,8.77119681654,8.77119681654,8.77119681654,8.77119681654,8.77119681624,8.77119681625,8.77119681625,8.77119681664,8.77119681664,8.77119681664,8.771196816047,8.771196816047,8.77119681654,8.77119681654,8.77119681654,8.77119681654,8.77119681634,8.77119681634,8.77119681604,8.77119681604,8.77119681604,8.77119681604,8.77119681604,8.77119681664,8.77119681657,8.77119681697,8.77119681672,8.77119681672,8.77119681679,8.77119681679,8.77119681672,8.77119681672,8.77119681681,8.77119681681,8.77119681704,8.77119681704,8.77119681704,8.77119681706,8.77119681706,8.77119681706,8.77119681706,8.77119681664,8.77119681654,8.77119681654,8.77119681654,8.77119681654
"t45",5.5873065426,5.5873065425,5.5873065425,5.5873065425,5.5873065425,5.5873065426,5.5873065422,5.58730654223,5.58730654223,5.5873065425,5.5873065425,5.58730654263,5.58730654263,5.58730654267,5.58730654263,5.58730654263,5.58730654253,5.5873065426,4.2104737613,4.2104737613,4.2104737616,4.2104737616,4.2104737616,0.96001824214,0.96001824214,0,3.7357864178,3.7357864178,3.7357864179,3.7357864179,3.7357864179,3.7357864179,3.7357864179,3.7357864179,8.7711968166,8.7711968166,8.7711968166,8.77119681634,8.77119681634,8.7711968164,8.77119681657,8.77119681657,8.7711968166,8.7711968166,8.7711968166,8.77119681663,8.77119681663,8.77119681643,8.7711968166,8.7711968166,8.7711968166,8.7711968167,8.7711968167,8.7711968166,8.7711968166,8.7711968166,8.7711968166,8.7711968166,8.7711968163,8.77119681631,8.77119681631,8.7711968167,8.7711968167,8.7711968167,8.771196816107,8.771196816107,8.7711968166,8.7711968166,8.7711968166,8.7711968166,8.7711968164,8.7711968164,8.7711968161,8.7711968161,8.7711968161,8.7711968161,8.7711968161,8.7711968167,8.77119681663,8.77119681703,8.77119681678,8.77119681678,8.77119681685,8.77119681685,8.77119681678,8.77119681678,8.77119681687,8.77119681687,8.7711968171,8.7711968171,8.7711968171,8.77119681712,8.77119681712,8.77119681712,8.77119681712,8.7711968167,8.7711968166,8.7711968166,8.7711968166,8.7711968166
"t20",5.5873065422,5.5873065421,5.5873065421,5.5873065421,5.5873065421,5.5873065422,5.5873065418,5.58730654183,5.58730654183,5.5873065421,5.5873065421,5.58730654223,5.58730654223,5.58730654227,5.58730654223,5.58730654223,5.58730654213,5.5873065422,4.2104737609,4.2104737609,4.2104737612,4.2104737612,4.2104737612,3.73578641774,3.73578641774,3.7357864178,0,1.7388286926,3.4160228029,3.4160228029,3.4160228029,3.4160228029,3.4160228029,3.4160228029,8.7711968162,8.7711968162,8.7711968162,8.77119681594,8.77119681594,8.771196816,8.77119681617,8.77119681617,8.7711968162,8.7711968162,8.7711968162,8.77119681623,8.77119681623,8.77119681603,8.7711968162,8.7711968162,8.7711968162,8.7711968163,8.7711968163,8.7711968162,8.7711968162,8.7711968162,8.7711968162,8.7711968162,8.7711968159,8.77119681591,8.77119681591,8.7711968163,8.7711968163,8.7711968163,8.771196815707,8.771196815707,8.7711968162,8.7711968162,8.7711968162,8.7711968162,8.771196816,8.771196816,8.7711968157,8.7711968157,8.7711968157,8.7711968157,8.7711968157,8.7711968163,8.77119681623,8.77119681663,8.77119681638,8.77119681638,8.77119681645,8.77119681645,8.77119681638,8.77119681638,8.77119681647,8.77119681647,8.7711968167,8.7711968167,8.7711968167,8.77119681672,8.77119681672,8.77119681672,8.77119681672,8.7711968163,8.7711968162,8.7711968162,8.7711968162,8.7711968162
"t21",5.5873065422,5.5873065421,5.5873065421,5.5873065421,5.5873065421,5.5873065422,5.5873065418,5.58730654183,5.58730654183,5.5873065421,5.5873065421,5.58730654223,5.58730654223,5.58730654227,5.58730654223,5.58730654223,5.58730654213,5.5873065422,4.2104737609,4.2104737609,4.2104737612,4.2104737612,4.2104737612,3.73578641774,3.73578641774,3.7357864178,1.7388286926,0,3.4160228029,3.4160228029,3.4160228029,3.4160228029,3.4160228029,3.4160228029,8.7711968162,8.7711968162,8.7711968162,8.77119681594,8.77119681594,8.771196816,8.77119681617,8.77119681617,8.7711968162,8.7711968162,8.7711968162,8.77119681623,8.77119681623,8.77119681603,8.7711968162,8.7711968162,8.7711968162,8.7711968163,8.7711968163,8.7711968162,8.7711968162,8.7711968162,8.7711968162,8.7711968162,8.7711968159,8.77119681591,8.77119681591,8.7711968163,8.7711968163,8.7711968163,8.771196815707,8.771196815707,8.7711968162,8.7711968162,8.7711968162,8.7711968162,8.771196816,8.771196816,8.7711968157,8.7711968157,8.7711968157,8.7711968157,8.7711968157,8.7711968163,8.77119681623,8.77119681663,8.77119681638,8.77119681638,8.77119681645,8.77119681645,8.77119681638,8.77119681638,8.77119681647,8.77119681647,8.7711968167,8.7711968167,8.7711968167,8.77119681672,8.77119681672,8.77119681672,8.77119681672,8.7711968163,8.7711968162,8.7711968162,8.7711968162,8.7711968162
"t26",5.5873065423,5.5873065422,5.5873065422,5.5873065422,5.5873065422,5.5873065423,5.5873065419,5.58730654193,5.58730654193,5.5873065422,5.5873065422,5.58730654233,5.58730654233,5.58730654237,5.58730654233,5.58730654233,5.58730654223,5.5873065423,4.210473761,4.210473761,4.2104737613,4.2104737613,4.2104737613,3.73578641784,3.73578641784,3.7357864179,3.4160228029,3.4160228029,0,1.4387760732,1.4387760732,1.4387760732,1.6958884212,2.17397967,8.7711968163,8.7711968163,8.7711968163,8.77119681604,8.77119681604,8.7711968161,8.77119681627,8.77119681627,8.7711968163,8.7711968163,8.7711968163,8.77119681633,8.77119681633,8.77119681613,8.7711968163,8.7711968163,8.7711968163,8.7711968164,8.7711968164,8.7711968163,8.7711968163,8.7711968163,8.7711968163,8.7711968163,8.771196816,8.77119681601,8.77119681601,8.7711968164,8.7711968164,8.7711968164,8.771196815807,8.771196815807,8.7711968163,8.7711968163,8.7711968163,8.7711968163,8.7711968161,8.7711968161,8.7711968158,8.7711968158,8.7711968158,8.7711968158,8.7711968158,8.7711968164,8.77119681633,8.77119681673,8.77119681648,8.77119681648,8.77119681655,8.77119681655,8.77119681648,8.77119681648,8.77119681657,8.77119681657,8.7711968168,8.7711968168,8.7711968168,8.77119681682,8.77119681682,8.77119681682,8.77119681682,8.7711968164,8.7711968163,8.7711968163,8.7711968163,8.7711968163
