"","t1","t105","t116","t117","t20","t16","t33","t59","t60","t81","t82","t35","t36","t138","t139","t80","t13","t6","t8","t70","t110","t111","t67","t68","t56","t40","t41","t30","t46","t53","t83","t84","t64","t52","t14","t9","t122","t123","t108","t109","t32","t129","t130","t79","t63","t112","t113","t86","t87","t22","t131","t132","t65","t66","t12","t7","t27","t128","t133","t134","t75","t76","t38","t10","t42","t43","t85","t114","t115","t37","t44","t45","t18","t91","t92","t88","t101","t102","t73","t97","t98","t21","t26","t118","t119","t124","t125","t135","t136","t137","t95","t120","t121","t103","t104","t39","t89","t90","t74","t99","t100","t72","t61","t62","t69","t71","t126","t127","t28","t29","t25","t48","t50","t93","t94","t47","t96","t106","t107","t54","t55","t51","t57","t58","t31","t11","t17","t77","t78","t49","t34","t15","t19","t23","t24","t4","t5","t2","t3"
"t1",0,5.47173375133,5.47173375128,5.47173375128,3.79274041473,3.30840661306,5.47173375163,5.47173375183,5.47173375183,5.47173375183,5.47173375183,5.47173375213,5.45627651713,5.471733751838,5.471733751838,5.47173375183,3.33385338523,2.20910770283,4.5071461482,5.47173375164,5.47173375174,5.47173375174,5.47173375174,5.47173375174,5.4717337517,5.4717337518,5.4717337518,5.4717337519,5.0813748474,5.47173375169,5.47173375179,5.47173375179,5.47173375179,5.47173375172,4.1315471972,3.59147494178,5.77550100305,5.77550100305,5.77550100312,5.77550100312,5.77550100342,5.77550100302,5.77550100302,5.77550100302,5.77550100302,5.77550100302,5.77550100302,5.77550100302,5.66411033302,4.31118954652,5.77550100299,5.77550100299,5.77550100302,5.77550100302,3.58443564432,3.82084813988,4.69848493698,5.77550100307,5.77550100307,5.77550100307,5.43663936359,5.77550100308,5.26284857758,3.69041149917,5.77550100388,5.77550100388,5.482600760839,5.77550100388,5.77550100388,5.77550100428,4.99038297339,5.77550100388,3.83570386612,5.7755010029,5.7755010029,5.69837230931,5.77550100294,5.77550100294,5.7755010032,5.7755010032,5.7755010032,5.6068661872,4.36389603478,5.77550100319,5.77550100319,5.77550100322,5.77550100322,5.775501003223,5.77550100322276,5.77550100322276,5.77550100326,5.77550100317,5.77550100317,5.77550100317,5.77550100317,4.96114094737,5.77550100316,5.77550100316,5.7755010031,5.7755010031,5.642158589,5.77550100316,5.77550100316,5.77550100316,5.77550100316,5.77550100317,5.77550100316,5.77550100316,4.60642433976,4.53128482656,4.40355835046,5.6873824096,5.16144618634,5.77550100294,5.77550100294,5.77550100292,5.77550100302,5.77550100302,5.77550100302,5.77550100315,5.77550100315,5.77550100312,5.77550100322,5.77550100322,5.77550100312,3.4164069136,4.22356100167,5.77550100317,5.77550100317,5.15522454347,5.77550100307,5.77550100337,5.77550100247,4.89907048727,5.77550100277,1.72812790137,2.72894076037,1.74159411738,3.31875817318
"t105",5.47173375133,0,0.28460516795,0.28460516795,1.9296706874,3.31612961013,5.4794567487,5.4794567489,5.4794567489,5.4794567489,5.4794567489,5.4794567492,5.4639995142,5.898751224508,5.898751224508,5.8987512245,3.7608708579,4.6305406049,7.06524100313,8.02982860657,8.02982860667,8.02982860667,8.02982860667,8.02982860667,8.02982860663,8.02982860673,8.02982860673,8.02982860683,7.63946970233,8.02982860662,8.02982860672,8.02982860672,8.02982860672,8.02982860665,6.68964205213,7.55207683951,9.73610290078,9.73610290078,9.73610290085,9.73610290085,9.73610290115,9.73610290075,9.73610290075,9.73610290075,9.73610290075,9.73610290075,9.73610290075,9.73610290075,9.62471223075,8.27179144425,9.73610290072,9.73610290072,9.73610290075,9.73610290075,7.54503754205,7.78145003761,8.65908683471,9.7361029008,9.7361029008,9.7361029008,9.39724126132,9.73610290081,9.22345047531,7.6510133969,9.73610290161,9.73610290161,9.443202658569,9.73610290161,9.73610290161,9.73610290201,8.95098487112,9.73610290161,7.79630576385,9.73610290063,9.73610290063,9.65897420704,9.73610290067,9.73610290067,9.73610290093,9.73610290093,9.73610290093,9.56746808493,8.32449793251,9.73610290092,9.73610290092,9.73610290095,9.73610290095,9.736102900953,9.73610290095276,9.73610290095276,9.73610290099,9.7361029009,9.7361029009,9.7361029009,9.7361029009,8.9217428451,9.73610290089,9.73610290089,9.73610290083,9.73610290083,9.60276048673,9.73610290089,9.73610290089,9.73610290089,9.73610290089,9.7361029009,9.73610290089,9.73610290089,8.56702623749,8.49188672429,8.36416024819,9.64798430733,9.12204808407,9.73610290067,9.73610290067,9.73610290065,9.73610290075,9.73610290075,9.73610290075,9.73610290088,9.73610290088,9.73610290085,9.73610290095,9.73610290095,9.73610290085,7.37700881133,8.1841628994,9.7361029009,9.7361029009,9.1158264412,9.7361029008,9.7361029011,9.7361029002,8.859672385,9.7361029005,5.6887297991,6.6895426581,5.70219601511,7.27936007091
"t116",5.47173375128,0.28460516795,0,0.220161722,1.92967068735,3.31612961008,5.47945674865,5.47945674885,5.47945674885,5.47945674885,5.47945674885,5.47945674915,5.46399951415,5.898751224458,5.898751224458,5.89875122445,3.76087085785,4.63054060485,7.06524100308,8.02982860652,8.02982860662,8.02982860662,8.02982860662,8.02982860662,8.02982860658,8.02982860668,8.02982860668,8.02982860678,7.63946970228,8.02982860657,8.02982860667,8.02982860667,8.02982860667,8.0298286066,6.68964205208,7.55207683946,9.73610290073,9.73610290073,9.7361029008,9.7361029008,9.7361029011,9.7361029007,9.7361029007,9.7361029007,9.7361029007,9.7361029007,9.7361029007,9.7361029007,9.6247122307,8.2717914442,9.73610290067,9.73610290067,9.7361029007,9.7361029007,7.545037542,7.78145003756,8.65908683466,9.73610290075,9.73610290075,9.73610290075,9.39724126127,9.73610290076,9.22345047526,7.65101339685,9.73610290156,9.73610290156,9.443202658519,9.73610290156,9.73610290156,9.73610290196,8.95098487107,9.73610290156,7.7963057638,9.73610290058,9.73610290058,9.65897420699,9.73610290062,9.73610290062,9.73610290088,9.73610290088,9.73610290088,9.56746808488,8.32449793246,9.73610290087,9.73610290087,9.7361029009,9.7361029009,9.736102900903,9.73610290090276,9.73610290090276,9.73610290094,9.73610290085,9.73610290085,9.73610290085,9.73610290085,8.92174284505,9.73610290084,9.73610290084,9.73610290078,9.73610290078,9.60276048668,9.73610290084,9.73610290084,9.73610290084,9.73610290084,9.73610290085,9.73610290084,9.73610290084,8.56702623744,8.49188672424,8.36416024814,9.64798430728,9.12204808402,9.73610290062,9.73610290062,9.7361029006,9.7361029007,9.7361029007,9.7361029007,9.73610290083,9.73610290083,9.7361029008,9.7361029009,9.7361029009,9.7361029008,7.37700881128,8.18416289935,9.73610290085,9.73610290085,9.11582644115,9.73610290075,9.73610290105,9.73610290015,8.85967238495,9.73610290045,5.68872979905,6.68954265805,5.70219601506,7.27936007086
"t117",5.47173375128,0.28460516795,0.220161722,0,1.92967068735,3.31612961008,5.47945674865,5.47945674885,5.47945674885,5.47945674885,5.47945674885,5.47945674915,5.46399951415,5.898751224458,5.898751224458,5.89875122445,3.76087085785,4.63054060485,7.06524100308,8.02982860652,8.02982860662,8.02982860662,8.02982860662,8.02982860662,8.02982860658,8.02982860668,8.02982860668,8.02982860678,7.63946970228,8.02982860657,8.02982860667,8.02982860667,8.02982860667,8.0298286066,6.68964205208,7.55207683946,9.73610290073,9.73610290073,9.7361029008,9.7361029008,9.7361029011,9.7361029007,9.7361029007,9.7361029007,9.7361029007,9.7361029007,9.7361029007,9.7361029007,9.6247122307,8.2717914442,9.73610290067,9.73610290067,9.7361029007,9.7361029007,7.545037542,7.78145003756,8.65908683466,9.73610290075,9.73610290075,9.73610290075,9.39724126127,9.73610290076,9.22345047526,7.65101339685,9.73610290156,9.73610290156,9.443202658519,9.73610290156,9.73610290156,9.73610290196,8.95098487107,9.73610290156,7.7963057638,9.73610290058,9.73610290058,9.65897420699,9.73610290062,9.73610290062,9.73610290088,9.73610290088,9.73610290088,9.56746808488,8.32449793246,9.73610290087,9.73610290087,9.7361029009,9.7361029009,9.736102900903,9.73610290090276,9.73610290090276,9.73610290094,9.73610290085,9.73610290085,9.73610290085,9.73610290085,8.92174284505,9.73610290084,9.73610290084,9.73610290078,9.73610290078,9.60276048668,9.73610290084,9.73610290084,9.73610290084,9.73610290084,9.73610290085,9.73610290084,9.73610290084,8.56702623744,8.49188672424,8.36416024814,9.64798430728,9.12204808402,9.73610290062,9.73610290062,9.7361029006,9.7361029007,9.7361029007,9.7361029007,9.73610290083,9.73610290083,9.7361029008,9.7361029009,9.7361029009,9.7361029008,7.37700881128,8.18416289935,9.73610290085,9.73610290085,9.11582644115,9.73610290075,9.73610290105,9.73610290015,8.85967238495,9.73610290045,5.68872979905,6.68954265805,5.70219601506,7.27936007086
"t20",3.79274041473,1.9296706874,1.92967068735,1.92967068735,0,1.63713627353,3.8004634121,3.8004634123,3.8004634123,3.8004634123,3.8004634123,3.8004634126,3.7850061776,4.219757887908,4.219757887908,4.2197578879,2.0818775213,2.9515472683,5.38624766653,6.35083526997,6.35083527007,6.35083527007,6.35083527007,6.35083527007,6.35083527003,6.35083527013,6.35083527013,6.35083527023,5.96047636573,6.35083527002,6.35083527012,6.35083527012,6.35083527012,6.35083527005,5.01064871553,5.87308350291,8.05710956418,8.05710956418,8.05710956425,8.05710956425,8.05710956455,8.05710956415,8.05710956415,8.05710956415,8.05710956415,8.05710956415,8.05710956415,8.05710956415,7.94571889415,6.59279810765,8.05710956412,8.05710956412,8.05710956415,8.05710956415,5.86604420545,6.10245670101,6.98009349811,8.0571095642,8.0571095642,8.0571095642,7.71824792472,8.05710956421,7.54445713871,5.9720200603,8.05710956501,8.05710956501,7.764209321969,8.05710956501,8.05710956501,8.05710956541,7.27199153452,8.05710956501,6.11731242725,8.05710956403,8.05710956403,7.97998087044,8.05710956407,8.05710956407,8.05710956433,8.05710956433,8.05710956433,7.88847474833,6.64550459591,8.05710956432,8.05710956432,8.05710956435,8.05710956435,8.057109564353,8.05710956435276,8.05710956435276,8.05710956439,8.0571095643,8.0571095643,8.0571095643,8.0571095643,7.2427495085,8.05710956429,8.05710956429,8.05710956423,8.05710956423,7.92376715013,8.05710956429,8.05710956429,8.05710956429,8.05710956429,8.0571095643,8.05710956429,8.05710956429,6.88803290089,6.81289338769,6.68516691159,7.96899097073,7.44305474747,8.05710956407,8.05710956407,8.05710956405,8.05710956415,8.05710956415,8.05710956415,8.05710956428,8.05710956428,8.05710956425,8.05710956435,8.05710956435,8.05710956425,5.69801547473,6.5051695628,8.0571095643,8.0571095643,7.4368331046,8.0571095642,8.0571095645,8.0571095636,7.1806790484,8.0571095639,4.0097364625,5.0105493215,4.02320267851,5.60036673431
"t16",3.30840661306,3.31612961013,3.31612961008,3.31612961008,1.63713627353,0,2.31322450743,2.31322450763,2.31322450763,2.31322450763,2.31322450763,2.59691262693,2.58145539193,3.735424086238,3.735424086238,3.73542408623,1.59754371963,2.46721346663,4.90191386486,5.8665014683,5.8665014684,5.8665014684,5.8665014684,5.8665014684,5.86650146836,5.86650146846,5.86650146846,5.86650146856,5.47614256406,5.86650146835,5.86650146845,5.86650146845,5.86650146845,5.86650146838,4.52631491386,5.38874970124,7.57277576251,7.57277576251,7.57277576258,7.57277576258,7.57277576288,7.57277576248,7.57277576248,7.57277576248,7.57277576248,7.57277576248,7.57277576248,7.57277576248,7.46138509248,6.10846430598,7.57277576245,7.57277576245,7.57277576248,7.57277576248,5.38171040378,5.61812289934,6.49575969644,7.57277576253,7.57277576253,7.57277576253,7.23391412305,7.57277576254,7.06012333704,5.48768625863,7.57277576334,7.57277576334,7.279875520299,7.57277576334,7.57277576334,7.57277576374,6.78765773285,7.57277576334,5.63297862558,7.57277576236,7.57277576236,7.49564706877,7.5727757624,7.5727757624,7.57277576266,7.57277576266,7.57277576266,7.40414094666,6.16117079424,7.57277576265,7.57277576265,7.57277576268,7.57277576268,7.572775762683,7.57277576268276,7.57277576268276,7.57277576272,7.57277576263,7.57277576263,7.57277576263,7.57277576263,6.75841570683,7.57277576262,7.57277576262,7.57277576256,7.57277576256,7.43943334846,7.57277576262,7.57277576262,7.57277576262,7.57277576262,7.57277576263,7.57277576262,7.57277576262,6.40369909922,6.32855958602,6.20083310992,7.48465716906,6.9587209458,7.5727757624,7.5727757624,7.57277576238,7.57277576248,7.57277576248,7.57277576248,7.57277576261,7.57277576261,7.57277576258,7.57277576268,7.57277576268,7.57277576258,5.21368167306,6.02083576113,7.57277576263,7.57277576263,6.95249930293,7.57277576253,7.57277576283,7.57277576193,6.69634524673,7.57277576223,3.52540266083,4.52621551983,3.53886887684,5.11603293264
"t33",5.47173375163,5.4794567487,5.47945674865,5.47945674865,3.8004634121,2.31322450743,0,2.2251432682,2.2251432682,2.2251432682,2.2251432682,4.7602397655,4.7447825305,5.898751224808,5.898751224808,5.8987512248,3.7608708582,4.6305406052,7.06524100343,8.02982860687,8.02982860697,8.02982860697,8.02982860697,8.02982860697,8.02982860693,8.02982860703,8.02982860703,8.02982860713,7.63946970263,8.02982860692,8.02982860702,8.02982860702,8.02982860702,8.02982860695,6.68964205243,7.55207683981,9.73610290108,9.73610290108,9.73610290115,9.73610290115,9.73610290145,9.73610290105,9.73610290105,9.73610290105,9.73610290105,9.73610290105,9.73610290105,9.73610290105,9.62471223105,8.27179144455,9.73610290102,9.73610290102,9.73610290105,9.73610290105,7.54503754235,7.78145003791,8.65908683501,9.7361029011,9.7361029011,9.7361029011,9.39724126162,9.73610290111,9.22345047561,7.6510133972,9.73610290191,9.73610290191,9.443202658869,9.73610290191,9.73610290191,9.73610290231,8.95098487142,9.73610290191,7.79630576415,9.73610290093,9.73610290093,9.65897420734,9.73610290097,9.73610290097,9.73610290123,9.73610290123,9.73610290123,9.56746808523,8.32449793281,9.73610290122,9.73610290122,9.73610290125,9.73610290125,9.736102901253,9.73610290125276,9.73610290125276,9.73610290129,9.7361029012,9.7361029012,9.7361029012,9.7361029012,8.9217428454,9.73610290119,9.73610290119,9.73610290113,9.73610290113,9.60276048703,9.73610290119,9.73610290119,9.73610290119,9.73610290119,9.7361029012,9.73610290119,9.73610290119,8.56702623779,8.49188672459,8.36416024849,9.64798430763,9.12204808437,9.73610290097,9.73610290097,9.73610290095,9.73610290105,9.73610290105,9.73610290105,9.73610290118,9.73610290118,9.73610290115,9.73610290125,9.73610290125,9.73610290115,7.37700881163,8.1841628997,9.7361029012,9.7361029012,9.1158264415,9.7361029011,9.7361029014,9.7361029005,8.8596723853,9.7361029008,5.6887297994,6.6895426584,5.70219601541,7.27936007121
"t59",5.47173375183,5.4794567489,5.47945674885,5.47945674885,3.8004634123,2.31322450763,2.2251432682,0,1.3211935204,1.7557193704,1.7557193704,4.7602397657,4.7447825307,5.898751225008,5.898751225008,5.898751225,3.7608708584,4.6305406054,7.06524100363,8.02982860707,8.02982860717,8.02982860717,8.02982860717,8.02982860717,8.02982860713,8.02982860723,8.02982860723,8.02982860733,7.63946970283,8.02982860712,8.02982860722,8.02982860722,8.02982860722,8.02982860715,6.68964205263,7.55207684001,9.73610290128,9.73610290128,9.73610290135,9.73610290135,9.73610290165,9.73610290125,9.73610290125,9.73610290125,9.73610290125,9.73610290125,9.73610290125,9.73610290125,9.62471223125,8.27179144475,9.73610290122,9.73610290122,9.73610290125,9.73610290125,7.54503754255,7.78145003811,8.65908683521,9.7361029013,9.7361029013,9.7361029013,9.39724126182,9.73610290131,9.22345047581,7.6510133974,9.73610290211,9.73610290211,9.443202659069,9.73610290211,9.73610290211,9.73610290251,8.95098487162,9.73610290211,7.79630576435,9.73610290113,9.73610290113,9.65897420754,9.73610290117,9.73610290117,9.73610290143,9.73610290143,9.73610290143,9.56746808543,8.32449793301,9.73610290142,9.73610290142,9.73610290145,9.73610290145,9.736102901453,9.73610290145276,9.73610290145276,9.73610290149,9.7361029014,9.7361029014,9.7361029014,9.7361029014,8.9217428456,9.73610290139,9.73610290139,9.73610290133,9.73610290133,9.60276048723,9.73610290139,9.73610290139,9.73610290139,9.73610290139,9.7361029014,9.73610290139,9.73610290139,8.56702623799,8.49188672479,8.36416024869,9.64798430783,9.12204808457,9.73610290117,9.73610290117,9.73610290115,9.73610290125,9.73610290125,9.73610290125,9.73610290138,9.73610290138,9.73610290135,9.73610290145,9.73610290145,9.73610290135,7.37700881183,8.1841628999,9.7361029014,9.7361029014,9.1158264417,9.7361029013,9.7361029016,9.7361029007,8.8596723855,9.736102901,5.6887297996,6.6895426586,5.70219601561,7.27936007141
"t60",5.47173375183,5.4794567489,5.47945674885,5.47945674885,3.8004634123,2.31322450763,2.2251432682,1.3211935204,0,1.7557193704,1.7557193704,4.7602397657,4.7447825307,5.898751225008,5.898751225008,5.898751225,3.7608708584,4.6305406054,7.06524100363,8.02982860707,8.02982860717,8.02982860717,8.02982860717,8.02982860717,8.02982860713,8.02982860723,8.02982860723,8.02982860733,7.63946970283,8.02982860712,8.02982860722,8.02982860722,8.02982860722,8.02982860715,6.68964205263,7.55207684001,9.73610290128,9.73610290128,9.73610290135,9.73610290135,9.73610290165,9.73610290125,9.73610290125,9.73610290125,9.73610290125,9.73610290125,9.73610290125,9.73610290125,9.62471223125,8.27179144475,9.73610290122,9.73610290122,9.73610290125,9.73610290125,7.54503754255,7.78145003811,8.65908683521,9.7361029013,9.7361029013,9.7361029013,9.39724126182,9.73610290131,9.22345047581,7.6510133974,9.73610290211,9.73610290211,9.443202659069,9.73610290211,9.73610290211,9.73610290251,8.95098487162,9.73610290211,7.79630576435,9.73610290113,9.73610290113,9.65897420754,9.73610290117,9.73610290117,9.73610290143,9.73610290143,9.73610290143,9.56746808543,8.32449793301,9.73610290142,9.73610290142,9.73610290145,9.73610290145,9.736102901453,9.73610290145276,9.73610290145276,9.73610290149,9.7361029014,9.7361029014,9.7361029014,9.7361029014,8.9217428456,9.73610290139,9.73610290139,9.73610290133,9.73610290133,9.60276048723,9.73610290139,9.73610290139,9.73610290139,9.73610290139,9.7361029014,9.73610290139,9.73610290139,8.56702623799,8.49188672479,8.36416024869,9.64798430783,9.12204808457,9.73610290117,9.73610290117,9.73610290115,9.73610290125,9.73610290125,9.73610290125,9.73610290138,9.73610290138,9.73610290135,9.73610290145,9.73610290145,9.73610290135,7.37700881183,8.1841628999,9.7361029014,9.7361029014,9.1158264417,9.7361029013,9.7361029016,9.7361029007,8.8596723855,9.736102901,5.6887297996,6.6895426586,5.70219601561,7.27936007141
"t81",5.47173375183,5.4794567489,5.47945674885,5.47945674885,3.8004634123,2.31322450763,2.2251432682,1.7557193704,1.7557193704,0,0.6124890996,4.7602397657,4.7447825307,5.898751225008,5.898751225008,5.898751225,3.7608708584,4.6305406054,7.06524100363,8.02982860707,8.02982860717,8.02982860717,8.02982860717,8.02982860717,8.02982860713,8.02982860723,8.02982860723,8.02982860733,7.63946970283,8.02982860712,8.02982860722,8.02982860722,8.02982860722,8.02982860715,6.68964205263,7.55207684001,9.73610290128,9.73610290128,9.73610290135,9.73610290135,9.73610290165,9.73610290125,9.73610290125,9.73610290125,9.73610290125,9.73610290125,9.73610290125,9.73610290125,9.62471223125,8.27179144475,9.73610290122,9.73610290122,9.73610290125,9.73610290125,7.54503754255,7.78145003811,8.65908683521,9.7361029013,9.7361029013,9.7361029013,9.39724126182,9.73610290131,9.22345047581,7.6510133974,9.73610290211,9.73610290211,9.443202659069,9.73610290211,9.73610290211,9.73610290251,8.95098487162,9.73610290211,7.79630576435,9.73610290113,9.73610290113,9.65897420754,9.73610290117,9.73610290117,9.73610290143,9.73610290143,9.73610290143,9.56746808543,8.32449793301,9.73610290142,9.73610290142,9.73610290145,9.73610290145,9.736102901453,9.73610290145276,9.73610290145276,9.73610290149,9.7361029014,9.7361029014,9.7361029014,9.7361029014,8.9217428456,9.73610290139,9.73610290139,9.73610290133,9.73610290133,9.60276048723,9.73610290139,9.73610290139,9.73610290139,9.73610290139,9.7361029014,9.73610290139,9.73610290139,8.56702623799,8.49188672479,8.36416024869,9.64798430783,9.12204808457,9.73610290117,9.73610290117,9.73610290115,9.73610290125,9.73610290125,9.73610290125,9.73610290138,9.73610290138,9.73610290135,9.73610290145,9.73610290145,9.73610290135,7.37700881183,8.1841628999,9.7361029014,9.7361029014,9.1158264417,9.7361029013,9.7361029016,9.7361029007,8.8596723855,9.736102901,5.6887297996,6.6895426586,5.70219601561,7.27936007141
"t82",5.47173375183,5.4794567489,5.47945674885,5.47945674885,3.8004634123,2.31322450763,2.2251432682,1.7557193704,1.7557193704,0.6124890996,0,4.7602397657,4.7447825307,5.898751225008,5.898751225008,5.898751225,3.7608708584,4.6305406054,7.06524100363,8.02982860707,8.02982860717,8.02982860717,8.02982860717,8.02982860717,8.02982860713,8.02982860723,8.02982860723,8.02982860733,7.63946970283,8.02982860712,8.02982860722,8.02982860722,8.02982860722,8.02982860715,6.68964205263,7.55207684001,9.73610290128,9.73610290128,9.73610290135,9.73610290135,9.73610290165,9.73610290125,9.73610290125,9.73610290125,9.73610290125,9.73610290125,9.73610290125,9.73610290125,9.62471223125,8.27179144475,9.73610290122,9.73610290122,9.73610290125,9.73610290125,7.54503754255,7.78145003811,8.65908683521,9.7361029013,9.7361029013,9.7361029013,9.39724126182,9.73610290131,9.22345047581,7.6510133974,9.73610290211,9.73610290211,9.443202659069,9.73610290211,9.73610290211,9.73610290251,8.95098487162,9.73610290211,7.79630576435,9.73610290113,9.73610290113,9.65897420754,9.73610290117,9.73610290117,9.73610290143,9.73610290143,9.73610290143,9.56746808543,8.32449793301,9.73610290142,9.73610290142,9.73610290145,9.73610290145,9.736102901453,9.73610290145276,9.73610290145276,9.73610290149,9.7361029014,9.7361029014,9.7361029014,9.7361029014,8.9217428456,9.73610290139,9.73610290139,9.73610290133,9.73610290133,9.60276048723,9.73610290139,9.73610290139,9.73610290139,9.73610290139,9.7361029014,9.73610290139,9.73610290139,8.56702623799,8.49188672479,8.36416024869,9.64798430783,9.12204808457,9.73610290117,9.73610290117,9.73610290115,9.73610290125,9.73610290125,9.73610290125,9.73610290138,9.73610290138,9.73610290135,9.73610290145,9.73610290145,9.73610290135,7.37700881183,8.1841628999,9.7361029014,9.7361029014,9.1158264417,9.7361029013,9.7361029016,9.7361029007,8.8596723855,9.736102901,5.6887297996,6.6895426586,5.70219601561,7.27936007141
"t35",5.47173375213,5.4794567492,5.47945674915,5.47945674915,3.8004634126,2.59691262693,4.7602397655,4.7602397657,4.7602397657,4.7602397657,4.7602397657,0,2.087738943,5.898751225308,5.898751225308,5.8987512253,3.7608708587,4.6305406057,7.06524100393,8.02982860737,8.02982860747,8.02982860747,8.02982860747,8.02982860747,8.02982860743,8.02982860753,8.02982860753,8.02982860763,7.63946970313,8.02982860742,8.02982860752,8.02982860752,8.02982860752,8.02982860745,6.68964205293,7.55207684031,9.73610290158,9.73610290158,9.73610290165,9.73610290165,9.73610290195,9.73610290155,9.73610290155,9.73610290155,9.73610290155,9.73610290155,9.73610290155,9.73610290155,9.62471223155,8.27179144505,9.73610290152,9.73610290152,9.73610290155,9.73610290155,7.54503754285,7.78145003841,8.65908683551,9.7361029016,9.7361029016,9.7361029016,9.39724126212,9.73610290161,9.22345047611,7.6510133977,9.73610290241,9.73610290241,9.443202659369,9.73610290241,9.73610290241,9.73610290281,8.95098487192,9.73610290241,7.79630576465,9.73610290143,9.73610290143,9.65897420784,9.73610290147,9.73610290147,9.73610290173,9.73610290173,9.73610290173,9.56746808573,8.32449793331,9.73610290172,9.73610290172,9.73610290175,9.73610290175,9.736102901753,9.73610290175276,9.73610290175276,9.73610290179,9.7361029017,9.7361029017,9.7361029017,9.7361029017,8.9217428459,9.73610290169,9.73610290169,9.73610290163,9.73610290163,9.60276048753,9.73610290169,9.73610290169,9.73610290169,9.73610290169,9.7361029017,9.73610290169,9.73610290169,8.56702623829,8.49188672509,8.36416024899,9.64798430813,9.12204808487,9.73610290147,9.73610290147,9.73610290145,9.73610290155,9.73610290155,9.73610290155,9.73610290168,9.73610290168,9.73610290165,9.73610290175,9.73610290175,9.73610290165,7.37700881213,8.1841629002,9.7361029017,9.7361029017,9.115826442,9.7361029016,9.7361029019,9.736102901,8.8596723858,9.7361029013,5.6887297999,6.6895426589,5.70219601591,7.27936007171
"t36",5.45627651713,5.4639995142,5.46399951415,5.46399951415,3.7850061776,2.58145539193,4.7447825305,4.7447825307,4.7447825307,4.7447825307,4.7447825307,2.087738943,0,5.883293990308,5.883293990308,5.8832939903,3.7454136237,4.6150833707,7.04978376893,8.01437137237,8.01437137247,8.01437137247,8.01437137247,8.01437137247,8.01437137243,8.01437137253,8.01437137253,8.01437137263,7.62401246813,8.01437137242,8.01437137252,8.01437137252,8.01437137252,8.01437137245,6.67418481793,7.53661960531,9.72064566658,9.72064566658,9.72064566665,9.72064566665,9.72064566695,9.72064566655,9.72064566655,9.72064566655,9.72064566655,9.72064566655,9.72064566655,9.72064566655,9.60925499655,8.25633421005,9.72064566652,9.72064566652,9.72064566655,9.72064566655,7.52958030785,7.76599280341,8.64362960051,9.7206456666,9.7206456666,9.7206456666,9.38178402712,9.72064566661,9.20799324111,7.6355561627,9.72064566741,9.72064566741,9.427745424369,9.72064566741,9.72064566741,9.72064566781,8.93552763692,9.72064566741,7.78084852965,9.72064566643,9.72064566643,9.64351697284,9.72064566647,9.72064566647,9.72064566673,9.72064566673,9.72064566673,9.55201085073,8.30904069831,9.72064566672,9.72064566672,9.72064566675,9.72064566675,9.720645666753,9.72064566675276,9.72064566675276,9.72064566679,9.7206456667,9.7206456667,9.7206456667,9.7206456667,8.9062856109,9.72064566669,9.72064566669,9.72064566663,9.72064566663,9.58730325253,9.72064566669,9.72064566669,9.72064566669,9.72064566669,9.7206456667,9.72064566669,9.72064566669,8.55156900329,8.47642949009,8.34870301399,9.63252707313,9.10659084987,9.72064566647,9.72064566647,9.72064566645,9.72064566655,9.72064566655,9.72064566655,9.72064566668,9.72064566668,9.72064566665,9.72064566675,9.72064566675,9.72064566665,7.36155157713,8.1687056652,9.7206456667,9.7206456667,9.100369207,9.7206456666,9.7206456669,9.720645666,8.8442151508,9.7206456663,5.6732725649,6.6740854239,5.68673878091,7.26390283671
"t138",5.471733751838,5.898751224508,5.898751224458,5.898751224458,4.219757887908,3.735424086238,5.898751224808,5.898751225008,5.898751225008,5.898751225008,5.898751225008,5.898751225308,5.883293990308,0,0.009536244816,0.634338062408,2.725710263808,4.630540605408,7.065241003638,8.029828607078,8.029828607178,8.029828607178,8.029828607178,8.029828607178,8.029828607138,8.029828607238,8.029828607238,8.029828607338,7.639469702838,8.029828607128,8.029828607228,8.029828607228,8.029828607228,8.029828607158,6.689642052638,7.552076840018,9.736102901288,9.736102901288,9.736102901358,9.736102901358,9.736102901658,9.736102901258,9.736102901258,9.736102901258,9.736102901258,9.736102901258,9.736102901258,9.736102901258,9.624712231258,8.271791444758,9.736102901228,9.736102901228,9.736102901258,9.736102901258,7.545037542558,7.781450038118,8.659086835218,9.736102901308,9.736102901308,9.736102901308,9.397241261828,9.736102901318,9.223450475818,7.651013397408,9.736102902118,9.736102902118,9.443202659077,9.736102902118,9.736102902118,9.736102902518,8.950984871628,9.736102902118,7.796305764358,9.736102901138,9.736102901138,9.658974207548,9.736102901178,9.736102901178,9.736102901438,9.736102901438,9.736102901438,9.567468085438,8.324497933018,9.736102901428,9.736102901428,9.736102901458,9.736102901458,9.736102901461,9.73610290146076,9.73610290146076,9.736102901498,9.736102901408,9.736102901408,9.736102901408,9.736102901408,8.921742845608,9.736102901398,9.736102901398,9.736102901338,9.736102901338,9.602760487238,9.736102901398,9.736102901398,9.736102901398,9.736102901398,9.736102901408,9.736102901398,9.736102901398,8.567026237998,8.491886724798,8.364160248698,9.647984307838,9.122048084578,9.736102901178,9.736102901178,9.736102901158,9.736102901258,9.736102901258,9.736102901258,9.736102901388,9.736102901388,9.736102901358,9.736102901458,9.736102901458,9.736102901358,7.377008811838,8.184162899908,9.736102901408,9.736102901408,9.115826441708,9.736102901308,9.736102901608,9.736102900708,8.859672385508,9.736102901008,5.688729799608,6.689542658608,5.702196015618,7.279360071418
"t139",5.471733751838,5.898751224508,5.898751224458,5.898751224458,4.219757887908,3.735424086238,5.898751224808,5.898751225008,5.898751225008,5.898751225008,5.898751225008,5.898751225308,5.883293990308,0.009536244816,0,0.634338062408,2.725710263808,4.630540605408,7.065241003638,8.029828607078,8.029828607178,8.029828607178,8.029828607178,8.029828607178,8.029828607138,8.029828607238,8.029828607238,8.029828607338,7.639469702838,8.029828607128,8.029828607228,8.029828607228,8.029828607228,8.029828607158,6.689642052638,7.552076840018,9.736102901288,9.736102901288,9.736102901358,9.736102901358,9.736102901658,9.736102901258,9.736102901258,9.736102901258,9.736102901258,9.736102901258,9.736102901258,9.736102901258,9.624712231258,8.271791444758,9.736102901228,9.736102901228,9.736102901258,9.736102901258,7.545037542558,7.781450038118,8.659086835218,9.736102901308,9.736102901308,9.736102901308,9.397241261828,9.736102901318,9.223450475818,7.651013397408,9.736102902118,9.736102902118,9.443202659077,9.736102902118,9.736102902118,9.736102902518,8.950984871628,9.736102902118,7.796305764358,9.736102901138,9.736102901138,9.658974207548,9.736102901178,9.736102901178,9.736102901438,9.736102901438,9.736102901438,9.567468085438,8.324497933018,9.736102901428,9.736102901428,9.736102901458,9.736102901458,9.736102901461,9.73610290146076,9.73610290146076,9.736102901498,9.736102901408,9.736102901408,9.736102901408,9.736102901408,8.921742845608,9.736102901398,9.736102901398,9.736102901338,9.736102901338,9.602760487238,9.736102901398,9.736102901398,9.736102901398,9.736102901398,9.736102901408,9.736102901398,9.736102901398,8.567026237998,8.491886724798,8.364160248698,9.647984307838,9.122048084578,9.736102901178,9.736102901178,9.736102901158,9.736102901258,9.736102901258,9.736102901258,9.736102901388,9.736102901388,9.736102901358,9.736102901458,9.736102901458,9.736102901358,7.377008811838,8.184162899908,9.736102901408,9.736102901408,9.115826441708,9.736102901308,9.736102901608,9.736102900708,8.859672385508,9.736102901008,5.688729799608,6.689542658608,5.702196015618,7.279360071418
"t80",5.47173375183,5.8987512245,5.89875122445,5.89875122445,4.2197578879,3.73542408623,5.8987512248,5.898751225,5.898751225,5.898751225,5.898751225,5.8987512253,5.8832939903,0.634338062408,0.634338062408,0,2.7257102638,4.6305406054,7.06524100363,8.02982860707,8.02982860717,8.02982860717,8.02982860717,8.02982860717,8.02982860713,8.02982860723,8.02982860723,8.02982860733,7.63946970283,8.02982860712,8.02982860722,8.02982860722,8.02982860722,8.02982860715,6.68964205263,7.55207684001,9.73610290128,9.73610290128,9.73610290135,9.73610290135,9.73610290165,9.73610290125,9.73610290125,9.73610290125,9.73610290125,9.73610290125,9.73610290125,9.73610290125,9.62471223125,8.27179144475,9.73610290122,9.73610290122,9.73610290125,9.73610290125,7.54503754255,7.78145003811,8.65908683521,9.7361029013,9.7361029013,9.7361029013,9.39724126182,9.73610290131,9.22345047581,7.6510133974,9.73610290211,9.73610290211,9.443202659069,9.73610290211,9.73610290211,9.73610290251,8.95098487162,9.73610290211,7.79630576435,9.73610290113,9.73610290113,9.65897420754,9.73610290117,9.73610290117,9.73610290143,9.73610290143,9.73610290143,9.56746808543,8.32449793301,9.73610290142,9.73610290142,9.73610290145,9.73610290145,9.736102901453,9.73610290145276,9.73610290145276,9.73610290149,9.7361029014,9.7361029014,9.7361029014,9.7361029014,8.9217428456,9.73610290139,9.73610290139,9.73610290133,9.73610290133,9.60276048723,9.73610290139,9.73610290139,9.73610290139,9.73610290139,9.7361029014,9.73610290139,9.73610290139,8.56702623799,8.49188672479,8.36416024869,9.64798430783,9.12204808457,9.73610290117,9.73610290117,9.73610290115,9.73610290125,9.73610290125,9.73610290125,9.73610290138,9.73610290138,9.73610290135,9.73610290145,9.73610290145,9.73610290135,7.37700881183,8.1841628999,9.7361029014,9.7361029014,9.1158264417,9.7361029013,9.7361029016,9.7361029007,8.8596723855,9.736102901,5.6887297996,6.6895426586,5.70219601561,7.27936007141
"t13",3.33385338523,3.7608708579,3.76087085785,3.76087085785,2.0818775213,1.59754371963,3.7608708582,3.7608708584,3.7608708584,3.7608708584,3.7608708584,3.7608708587,3.7454136237,2.725710263808,2.725710263808,2.7257102638,0,2.4926602388,4.92736063703,5.89194824047,5.89194824057,5.89194824057,5.89194824057,5.89194824057,5.89194824053,5.89194824063,5.89194824063,5.89194824073,5.50158933623,5.89194824052,5.89194824062,5.89194824062,5.89194824062,5.89194824055,4.55176168603,5.41419647341,7.59822253468,7.59822253468,7.59822253475,7.59822253475,7.59822253505,7.59822253465,7.59822253465,7.59822253465,7.59822253465,7.59822253465,7.59822253465,7.59822253465,7.48683186465,6.13391107815,7.59822253462,7.59822253462,7.59822253465,7.59822253465,5.40715717595,5.64356967151,6.52120646861,7.5982225347,7.5982225347,7.5982225347,7.25936089522,7.59822253471,7.08557010921,5.5131330308,7.59822253551,7.59822253551,7.305322292469,7.59822253551,7.59822253551,7.59822253591,6.81310450502,7.59822253551,5.65842539775,7.59822253453,7.59822253453,7.52109384094,7.59822253457,7.59822253457,7.59822253483,7.59822253483,7.59822253483,7.42958771883,6.18661756641,7.59822253482,7.59822253482,7.59822253485,7.59822253485,7.598222534853,7.59822253485276,7.59822253485276,7.59822253489,7.5982225348,7.5982225348,7.5982225348,7.5982225348,6.783862479,7.59822253479,7.59822253479,7.59822253473,7.59822253473,7.46488012063,7.59822253479,7.59822253479,7.59822253479,7.59822253479,7.5982225348,7.59822253479,7.59822253479,6.42914587139,6.35400635819,6.22627988209,7.51010394123,6.98416771797,7.59822253457,7.59822253457,7.59822253455,7.59822253465,7.59822253465,7.59822253465,7.59822253478,7.59822253478,7.59822253475,7.59822253485,7.59822253485,7.59822253475,5.23912844523,6.0462825333,7.5982225348,7.5982225348,6.9779460751,7.5982225347,7.598222535,7.5982225341,6.7217920189,7.5982225344,3.550849433,4.551662292,3.56431564901,5.14147970481
"t6",2.20910770283,4.6305406049,4.63054060485,4.63054060485,2.9515472683,2.46721346663,4.6305406052,4.6305406054,4.6305406054,4.6305406054,4.6305406054,4.6305406057,4.6150833707,4.630540605408,4.630540605408,4.6305406054,2.4926602388,0,3.80261495463,4.76720255807,4.76720255817,4.76720255817,4.76720255817,4.76720255817,4.76720255813,4.76720255823,4.76720255823,4.76720255833,4.37684365383,4.76720255812,4.76720255822,4.76720255822,4.76720255822,4.76720255815,3.42701600363,4.28945079101,6.47347685228,6.47347685228,6.47347685235,6.47347685235,6.47347685265,6.47347685225,6.47347685225,6.47347685225,6.47347685225,6.47347685225,6.47347685225,6.47347685225,6.36208618225,5.00916539575,6.47347685222,6.47347685222,6.47347685225,6.47347685225,4.28241149355,4.51882398911,5.39646078621,6.4734768523,6.4734768523,6.4734768523,6.13461521282,6.47347685231,5.96082442681,4.3883873484,6.47347685311,6.47347685311,6.180576610069,6.47347685311,6.47347685311,6.47347685351,5.68835882262,6.47347685311,4.53367971535,6.47347685213,6.47347685213,6.39634815854,6.47347685217,6.47347685217,6.47347685243,6.47347685243,6.47347685243,6.30484203643,5.06187188401,6.47347685242,6.47347685242,6.47347685245,6.47347685245,6.473476852453,6.47347685245276,6.47347685245276,6.47347685249,6.4734768524,6.4734768524,6.4734768524,6.4734768524,5.6591167966,6.47347685239,6.47347685239,6.47347685233,6.47347685233,6.34013443823,6.47347685239,6.47347685239,6.47347685239,6.47347685239,6.4734768524,6.47347685239,6.47347685239,5.30440018899,5.22926067579,5.10153419969,6.38535825883,5.85942203557,6.47347685217,6.47347685217,6.47347685215,6.47347685225,6.47347685225,6.47347685225,6.47347685238,6.47347685238,6.47347685235,6.47347685245,6.47347685245,6.47347685235,4.11438276283,4.9215368509,6.4734768524,6.4734768524,5.8532003927,6.4734768523,6.4734768526,6.4734768517,5.5970463365,6.473476852,2.4261037506,3.4269166096,2.43956996661,4.01673402241
"t8",4.5071461482,7.06524100313,7.06524100308,7.06524100308,5.38624766653,4.90191386486,7.06524100343,7.06524100363,7.06524100363,7.06524100363,7.06524100363,7.06524100393,7.04978376893,7.065241003638,7.065241003638,7.06524100363,4.92736063703,3.80261495463,0,5.41403729544,5.41403729554,5.41403729554,5.41403729554,5.41403729554,5.4140372955,5.4140372956,5.4140372956,5.4140372957,5.0236783912,5.41403729549,5.41403729559,5.41403729559,5.41403729559,5.41403729552,4.073850741,6.58748923638,8.77151529765,8.77151529765,8.77151529772,8.77151529772,8.77151529802,8.77151529762,8.77151529762,8.77151529762,8.77151529762,8.77151529762,8.77151529762,8.77151529762,8.66012462762,7.30720384112,8.77151529759,8.77151529759,8.77151529762,8.77151529762,6.58044993892,6.81686243448,7.69449923158,8.77151529767,8.77151529767,8.77151529767,8.43265365819,8.77151529768,8.25886287218,6.68642579377,8.77151529848,8.77151529848,8.478615055439,8.77151529848,8.77151529848,8.77151529888,7.98639726799,8.77151529848,6.83171816072,8.7715152975,8.7715152975,8.69438660391,8.77151529754,8.77151529754,8.7715152978,8.7715152978,8.7715152978,8.6028804818,7.35991032938,8.77151529779,8.77151529779,8.77151529782,8.77151529782,8.771515297823,8.77151529782276,8.77151529782276,8.77151529786,8.77151529777,8.77151529777,8.77151529777,8.77151529777,7.95715524197,8.77151529776,8.77151529776,8.7715152977,8.7715152977,8.6381728836,8.77151529776,8.77151529776,8.77151529776,8.77151529776,8.77151529777,8.77151529776,8.77151529776,7.60243863436,7.52729912116,7.39957264506,8.6833967042,8.15746048094,8.77151529754,8.77151529754,8.77151529752,8.77151529762,8.77151529762,8.77151529762,8.77151529775,8.77151529775,8.77151529772,8.77151529782,8.77151529782,8.77151529772,6.4124212082,7.21957529627,8.77151529777,8.77151529777,8.15123883807,8.77151529767,8.77151529797,8.77151529707,7.89508478187,8.77151529737,4.72414219597,5.72495505497,4.73760841198,6.31477246778
"t70",5.47173375164,8.02982860657,8.02982860652,8.02982860652,6.35083526997,5.8665014683,8.02982860687,8.02982860707,8.02982860707,8.02982860707,8.02982860707,8.02982860737,8.01437137237,8.029828607078,8.029828607078,8.02982860707,5.89194824047,4.76720255807,5.41403729544,0,0.9160612353,0.9160612353,1.2530150455,1.2530150455,1.38339830774,2.50763300884,2.50763300884,2.73571233174,2.70721609264,3.09757499693,3.09757499703,3.09757499703,3.09757499703,3.09757499696,3.23959057884,7.55207683982,9.73610290109,9.73610290109,9.73610290116,9.73610290116,9.73610290146,9.73610290106,9.73610290106,9.73610290106,9.73610290106,9.73610290106,9.73610290106,9.73610290106,9.62471223106,8.27179144456,9.73610290103,9.73610290103,9.73610290106,9.73610290106,7.54503754236,7.78145003792,8.65908683502,9.73610290111,9.73610290111,9.73610290111,9.39724126163,9.73610290112,9.22345047562,7.65101339721,9.73610290192,9.73610290192,9.443202658879,9.73610290192,9.73610290192,9.73610290232,8.95098487143,9.73610290192,7.79630576416,9.73610290094,9.73610290094,9.65897420735,9.73610290098,9.73610290098,9.73610290124,9.73610290124,9.73610290124,9.56746808524,8.32449793282,9.73610290123,9.73610290123,9.73610290126,9.73610290126,9.736102901263,9.73610290126276,9.73610290126276,9.7361029013,9.73610290121,9.73610290121,9.73610290121,9.73610290121,8.92174284541,9.7361029012,9.7361029012,9.73610290114,9.73610290114,9.60276048704,9.7361029012,9.7361029012,9.7361029012,9.7361029012,9.73610290121,9.7361029012,9.7361029012,8.5670262378,8.4918867246,8.3641602485,9.64798430764,9.12204808438,9.73610290098,9.73610290098,9.73610290096,9.73610290106,9.73610290106,9.73610290106,9.73610290119,9.73610290119,9.73610290116,9.73610290126,9.73610290126,9.73610290116,7.37700881164,8.18416289971,9.73610290121,9.73610290121,9.11582644151,9.73610290111,9.73610290141,9.73610290051,8.85967238531,9.73610290081,5.68872979941,6.68954265841,5.70219601542,7.27936007122
