"","t1","t10","t11","t3","t2","t140","t141","t74","t17","t62","t63","t35","t36","t34","t126","t127","t124","t125","t115","t118","t132","t133","t121","t5","t7","t13","t97","t98","t76","t8","t9","t30","t43","t44","t109","t110","t86","t87","t85","t119","t120","t101","t22","t39","t56","t57","t41","t111","t112","t102","t130","t131","t136","t137","t106","t128","t129","t72","t20","t21","t26","t27","t73","t103","t104","t96","t23","t24","t32","t33","t29","t28","t31","t50","t51","t52","t83","t84","t38","t75","t122","t123","t25","t79","t80","t66","t67","t6","t4","t113","t114","t95","t60","t61","t105","t116","t117","t138","t139","t37","t134","t135","t77","t78","t68","t12","t54","t55","t48","t46","t40","t90","t91","t18","t19","t14","t92","t93","t99","t100","t58","t59","t42","t64","t65","t53","t69","t70","t49","t47","t81","t82","t45","t71","t107","t108","t94","t88","t89","t15","t16"
"t1",0,4.16152528451,5.27542278375,3.33692102835,2.75307241384,7.262485724645,7.262485724645,7.26248572465,6.18797200425,6.9606184757,6.78053570089,6.88284660382,7.26248572512,6.3210053338,7.26248572513,7.26248572513,7.26248572498,7.26248572498,7.26248572502,7.26248572499,7.262485724998,7.262485724998,7.262485724998,3.63837863295,3.91879460548,6.84676662218,7.26248572588,7.26248572588,7.26248572598,3.97326373865,4.22778063335,7.26248572615,7.26248572585,7.26248572585,7.26248572589,7.26248572589,7.262485725926,7.067041078226,7.2624857259,7.26248572585,7.26248572585,7.26248572589,7.26248572549,7.26248572585,7.262485725816,7.262485725816,6.754807747916,7.26248572527,7.26248572527,7.26248572527,7.26248572523,7.26248572523,7.26248572535,7.26248572535,7.26248572532,7.26248572532,7.26248572532,7.26248572535,7.06220939179,5.79872991049,6.23193200709,6.44786866009,7.26248572559,7.26248572557,7.26248572557,7.26248572559,7.26248572526,6.75935956926,7.26248572576,6.23468163353,6.54383719296,6.60618645725,6.35581102695,7.26248572535,7.26248572535,7.26248572535,7.26248572535,7.26248572535,7.16521571815,7.26248572535,7.25397451974,7.26248572529,7.26248572515,7.26248572535,7.26248572535,7.26248572525,7.26248572525,4.31870541235,3.92736662825,7.2624857254,7.2624857254,7.2624857254,7.26248572533,7.26248572533,7.26248572533,7.26248572537,7.26248572537,7.26248572542,7.26248572542,7.26248572535,7.26248572558,7.26248572558,7.26248572499,7.26248572499,7.26248572495,6.1800245134,6.92754576542,7.26248572532,7.26248572532,6.52393374522,7.26248572526,7.26248572535,7.26248572535,6.03775372775,7.26248572525,7.2097858984,7.26248572513,7.15321390333,7.2624857251,7.1659322753,7.26248572531,7.26248572531,7.26248572527,6.92812474268,7.26248572528,7.26248572526,7.26248572526,7.26248572526,7.26248572526,7.26248572528,7.26248572527,7.26248572527,6.89279195181,7.26248572531,7.26248572531,7.26248572531,7.26248572531,7.26248572531,7.26248572531,7.05456560691,5.71607469971
"t10",4.16152528451,0,1.14230295876,1.52523555536,1.89554509065,6.404958401455,6.404958401455,6.40495840146,5.33044468106,6.10309115251,5.9230083777,6.02531928063,6.40495840193,5.46347801061,6.40495840194,6.40495840194,6.40495840179,6.40495840179,6.40495840183,6.4049584018,6.404958401808,6.404958401808,6.404958401808,3.20237273336,3.48278870589,6.41076072259,6.82647982629,6.82647982629,6.82647982639,3.53725783906,3.79177473376,6.82647982656,6.82647982626,6.82647982626,6.8264798263,6.8264798263,6.826479826336,6.631035178636,6.82647982631,6.82647982626,6.82647982626,6.8264798263,6.8264798259,6.82647982626,6.826479826226,6.826479826226,6.318801848326,6.82647982568,6.82647982568,6.82647982568,6.82647982564,6.82647982564,6.82647982576,6.82647982576,6.82647982573,6.82647982573,6.82647982573,6.82647982576,6.6262034922,5.3627240109,5.7959261075,6.0118627605,6.826479826,6.82647982598,6.82647982598,6.826479826,6.82647982567,6.32335366967,6.82647982617,5.79867573394,6.10783129337,6.17018055766,5.91980512736,6.82647982576,6.82647982576,6.82647982576,6.82647982576,6.82647982576,6.72920981856,6.82647982576,6.81796862015,6.8264798257,6.82647982556,6.82647982576,6.82647982576,6.82647982566,6.82647982566,3.88269951276,3.49136072866,6.93775172231,6.93775172231,6.93775172231,6.93775172224,6.93775172224,6.93775172224,6.93775172228,6.93775172228,6.93775172233,6.93775172233,6.93775172226,6.93775172249,6.93775172249,6.9377517219,6.9377517219,6.93775172186,5.85529051031,6.60281176233,6.93775172223,6.93775172223,6.19919974213,6.93775172217,6.93775172226,6.93775172226,5.71301972466,6.93775172216,6.88505189531,6.93775172204,6.82847990024,6.93775172201,6.84119827221,6.93775172222,6.93775172222,6.93775172218,6.60339073959,6.93775172219,6.93775172217,6.93775172217,6.93775172217,6.93775172217,6.93775172219,6.93775172218,6.93775172218,6.56805794872,6.93775172222,6.93775172222,6.93775172222,6.93775172222,6.93775172222,6.93775172222,6.72983160382,5.39134069662
"t11",5.27542278375,1.14230295876,0,2.6391330546,3.00944258989,7.518855900695,7.518855900695,7.5188559007,6.4443421803,7.21698865175,7.03690587694,7.13921677987,7.51885590117,6.57737550985,7.51885590118,7.51885590118,7.51885590103,7.51885590103,7.51885590107,7.51885590104,7.518855901048,7.518855901048,7.518855901048,4.3162702326,4.59668620513,7.52465822183,7.94037732553,7.94037732553,7.94037732563,4.6511553383,4.905672233,7.9403773258,7.9403773255,7.9403773255,7.94037732554,7.94037732554,7.940377325576,7.744932677876,7.94037732555,7.9403773255,7.9403773255,7.94037732554,7.94037732514,7.9403773255,7.940377325466,7.940377325466,7.432699347566,7.94037732492,7.94037732492,7.94037732492,7.94037732488,7.94037732488,7.940377325,7.940377325,7.94037732497,7.94037732497,7.94037732497,7.940377325,7.74010099144,6.47662151014,6.90982360674,7.12576025974,7.94037732524,7.94037732522,7.94037732522,7.94037732524,7.94037732491,7.43725116891,7.94037732541,6.91257323318,7.22172879261,7.2840780569,7.0337026266,7.940377325,7.940377325,7.940377325,7.940377325,7.940377325,7.8431073178,7.940377325,7.93186611939,7.94037732494,7.9403773248,7.940377325,7.940377325,7.9403773249,7.9403773249,4.996597012,4.6052582279,8.05164922155,8.05164922155,8.05164922155,8.05164922148,8.05164922148,8.05164922148,8.05164922152,8.05164922152,8.05164922157,8.05164922157,8.0516492215,8.05164922173,8.05164922173,8.05164922114,8.05164922114,8.0516492211,6.96918800955,7.71670926157,8.05164922147,8.05164922147,7.31309724137,8.05164922141,8.0516492215,8.0516492215,6.8269172239,8.0516492214,7.99894939455,8.05164922128,7.94237739948,8.05164922125,7.95509577145,8.05164922146,8.05164922146,8.05164922142,7.71728823883,8.05164922143,8.05164922141,8.05164922141,8.05164922141,8.05164922141,8.05164922143,8.05164922142,8.05164922142,7.68195544796,8.05164922146,8.05164922146,8.05164922146,8.05164922146,8.05164922146,8.05164922146,7.84372910306,6.50523819586
"t3",3.33692102835,1.52523555536,2.6391330546,0,1.07094083449,5.580354145295,5.580354145295,5.5803541453,4.5058404249,5.27848689635,5.09840412154,5.20071502447,5.58035414577,4.63887375445,5.58035414578,5.58035414578,5.58035414563,5.58035414563,5.58035414567,5.58035414564,5.580354145648,5.580354145648,5.580354145648,2.3777684772,2.65818444973,5.58615646643,6.00187557013,6.00187557013,6.00187557023,2.7126535829,2.9671704776,6.0018755704,6.0018755701,6.0018755701,6.00187557014,6.00187557014,6.001875570176,5.806430922476,6.00187557015,6.0018755701,6.0018755701,6.00187557014,6.00187556974,6.0018755701,6.001875570066,6.001875570066,5.494197592166,6.00187556952,6.00187556952,6.00187556952,6.00187556948,6.00187556948,6.0018755696,6.0018755696,6.00187556957,6.00187556957,6.00187556957,6.0018755696,5.80159923604,4.53811975474,4.97132185134,5.18725850434,6.00187556984,6.00187556982,6.00187556982,6.00187556984,6.00187556951,5.49874941351,6.00187557001,4.97407147778,5.28322703721,5.3455763015,5.0952008712,6.0018755696,6.0018755696,6.0018755696,6.0018755696,6.0018755696,5.9046055624,6.0018755696,5.99336436399,6.00187556954,6.0018755694,6.0018755696,6.0018755696,6.0018755695,6.0018755695,3.0580952566,2.6667564725,6.11314746615,6.11314746615,6.11314746615,6.11314746608,6.11314746608,6.11314746608,6.11314746612,6.11314746612,6.11314746617,6.11314746617,6.1131474661,6.11314746633,6.11314746633,6.11314746574,6.11314746574,6.1131474657,5.03068625415,5.77820750617,6.11314746607,6.11314746607,5.37459548597,6.11314746601,6.1131474661,6.1131474661,4.8884154685,6.113147466,6.06044763915,6.11314746588,6.00387564408,6.11314746585,6.01659401605,6.11314746606,6.11314746606,6.11314746602,5.77878648343,6.11314746603,6.11314746601,6.11314746601,6.11314746601,6.11314746601,6.11314746603,6.11314746602,6.11314746602,5.74345369256,6.11314746606,6.11314746606,6.11314746606,6.11314746606,6.11314746606,6.11314746606,5.90522734766,4.56673644046
"t2",2.75307241384,1.89554509065,3.00944258989,1.07094083449,0,4.556526236185,4.556526236185,4.55652623619,3.48201251579,4.25465898724,4.07457621243,4.17688711536,4.55652623666,3.61504584534,4.55652623667,4.55652623667,4.55652623652,4.55652623652,4.55652623656,4.55652623653,4.556526236538,4.556526236538,4.556526236538,1.79391986269,2.07433583522,5.00230785192,5.41802695562,5.41802695562,5.41802695572,2.12880496839,2.38332186309,5.41802695589,5.41802695559,5.41802695559,5.41802695563,5.41802695563,5.418026955666,5.222582307966,5.41802695564,5.41802695559,5.41802695559,5.41802695563,5.41802695523,5.41802695559,5.418026955556,5.418026955556,4.910348977656,5.41802695501,5.41802695501,5.41802695501,5.41802695497,5.41802695497,5.41802695509,5.41802695509,5.41802695506,5.41802695506,5.41802695506,5.41802695509,5.21775062153,3.95427114023,4.38747323683,4.60340988983,5.41802695533,5.41802695531,5.41802695531,5.41802695533,5.418026955,4.914900799,5.4180269555,4.39022286327,4.6993784227,4.76172768699,4.51135225669,5.41802695509,5.41802695509,5.41802695509,5.41802695509,5.41802695509,5.32075694789,5.41802695509,5.40951574948,5.41802695503,5.41802695489,5.41802695509,5.41802695509,5.41802695499,5.41802695499,2.47424664209,2.08290785799,5.52929885164,5.52929885164,5.52929885164,5.52929885157,5.52929885157,5.52929885157,5.52929885161,5.52929885161,5.52929885166,5.52929885166,5.52929885159,5.52929885182,5.52929885182,5.52929885123,5.52929885123,5.52929885119,4.44683763964,5.19435889166,5.52929885156,5.52929885156,4.79074687146,5.5292988515,5.52929885159,5.52929885159,4.30456685399,5.52929885149,5.47659902464,5.52929885137,5.42002702957,5.52929885134,5.43274540154,5.52929885155,5.52929885155,5.52929885151,5.19493786892,5.52929885152,5.5292988515,5.5292988515,5.5292988515,5.5292988515,5.52929885152,5.52929885151,5.52929885151,5.15960507805,5.52929885155,5.52929885155,5.52929885155,5.52929885155,5.52929885155,5.52929885155,5.32137873315,3.98288782595
"t140",7.262485724645,6.404958401455,7.518855900695,5.580354145295,4.556526236185,0,0.01951151219,0.810172772995,2.839951312595,3.612597784045,3.432515009235,3.534825912165,3.914465033465,2.972984642145,3.914465033475,3.914465033475,3.914465033325,3.914465033325,3.914465033365,3.914465033335,3.914465033343,3.914465033343,3.914465033343,6.303333173495,6.583749146025,9.511721162725,9.927440266425,9.927440266425,9.927440266525,6.638218279195,6.892735173895,9.927440266695,9.927440266395,9.927440266395,9.927440266435,9.927440266435,9.927440266471,9.731995618771,9.927440266445,9.927440266395,9.927440266395,9.927440266435,9.927440266035,9.927440266395,9.927440266361,9.927440266361,9.419762288461,9.927440265815,9.927440265815,9.927440265815,9.927440265775,9.927440265775,9.927440265895,9.927440265895,9.927440265865,9.927440265865,9.927440265865,9.927440265895,9.727163932335,8.463684451035,8.896886547635,9.112823200635,9.927440266135,9.927440266115,9.927440266115,9.927440266135,9.927440265805,9.424314109805,9.927440266305,8.899636174075,9.208791733505,9.271140997795,9.020765567495,9.927440265895,9.927440265895,9.927440265895,9.927440265895,9.927440265895,9.830170258695,9.927440265895,9.918929060285,9.927440265835,9.927440265695,9.927440265895,9.927440265895,9.927440265795,9.927440265795,6.983659952895,6.592321168795,10.038712162445,10.038712162445,10.038712162445,10.038712162375,10.038712162375,10.038712162375,10.038712162415,10.038712162415,10.038712162465,10.038712162465,10.038712162395,10.038712162625,10.038712162625,10.038712162035,10.038712162035,10.038712161995,8.956250950445,9.703772202465,10.038712162365,10.038712162365,9.300160182265,10.038712162305,10.038712162395,10.038712162395,8.813980164795,10.038712162295,9.986012335445,10.038712162175,9.929440340375,10.038712162145,9.942158712345,10.038712162355,10.038712162355,10.038712162315,9.704351179725,10.038712162325,10.038712162305,10.038712162305,10.038712162305,10.038712162305,10.038712162325,10.038712162315,10.038712162315,9.669018388855,10.038712162355,10.038712162355,10.038712162355,10.038712162355,10.038712162355,10.038712162355,9.830792043955,8.492301136755
"t141",7.262485724645,6.404958401455,7.518855900695,5.580354145295,4.556526236185,0.01951151219,0,0.810172772995,2.839951312595,3.612597784045,3.432515009235,3.534825912165,3.914465033465,2.972984642145,3.914465033475,3.914465033475,3.914465033325,3.914465033325,3.914465033365,3.914465033335,3.914465033343,3.914465033343,3.914465033343,6.303333173495,6.583749146025,9.511721162725,9.927440266425,9.927440266425,9.927440266525,6.638218279195,6.892735173895,9.927440266695,9.927440266395,9.927440266395,9.927440266435,9.927440266435,9.927440266471,9.731995618771,9.927440266445,9.927440266395,9.927440266395,9.927440266435,9.927440266035,9.927440266395,9.927440266361,9.927440266361,9.419762288461,9.927440265815,9.927440265815,9.927440265815,9.927440265775,9.927440265775,9.927440265895,9.927440265895,9.927440265865,9.927440265865,9.927440265865,9.927440265895,9.727163932335,8.463684451035,8.896886547635,9.112823200635,9.927440266135,9.927440266115,9.927440266115,9.927440266135,9.927440265805,9.424314109805,9.927440266305,8.899636174075,9.208791733505,9.271140997795,9.020765567495,9.927440265895,9.927440265895,9.927440265895,9.927440265895,9.927440265895,9.830170258695,9.927440265895,9.918929060285,9.927440265835,9.927440265695,9.927440265895,9.927440265895,9.927440265795,9.927440265795,6.983659952895,6.592321168795,10.038712162445,10.038712162445,10.038712162445,10.038712162375,10.038712162375,10.038712162375,10.038712162415,10.038712162415,10.038712162465,10.038712162465,10.038712162395,10.038712162625,10.038712162625,10.038712162035,10.038712162035,10.038712161995,8.956250950445,9.703772202465,10.038712162365,10.038712162365,9.300160182265,10.038712162305,10.038712162395,10.038712162395,8.813980164795,10.038712162295,9.986012335445,10.038712162175,9.929440340375,10.038712162145,9.942158712345,10.038712162355,10.038712162355,10.038712162315,9.704351179725,10.038712162325,10.038712162305,10.038712162305,10.038712162305,10.038712162305,10.038712162325,10.038712162315,10.038712162315,9.669018388855,10.038712162355,10.038712162355,10.038712162355,10.038712162355,10.038712162355,10.038712162355,9.830792043955,8.492301136755
"t74",7.26248572465,6.40495840146,7.5188559007,5.5803541453,4.55652623619,0.810172772995,0.810172772995,0,2.8399513126,3.61259778405,3.43251500924,3.53482591217,3.91446503347,2.97298464215,3.91446503348,3.91446503348,3.91446503333,3.91446503333,3.91446503337,3.91446503334,3.914465033348,3.914465033348,3.914465033348,6.3033331735,6.58374914603,9.51172116273,9.92744026643,9.92744026643,9.92744026653,6.6382182792,6.8927351739,9.9274402667,9.9274402664,9.9274402664,9.92744026644,9.92744026644,9.927440266476,9.731995618776,9.92744026645,9.9274402664,9.9274402664,9.92744026644,9.92744026604,9.9274402664,9.927440266366,9.927440266366,9.419762288466,9.92744026582,9.92744026582,9.92744026582,9.92744026578,9.92744026578,9.9274402659,9.9274402659,9.92744026587,9.92744026587,9.92744026587,9.9274402659,9.72716393234,8.46368445104,8.89688654764,9.11282320064,9.92744026614,9.92744026612,9.92744026612,9.92744026614,9.92744026581,9.42431410981,9.92744026631,8.89963617408,9.20879173351,9.2711409978,9.0207655675,9.9274402659,9.9274402659,9.9274402659,9.9274402659,9.9274402659,9.8301702587,9.9274402659,9.91892906029,9.92744026584,9.9274402657,9.9274402659,9.9274402659,9.9274402658,9.9274402658,6.9836599529,6.5923211688,10.03871216245,10.03871216245,10.03871216245,10.03871216238,10.03871216238,10.03871216238,10.03871216242,10.03871216242,10.03871216247,10.03871216247,10.0387121624,10.03871216263,10.03871216263,10.03871216204,10.03871216204,10.038712162,8.95625095045,9.70377220247,10.03871216237,10.03871216237,9.30016018227,10.03871216231,10.0387121624,10.0387121624,8.8139801648,10.0387121623,9.98601233545,10.03871216218,9.92944034038,10.03871216215,9.94215871235,10.03871216236,10.03871216236,10.03871216232,9.70435117973,10.03871216233,10.03871216231,10.03871216231,10.03871216231,10.03871216231,10.03871216233,10.03871216232,10.03871216232,9.66901838886,10.03871216236,10.03871216236,10.03871216236,10.03871216236,10.03871216236,10.03871216236,9.83079204396,8.49230113676
"t17",6.18797200425,5.33044468106,6.4443421803,4.5058404249,3.48201251579,2.839951312595,2.839951312595,2.8399513126,0,1.87861554745,1.69853277264,1.80084367557,2.18048279687,1.23900240555,2.18048279688,2.18048279688,2.18048279673,2.18048279673,2.18048279677,2.18048279674,2.180482796748,2.180482796748,2.180482796748,5.2288194531,5.50923542563,8.43720744233,8.85292654603,8.85292654603,8.85292654613,5.5637045588,5.8182214535,8.8529265463,8.852926546,8.852926546,8.85292654604,8.85292654604,8.852926546076,8.657481898376,8.85292654605,8.852926546,8.852926546,8.85292654604,8.85292654564,8.852926546,8.852926545966,8.852926545966,8.345248568066,8.85292654542,8.85292654542,8.85292654542,8.85292654538,8.85292654538,8.8529265455,8.8529265455,8.85292654547,8.85292654547,8.85292654547,8.8529265455,8.65265021194,7.38917073064,7.82237282724,8.03830948024,8.85292654574,8.85292654572,8.85292654572,8.85292654574,8.85292654541,8.34980038941,8.85292654591,7.82512245368,8.13427801311,8.1966272774,7.9462518471,8.8529265455,8.8529265455,8.8529265455,8.8529265455,8.8529265455,8.7556565383,8.8529265455,8.84441533989,8.85292654544,8.8529265453,8.8529265455,8.8529265455,8.8529265454,8.8529265454,5.9091462325,5.5178074484,8.96419844205,8.96419844205,8.96419844205,8.96419844198,8.96419844198,8.96419844198,8.96419844202,8.96419844202,8.96419844207,8.96419844207,8.964198442,8.96419844223,8.96419844223,8.96419844164,8.96419844164,8.9641984416,7.88173723005,8.62925848207,8.96419844197,8.96419844197,8.22564646187,8.96419844191,8.964198442,8.964198442,7.7394664444,8.9641984419,8.91149861505,8.96419844178,8.85492661998,8.96419844175,8.86764499195,8.96419844196,8.96419844196,8.96419844192,8.62983745933,8.96419844193,8.96419844191,8.96419844191,8.96419844191,8.96419844191,8.96419844193,8.96419844192,8.96419844192,8.59450466846,8.96419844196,8.96419844196,8.96419844196,8.96419844196,8.96419844196,8.96419844196,8.75627832356,7.41778741636
"t62",6.9606184757,6.10309115251,7.21698865175,5.27848689635,4.25465898724,3.612597784045,3.612597784045,3.61259778405,1.87861554745,0,0.20961522939,1.39775174652,1.77739086782,1.0404216143,1.98190200563,1.98190200563,2.07927661458,2.07927661458,2.07927661462,2.07927661459,2.079276614598,2.079276614598,2.079276614598,6.00146592455,6.28188189708,9.20985391378,9.62557301748,9.62557301748,9.62557301758,6.33635103025,6.59086792495,9.62557301775,9.62557301745,9.62557301745,9.62557301749,9.62557301749,9.625573017526,9.430128369826,9.6255730175,9.62557301745,9.62557301745,9.62557301749,9.62557301709,9.62557301745,9.625573017416,9.625573017416,9.117895039516,9.62557301687,9.62557301687,9.62557301687,9.62557301683,9.62557301683,9.62557301695,9.62557301695,9.62557301692,9.62557301692,9.62557301692,9.62557301695,9.42529668339,8.16181720209,8.59501929869,8.81095595169,9.62557301719,9.62557301717,9.62557301717,9.62557301719,9.62557301686,9.12244686086,9.62557301736,8.59776892513,8.90692448456,8.96927374885,8.71889831855,9.62557301695,9.62557301695,9.62557301695,9.62557301695,9.62557301695,9.52830300975,9.62557301695,9.61706181134,9.62557301689,9.62557301675,9.62557301695,9.62557301695,9.62557301685,9.62557301685,6.68179270395,6.29045391985,9.7368449135,9.7368449135,9.7368449135,9.73684491343,9.73684491343,9.73684491343,9.73684491347,9.73684491347,9.73684491352,9.73684491352,9.73684491345,9.73684491368,9.73684491368,9.73684491309,9.73684491309,9.73684491305,8.6543837015,9.40190495352,9.73684491342,9.73684491342,8.99829293332,9.73684491336,9.73684491345,9.73684491345,8.51211291585,9.73684491335,9.6841450865,9.73684491323,9.62757309143,9.7368449132,9.6402914634,9.73684491341,9.73684491341,9.73684491337,9.40248393078,9.73684491338,9.73684491336,9.73684491336,9.73684491336,9.73684491336,9.73684491338,9.73684491337,9.73684491337,9.36715113991,9.73684491341,9.73684491341,9.73684491341,9.73684491341,9.73684491341,9.73684491341,9.52892479501,8.19043388781
"t63",6.78053570089,5.9230083777,7.03690587694,5.09840412154,4.07457621243,3.432515009235,3.432515009235,3.43251500924,1.69853277264,0.20961522939,0,1.21766897171,1.59730809301,0.86033883949,1.80181923082,1.80181923082,1.89919383977,1.89919383977,1.89919383981,1.89919383978,1.899193839788,1.899193839788,1.899193839788,5.82138314974,6.10179912227,9.02977113897,9.44549024267,9.44549024267,9.44549024277,6.15626825544,6.41078515014,9.44549024294,9.44549024264,9.44549024264,9.44549024268,9.44549024268,9.445490242716,9.250045595016,9.44549024269,9.44549024264,9.44549024264,9.44549024268,9.44549024228,9.44549024264,9.445490242606,9.445490242606,8.937812264706,9.44549024206,9.44549024206,9.44549024206,9.44549024202,9.44549024202,9.44549024214,9.44549024214,9.44549024211,9.44549024211,9.44549024211,9.44549024214,9.24521390858,7.98173442728,8.41493652388,8.63087317688,9.44549024238,9.44549024236,9.44549024236,9.44549024238,9.44549024205,8.94236408605,9.44549024255,8.41768615032,8.72684170975,8.78919097404,8.53881554374,9.44549024214,9.44549024214,9.44549024214,9.44549024214,9.44549024214,9.34822023494,9.44549024214,9.43697903653,9.44549024208,9.44549024194,9.44549024214,9.44549024214,9.44549024204,9.44549024204,6.50170992914,6.11037114504,9.55676213869,9.55676213869,9.55676213869,9.55676213862,9.55676213862,9.55676213862,9.55676213866,9.55676213866,9.55676213871,9.55676213871,9.55676213864,9.55676213887,9.55676213887,9.55676213828,9.55676213828,9.55676213824,8.47430092669,9.22182217871,9.55676213861,9.55676213861,8.81821015851,9.55676213855,9.55676213864,9.55676213864,8.33203014104,9.55676213854,9.50406231169,9.55676213842,9.44749031662,9.55676213839,9.46020868859,9.5567621386,9.5567621386,9.55676213856,9.22240115597,9.55676213857,9.55676213855,9.55676213855,9.55676213855,9.55676213855,9.55676213857,9.55676213856,9.55676213856,9.1870683651,9.5567621386,9.5567621386,9.5567621386,9.5567621386,9.5567621386,9.5567621386,9.3488420202,8.010351113
"t35",6.88284660382,6.02531928063,7.13921677987,5.20071502447,4.17688711536,3.534825912165,3.534825912165,3.53482591217,1.80084367557,1.39775174652,1.21766897171,0,1.5855998121,0.96264974242,1.90413013375,1.90413013375,2.0015047427,2.0015047427,2.00150474274,2.00150474271,2.001504742718,2.001504742718,2.001504742718,5.92369405267,6.2041100252,9.1320820419,9.5478011456,9.5478011456,9.5478011457,6.25857915837,6.51309605307,9.54780114587,9.54780114557,9.54780114557,9.54780114561,9.54780114561,9.547801145646,9.352356497946,9.54780114562,9.54780114557,9.54780114557,9.54780114561,9.54780114521,9.54780114557,9.547801145536,9.547801145536,9.040123167636,9.54780114499,9.54780114499,9.54780114499,9.54780114495,9.54780114495,9.54780114507,9.54780114507,9.54780114504,9.54780114504,9.54780114504,9.54780114507,9.34752481151,8.08404533021,8.51724742681,8.73318407981,9.54780114531,9.54780114529,9.54780114529,9.54780114531,9.54780114498,9.04467498898,9.54780114548,8.51999705325,8.82915261268,8.89150187697,8.64112644667,9.54780114507,9.54780114507,9.54780114507,9.54780114507,9.54780114507,9.45053113787,9.54780114507,9.53928993946,9.54780114501,9.54780114487,9.54780114507,9.54780114507,9.54780114497,9.54780114497,6.60402083207,6.21268204797,9.65907304162,9.65907304162,9.65907304162,9.65907304155,9.65907304155,9.65907304155,9.65907304159,9.65907304159,9.65907304164,9.65907304164,9.65907304157,9.6590730418,9.6590730418,9.65907304121,9.65907304121,9.65907304117,8.57661182962,9.32413308164,9.65907304154,9.65907304154,8.92052106144,9.65907304148,9.65907304157,9.65907304157,8.43434104397,9.65907304147,9.60637321462,9.65907304135,9.54980121955,9.65907304132,9.56251959152,9.65907304153,9.65907304153,9.65907304149,9.3247120589,9.6590730415,9.65907304148,9.65907304148,9.65907304148,9.65907304148,9.6590730415,9.65907304149,9.65907304149,9.28937926803,9.65907304153,9.65907304153,9.65907304153,9.65907304153,9.65907304153,9.65907304153,9.45115292313,8.11266201593
"t36",7.26248572512,6.40495840193,7.51885590117,5.58035414577,4.55652623666,3.914465033465,3.914465033465,3.91446503347,2.18048279687,1.77739086782,1.59730809301,1.5855998121,0,1.34228886372,2.28376925505,2.28376925505,2.381143864,2.381143864,2.38114386404,2.38114386401,2.381143864018,2.381143864018,2.381143864018,6.30333317397,6.5837491465,9.5117211632,9.9274402669,9.9274402669,9.927440267,6.63821827967,6.89273517437,9.92744026717,9.92744026687,9.92744026687,9.92744026691,9.92744026691,9.927440266946,9.731995619246,9.92744026692,9.92744026687,9.92744026687,9.92744026691,9.92744026651,9.92744026687,9.927440266836,9.927440266836,9.419762288936,9.92744026629,9.92744026629,9.92744026629,9.92744026625,9.92744026625,9.92744026637,9.92744026637,9.92744026634,9.92744026634,9.92744026634,9.92744026637,9.72716393281,8.46368445151,8.89688654811,9.11282320111,9.92744026661,9.92744026659,9.92744026659,9.92744026661,9.92744026628,9.42431411028,9.92744026678,8.89963617455,9.20879173398,9.27114099827,9.02076556797,9.92744026637,9.92744026637,9.92744026637,9.92744026637,9.92744026637,9.83017025917,9.92744026637,9.91892906076,9.92744026631,9.92744026617,9.92744026637,9.92744026637,9.92744026627,9.92744026627,6.98365995337,6.59232116927,10.03871216292,10.03871216292,10.03871216292,10.03871216285,10.03871216285,10.03871216285,10.03871216289,10.03871216289,10.03871216294,10.03871216294,10.03871216287,10.0387121631,10.0387121631,10.03871216251,10.03871216251,10.03871216247,8.95625095092,9.70377220294,10.03871216284,10.03871216284,9.30016018274,10.03871216278,10.03871216287,10.03871216287,8.81398016527,10.03871216277,9.98601233592,10.03871216265,9.92944034085,10.03871216262,9.94215871282,10.03871216283,10.03871216283,10.03871216279,9.7043511802,10.0387121628,10.03871216278,10.03871216278,10.03871216278,10.03871216278,10.0387121628,10.03871216279,10.03871216279,9.66901838933,10.03871216283,10.03871216283,10.03871216283,10.03871216283,10.03871216283,10.03871216283,9.83079204443,8.49230113723
"t34",6.3210053338,5.46347801061,6.57737550985,4.63887375445,3.61504584534,2.972984642145,2.972984642145,2.97298464215,1.23900240555,1.0404216143,0.86033883949,0.96264974242,1.34228886372,0,1.14138400993,1.14138400993,1.43966347268,1.43966347268,1.43966347272,1.43966347269,1.439663472698,1.439663472698,1.439663472698,5.36185278265,5.64226875518,8.57024077188,8.98595987558,8.98595987558,8.98595987568,5.69673788835,5.95125478305,8.98595987585,8.98595987555,8.98595987555,8.98595987559,8.98595987559,8.985959875626,8.790515227926,8.9859598756,8.98595987555,8.98595987555,8.98595987559,8.98595987519,8.98595987555,8.985959875516,8.985959875516,8.478281897616,8.98595987497,8.98595987497,8.98595987497,8.98595987493,8.98595987493,8.98595987505,8.98595987505,8.98595987502,8.98595987502,8.98595987502,8.98595987505,8.78568354149,7.52220406019,7.95540615679,8.17134280979,8.98595987529,8.98595987527,8.98595987527,8.98595987529,8.98595987496,8.48283371896,8.98595987546,7.95815578323,8.26731134266,8.32966060695,8.07928517665,8.98595987505,8.98595987505,8.98595987505,8.98595987505,8.98595987505,8.88868986785,8.98595987505,8.97744866944,8.98595987499,8.98595987485,8.98595987505,8.98595987505,8.98595987495,8.98595987495,6.04217956205,5.65084077795,9.0972317716,9.0972317716,9.0972317716,9.09723177153,9.09723177153,9.09723177153,9.09723177157,9.09723177157,9.09723177162,9.09723177162,9.09723177155,9.09723177178,9.09723177178,9.09723177119,9.09723177119,9.09723177115,8.0147705596,8.76229181162,9.09723177152,9.09723177152,8.35867979142,9.09723177146,9.09723177155,9.09723177155,7.87249977395,9.09723177145,9.0445319446,9.09723177133,8.98795994953,9.0972317713,9.0006783215,9.09723177151,9.09723177151,9.09723177147,8.76287078888,9.09723177148,9.09723177146,9.09723177146,9.09723177146,9.09723177146,9.09723177148,9.09723177147,9.09723177147,8.72753799801,9.09723177151,9.09723177151,9.09723177151,9.09723177151,9.09723177151,9.09723177151,8.88931165311,7.55082074591
"t126",7.26248572513,6.40495840194,7.51885590118,5.58035414578,4.55652623667,3.914465033475,3.914465033475,3.91446503348,2.18048279688,1.98190200563,1.80181923082,1.90413013375,2.28376925505,1.14138400993,0,0.11819647046,2.38114386401,2.38114386401,2.38114386405,2.38114386402,2.381143864028,2.381143864028,2.381143864028,6.30333317398,6.58374914651,9.51172116321,9.92744026691,9.92744026691,9.92744026701,6.63821827968,6.89273517438,9.92744026718,9.92744026688,9.92744026688,9.92744026692,9.92744026692,9.927440266956,9.731995619256,9.92744026693,9.92744026688,9.92744026688,9.92744026692,9.92744026652,9.92744026688,9.927440266846,9.927440266846,9.419762288946,9.9274402663,9.9274402663,9.9274402663,9.92744026626,9.92744026626,9.92744026638,9.92744026638,9.92744026635,9.92744026635,9.92744026635,9.92744026638,9.72716393282,8.46368445152,8.89688654812,9.11282320112,9.92744026662,9.9274402666,9.9274402666,9.92744026662,9.92744026629,9.42431411029,9.92744026679,8.89963617456,9.20879173399,9.27114099828,9.02076556798,9.92744026638,9.92744026638,9.92744026638,9.92744026638,9.92744026638,9.83017025918,9.92744026638,9.91892906077,9.92744026632,9.92744026618,9.92744026638,9.92744026638,9.92744026628,9.92744026628,6.98365995338,6.59232116928,10.03871216293,10.03871216293,10.03871216293,10.03871216286,10.03871216286,10.03871216286,10.0387121629,10.0387121629,10.03871216295,10.03871216295,10.03871216288,10.03871216311,10.03871216311,10.03871216252,10.03871216252,10.03871216248,8.95625095093,9.70377220295,10.03871216285,10.03871216285,9.30016018275,10.03871216279,10.03871216288,10.03871216288,8.81398016528,10.03871216278,9.98601233593,10.03871216266,9.92944034086,10.03871216263,9.94215871283,10.03871216284,10.03871216284,10.0387121628,9.70435118021,10.03871216281,10.03871216279,10.03871216279,10.03871216279,10.03871216279,10.03871216281,10.0387121628,10.0387121628,9.66901838934,10.03871216284,10.03871216284,10.03871216284,10.03871216284,10.03871216284,10.03871216284,9.83079204444,8.49230113724
"t127",7.26248572513,6.40495840194,7.51885590118,5.58035414578,4.55652623667,3.914465033475,3.914465033475,3.91446503348,2.18048279688,1.98190200563,1.80181923082,1.90413013375,2.28376925505,1.14138400993,0.11819647046,0,2.38114386401,2.38114386401,2.38114386405,2.38114386402,2.381143864028,2.381143864028,2.381143864028,6.30333317398,6.58374914651,9.51172116321,9.92744026691,9.92744026691,9.92744026701,6.63821827968,6.89273517438,9.92744026718,9.92744026688,9.92744026688,9.92744026692,9.92744026692,9.927440266956,9.731995619256,9.92744026693,9.92744026688,9.92744026688,9.92744026692,9.92744026652,9.92744026688,9.927440266846,9.927440266846,9.419762288946,9.9274402663,9.9274402663,9.9274402663,9.92744026626,9.92744026626,9.92744026638,9.92744026638,9.92744026635,9.92744026635,9.92744026635,9.92744026638,9.72716393282,8.46368445152,8.89688654812,9.11282320112,9.92744026662,9.9274402666,9.9274402666,9.92744026662,9.92744026629,9.42431411029,9.92744026679,8.89963617456,9.20879173399,9.27114099828,9.02076556798,9.92744026638,9.92744026638,9.92744026638,9.92744026638,9.92744026638,9.83017025918,9.92744026638,9.91892906077,9.92744026632,9.92744026618,9.92744026638,9.92744026638,9.92744026628,9.92744026628,6.98365995338,6.59232116928,10.03871216293,10.03871216293,10.03871216293,10.03871216286,10.03871216286,10.03871216286,10.0387121629,10.0387121629,10.03871216295,10.03871216295,10.03871216288,10.03871216311,10.03871216311,10.03871216252,10.03871216252,10.03871216248,8.95625095093,9.70377220295,10.03871216285,10.03871216285,9.30016018275,10.03871216279,10.03871216288,10.03871216288,8.81398016528,10.03871216278,9.98601233593,10.03871216266,9.92944034086,10.03871216263,9.94215871283,10.03871216284,10.03871216284,10.0387121628,9.70435118021,10.03871216281,10.03871216279,10.03871216279,10.03871216279,10.03871216279,10.03871216281,10.0387121628,10.0387121628,9.66901838934,10.03871216284,10.03871216284,10.03871216284,10.03871216284,10.03871216284,10.03871216284,9.83079204444,8.49230113724
"t124",7.26248572498,6.40495840179,7.51885590103,5.58035414563,4.55652623652,3.914465033325,3.914465033325,3.91446503333,2.18048279673,2.07927661458,1.89919383977,2.0015047427,2.381143864,1.43966347268,2.38114386401,2.38114386401,0,0.15281646336,0.21950210256,0.37475065187,0.374750651878,0.374750651878,0.374750651878,6.30333317383,6.58374914636,9.51172116306,9.92744026676,9.92744026676,9.92744026686,6.63821827953,6.89273517423,9.92744026703,9.92744026673,9.92744026673,9.92744026677,9.92744026677,9.927440266806,9.731995619106,9.92744026678,9.92744026673,9.92744026673,9.92744026677,9.92744026637,9.92744026673,9.927440266696,9.927440266696,9.419762288796,9.92744026615,9.92744026615,9.92744026615,9.92744026611,9.92744026611,9.92744026623,9.92744026623,9.9274402662,9.9274402662,9.9274402662,9.92744026623,9.72716393267,8.46368445137,8.89688654797,9.11282320097,9.92744026647,9.92744026645,9.92744026645,9.92744026647,9.92744026614,9.42431411014,9.92744026664,8.89963617441,9.20879173384,9.27114099813,9.02076556783,9.92744026623,9.92744026623,9.92744026623,9.92744026623,9.92744026623,9.83017025903,9.92744026623,9.91892906062,9.92744026617,9.92744026603,9.92744026623,9.92744026623,9.92744026613,9.92744026613,6.98365995323,6.59232116913,10.03871216278,10.03871216278,10.03871216278,10.03871216271,10.03871216271,10.03871216271,10.03871216275,10.03871216275,10.0387121628,10.0387121628,10.03871216273,10.03871216296,10.03871216296,10.03871216237,10.03871216237,10.03871216233,8.95625095078,9.7037722028,10.0387121627,10.0387121627,9.3001601826,10.03871216264,10.03871216273,10.03871216273,8.81398016513,10.03871216263,9.98601233578,10.03871216251,9.92944034071,10.03871216248,9.94215871268,10.03871216269,10.03871216269,10.03871216265,9.70435118006,10.03871216266,10.03871216264,10.03871216264,10.03871216264,10.03871216264,10.03871216266,10.03871216265,10.03871216265,9.66901838919,10.03871216269,10.03871216269,10.03871216269,10.03871216269,10.03871216269,10.03871216269,9.83079204429,8.49230113709
"t125",7.26248572498,6.40495840179,7.51885590103,5.58035414563,4.55652623652,3.914465033325,3.914465033325,3.91446503333,2.18048279673,2.07927661458,1.89919383977,2.0015047427,2.381143864,1.43966347268,2.38114386401,2.38114386401,0.15281646336,0,0.21950210256,0.37475065187,0.374750651878,0.374750651878,0.374750651878,6.30333317383,6.58374914636,9.51172116306,9.92744026676,9.92744026676,9.92744026686,6.63821827953,6.89273517423,9.92744026703,9.92744026673,9.92744026673,9.92744026677,9.92744026677,9.927440266806,9.731995619106,9.92744026678,9.92744026673,9.92744026673,9.92744026677,9.92744026637,9.92744026673,9.927440266696,9.927440266696,9.419762288796,9.92744026615,9.92744026615,9.92744026615,9.92744026611,9.92744026611,9.92744026623,9.92744026623,9.9274402662,9.9274402662,9.9274402662,9.92744026623,9.72716393267,8.46368445137,8.89688654797,9.11282320097,9.92744026647,9.92744026645,9.92744026645,9.92744026647,9.92744026614,9.42431411014,9.92744026664,8.89963617441,9.20879173384,9.27114099813,9.02076556783,9.92744026623,9.92744026623,9.92744026623,9.92744026623,9.92744026623,9.83017025903,9.92744026623,9.91892906062,9.92744026617,9.92744026603,9.92744026623,9.92744026623,9.92744026613,9.92744026613,6.98365995323,6.59232116913,10.03871216278,10.03871216278,10.03871216278,10.03871216271,10.03871216271,10.03871216271,10.03871216275,10.03871216275,10.0387121628,10.0387121628,10.03871216273,10.03871216296,10.03871216296,10.03871216237,10.03871216237,10.03871216233,8.95625095078,9.7037722028,10.0387121627,10.0387121627,9.3001601826,10.03871216264,10.03871216273,10.03871216273,8.81398016513,10.03871216263,9.98601233578,10.03871216251,9.92944034071,10.03871216248,9.94215871268,10.03871216269,10.03871216269,10.03871216265,9.70435118006,10.03871216266,10.03871216264,10.03871216264,10.03871216264,10.03871216264,10.03871216266,10.03871216265,10.03871216265,9.66901838919,10.03871216269,10.03871216269,10.03871216269,10.03871216269,10.03871216269,10.03871216269,9.83079204429,8.49230113709
"t115",7.26248572502,6.40495840183,7.51885590107,5.58035414567,4.55652623656,3.914465033365,3.914465033365,3.91446503337,2.18048279677,2.07927661462,1.89919383981,2.00150474274,2.38114386404,1.43966347272,2.38114386405,2.38114386405,0.21950210256,0.21950210256,0,0.37475065191,0.374750651918,0.374750651918,0.374750651918,6.30333317387,6.5837491464,9.5117211631,9.9274402668,9.9274402668,9.9274402669,6.63821827957,6.89273517427,9.92744026707,9.92744026677,9.92744026677,9.92744026681,9.92744026681,9.927440266846,9.731995619146,9.92744026682,9.92744026677,9.92744026677,9.92744026681,9.92744026641,9.92744026677,9.927440266736,9.927440266736,9.419762288836,9.92744026619,9.92744026619,9.92744026619,9.92744026615,9.92744026615,9.92744026627,9.92744026627,9.92744026624,9.92744026624,9.92744026624,9.92744026627,9.72716393271,8.46368445141,8.89688654801,9.11282320101,9.92744026651,9.92744026649,9.92744026649,9.92744026651,9.92744026618,9.42431411018,9.92744026668,8.89963617445,9.20879173388,9.27114099817,9.02076556787,9.92744026627,9.92744026627,9.92744026627,9.92744026627,9.92744026627,9.83017025907,9.92744026627,9.91892906066,9.92744026621,9.92744026607,9.92744026627,9.92744026627,9.92744026617,9.92744026617,6.98365995327,6.59232116917,10.03871216282,10.03871216282,10.03871216282,10.03871216275,10.03871216275,10.03871216275,10.03871216279,10.03871216279,10.03871216284,10.03871216284,10.03871216277,10.038712163,10.038712163,10.03871216241,10.03871216241,10.03871216237,8.95625095082,9.70377220284,10.03871216274,10.03871216274,9.30016018264,10.03871216268,10.03871216277,10.03871216277,8.81398016517,10.03871216267,9.98601233582,10.03871216255,9.92944034075,10.03871216252,9.94215871272,10.03871216273,10.03871216273,10.03871216269,9.7043511801,10.0387121627,10.03871216268,10.03871216268,10.03871216268,10.03871216268,10.0387121627,10.03871216269,10.03871216269,9.66901838923,10.03871216273,10.03871216273,10.03871216273,10.03871216273,10.03871216273,10.03871216273,9.83079204433,8.49230113713
