"","t134","t135","t68","t9","t58","t75","t76","t56","t55","t150","t151","t86","t8","t3","t6","t100","t139","t140","t83","t80","t103","t104","t13","t16","t116","t117","t69","t121","t122","t59","t47","t40","t99","t131","t132","t101","t88","t36","t118","t119","t87","t84","t70","t52","t53","t48","t91","t92","t152","t153","t29","t42","t125","t126","t28","t102","t141","t142","t143","t37","t38","t41","t106","t123","t124","t49","t93","t94","t43","t44","t154","t155","t65","t51","t62","t105","t111","t127","t128","t77","t60","t61","t30","t31","t97","t98","t14","t15","t19","t20","t95","t96","t136","t156","t157","t89","t72","t73","t74","t39","t54","t78","t79","t22","t5","t35","t67","t109","t110","t46","t23","t21","t27","t50","t112","t113","t90","t71","t148","t149","t45","t63","t64","t114","t115","t57","t85","t129","t130","t18","t7","t24","t25","t133","t144","t145","t17","t12","t137","t138","t66","t32","t107","t108","t10","t81","t82","t146","t147","t120","t26","t33","t34","t11","t4","t1","t2"
"t134",0,0.2548829124,1.6308503082,2.77313533,8.620888220922,8.032332267452,8.620888220922,8.620888220892,8.6208882209,8.62088822051,8.62088822051,8.3471459344,6.3031275989,6.1050917851,6.3425888157,9.3304998115,9.33049981155,9.33049981155,9.3304998115,9.0271736057,9.3304998115,9.3304998115,7.27429326139,9.3304998121,9.3304998122,9.18474690744,9.330499812,9.330499812,9.330499812,9.2550984373,9.3304998116,9.330499812,9.33049981191,9.33049981182,9.33049981182,9.33049981182,9.3304998119,9.33049981143,9.33049981191,9.33049981191,9.33049981191,9.05913888993,8.86184976293,9.33049981188,8.92663203068,8.29473014606,9.330499812,9.330499812,9.33049981197,9.33049981197,8.3978712508,9.3304998118,9.3304998123,9.3304998123,8.74245161967,9.33049981217,9.33049981215,9.33049981216,9.33049981216,9.33049981187,9.15681263187,8.35104678478,9.33049981188,9.33049981193,9.33049981193,8.57484453048,9.3304998119,9.3304998119,9.3304998118,9.3304998118,9.33049981194,9.33049981194,9.33049981188,9.33049981218,9.33049981188,9.33049981198,9.33049981192,9.3304998119,9.3304998119,9.07959072308,9.33049981188,9.33049981188,9.33049981218,8.41844095028,9.33049981228,9.33049981228,8.05181391838,7.61582146308,9.33049981198,8.58280281398,9.33049981192,9.33049981192,9.33049981202,9.3304998119617,9.3304998119617,9.33049981202,9.29819466742,9.33049981193,9.33049981193,8.61829586922,8.81277406442,9.33049981202,9.33049981202,9.33049981242,7.6397490638,7.99152827659,8.89322091519,9.25455043239,9.33049981199,8.32268763819,8.77074755019,7.6975319085,7.8980898574,9.10835916526,9.33049981188,9.33049981188,9.33049981188,9.33049981188,9.33049981188,9.33049981188,9.19155543685,9.33049981185,8.78456861135,9.33049981186,9.33049981186,8.6061653679,9.3304998119,9.3304998118,9.3304998118,7.48117504386,6.3012226799,7.6645870043,7.799817743,9.26825069766,9.33049981232,9.33049981232,9.330499812,7.4714745299,9.3304998115,9.3304998115,8.58134114783,8.3131545195,9.2770857502,9.3304998124,7.00776062691,9.1848839214,9.0669289721,9.33049981183,9.33049981183,9.3304998118,7.77905502508,8.5516322928,9.3304998115,7.3204166628,6.2691182615,5.25433632578,5.64239780788
"t135",0.2548829124,0,1.6308503082,2.77313533,8.620888220922,8.032332267452,8.620888220922,8.620888220892,8.6208882209,8.62088822051,8.62088822051,8.3471459344,6.3031275989,6.1050917851,6.3425888157,9.3304998115,9.33049981155,9.33049981155,9.3304998115,9.0271736057,9.3304998115,9.3304998115,7.27429326139,9.3304998121,9.3304998122,9.18474690744,9.330499812,9.330499812,9.330499812,9.2550984373,9.3304998116,9.330499812,9.33049981191,9.33049981182,9.33049981182,9.33049981182,9.3304998119,9.33049981143,9.33049981191,9.33049981191,9.33049981191,9.05913888993,8.86184976293,9.33049981188,8.92663203068,8.29473014606,9.330499812,9.330499812,9.33049981197,9.33049981197,8.3978712508,9.3304998118,9.3304998123,9.3304998123,8.74245161967,9.33049981217,9.33049981215,9.33049981216,9.33049981216,9.33049981187,9.15681263187,8.35104678478,9.33049981188,9.33049981193,9.33049981193,8.57484453048,9.3304998119,9.3304998119,9.3304998118,9.3304998118,9.33049981194,9.33049981194,9.33049981188,9.33049981218,9.33049981188,9.33049981198,9.33049981192,9.3304998119,9.3304998119,9.07959072308,9.33049981188,9.33049981188,9.33049981218,8.41844095028,9.33049981228,9.33049981228,8.05181391838,7.61582146308,9.33049981198,8.58280281398,9.33049981192,9.33049981192,9.33049981202,9.3304998119617,9.3304998119617,9.33049981202,9.29819466742,9.33049981193,9.33049981193,8.61829586922,8.81277406442,9.33049981202,9.33049981202,9.33049981242,7.6397490638,7.99152827659,8.89322091519,9.25455043239,9.33049981199,8.32268763819,8.77074755019,7.6975319085,7.8980898574,9.10835916526,9.33049981188,9.33049981188,9.33049981188,9.33049981188,9.33049981188,9.33049981188,9.19155543685,9.33049981185,8.78456861135,9.33049981186,9.33049981186,8.6061653679,9.3304998119,9.3304998118,9.3304998118,7.48117504386,6.3012226799,7.6645870043,7.799817743,9.26825069766,9.33049981232,9.33049981232,9.330499812,7.4714745299,9.3304998115,9.3304998115,8.58134114783,8.3131545195,9.2770857502,9.3304998124,7.00776062691,9.1848839214,9.0669289721,9.33049981183,9.33049981183,9.3304998118,7.77905502508,8.5516322928,9.3304998115,7.3204166628,6.2691182615,5.25433632578,5.64239780788
"t68",1.6308503082,1.6308503082,0,2.77313533,8.620888220922,8.032332267452,8.620888220922,8.620888220892,8.6208882209,8.62088822051,8.62088822051,8.3471459344,6.3031275989,6.1050917851,6.3425888157,9.3304998115,9.33049981155,9.33049981155,9.3304998115,9.0271736057,9.3304998115,9.3304998115,7.27429326139,9.3304998121,9.3304998122,9.18474690744,9.330499812,9.330499812,9.330499812,9.2550984373,9.3304998116,9.330499812,9.33049981191,9.33049981182,9.33049981182,9.33049981182,9.3304998119,9.33049981143,9.33049981191,9.33049981191,9.33049981191,9.05913888993,8.86184976293,9.33049981188,8.92663203068,8.29473014606,9.330499812,9.330499812,9.33049981197,9.33049981197,8.3978712508,9.3304998118,9.3304998123,9.3304998123,8.74245161967,9.33049981217,9.33049981215,9.33049981216,9.33049981216,9.33049981187,9.15681263187,8.35104678478,9.33049981188,9.33049981193,9.33049981193,8.57484453048,9.3304998119,9.3304998119,9.3304998118,9.3304998118,9.33049981194,9.33049981194,9.33049981188,9.33049981218,9.33049981188,9.33049981198,9.33049981192,9.3304998119,9.3304998119,9.07959072308,9.33049981188,9.33049981188,9.33049981218,8.41844095028,9.33049981228,9.33049981228,8.05181391838,7.61582146308,9.33049981198,8.58280281398,9.33049981192,9.33049981192,9.33049981202,9.3304998119617,9.3304998119617,9.33049981202,9.29819466742,9.33049981193,9.33049981193,8.61829586922,8.81277406442,9.33049981202,9.33049981202,9.33049981242,7.6397490638,7.99152827659,8.89322091519,9.25455043239,9.33049981199,8.32268763819,8.77074755019,7.6975319085,7.8980898574,9.10835916526,9.33049981188,9.33049981188,9.33049981188,9.33049981188,9.33049981188,9.33049981188,9.19155543685,9.33049981185,8.78456861135,9.33049981186,9.33049981186,8.6061653679,9.3304998119,9.3304998118,9.3304998118,7.48117504386,6.3012226799,7.6645870043,7.799817743,9.26825069766,9.33049981232,9.33049981232,9.330499812,7.4714745299,9.3304998115,9.3304998115,8.58134114783,8.3131545195,9.2770857502,9.3304998124,7.00776062691,9.1848839214,9.0669289721,9.33049981183,9.33049981183,9.3304998118,7.77905502508,8.5516322928,9.3304998115,7.3204166628,6.2691182615,5.25433632578,5.64239780788
"t9",2.77313533,2.77313533,2.77313533,0,6.635929348722,6.047373395252,6.635929348722,6.635929348692,6.6359293487,6.63592934831,6.63592934831,6.3621870622,4.3181687267,4.1201329129,4.3576299435,7.3455409393,7.34554093935,7.34554093935,7.3455409393,7.0422147335,7.3455409393,7.3455409393,5.28933438919,7.3455409399,7.34554094,7.19978803524,7.3455409398,7.3455409398,7.3455409398,7.2701395651,7.3455409394,7.3455409398,7.34554093971,7.34554093962,7.34554093962,7.34554093962,7.3455409397,7.34554093923,7.34554093971,7.34554093971,7.34554093971,7.07418001773,6.87689089073,7.34554093968,6.94167315848,6.30977127386,7.3455409398,7.3455409398,7.34554093977,7.34554093977,6.4129123786,7.3455409396,7.3455409401,7.3455409401,6.75749274747,7.34554093997,7.34554093995,7.34554093996,7.34554093996,7.34554093967,7.17185375967,6.36608791258,7.34554093968,7.34554093973,7.34554093973,6.58988565828,7.3455409397,7.3455409397,7.3455409396,7.3455409396,7.34554093974,7.34554093974,7.34554093968,7.34554093998,7.34554093968,7.34554093978,7.34554093972,7.3455409397,7.3455409397,7.09463185088,7.34554093968,7.34554093968,7.34554093998,6.43348207808,7.34554094008,7.34554094008,6.06685504618,5.63086259088,7.34554093978,6.59784394178,7.34554093972,7.34554093972,7.34554093982,7.3455409397617,7.3455409397617,7.34554093982,7.31323579522,7.34554093973,7.34554093973,6.63333699702,6.82781519222,7.34554093982,7.34554093982,7.34554094022,5.6547901916,6.00656940439,6.90826204299,7.26959156019,7.34554093979,6.33772876599,6.78578867799,5.7125730363,5.9131309852,7.12340029306,7.34554093968,7.34554093968,7.34554093968,7.34554093968,7.34554093968,7.34554093968,7.20659656465,7.34554093965,6.79960973915,7.34554093966,7.34554093966,6.6212064957,7.3455409397,7.3455409396,7.3455409396,5.49621617166,4.3162638077,5.6796281321,5.8148588708,7.28329182546,7.34554094012,7.34554094012,7.3455409398,5.4865156577,7.3455409393,7.3455409393,6.59638227563,6.3281956473,7.292126878,7.3455409402,5.02280175471,7.1999250492,7.0819700999,7.34554093963,7.34554093963,7.3455409396,5.79409615288,6.5666734206,7.3455409393,5.3354577906,4.2841593893,3.26937745358,3.65743893568
"t58",8.620888220922,8.620888220922,8.620888220922,6.635929348722,0,1.34761522793,1.9361711814,1.96441112363,1.978442176222,3.317299143232,3.317299143232,3.043556857122,3.388758675622,6.105091785822,6.342588816422,9.330499812222,9.330499812272,9.330499812272,9.330499812222,9.027173606422,9.330499812222,9.330499812222,7.274293262112,9.330499812822,9.330499812922,9.184746908162,9.330499812722,9.330499812722,9.330499812722,9.255098438022,9.330499812322,9.330499812722,9.330499812632,9.330499812542,9.330499812542,9.330499812542,9.330499812622,9.330499812152,9.330499812632,9.330499812632,9.330499812632,9.059138890652,8.861849763652,9.330499812602,8.926632031402,8.294730146782,9.330499812722,9.330499812722,9.330499812692,9.330499812692,8.397871251522,9.330499812522,9.330499813022,9.330499813022,8.742451620392,9.330499812892,9.330499812872,9.330499812882,9.330499812882,9.330499812592,9.156812632592,8.351046785502,9.330499812602,9.330499812652,9.330499812652,8.574844531202,9.330499812622,9.330499812622,9.330499812522,9.330499812522,9.330499812662,9.330499812662,9.330499812602,9.330499812902,9.330499812602,9.330499812702,9.330499812642,9.330499812622,9.330499812622,9.079590723802,9.330499812602,9.330499812602,9.330499812902,8.418440951002,9.330499813002,9.330499813002,8.051813919102,7.615821463802,9.330499812702,8.582802814702,9.330499812642,9.330499812642,9.330499812742,9.3304998126837,9.3304998126837,9.330499812742,9.298194668142,9.330499812652,9.330499812652,8.618295869942,8.812774065142,9.330499812742,9.330499812742,9.330499813142,7.639749064522,7.991528277312,8.893220915912,9.254550433112,9.330499812712,8.322687638912,8.770747550912,7.697531909222,7.898089858122,9.108359165982,9.330499812602,9.330499812602,9.330499812602,9.330499812602,9.330499812602,9.330499812602,9.191555437572,9.330499812572,8.784568612072,9.330499812582,9.330499812582,8.606165368622,9.330499812622,9.330499812522,9.330499812522,7.481175044582,6.301222680622,7.664587005022,7.799817743722,9.268250698382,9.330499813042,9.330499813042,9.330499812722,7.471474530622,9.330499812222,9.330499812222,8.581341148552,8.313154520222,9.277085750922,9.330499813122,7.007760627632,9.184883922122,9.066928972822,9.330499812552,9.330499812552,9.330499812522,7.779055025802,8.551632293522,9.330499812222,7.320416663522,6.269118262222,5.254336326502,5.642397808602
"t75",8.032332267452,8.032332267452,8.032332267452,6.047373395252,1.34761522793,0,0.66022079453,1.37585517016,1.389886222752,2.728743189762,2.728743189762,2.455000903652,2.800202722152,5.516535832352,5.754032862952,8.741943858752,8.741943858802,8.741943858802,8.741943858752,8.438617652952,8.741943858752,8.741943858752,6.685737308642,8.741943859352,8.741943859452,8.596190954692,8.741943859252,8.741943859252,8.741943859252,8.666542484552,8.741943858852,8.741943859252,8.741943859162,8.741943859072,8.741943859072,8.741943859072,8.741943859152,8.741943858682,8.741943859162,8.741943859162,8.741943859162,8.470582937182,8.273293810182,8.741943859132,8.338076077932,7.706174193312,8.741943859252,8.741943859252,8.741943859222,8.741943859222,7.809315298052,8.741943859052,8.741943859552,8.741943859552,8.153895666922,8.741943859422,8.741943859402,8.741943859412,8.741943859412,8.741943859122,8.568256679122,7.762490832032,8.741943859132,8.741943859182,8.741943859182,7.986288577732,8.741943859152,8.741943859152,8.741943859052,8.741943859052,8.741943859192,8.741943859192,8.741943859132,8.741943859432,8.741943859132,8.741943859232,8.741943859172,8.741943859152,8.741943859152,8.491034770332,8.741943859132,8.741943859132,8.741943859432,7.829884997532,8.741943859532,8.741943859532,7.463257965632,7.027265510332,8.741943859232,7.994246861232,8.741943859172,8.741943859172,8.741943859272,8.7419438592137,8.7419438592137,8.741943859272,8.709638714672,8.741943859182,8.741943859182,8.029739916472,8.224218111672,8.741943859272,8.741943859272,8.741943859672,7.051193111052,7.402972323842,8.304664962442,8.665994479642,8.741943859242,7.734131685442,8.182191597442,7.108975955752,7.309533904652,8.519803212512,8.741943859132,8.741943859132,8.741943859132,8.741943859132,8.741943859132,8.741943859132,8.602999484102,8.741943859102,8.196012658602,8.741943859112,8.741943859112,8.017609415152,8.741943859152,8.741943859052,8.741943859052,6.892619091112,5.712666727152,7.076031051552,7.211261790252,8.679694744912,8.741943859572,8.741943859572,8.741943859252,6.882918577152,8.741943858752,8.741943858752,7.992785195082,7.724598566752,8.688529797452,8.741943859652,6.419204674162,8.596327968652,8.478373019352,8.741943859082,8.741943859082,8.741943859052,7.190499072332,7.963076340052,8.741943858752,6.731860710052,5.680562308752,4.665780373032,5.053841855132
"t76",8.620888220922,8.620888220922,8.620888220922,6.635929348722,1.9361711814,0.66022079453,0,1.96441112363,1.978442176222,3.317299143232,3.317299143232,3.043556857122,3.388758675622,6.105091785822,6.342588816422,9.330499812222,9.330499812272,9.330499812272,9.330499812222,9.027173606422,9.330499812222,9.330499812222,7.274293262112,9.330499812822,9.330499812922,9.184746908162,9.330499812722,9.330499812722,9.330499812722,9.255098438022,9.330499812322,9.330499812722,9.330499812632,9.330499812542,9.330499812542,9.330499812542,9.330499812622,9.330499812152,9.330499812632,9.330499812632,9.330499812632,9.059138890652,8.861849763652,9.330499812602,8.926632031402,8.294730146782,9.330499812722,9.330499812722,9.330499812692,9.330499812692,8.397871251522,9.330499812522,9.330499813022,9.330499813022,8.742451620392,9.330499812892,9.330499812872,9.330499812882,9.330499812882,9.330499812592,9.156812632592,8.351046785502,9.330499812602,9.330499812652,9.330499812652,8.574844531202,9.330499812622,9.330499812622,9.330499812522,9.330499812522,9.330499812662,9.330499812662,9.330499812602,9.330499812902,9.330499812602,9.330499812702,9.330499812642,9.330499812622,9.330499812622,9.079590723802,9.330499812602,9.330499812602,9.330499812902,8.418440951002,9.330499813002,9.330499813002,8.051813919102,7.615821463802,9.330499812702,8.582802814702,9.330499812642,9.330499812642,9.330499812742,9.3304998126837,9.3304998126837,9.330499812742,9.298194668142,9.330499812652,9.330499812652,8.618295869942,8.812774065142,9.330499812742,9.330499812742,9.330499813142,7.639749064522,7.991528277312,8.893220915912,9.254550433112,9.330499812712,8.322687638912,8.770747550912,7.697531909222,7.898089858122,9.108359165982,9.330499812602,9.330499812602,9.330499812602,9.330499812602,9.330499812602,9.330499812602,9.191555437572,9.330499812572,8.784568612072,9.330499812582,9.330499812582,8.606165368622,9.330499812622,9.330499812522,9.330499812522,7.481175044582,6.301222680622,7.664587005022,7.799817743722,9.268250698382,9.330499813042,9.330499813042,9.330499812722,7.471474530622,9.330499812222,9.330499812222,8.581341148552,8.313154520222,9.277085750922,9.330499813122,7.007760627632,9.184883922122,9.066928972822,9.330499812552,9.330499812552,9.330499812522,7.779055025802,8.551632293522,9.330499812222,7.320416663522,6.269118262222,5.254336326502,5.642397808602
"t56",8.620888220892,8.620888220892,8.620888220892,6.635929348692,1.96441112363,1.37585517016,1.96441112363,0,1.978442176192,3.317299143202,3.317299143202,3.043556857092,3.388758675592,6.105091785792,6.342588816392,9.330499812192,9.330499812242,9.330499812242,9.330499812192,9.027173606392,9.330499812192,9.330499812192,7.274293262082,9.330499812792,9.330499812892,9.184746908132,9.330499812692,9.330499812692,9.330499812692,9.255098437992,9.330499812292,9.330499812692,9.330499812602,9.330499812512,9.330499812512,9.330499812512,9.330499812592,9.330499812122,9.330499812602,9.330499812602,9.330499812602,9.059138890622,8.861849763622,9.330499812572,8.926632031372,8.294730146752,9.330499812692,9.330499812692,9.330499812662,9.330499812662,8.397871251492,9.330499812492,9.330499812992,9.330499812992,8.742451620362,9.330499812862,9.330499812842,9.330499812852,9.330499812852,9.330499812562,9.156812632562,8.351046785472,9.330499812572,9.330499812622,9.330499812622,8.574844531172,9.330499812592,9.330499812592,9.330499812492,9.330499812492,9.330499812632,9.330499812632,9.330499812572,9.330499812872,9.330499812572,9.330499812672,9.330499812612,9.330499812592,9.330499812592,9.079590723772,9.330499812572,9.330499812572,9.330499812872,8.418440950972,9.330499812972,9.330499812972,8.051813919072,7.615821463772,9.330499812672,8.582802814672,9.330499812612,9.330499812612,9.330499812712,9.3304998126537,9.3304998126537,9.330499812712,9.298194668112,9.330499812622,9.330499812622,8.618295869912,8.812774065112,9.330499812712,9.330499812712,9.330499813112,7.639749064492,7.991528277282,8.893220915882,9.254550433082,9.330499812682,8.322687638882,8.770747550882,7.697531909192,7.898089858092,9.108359165952,9.330499812572,9.330499812572,9.330499812572,9.330499812572,9.330499812572,9.330499812572,9.191555437542,9.330499812542,8.784568612042,9.330499812552,9.330499812552,8.606165368592,9.330499812592,9.330499812492,9.330499812492,7.481175044552,6.301222680592,7.664587004992,7.799817743692,9.268250698352,9.330499813012,9.330499813012,9.330499812692,7.471474530592,9.330499812192,9.330499812192,8.581341148522,8.313154520192,9.277085750892,9.330499813092,7.007760627602,9.184883922092,9.066928972792,9.330499812522,9.330499812522,9.330499812492,7.779055025772,8.551632293492,9.330499812192,7.320416663492,6.269118262192,5.254336326472,5.642397808572
"t55",8.6208882209,8.6208882209,8.6208882209,6.6359293487,1.978442176222,1.389886222752,1.978442176222,1.978442176192,0,3.31729914321,3.31729914321,3.0435568571,3.3887586756,6.1050917858,6.3425888164,9.3304998122,9.33049981225,9.33049981225,9.3304998122,9.0271736064,9.3304998122,9.3304998122,7.27429326209,9.3304998128,9.3304998129,9.18474690814,9.3304998127,9.3304998127,9.3304998127,9.255098438,9.3304998123,9.3304998127,9.33049981261,9.33049981252,9.33049981252,9.33049981252,9.3304998126,9.33049981213,9.33049981261,9.33049981261,9.33049981261,9.05913889063,8.86184976363,9.33049981258,8.92663203138,8.29473014676,9.3304998127,9.3304998127,9.33049981267,9.33049981267,8.3978712515,9.3304998125,9.330499813,9.330499813,8.74245162037,9.33049981287,9.33049981285,9.33049981286,9.33049981286,9.33049981257,9.15681263257,8.35104678548,9.33049981258,9.33049981263,9.33049981263,8.57484453118,9.3304998126,9.3304998126,9.3304998125,9.3304998125,9.33049981264,9.33049981264,9.33049981258,9.33049981288,9.33049981258,9.33049981268,9.33049981262,9.3304998126,9.3304998126,9.07959072378,9.33049981258,9.33049981258,9.33049981288,8.41844095098,9.33049981298,9.33049981298,8.05181391908,7.61582146378,9.33049981268,8.58280281468,9.33049981262,9.33049981262,9.33049981272,9.3304998126617,9.3304998126617,9.33049981272,9.29819466812,9.33049981263,9.33049981263,8.61829586992,8.81277406512,9.33049981272,9.33049981272,9.33049981312,7.6397490645,7.99152827729,8.89322091589,9.25455043309,9.33049981269,8.32268763889,8.77074755089,7.6975319092,7.8980898581,9.10835916596,9.33049981258,9.33049981258,9.33049981258,9.33049981258,9.33049981258,9.33049981258,9.19155543755,9.33049981255,8.78456861205,9.33049981256,9.33049981256,8.6061653686,9.3304998126,9.3304998125,9.3304998125,7.48117504456,6.3012226806,7.664587005,7.7998177437,9.26825069836,9.33049981302,9.33049981302,9.3304998127,7.4714745306,9.3304998122,9.3304998122,8.58134114853,8.3131545202,9.2770857509,9.3304998131,7.00776062761,9.1848839221,9.0669289728,9.33049981253,9.33049981253,9.3304998125,7.77905502578,8.5516322935,9.3304998122,7.3204166635,6.2691182622,5.25433632648,5.64239780858
"t150",8.62088822051,8.62088822051,8.62088822051,6.63592934831,3.317299143232,2.728743189762,3.317299143232,3.317299143202,3.31729914321,0,0.03807477222,0.72647357871,3.38875867521,6.10509178541,6.34258881601,9.33049981181,9.33049981186,9.33049981186,9.33049981181,9.02717360601,9.33049981181,9.33049981181,7.2742932617,9.33049981241,9.33049981251,9.18474690775,9.33049981231,9.33049981231,9.33049981231,9.25509843761,9.33049981191,9.33049981231,9.33049981222,9.33049981213,9.33049981213,9.33049981213,9.33049981221,9.33049981174,9.33049981222,9.33049981222,9.33049981222,9.05913889024,8.86184976324,9.33049981219,8.92663203099,8.29473014637,9.33049981231,9.33049981231,9.33049981228,9.33049981228,8.39787125111,9.33049981211,9.33049981261,9.33049981261,8.74245161998,9.33049981248,9.33049981246,9.33049981247,9.33049981247,9.33049981218,9.15681263218,8.35104678509,9.33049981219,9.33049981224,9.33049981224,8.57484453079,9.33049981221,9.33049981221,9.33049981211,9.33049981211,9.33049981225,9.33049981225,9.33049981219,9.33049981249,9.33049981219,9.33049981229,9.33049981223,9.33049981221,9.33049981221,9.07959072339,9.33049981219,9.33049981219,9.33049981249,8.41844095059,9.33049981259,9.33049981259,8.05181391869,7.61582146339,9.33049981229,8.58280281429,9.33049981223,9.33049981223,9.33049981233,9.3304998122717,9.3304998122717,9.33049981233,9.29819466773,9.33049981224,9.33049981224,8.61829586953,8.81277406473,9.33049981233,9.33049981233,9.33049981273,7.63974906411,7.9915282769,8.8932209155,9.2545504327,9.3304998123,8.3226876385,8.7707475505,7.69753190881,7.89808985771,9.10835916557,9.33049981219,9.33049981219,9.33049981219,9.33049981219,9.33049981219,9.33049981219,9.19155543716,9.33049981216,8.78456861166,9.33049981217,9.33049981217,8.60616536821,9.33049981221,9.33049981211,9.33049981211,7.48117504417,6.30122268021,7.66458700461,7.79981774331,9.26825069797,9.33049981263,9.33049981263,9.33049981231,7.47147453021,9.33049981181,9.33049981181,8.58134114814,8.31315451981,9.27708575051,9.33049981271,7.00776062722,9.18488392171,9.06692897241,9.33049981214,9.33049981214,9.33049981211,7.77905502539,8.55163229311,9.33049981181,7.32041666311,6.26911826181,5.25433632609,5.64239780819
"t151",8.62088822051,8.62088822051,8.62088822051,6.63592934831,3.317299143232,2.728743189762,3.317299143232,3.317299143202,3.31729914321,0.03807477222,0,0.72647357871,3.38875867521,6.10509178541,6.34258881601,9.33049981181,9.33049981186,9.33049981186,9.33049981181,9.02717360601,9.33049981181,9.33049981181,7.2742932617,9.33049981241,9.33049981251,9.18474690775,9.33049981231,9.33049981231,9.33049981231,9.25509843761,9.33049981191,9.33049981231,9.33049981222,9.33049981213,9.33049981213,9.33049981213,9.33049981221,9.33049981174,9.33049981222,9.33049981222,9.33049981222,9.05913889024,8.86184976324,9.33049981219,8.92663203099,8.29473014637,9.33049981231,9.33049981231,9.33049981228,9.33049981228,8.39787125111,9.33049981211,9.33049981261,9.33049981261,8.74245161998,9.33049981248,9.33049981246,9.33049981247,9.33049981247,9.33049981218,9.15681263218,8.35104678509,9.33049981219,9.33049981224,9.33049981224,8.57484453079,9.33049981221,9.33049981221,9.33049981211,9.33049981211,9.33049981225,9.33049981225,9.33049981219,9.33049981249,9.33049981219,9.33049981229,9.33049981223,9.33049981221,9.33049981221,9.07959072339,9.33049981219,9.33049981219,9.33049981249,8.41844095059,9.33049981259,9.33049981259,8.05181391869,7.61582146339,9.33049981229,8.58280281429,9.33049981223,9.33049981223,9.33049981233,9.3304998122717,9.3304998122717,9.33049981233,9.29819466773,9.33049981224,9.33049981224,8.61829586953,8.81277406473,9.33049981233,9.33049981233,9.33049981273,7.63974906411,7.9915282769,8.8932209155,9.2545504327,9.3304998123,8.3226876385,8.7707475505,7.69753190881,7.89808985771,9.10835916557,9.33049981219,9.33049981219,9.33049981219,9.33049981219,9.33049981219,9.33049981219,9.19155543716,9.33049981216,8.78456861166,9.33049981217,9.33049981217,8.60616536821,9.33049981221,9.33049981211,9.33049981211,7.48117504417,6.30122268021,7.66458700461,7.79981774331,9.26825069797,9.33049981263,9.33049981263,9.33049981231,7.47147453021,9.33049981181,9.33049981181,8.58134114814,8.31315451981,9.27708575051,9.33049981271,7.00776062722,9.18488392171,9.06692897241,9.33049981214,9.33049981214,9.33049981211,7.77905502539,8.55163229311,9.33049981181,7.32041666311,6.26911826181,5.25433632609,5.64239780819
"t86",8.3471459344,8.3471459344,8.3471459344,6.3621870622,3.043556857122,2.455000903652,3.043556857122,3.043556857092,3.0435568571,0.72647357871,0.72647357871,0,3.1150163891,5.8313494993,6.0688465299,9.0567575257,9.05675752575,9.05675752575,9.0567575257,8.7534313199,9.0567575257,9.0567575257,7.00055097559,9.0567575263,9.0567575264,8.91100462164,9.0567575262,9.0567575262,9.0567575262,8.9813561515,9.0567575258,9.0567575262,9.05675752611,9.05675752602,9.05675752602,9.05675752602,9.0567575261,9.05675752563,9.05675752611,9.05675752611,9.05675752611,8.78539660413,8.58810747713,9.05675752608,8.65288974488,8.02098786026,9.0567575262,9.0567575262,9.05675752617,9.05675752617,8.124128965,9.056757526,9.0567575265,9.0567575265,8.46870933387,9.05675752637,9.05675752635,9.05675752636,9.05675752636,9.05675752607,8.88307034607,8.07730449898,9.05675752608,9.05675752613,9.05675752613,8.30110224468,9.0567575261,9.0567575261,9.056757526,9.056757526,9.05675752614,9.05675752614,9.05675752608,9.05675752638,9.05675752608,9.05675752618,9.05675752612,9.0567575261,9.0567575261,8.80584843728,9.05675752608,9.05675752608,9.05675752638,8.14469866448,9.05675752648,9.05675752648,7.77807163258,7.34207917728,9.05675752618,8.30906052818,9.05675752612,9.05675752612,9.05675752622,9.0567575261617,9.0567575261617,9.05675752622,9.02445238162,9.05675752613,9.05675752613,8.34455358342,8.53903177862,9.05675752622,9.05675752622,9.05675752662,7.366006778,7.71778599079,8.61947862939,8.98080814659,9.05675752619,8.04894535239,8.49700526439,7.4237896227,7.6243475716,8.83461687946,9.05675752608,9.05675752608,9.05675752608,9.05675752608,9.05675752608,9.05675752608,8.91781315105,9.05675752605,8.51082632555,9.05675752606,9.05675752606,8.3324230821,9.0567575261,9.056757526,9.056757526,7.20743275806,6.0274803941,7.3908447185,7.5260754572,8.99450841186,9.05675752652,9.05675752652,9.0567575262,7.1977322441,9.0567575257,9.0567575257,8.30759886203,8.0394122337,9.0033434644,9.0567575266,6.73401834111,8.9111416356,8.7931866863,9.05675752603,9.05675752603,9.056757526,7.50531273928,8.277890007,9.0567575257,7.046674377,5.9953759757,4.98059403998,5.36865552208
"t8",6.3031275989,6.3031275989,6.3031275989,4.3181687267,3.388758675622,2.800202722152,3.388758675622,3.388758675592,3.3887586756,3.38875867521,3.38875867521,3.1150163891,0,3.7873311638,4.0248281944,7.0127391902,7.01273919025,7.01273919025,7.0127391902,6.7094129844,7.0127391902,7.0127391902,4.95653264009,7.0127391908,7.0127391909,6.86698628614,7.0127391907,7.0127391907,7.0127391907,6.937337816,7.0127391903,7.0127391907,7.01273919061,7.01273919052,7.01273919052,7.01273919052,7.0127391906,7.01273919013,7.01273919061,7.01273919061,7.01273919061,6.74137826863,6.54408914163,7.01273919058,6.60887140938,5.97696952476,7.0127391907,7.0127391907,7.01273919067,7.01273919067,6.0801106295,7.0127391905,7.012739191,7.012739191,6.42469099837,7.01273919087,7.01273919085,7.01273919086,7.01273919086,7.01273919057,6.83905201057,6.03328616348,7.01273919058,7.01273919063,7.01273919063,6.25708390918,7.0127391906,7.0127391906,7.0127391905,7.0127391905,7.01273919064,7.01273919064,7.01273919058,7.01273919088,7.01273919058,7.01273919068,7.01273919062,7.0127391906,7.0127391906,6.76183010178,7.01273919058,7.01273919058,7.01273919088,6.10068032898,7.01273919098,7.01273919098,5.73405329708,5.29806084178,7.01273919068,6.26504219268,7.01273919062,7.01273919062,7.01273919072,7.0127391906617,7.0127391906617,7.01273919072,6.98043404612,7.01273919063,7.01273919063,6.30053524792,6.49501344312,7.01273919072,7.01273919072,7.01273919112,5.3219884425,5.67376765529,6.57546029389,6.93678981109,7.01273919069,6.00492701689,6.45298692889,5.3797712872,5.5803292361,6.79059854396,7.01273919058,7.01273919058,7.01273919058,7.01273919058,7.01273919058,7.01273919058,6.87379481555,7.01273919055,6.46680799005,7.01273919056,7.01273919056,6.2884047466,7.0127391906,7.0127391905,7.0127391905,5.16341442256,3.9834620586,5.346826383,5.4820571217,6.95049007636,7.01273919102,7.01273919102,7.0127391907,5.1537139086,7.0127391902,7.0127391902,6.26358052653,5.9953938982,6.9593251289,7.0127391911,4.69000000561,6.8671233001,6.7491683508,7.01273919053,7.01273919053,7.0127391905,5.46129440378,6.2338716715,7.0127391902,5.0026560415,3.9513576402,2.93657570448,3.32463718658
"t3",6.1050917851,6.1050917851,6.1050917851,4.1201329129,6.105091785822,5.516535832352,6.105091785822,6.105091785792,6.1050917858,6.10509178541,6.10509178541,5.8313494993,3.7873311638,0,0.9695415292,3.957452525,3.95745252505,3.95745252505,3.957452525,3.6541263192,3.957452525,3.957452525,1.90124597489,3.9574525256,3.9574525257,3.81169962094,3.9574525255,3.9574525255,3.9574525255,3.8820511508,3.9574525251,3.9574525255,3.95745252541,3.95745252532,3.95745252532,3.95745252532,3.9574525254,3.95745252493,3.95745252541,3.95745252541,3.95745252541,3.68609160343,3.48880247643,3.95745252538,3.55358474418,2.92168285956,3.9574525255,3.9574525255,3.95745252547,3.95745252547,3.0248239643,3.9574525253,3.9574525258,3.9574525258,3.36940433317,3.95745252567,3.95745252565,3.95745252566,3.95745252566,3.95745252537,3.78376534537,2.97799949828,3.95745252538,3.95745252543,3.95745252543,3.20179724398,3.9574525254,3.9574525254,5.6966840005,5.6966840005,5.69668400064,5.69668400064,5.69668400058,5.69668400088,5.69668400058,5.69668400068,5.69668400062,5.6966840006,5.6966840006,5.44577491178,5.69668400058,5.69668400058,5.69668400088,4.78462513898,5.69668400098,5.69668400098,4.41799810708,3.98200565178,5.69668400068,4.94898700268,5.69668400062,5.69668400062,5.69668400072,5.6966840006617,5.6966840006617,5.69668400072,5.66437885612,5.69668400063,5.69668400063,4.98448005792,5.17895825312,5.69668400072,5.69668400072,5.69668400112,4.0059332525,4.35771246529,5.25940510389,5.62073462109,5.69668400069,4.68887182689,5.13693173889,4.0637160972,4.2642740461,5.47454335396,5.69668400058,5.69668400058,5.69668400058,5.69668400058,5.69668400058,5.69668400058,5.55773962555,5.69668400055,5.15075280005,5.69668400056,5.69668400056,4.9723495566,5.6966840006,5.6966840005,5.6966840005,3.84735923256,2.6674068686,4.030771193,4.1660019317,5.63443488636,5.69668400102,5.69668400102,5.6966840007,3.8376587186,5.6966840002,5.6966840002,4.94752533653,4.6793387082,5.6432699389,5.6966840011,3.37394481561,5.5510681101,5.4331131608,5.69668400053,5.69668400053,5.6966840005,4.14523921378,4.9178164815,5.6966840002,3.6866008515,2.6353024502,1.99741889328,2.38548037538
"t6",6.3425888157,6.3425888157,6.3425888157,4.3576299435,6.342588816422,5.754032862952,6.342588816422,6.342588816392,6.3425888164,6.34258881601,6.34258881601,6.0688465299,4.0248281944,0.9695415292,0,3.6110065684,3.61100656845,3.61100656845,3.6110065684,3.3076803626,3.6110065684,3.6110065684,1.55480001829,3.611006569,3.6110065691,3.46525366434,3.6110065689,3.6110065689,3.6110065689,3.5356051942,3.6110065685,3.6110065689,3.61100656881,3.61100656872,3.61100656872,3.61100656872,3.6110065688,3.61100656833,3.61100656881,3.61100656881,3.61100656881,3.33964564683,3.14235651983,3.61100656878,3.20713878758,2.57523690296,3.6110065689,3.6110065689,3.61100656887,3.61100656887,2.6783780077,3.6110065687,3.6110065692,3.6110065692,3.02295837657,3.61100656907,3.61100656905,3.61100656906,3.61100656906,3.61100656877,3.43731938877,2.63155354168,3.61100656878,3.61100656883,3.61100656883,2.85535128738,3.6110065688,3.6110065688,5.9341810311,5.9341810311,5.93418103124,5.93418103124,5.93418103118,5.93418103148,5.93418103118,5.93418103128,5.93418103122,5.9341810312,5.9341810312,5.68327194238,5.93418103118,5.93418103118,5.93418103148,5.02212216958,5.93418103158,5.93418103158,4.65549513768,4.21950268238,5.93418103128,5.18648403328,5.93418103122,5.93418103122,5.93418103132,5.9341810312617,5.9341810312617,5.93418103132,5.90187588672,5.93418103123,5.93418103123,5.22197708852,5.41645528372,5.93418103132,5.93418103132,5.93418103172,4.2434302831,4.59520949589,5.49690213449,5.85823165169,5.93418103129,4.92636885749,5.37442876949,4.3012131278,4.5017710767,5.71204038456,5.93418103118,5.93418103118,5.93418103118,5.93418103118,5.93418103118,5.93418103118,5.79523665615,5.93418103115,5.38824983065,5.93418103116,5.93418103116,5.2098465872,5.9341810312,5.9341810311,5.9341810311,4.08485626316,2.9049038992,4.2682682236,4.4034989623,5.87193191696,5.93418103162,5.93418103162,5.9341810313,4.0751557492,5.9341810308,5.9341810308,5.18502236713,4.9168357388,5.8807669695,5.9341810317,3.61144184621,5.7885651407,5.6706101914,5.93418103113,5.93418103113,5.9341810311,4.38273624438,5.1553135121,5.9341810308,3.9240978821,2.8727994808,2.23491592388,2.62297740598
"t100",9.3304998115,9.3304998115,9.3304998115,7.3455409393,9.330499812222,8.741943858752,9.330499812222,9.330499812192,9.3304998122,9.33049981181,9.33049981181,9.0567575257,7.0127391902,3.957452525,3.6110065684,0,0.66467718265,0.66467718265,1.0867897794,2.2312270696,2.5345532754,2.5345532754,2.61854647929,4.67475303,4.6747530301,4.52900012534,4.6747530299,4.6747530299,4.6747530299,4.5993516552,4.6747530295,4.6747530299,4.67475302981,4.67475302972,4.67475302972,4.67475302972,4.6747530298,4.67475302933,4.67475302981,4.67475302981,4.67475302981,4.40339210783,4.20610298083,5.11018462018,4.70631683898,4.07441495436,5.1101846203,5.1101846203,5.11018462027,5.11018462027,4.1775560591,5.1101846201,5.1101846206,5.1101846206,4.52213642797,5.11018462047,5.11018462045,5.11018462046,5.11018462046,5.11018462017,4.93649744017,4.33619290068,5.31564592778,5.31564592783,5.31564592783,4.55999064638,5.3156459278,5.3156459278,8.9220920269,8.9220920269,8.92209202704,8.92209202704,8.92209202698,8.92209202728,8.92209202698,8.92209202708,8.92209202702,8.922092027,8.922092027,8.67118293818,8.92209202698,8.92209202698,8.92209202728,8.01003316538,8.92209202738,8.92209202738,7.64340613348,7.20741367818,8.92209202708,8.17439502908,8.92209202702,8.92209202702,8.92209202712,8.9220920270617,8.9220920270617,8.92209202712,8.88978688252,8.92209202703,8.92209202703,8.20988808432,8.40436627952,8.92209202712,8.92209202712,8.92209202752,7.2313412789,7.58312049169,8.48481313029,8.84614264749,8.92209202709,7.91427985329,8.36233976529,7.2891241236,7.4896820725,8.69995138036,8.92209202698,8.92209202698,8.92209202698,8.92209202698,8.92209202698,8.92209202698,8.78314765195,8.92209202695,8.37616082645,8.92209202696,8.92209202696,8.197757583,8.922092027,8.9220920269,8.9220920269,7.07276725896,5.892814895,7.2561792194,7.3914099581,8.85984291276,8.92209202742,8.92209202742,8.9220920271,7.063066745,8.9220920266,8.9220920266,8.17293336293,7.9047467346,8.8686779653,8.9220920275,6.59935284201,8.7764761365,8.6585211872,8.92209202693,8.92209202693,8.9220920269,7.37064724018,8.1432245079,8.9220920266,6.9120088779,5.8607104766,5.22282691968,5.61088840178
"t139",9.33049981155,9.33049981155,9.33049981155,7.34554093935,9.330499812272,8.741943858802,9.330499812272,9.330499812242,9.33049981225,9.33049981186,9.33049981186,9.05675752575,7.01273919025,3.95745252505,3.61100656845,0.66467718265,0,0.1867087749,1.08678977945,2.23122706965,2.53455327545,2.53455327545,2.61854647934,4.67475303005,4.67475303015,4.52900012539,4.67475302995,4.67475302995,4.67475302995,4.59935165525,4.67475302955,4.67475302995,4.67475302986,4.67475302977,4.67475302977,4.67475302977,4.67475302985,4.67475302938,4.67475302986,4.67475302986,4.67475302986,4.40339210788,4.20610298088,5.11018462023,4.70631683903,4.07441495441,5.11018462035,5.11018462035,5.11018462032,5.11018462032,4.17755605915,5.11018462015,5.11018462065,5.11018462065,4.52213642802,5.11018462052,5.1101846205,5.11018462051,5.11018462051,5.11018462022,4.93649744022,4.33619290073,5.31564592783,5.31564592788,5.31564592788,4.55999064643,5.31564592785,5.31564592785,8.92209202695,8.92209202695,8.92209202709,8.92209202709,8.92209202703,8.92209202733,8.92209202703,8.92209202713,8.92209202707,8.92209202705,8.92209202705,8.67118293823,8.92209202703,8.92209202703,8.92209202733,8.01003316543,8.92209202743,8.92209202743,7.64340613353,7.20741367823,8.92209202713,8.17439502913,8.92209202707,8.92209202707,8.92209202717,8.9220920271117,8.9220920271117,8.92209202717,8.88978688257,8.92209202708,8.92209202708,8.20988808437,8.40436627957,8.92209202717,8.92209202717,8.92209202757,7.23134127895,7.58312049174,8.48481313034,8.84614264754,8.92209202714,7.91427985334,8.36233976534,7.28912412365,7.48968207255,8.69995138041,8.92209202703,8.92209202703,8.92209202703,8.92209202703,8.92209202703,8.92209202703,8.783147652,8.922092027,8.3761608265,8.92209202701,8.92209202701,8.19775758305,8.92209202705,8.92209202695,8.92209202695,7.07276725901,5.89281489505,7.25617921945,7.39140995815,8.85984291281,8.92209202747,8.92209202747,8.92209202715,7.06306674505,8.92209202665,8.92209202665,8.17293336298,7.90474673465,8.86867796535,8.92209202755,6.59935284206,8.77647613655,8.65852118725,8.92209202698,8.92209202698,8.92209202695,7.37064724023,8.14322450795,8.92209202665,6.91200887795,5.86071047665,5.22282691973,5.61088840183
