"","t5","t9","t19","t20","t34","t81","t82","t140","t141","t88","t4","t6","t13","t103","t104","t68","t89","t90","t69","t44","t17","t11","t53","t54","t31","t35","t36","t55","t56","t41","t42","t100","t101","t22","t23","t18","t123","t124","t52","t50","t24","t43","t79","t80","t67","t119","t120","t62","t113","t114","t40","t37","t28","t117","t118","t78","t111","t112","t8","t63","t64","t33","t27","t26","t29","t30","t47","t48","t138","t139","t75","t108","t109","t77","t49","t128","t129","t74","t106","t107","t105","t16","t57","t132","t133","t110","t21","t58","t130","t131","t134","t135","t32","t14","t15","t51","t95","t96","t142","t143","t102","t136","t137","t76","t125","t126","t127","t72","t73","t115","t116","t98","t99","t83","t12","t97","t121","t122","t7","t10","t38","t59","t86","t87","t61","t39","t65","t66","t91","t92","t25","t144","t145","t70","t71","t60","t93","t94","t84","t85","t45","t46","t3","t2","t1"
"t5",0,0.57909239753,3.10698966663,3.10698966663,2.78345809128,3.00094860623,3.29568308748,3.29568308746,3.29568308746,3.29568308748,5.72595078851,6.93811080424,7.83140720024,8.44114454664,8.44114454664,8.44114454674,8.32272515994,8.44114454664,8.44114454674,8.44114454674,7.04799145054,6.39712901944,8.4411445473,8.2021897409,7.18730473311,7.387575474219,8.441144547279,8.4411445468,8.4411445468,7.63103759857,8.44114454697,8.39189847157,8.44114454727,6.72821683295,6.71000638598,7.79832468704,8.44114454689,8.44114454689,8.44114454689,8.44114454694,7.57420928364,8.4411445470596,8.4411445470596,8.4411445470596,8.44114454704,8.44114454704,8.44114454704,8.44114454693,8.44114454693,8.44114454693,7.55264524666,8.32634444443,8.44114454644,8.44114454694,8.44114454694,8.11281195698,8.44114454684,8.44114454684,6.27731255734,8.44114454644,8.44114454644,7.85454474884,7.29894206624,8.15797050344,8.44114454685,8.44114454685,8.44114454684,8.44114454684,8.44114454649,8.44114454649,8.44114454682,8.44114454689,8.44114454689,8.44114454679,8.17661297192,8.44114454684,8.44114454684,8.44114454682,8.441144546834,8.441144546834,8.39591911231,7.25976568881,8.44114454651,8.44114454645,8.44114454645,8.44114454651,7.28544563261,8.44114454701,8.441144547,8.441144547,8.44114454697,8.44114454697,7.74191830121,6.26692068824,6.40544349571,8.44114454689,8.44114454691,8.44114454691,8.44114454688,8.44114454688,8.44114454687,8.4411445468,8.4411445468,8.44114454686,8.44114454682,8.44114454682,8.44114454682,8.44114454696,8.44114454696,8.44114454689,8.44114454689,8.44114454689,8.44114454689,8.44114454689,6.24641343969,8.44114454641,8.44114454641,8.44114454641,5.97125006451,7.41319681251,8.44114454684,7.89498427444,8.44114454683,8.35014154833,8.44114454673,8.44114454703,8.44114454683,8.04602080163,8.44114454683,8.44114454683,8.44114454703,8.441144547096,8.441144547096,8.18314623893,8.44114454673,8.44114454663,8.24001960895,8.44114454673,8.44114454673,8.44114454673,7.91547753651,8.44114454671,5.07809719531,4.10438392391,3.33796076753
"t9",0.57909239753,0,2.7917534667,2.7917534667,3.22135019915,3.4388407141,3.73357519535,3.73357519533,3.73357519533,3.73357519535,6.16384289638,7.37600291211,8.26929930811,8.87903665451,8.87903665451,8.87903665461,8.76061726781,8.87903665451,8.87903665461,8.87903665461,7.48588355841,6.83502112731,8.87903665517,8.64008184877,7.62519684098,7.825467582089,8.879036655149,8.87903665467,8.87903665467,8.06892970644,8.87903665484,8.82979057944,8.87903665514,7.16610894082,7.14789849385,8.23621679491,8.87903665476,8.87903665476,8.87903665476,8.87903665481,8.01210139151,8.8790366549296,8.8790366549296,8.8790366549296,8.87903665491,8.87903665491,8.87903665491,8.8790366548,8.8790366548,8.8790366548,7.99053735453,8.7642365523,8.87903665431,8.87903665481,8.87903665481,8.55070406485,8.87903665471,8.87903665471,6.71520466521,8.87903665431,8.87903665431,8.29243685671,7.73683417411,8.59586261131,8.87903665472,8.87903665472,8.87903665471,8.87903665471,8.87903665436,8.87903665436,8.87903665469,8.87903665476,8.87903665476,8.87903665466,8.61450507979,8.87903665471,8.87903665471,8.87903665469,8.879036654704,8.879036654704,8.83381122018,7.69765779668,8.87903665438,8.87903665432,8.87903665432,8.87903665438,7.72333774048,8.87903665488,8.87903665487,8.87903665487,8.87903665484,8.87903665484,8.17981040908,6.70481279611,6.84333560358,8.87903665476,8.87903665478,8.87903665478,8.87903665475,8.87903665475,8.87903665474,8.87903665467,8.87903665467,8.87903665473,8.87903665469,8.87903665469,8.87903665469,8.87903665483,8.87903665483,8.87903665476,8.87903665476,8.87903665476,8.87903665476,8.87903665476,6.68430554756,8.87903665428,8.87903665428,8.87903665428,6.40914217238,7.85108892038,8.87903665471,8.33287638231,8.8790366547,8.7880336562,8.8790366546,8.8790366549,8.8790366547,8.4839129095,8.8790366547,8.8790366547,8.8790366549,8.879036654966,8.879036654966,8.6210383468,8.8790366546,8.8790366545,8.67791171682,8.8790366546,8.8790366546,8.8790366546,8.35336964438,8.87903665458,5.51598930318,4.54227603178,3.7758528754
"t19",3.10698966663,2.7917534667,0,3.676919332,5.74924746825,5.9667379832,6.26147246445,6.26147246443,6.26147246443,6.26147246445,8.69174016548,9.90390018121,10.79719657721,11.40693392361,11.40693392361,11.40693392371,11.28851453691,11.40693392361,11.40693392371,11.40693392371,10.01378082751,9.36291839641,11.40693392427,11.16797911787,10.15309411008,10.353364851189,11.406933924249,11.40693392377,11.40693392377,10.59682697554,11.40693392394,11.35768784854,11.40693392424,9.69400620992,9.67579576295,10.76411406401,11.40693392386,11.40693392386,11.40693392386,11.40693392391,10.53999866061,11.4069339240296,11.4069339240296,11.4069339240296,11.40693392401,11.40693392401,11.40693392401,11.4069339239,11.4069339239,11.4069339239,10.51843462363,11.2921338214,11.40693392341,11.40693392391,11.40693392391,11.07860133395,11.40693392381,11.40693392381,9.24310193431,11.40693392341,11.40693392341,10.82033412581,10.26473144321,11.12375988041,11.40693392382,11.40693392382,11.40693392381,11.40693392381,11.40693392346,11.40693392346,11.40693392379,11.40693392386,11.40693392386,11.40693392376,11.14240234889,11.40693392381,11.40693392381,11.40693392379,11.406933923804,11.406933923804,11.36170848928,10.22555506578,11.40693392348,11.40693392342,11.40693392342,11.40693392348,10.25123500958,11.40693392398,11.40693392397,11.40693392397,11.40693392394,11.40693392394,10.70770767818,9.23271006521,9.37123287268,11.40693392386,11.40693392388,11.40693392388,11.40693392385,11.40693392385,11.40693392384,11.40693392377,11.40693392377,11.40693392383,11.40693392379,11.40693392379,11.40693392379,11.40693392393,11.40693392393,11.40693392386,11.40693392386,11.40693392386,11.40693392386,11.40693392386,9.21220281666,11.40693392338,11.40693392338,11.40693392338,8.93703944148,10.37898618948,11.40693392381,10.86077365141,11.4069339238,11.3159309253,11.4069339237,11.406933924,11.4069339238,11.0118101786,11.4069339238,11.4069339238,11.406933924,11.406933924066,11.406933924066,11.1489356159,11.4069339237,11.4069339236,11.20580898592,11.4069339237,11.4069339237,11.4069339237,10.88126691348,11.40693392368,8.04388657228,7.07017330088,6.3037501445
"t20",3.10698966663,2.7917534667,3.676919332,0,5.74924746825,5.9667379832,6.26147246445,6.26147246443,6.26147246443,6.26147246445,8.69174016548,9.90390018121,10.79719657721,11.40693392361,11.40693392361,11.40693392371,11.28851453691,11.40693392361,11.40693392371,11.40693392371,10.01378082751,9.36291839641,11.40693392427,11.16797911787,10.15309411008,10.353364851189,11.406933924249,11.40693392377,11.40693392377,10.59682697554,11.40693392394,11.35768784854,11.40693392424,9.69400620992,9.67579576295,10.76411406401,11.40693392386,11.40693392386,11.40693392386,11.40693392391,10.53999866061,11.4069339240296,11.4069339240296,11.4069339240296,11.40693392401,11.40693392401,11.40693392401,11.4069339239,11.4069339239,11.4069339239,10.51843462363,11.2921338214,11.40693392341,11.40693392391,11.40693392391,11.07860133395,11.40693392381,11.40693392381,9.24310193431,11.40693392341,11.40693392341,10.82033412581,10.26473144321,11.12375988041,11.40693392382,11.40693392382,11.40693392381,11.40693392381,11.40693392346,11.40693392346,11.40693392379,11.40693392386,11.40693392386,11.40693392376,11.14240234889,11.40693392381,11.40693392381,11.40693392379,11.406933923804,11.406933923804,11.36170848928,10.22555506578,11.40693392348,11.40693392342,11.40693392342,11.40693392348,10.25123500958,11.40693392398,11.40693392397,11.40693392397,11.40693392394,11.40693392394,10.70770767818,9.23271006521,9.37123287268,11.40693392386,11.40693392388,11.40693392388,11.40693392385,11.40693392385,11.40693392384,11.40693392377,11.40693392377,11.40693392383,11.40693392379,11.40693392379,11.40693392379,11.40693392393,11.40693392393,11.40693392386,11.40693392386,11.40693392386,11.40693392386,11.40693392386,9.21220281666,11.40693392338,11.40693392338,11.40693392338,8.93703944148,10.37898618948,11.40693392381,10.86077365141,11.4069339238,11.3159309253,11.4069339237,11.406933924,11.4069339238,11.0118101786,11.4069339238,11.4069339238,11.406933924,11.406933924066,11.406933924066,11.1489356159,11.4069339237,11.4069339236,11.20580898592,11.4069339237,11.4069339237,11.4069339237,10.88126691348,11.40693392368,8.04388657228,7.07017330088,6.3037501445
"t34",2.78345809128,3.22135019915,5.74924746825,5.74924746825,0,1.49248338475,1.787217866,1.78721786598,1.78721786598,1.787217866,8.17951516903,9.39167518476,10.28497158076,10.89470892716,10.89470892716,10.89470892726,10.77628954046,10.89470892716,10.89470892726,10.89470892726,9.50155583106,8.85069339996,10.89470892782,10.65575412142,9.64086911363,9.841139854739,10.894708927799,10.89470892732,10.89470892732,10.08460197909,10.89470892749,10.84546285209,10.89470892779,9.18178121347,9.1635707665,10.25188906756,10.89470892741,10.89470892741,10.89470892741,10.89470892746,10.02777366416,10.8947089275796,10.8947089275796,10.8947089275796,10.89470892756,10.89470892756,10.89470892756,10.89470892745,10.89470892745,10.89470892745,10.00620962718,10.77990882495,10.89470892696,10.89470892746,10.89470892746,10.5663763375,10.89470892736,10.89470892736,8.73087693786,10.89470892696,10.89470892696,10.30810912936,9.75250644676,10.61153488396,10.89470892737,10.89470892737,10.89470892736,10.89470892736,10.89470892701,10.89470892701,10.89470892734,10.89470892741,10.89470892741,10.89470892731,10.63017735244,10.89470892736,10.89470892736,10.89470892734,10.894708927354,10.894708927354,10.84948349283,9.71333006933,10.89470892703,10.89470892697,10.89470892697,10.89470892703,9.73901001313,10.89470892753,10.89470892752,10.89470892752,10.89470892749,10.89470892749,10.19548268173,8.72048506876,8.85900787623,10.89470892741,10.89470892743,10.89470892743,10.8947089274,10.8947089274,10.89470892739,10.89470892732,10.89470892732,10.89470892738,10.89470892734,10.89470892734,10.89470892734,10.89470892748,10.89470892748,10.89470892741,10.89470892741,10.89470892741,10.89470892741,10.89470892741,8.69997782021,10.89470892693,10.89470892693,10.89470892693,8.42481444503,9.86676119303,10.89470892736,10.34854865496,10.89470892735,10.80370592885,10.89470892725,10.89470892755,10.89470892735,10.49958518215,10.89470892735,10.89470892735,10.89470892755,10.894708927616,10.894708927616,10.63671061945,10.89470892725,10.89470892715,10.69358398947,10.89470892725,10.89470892725,10.89470892725,10.36904191703,10.89470892723,7.53166157583,6.55794830443,5.79152514805
"t81",3.00094860623,3.4388407141,5.9667379832,5.9667379832,1.49248338475,0,0.42627843695,0.97082187773,0.97082187773,0.97082187775,8.39700568398,9.60916569971,10.50246209571,11.11219944211,11.11219944211,11.11219944221,10.99378005541,11.11219944211,11.11219944221,11.11219944221,9.71904634601,9.06818391491,11.11219944277,10.87324463637,9.85835962858,10.058630369689,11.112199442749,11.11219944227,11.11219944227,10.30209249404,11.11219944244,11.06295336704,11.11219944274,9.39927172842,9.38106128145,10.46937958251,11.11219944236,11.11219944236,11.11219944236,11.11219944241,10.24526417911,11.1121994425296,11.1121994425296,11.1121994425296,11.11219944251,11.11219944251,11.11219944251,11.1121994424,11.1121994424,11.1121994424,10.22370014213,10.9973993399,11.11219944191,11.11219944241,11.11219944241,10.78386685245,11.11219944231,11.11219944231,8.94836745281,11.11219944191,11.11219944191,10.52559964431,9.96999696171,10.82902539891,11.11219944232,11.11219944232,11.11219944231,11.11219944231,11.11219944196,11.11219944196,11.11219944229,11.11219944236,11.11219944236,11.11219944226,10.84766786739,11.11219944231,11.11219944231,11.11219944229,11.112199442304,11.112199442304,11.06697400778,9.93082058428,11.11219944198,11.11219944192,11.11219944192,11.11219944198,9.95650052808,11.11219944248,11.11219944247,11.11219944247,11.11219944244,11.11219944244,10.41297319668,8.93797558371,9.07649839118,11.11219944236,11.11219944238,11.11219944238,11.11219944235,11.11219944235,11.11219944234,11.11219944227,11.11219944227,11.11219944233,11.11219944229,11.11219944229,11.11219944229,11.11219944243,11.11219944243,11.11219944236,11.11219944236,11.11219944236,11.11219944236,11.11219944236,8.91746833516,11.11219944188,11.11219944188,11.11219944188,8.64230495998,10.08425170798,11.11219944231,10.56603916991,11.1121994423,11.0211964438,11.1121994422,11.1121994425,11.1121994423,10.7170756971,11.1121994423,11.1121994423,11.1121994425,11.112199442566,11.112199442566,10.8542011344,11.1121994422,11.1121994421,10.91107450442,11.1121994422,11.1121994422,11.1121994422,10.58653243198,11.11219944218,7.74915209078,6.77543881938,6.009015663
"t82",3.29568308748,3.73357519535,6.26147246445,6.26147246445,1.787217866,0.42627843695,0,1.26555635898,1.26555635898,1.265556359,8.69174016523,9.90390018096,10.79719657696,11.40693392336,11.40693392336,11.40693392346,11.28851453666,11.40693392336,11.40693392346,11.40693392346,10.01378082726,9.36291839616,11.40693392402,11.16797911762,10.15309410983,10.353364850939,11.406933923999,11.40693392352,11.40693392352,10.59682697529,11.40693392369,11.35768784829,11.40693392399,9.69400620967,9.6757957627,10.76411406376,11.40693392361,11.40693392361,11.40693392361,11.40693392366,10.53999866036,11.4069339237796,11.4069339237796,11.4069339237796,11.40693392376,11.40693392376,11.40693392376,11.40693392365,11.40693392365,11.40693392365,10.51843462338,11.29213382115,11.40693392316,11.40693392366,11.40693392366,11.0786013337,11.40693392356,11.40693392356,9.24310193406,11.40693392316,11.40693392316,10.82033412556,10.26473144296,11.12375988016,11.40693392357,11.40693392357,11.40693392356,11.40693392356,11.40693392321,11.40693392321,11.40693392354,11.40693392361,11.40693392361,11.40693392351,11.14240234864,11.40693392356,11.40693392356,11.40693392354,11.406933923554,11.406933923554,11.36170848903,10.22555506553,11.40693392323,11.40693392317,11.40693392317,11.40693392323,10.25123500933,11.40693392373,11.40693392372,11.40693392372,11.40693392369,11.40693392369,10.70770767793,9.23271006496,9.37123287243,11.40693392361,11.40693392363,11.40693392363,11.4069339236,11.4069339236,11.40693392359,11.40693392352,11.40693392352,11.40693392358,11.40693392354,11.40693392354,11.40693392354,11.40693392368,11.40693392368,11.40693392361,11.40693392361,11.40693392361,11.40693392361,11.40693392361,9.21220281641,11.40693392313,11.40693392313,11.40693392313,8.93703944123,10.37898618923,11.40693392356,10.86077365116,11.40693392355,11.31593092505,11.40693392345,11.40693392375,11.40693392355,11.01181017835,11.40693392355,11.40693392355,11.40693392375,11.406933923816,11.406933923816,11.14893561565,11.40693392345,11.40693392335,11.20580898567,11.40693392345,11.40693392345,11.40693392345,10.88126691323,11.40693392343,8.04388657203,7.07017330063,6.30375014425
"t140",3.29568308746,3.73357519533,6.26147246443,6.26147246443,1.78721786598,0.97082187773,1.26555635898,0,0.03139892056,0.52037885118,8.69174016521,9.90390018094,10.79719657694,11.40693392334,11.40693392334,11.40693392344,11.28851453664,11.40693392334,11.40693392344,11.40693392344,10.01378082724,9.36291839614,11.406933924,11.1679791176,10.15309410981,10.353364850919,11.406933923979,11.4069339235,11.4069339235,10.59682697527,11.40693392367,11.35768784827,11.40693392397,9.69400620965,9.67579576268,10.76411406374,11.40693392359,11.40693392359,11.40693392359,11.40693392364,10.53999866034,11.4069339237596,11.4069339237596,11.4069339237596,11.40693392374,11.40693392374,11.40693392374,11.40693392363,11.40693392363,11.40693392363,10.51843462336,11.29213382113,11.40693392314,11.40693392364,11.40693392364,11.07860133368,11.40693392354,11.40693392354,9.24310193404,11.40693392314,11.40693392314,10.82033412554,10.26473144294,11.12375988014,11.40693392355,11.40693392355,11.40693392354,11.40693392354,11.40693392319,11.40693392319,11.40693392352,11.40693392359,11.40693392359,11.40693392349,11.14240234862,11.40693392354,11.40693392354,11.40693392352,11.406933923534,11.406933923534,11.36170848901,10.22555506551,11.40693392321,11.40693392315,11.40693392315,11.40693392321,10.25123500931,11.40693392371,11.4069339237,11.4069339237,11.40693392367,11.40693392367,10.70770767791,9.23271006494,9.37123287241,11.40693392359,11.40693392361,11.40693392361,11.40693392358,11.40693392358,11.40693392357,11.4069339235,11.4069339235,11.40693392356,11.40693392352,11.40693392352,11.40693392352,11.40693392366,11.40693392366,11.40693392359,11.40693392359,11.40693392359,11.40693392359,11.40693392359,9.21220281639,11.40693392311,11.40693392311,11.40693392311,8.93703944121,10.37898618921,11.40693392354,10.86077365114,11.40693392353,11.31593092503,11.40693392343,11.40693392373,11.40693392353,11.01181017833,11.40693392353,11.40693392353,11.40693392373,11.406933923796,11.406933923796,11.14893561563,11.40693392343,11.40693392333,11.20580898565,11.40693392343,11.40693392343,11.40693392343,10.88126691321,11.40693392341,8.04388657201,7.07017330061,6.30375014423
"t141",3.29568308746,3.73357519533,6.26147246443,6.26147246443,1.78721786598,0.97082187773,1.26555635898,0.03139892056,0,0.52037885118,8.69174016521,9.90390018094,10.79719657694,11.40693392334,11.40693392334,11.40693392344,11.28851453664,11.40693392334,11.40693392344,11.40693392344,10.01378082724,9.36291839614,11.406933924,11.1679791176,10.15309410981,10.353364850919,11.406933923979,11.4069339235,11.4069339235,10.59682697527,11.40693392367,11.35768784827,11.40693392397,9.69400620965,9.67579576268,10.76411406374,11.40693392359,11.40693392359,11.40693392359,11.40693392364,10.53999866034,11.4069339237596,11.4069339237596,11.4069339237596,11.40693392374,11.40693392374,11.40693392374,11.40693392363,11.40693392363,11.40693392363,10.51843462336,11.29213382113,11.40693392314,11.40693392364,11.40693392364,11.07860133368,11.40693392354,11.40693392354,9.24310193404,11.40693392314,11.40693392314,10.82033412554,10.26473144294,11.12375988014,11.40693392355,11.40693392355,11.40693392354,11.40693392354,11.40693392319,11.40693392319,11.40693392352,11.40693392359,11.40693392359,11.40693392349,11.14240234862,11.40693392354,11.40693392354,11.40693392352,11.406933923534,11.406933923534,11.36170848901,10.22555506551,11.40693392321,11.40693392315,11.40693392315,11.40693392321,10.25123500931,11.40693392371,11.4069339237,11.4069339237,11.40693392367,11.40693392367,10.70770767791,9.23271006494,9.37123287241,11.40693392359,11.40693392361,11.40693392361,11.40693392358,11.40693392358,11.40693392357,11.4069339235,11.4069339235,11.40693392356,11.40693392352,11.40693392352,11.40693392352,11.40693392366,11.40693392366,11.40693392359,11.40693392359,11.40693392359,11.40693392359,11.40693392359,9.21220281639,11.40693392311,11.40693392311,11.40693392311,8.93703944121,10.37898618921,11.40693392354,10.86077365114,11.40693392353,11.31593092503,11.40693392343,11.40693392373,11.40693392353,11.01181017833,11.40693392353,11.40693392353,11.40693392373,11.406933923796,11.406933923796,11.14893561563,11.40693392343,11.40693392333,11.20580898565,11.40693392343,11.40693392343,11.40693392343,10.88126691321,11.40693392341,8.04388657201,7.07017330061,6.30375014423
"t88",3.29568308748,3.73357519535,6.26147246445,6.26147246445,1.787217866,0.97082187775,1.265556359,0.52037885118,0.52037885118,0,8.69174016523,9.90390018096,10.79719657696,11.40693392336,11.40693392336,11.40693392346,11.28851453666,11.40693392336,11.40693392346,11.40693392346,10.01378082726,9.36291839616,11.40693392402,11.16797911762,10.15309410983,10.353364850939,11.406933923999,11.40693392352,11.40693392352,10.59682697529,11.40693392369,11.35768784829,11.40693392399,9.69400620967,9.6757957627,10.76411406376,11.40693392361,11.40693392361,11.40693392361,11.40693392366,10.53999866036,11.4069339237796,11.4069339237796,11.4069339237796,11.40693392376,11.40693392376,11.40693392376,11.40693392365,11.40693392365,11.40693392365,10.51843462338,11.29213382115,11.40693392316,11.40693392366,11.40693392366,11.0786013337,11.40693392356,11.40693392356,9.24310193406,11.40693392316,11.40693392316,10.82033412556,10.26473144296,11.12375988016,11.40693392357,11.40693392357,11.40693392356,11.40693392356,11.40693392321,11.40693392321,11.40693392354,11.40693392361,11.40693392361,11.40693392351,11.14240234864,11.40693392356,11.40693392356,11.40693392354,11.406933923554,11.406933923554,11.36170848903,10.22555506553,11.40693392323,11.40693392317,11.40693392317,11.40693392323,10.25123500933,11.40693392373,11.40693392372,11.40693392372,11.40693392369,11.40693392369,10.70770767793,9.23271006496,9.37123287243,11.40693392361,11.40693392363,11.40693392363,11.4069339236,11.4069339236,11.40693392359,11.40693392352,11.40693392352,11.40693392358,11.40693392354,11.40693392354,11.40693392354,11.40693392368,11.40693392368,11.40693392361,11.40693392361,11.40693392361,11.40693392361,11.40693392361,9.21220281641,11.40693392313,11.40693392313,11.40693392313,8.93703944123,10.37898618923,11.40693392356,10.86077365116,11.40693392355,11.31593092505,11.40693392345,11.40693392375,11.40693392355,11.01181017835,11.40693392355,11.40693392355,11.40693392375,11.406933923816,11.406933923816,11.14893561565,11.40693392345,11.40693392335,11.20580898567,11.40693392345,11.40693392345,11.40693392345,10.88126691323,11.40693392343,8.04388657203,7.07017330063,6.30375014425
"t4",5.72595078851,6.16384289638,8.69174016548,8.69174016548,8.17951516903,8.39700568398,8.69174016523,8.69174016521,8.69174016521,8.69174016523,0,2.15268013753,3.04597653353,3.65571387993,3.65571387993,3.65571388003,3.53729449323,3.65571387993,3.65571388003,3.65571388003,2.26256078383,1.61169835273,3.65571388059,3.41675907419,2.4018740664,2.602144807509,3.655713880569,3.65571388009,3.65571388009,2.84560693186,3.65571388026,3.60646780486,3.65571388056,1.94278616624,1.92457571927,3.01289402033,3.65571388018,3.65571388018,3.65571388018,3.65571388023,2.78877861693,3.6557138803496,3.6557138803496,3.6557138803496,3.65571388033,3.65571388033,3.65571388033,3.65571388022,3.65571388022,3.65571388022,2.76721457995,3.54091377772,3.65571387973,3.65571388023,3.65571388023,3.32738129027,3.65571388013,3.65571388013,1.49188189063,3.65571387973,3.65571387973,3.06911408213,2.51351139953,3.37253983673,3.65571388014,3.65571388014,3.65571388013,3.65571388013,3.65571387978,3.65571387978,4.46208660411,4.46208660418,4.46208660418,4.46208660408,4.19755502921,4.46208660413,4.46208660413,4.46208660411,4.462086604124,4.462086604124,4.4168611696,3.2807077461,4.4620866038,4.46208660374,4.46208660374,4.4620866038,3.3063876899,4.4620866043,4.46208660429,4.46208660429,4.46208660426,4.46208660426,3.7628603585,2.28786274553,2.426385553,4.46208660418,4.4620866042,4.4620866042,4.46208660417,4.46208660417,4.46208660416,4.46208660409,4.46208660409,4.46208660415,4.46208660411,4.46208660411,4.46208660411,4.46208660425,4.46208660425,4.46208660418,4.46208660418,4.46208660418,4.46208660418,4.46208660418,2.26735549698,4.4620866037,4.4620866037,4.4620866037,3.2105557732,4.6525025212,5.68045025553,5.13428998313,5.68045025552,5.58944725702,5.68045025542,5.68045025572,5.68045025552,5.28532651032,5.68045025552,5.68045025552,5.68045025572,5.680450255786,5.680450255786,5.42245194762,5.68045025542,5.68045025532,5.47932531764,5.68045025542,5.68045025542,5.68045025542,5.1547832452,5.6804502554,2.317402904,4.2380748446,3.56637871118
"t6",6.93811080424,7.37600291211,9.90390018121,9.90390018121,9.39167518476,9.60916569971,9.90390018096,9.90390018094,9.90390018094,9.90390018096,2.15268013753,0,3.72329719,4.3330345364,4.3330345364,4.3330345365,4.2146151497,4.3330345364,4.3330345365,4.3330345365,2.9398814403,2.2890190092,4.33303453706,4.09407973066,3.07919472287,3.279465463979,4.333034537039,4.33303453656,4.33303453656,3.52292758833,4.33303453673,4.28378846133,4.33303453703,2.62010682271,2.60189637574,3.6902146768,4.33303453665,4.33303453665,4.33303453665,4.3330345367,3.4660992734,4.5265821340196,4.5265821340196,4.5265821340196,4.526582134,4.526582134,4.526582134,4.52658213389,4.52658213389,4.52658213389,3.63808283362,4.41178203139,4.5265821334,4.5265821339,4.5265821339,4.19824954394,4.5265821338,4.5265821338,2.3627501443,4.5265821334,4.5265821334,3.9399823358,3.3843796532,4.542498333,4.82567237641,4.82567237641,4.8256723764,4.8256723764,4.82567237605,4.82567237605,5.67424661984,5.67424661991,5.67424661991,5.67424661981,5.40971504494,5.67424661986,5.67424661986,5.67424661984,5.674246619854,5.674246619854,5.62902118533,4.49286776183,5.67424661953,5.67424661947,5.67424661947,5.67424661953,4.51854770563,5.67424662003,5.67424662002,5.67424662002,5.67424661999,5.67424661999,4.97502037423,3.50002276126,3.63854556873,5.67424661991,5.67424661993,5.67424661993,5.6742466199,5.6742466199,5.67424661989,5.67424661982,5.67424661982,5.67424661988,5.67424661984,5.67424661984,5.67424661984,5.67424661998,5.67424661998,5.67424661991,5.67424661991,5.67424661991,5.67424661991,5.67424661991,3.47951551271,5.67424661943,5.67424661943,5.67424661943,4.42271578893,5.86466253693,6.89261027126,6.34644999886,6.89261027125,6.80160727275,6.89261027115,6.89261027145,6.89261027125,6.49748652605,6.89261027125,6.89261027125,6.89261027145,6.892610271516,6.892610271516,6.63461196335,6.89261027115,6.89261027105,6.69148533337,6.89261027115,6.89261027115,6.89261027115,6.36694326093,6.89261027113,3.52956291973,5.45023486033,4.77853872691
"t13",7.83140720024,8.26929930811,10.79719657721,10.79719657721,10.28497158076,10.50246209571,10.79719657696,10.79719657694,10.79719657694,10.79719657696,3.04597653353,3.72329719,0,3.9231559944,3.9231559944,3.9231559945,3.8047366077,3.9231559944,3.9231559945,3.9231559945,2.5300028983,2.212090441,4.98091209286,4.74195728646,3.72707227867,3.927343019779,4.980912092839,4.98091209236,4.98091209236,4.17080514413,4.98091209253,4.93166601713,4.98091209283,3.26798437851,3.24977393154,4.3380922326,4.98091209245,4.98091209245,4.98091209245,4.9809120925,4.1139768292,5.4198785300196,5.4198785300196,5.4198785300196,5.41987853,5.41987853,5.41987853,5.41987852989,5.41987852989,5.41987852989,4.53137922962,5.30507842739,5.4198785294,5.4198785299,5.4198785299,5.09154593994,5.4198785298,5.4198785298,3.2560465403,5.4198785294,5.4198785294,4.8332787318,4.2776760492,5.435794729,5.71896877241,5.71896877241,5.7189687724,5.7189687724,5.71896877205,5.71896877205,6.56754301584,6.56754301591,6.56754301591,6.56754301581,6.30301144094,6.56754301586,6.56754301586,6.56754301584,6.567543015854,6.567543015854,6.52231758133,5.38616415783,6.56754301553,6.56754301547,6.56754301547,6.56754301553,5.41184410163,6.56754301603,6.56754301602,6.56754301602,6.56754301599,6.56754301599,5.86831677023,4.39331915726,4.53184196473,6.56754301591,6.56754301593,6.56754301593,6.5675430159,6.5675430159,6.56754301589,6.56754301582,6.56754301582,6.56754301588,6.56754301584,6.56754301584,6.56754301584,6.56754301598,6.56754301598,6.56754301591,6.56754301591,6.56754301591,6.56754301591,6.56754301591,4.37281190871,6.56754301543,6.56754301543,6.56754301543,5.31601218493,6.75795893293,7.78590666726,7.23974639486,7.78590666725,7.69490366875,7.78590666715,7.78590666745,7.78590666725,7.39078292205,7.78590666725,7.78590666725,7.78590666745,7.785906667516,7.785906667516,7.52790835935,7.78590666715,7.78590666705,7.58478172937,7.78590666715,7.78590666715,7.78590666715,7.26023965693,7.78590666713,4.42285931573,6.34353125633,5.67183512291
"t103",8.44114454664,8.87903665451,11.40693392361,11.40693392361,10.89470892716,11.11219944211,11.40693392336,11.40693392334,11.40693392334,11.40693392336,3.65571387993,4.3330345364,3.9231559944,0,0.3906251298,1.0088098113,2.1555881677,2.2740075544,2.2740075545,2.2740075545,2.3507595431,2.8218277874,5.59064943926,5.35169463286,4.33680962507,4.537080366179,5.590649439239,5.59064943876,5.59064943876,4.78054249053,5.59064943893,5.54140336353,5.59064943923,3.87772172491,3.85951127794,4.947829579,5.59064943885,5.59064943885,5.59064943885,5.5906494389,4.7237141756,6.0296158764196,6.0296158764196,6.0296158764196,6.0296158764,6.0296158764,6.0296158764,6.02961587629,6.02961587629,6.02961587629,5.14111657602,5.91481577379,6.0296158758,6.0296158763,6.0296158763,5.70128328634,6.0296158762,6.0296158762,3.8657838867,6.0296158758,6.0296158758,5.4430160782,4.8874133956,6.0455320754,6.32870611881,6.32870611881,6.3287061188,6.3287061188,6.32870611845,6.32870611845,7.17728036224,7.17728036231,7.17728036231,7.17728036221,6.91274878734,7.17728036226,7.17728036226,7.17728036224,7.177280362254,7.177280362254,7.13205492773,5.99590150423,7.17728036193,7.17728036187,7.17728036187,7.17728036193,6.02158144803,7.17728036243,7.17728036242,7.17728036242,7.17728036239,7.17728036239,6.47805411663,5.00305650366,5.14157931113,7.17728036231,7.17728036233,7.17728036233,7.1772803623,7.1772803623,7.17728036229,7.17728036222,7.17728036222,7.17728036228,7.17728036224,7.17728036224,7.17728036224,7.17728036238,7.17728036238,7.17728036231,7.17728036231,7.17728036231,7.17728036231,7.17728036231,4.98254925511,7.17728036183,7.17728036183,7.17728036183,5.92574953133,7.36769627933,8.39564401366,7.84948374126,8.39564401365,8.30464101515,8.39564401355,8.39564401385,8.39564401365,8.00052026845,8.39564401365,8.39564401365,8.39564401385,8.395644013916,8.395644013916,8.13764570575,8.39564401355,8.39564401345,8.19451907577,8.39564401355,8.39564401355,8.39564401355,7.86997700333,8.39564401353,5.03259666213,6.95326860273,6.28157246931
"t104",8.44114454664,8.87903665451,11.40693392361,11.40693392361,10.89470892716,11.11219944211,11.40693392336,11.40693392334,11.40693392334,11.40693392336,3.65571387993,4.3330345364,3.9231559944,0.3906251298,0,1.0088098113,2.1555881677,2.2740075544,2.2740075545,2.2740075545,2.3507595431,2.8218277874,5.59064943926,5.35169463286,4.33680962507,4.537080366179,5.590649439239,5.59064943876,5.59064943876,4.78054249053,5.59064943893,5.54140336353,5.59064943923,3.87772172491,3.85951127794,4.947829579,5.59064943885,5.59064943885,5.59064943885,5.5906494389,4.7237141756,6.0296158764196,6.0296158764196,6.0296158764196,6.0296158764,6.0296158764,6.0296158764,6.02961587629,6.02961587629,6.02961587629,5.14111657602,5.91481577379,6.0296158758,6.0296158763,6.0296158763,5.70128328634,6.0296158762,6.0296158762,3.8657838867,6.0296158758,6.0296158758,5.4430160782,4.8874133956,6.0455320754,6.32870611881,6.32870611881,6.3287061188,6.3287061188,6.32870611845,6.32870611845,7.17728036224,7.17728036231,7.17728036231,7.17728036221,6.91274878734,7.17728036226,7.17728036226,7.17728036224,7.177280362254,7.177280362254,7.13205492773,5.99590150423,7.17728036193,7.17728036187,7.17728036187,7.17728036193,6.02158144803,7.17728036243,7.17728036242,7.17728036242,7.17728036239,7.17728036239,6.47805411663,5.00305650366,5.14157931113,7.17728036231,7.17728036233,7.17728036233,7.1772803623,7.1772803623,7.17728036229,7.17728036222,7.17728036222,7.17728036228,7.17728036224,7.17728036224,7.17728036224,7.17728036238,7.17728036238,7.17728036231,7.17728036231,7.17728036231,7.17728036231,7.17728036231,4.98254925511,7.17728036183,7.17728036183,7.17728036183,5.92574953133,7.36769627933,8.39564401366,7.84948374126,8.39564401365,8.30464101515,8.39564401355,8.39564401385,8.39564401365,8.00052026845,8.39564401365,8.39564401365,8.39564401385,8.395644013916,8.395644013916,8.13764570575,8.39564401355,8.39564401345,8.19451907577,8.39564401355,8.39564401355,8.39564401355,7.86997700333,8.39564401353,5.03259666213,6.95326860273,6.28157246931
"t68",8.44114454674,8.87903665461,11.40693392371,11.40693392371,10.89470892726,11.11219944221,11.40693392346,11.40693392344,11.40693392344,11.40693392346,3.65571388003,4.3330345365,3.9231559945,1.0088098113,1.0088098113,0,2.1555881678,2.2740075545,2.2740075546,2.2740075546,2.3507595432,2.8218277875,5.59064943936,5.35169463296,4.33680962517,4.537080366279,5.590649439339,5.59064943886,5.59064943886,4.78054249063,5.59064943903,5.54140336363,5.59064943933,3.87772172501,3.85951127804,4.9478295791,5.59064943895,5.59064943895,5.59064943895,5.590649439,4.7237141757,6.0296158765196,6.0296158765196,6.0296158765196,6.0296158765,6.0296158765,6.0296158765,6.02961587639,6.02961587639,6.02961587639,5.14111657612,5.91481577389,6.0296158759,6.0296158764,6.0296158764,5.70128328644,6.0296158763,6.0296158763,3.8657838868,6.0296158759,6.0296158759,5.4430160783,4.8874133957,6.0455320755,6.32870611891,6.32870611891,6.3287061189,6.3287061189,6.32870611855,6.32870611855,7.17728036234,7.17728036241,7.17728036241,7.17728036231,6.91274878744,7.17728036236,7.17728036236,7.17728036234,7.177280362354,7.177280362354,7.13205492783,5.99590150433,7.17728036203,7.17728036197,7.17728036197,7.17728036203,6.02158144813,7.17728036253,7.17728036252,7.17728036252,7.17728036249,7.17728036249,6.47805411673,5.00305650376,5.14157931123,7.17728036241,7.17728036243,7.17728036243,7.1772803624,7.1772803624,7.17728036239,7.17728036232,7.17728036232,7.17728036238,7.17728036234,7.17728036234,7.17728036234,7.17728036248,7.17728036248,7.17728036241,7.17728036241,7.17728036241,7.17728036241,7.17728036241,4.98254925521,7.17728036193,7.17728036193,7.17728036193,5.92574953143,7.36769627943,8.39564401376,7.84948374136,8.39564401375,8.30464101525,8.39564401365,8.39564401395,8.39564401375,8.00052026855,8.39564401375,8.39564401375,8.39564401395,8.395644014016,8.395644014016,8.13764570585,8.39564401365,8.39564401355,8.19451907587,8.39564401365,8.39564401365,8.39564401365,7.86997700343,8.39564401363,5.03259666223,6.95326860283,6.28157246941
"t89",8.32272515994,8.76061726781,11.28851453691,11.28851453691,10.77628954046,10.99378005541,11.28851453666,11.28851453664,11.28851453664,11.28851453666,3.53729449323,4.2146151497,3.8047366077,2.1555881677,2.1555881677,2.1555881678,0,0.3994782527,0.8540152724,1.5768458774,2.2323401564,2.7034084007,5.47223005256,5.23327524616,4.21839023837,4.418660979479,5.472230052539,5.47223005206,5.47223005206,4.66212310383,5.47223005223,5.42298397683,5.47223005253,3.75930233821,3.74109189124,4.8294101923,5.47223005215,5.47223005215,5.47223005215,5.4722300522,4.6052947889,5.9111964897196,5.9111964897196,5.9111964897196,5.9111964897,5.9111964897,5.9111964897,5.91119648959,5.91119648959,5.91119648959,5.02269718932,5.79639638709,5.9111964891,5.9111964896,5.9111964896,5.58286389964,5.9111964895,5.9111964895,3.7473645,5.9111964891,5.9111964891,5.3245966915,4.7689940089,5.9271126887,6.21028673211,6.21028673211,6.2102867321,6.2102867321,6.21028673175,6.21028673175,7.05886097554,7.05886097561,7.05886097561,7.05886097551,6.79432940064,7.05886097556,7.05886097556,7.05886097554,7.058860975554,7.058860975554,7.01363554103,5.87748211753,7.05886097523,7.05886097517,7.05886097517,7.05886097523,5.90316206133,7.05886097573,7.05886097572,7.05886097572,7.05886097569,7.05886097569,6.35963472993,4.88463711696,5.02315992443,7.05886097561,7.05886097563,7.05886097563,7.0588609756,7.0588609756,7.05886097559,7.05886097552,7.05886097552,7.05886097558,7.05886097554,7.05886097554,7.05886097554,7.05886097568,7.05886097568,7.05886097561,7.05886097561,7.05886097561,7.05886097561,7.05886097561,4.86412986841,7.05886097513,7.05886097513,7.05886097513,5.80733014463,7.24927689263,8.27722462696,7.73106435456,8.27722462695,8.18622162845,8.27722462685,8.27722462715,8.27722462695,7.88210088175,8.27722462695,8.27722462695,8.27722462715,8.277224627216,8.277224627216,8.01922631905,8.27722462685,8.27722462675,8.07609968907,8.27722462685,8.27722462685,8.27722462685,7.75155761663,8.27722462683,4.91417727543,6.83484921603,6.16315308261
"t90",8.44114454664,8.87903665451,11.40693392361,11.40693392361,10.89470892716,11.11219944211,11.40693392336,11.40693392334,11.40693392334,11.40693392336,3.65571387993,4.3330345364,3.9231559944,2.2740075544,2.2740075544,2.2740075545,0.3994782527,0,0.9724346591,1.6952652641,2.3507595431,2.8218277874,5.59064943926,5.35169463286,4.33680962507,4.537080366179,5.590649439239,5.59064943876,5.59064943876,4.78054249053,5.59064943893,5.54140336353,5.59064943923,3.87772172491,3.85951127794,4.947829579,5.59064943885,5.59064943885,5.59064943885,5.5906494389,4.7237141756,6.0296158764196,6.0296158764196,6.0296158764196,6.0296158764,6.0296158764,6.0296158764,6.02961587629,6.02961587629,6.02961587629,5.14111657602,5.91481577379,6.0296158758,6.0296158763,6.0296158763,5.70128328634,6.0296158762,6.0296158762,3.8657838867,6.0296158758,6.0296158758,5.4430160782,4.8874133956,6.0455320754,6.32870611881,6.32870611881,6.3287061188,6.3287061188,6.32870611845,6.32870611845,7.17728036224,7.17728036231,7.17728036231,7.17728036221,6.91274878734,7.17728036226,7.17728036226,7.17728036224,7.177280362254,7.177280362254,7.13205492773,5.99590150423,7.17728036193,7.17728036187,7.17728036187,7.17728036193,6.02158144803,7.17728036243,7.17728036242,7.17728036242,7.17728036239,7.17728036239,6.47805411663,5.00305650366,5.14157931113,7.17728036231,7.17728036233,7.17728036233,7.1772803623,7.1772803623,7.17728036229,7.17728036222,7.17728036222,7.17728036228,7.17728036224,7.17728036224,7.17728036224,7.17728036238,7.17728036238,7.17728036231,7.17728036231,7.17728036231,7.17728036231,7.17728036231,4.98254925511,7.17728036183,7.17728036183,7.17728036183,5.92574953133,7.36769627933,8.39564401366,7.84948374126,8.39564401365,8.30464101515,8.39564401355,8.39564401385,8.39564401365,8.00052026845,8.39564401365,8.39564401365,8.39564401385,8.395644013916,8.395644013916,8.13764570575,8.39564401355,8.39564401345,8.19451907577,8.39564401355,8.39564401355,8.39564401355,7.86997700333,8.39564401353,5.03259666213,6.95326860273,6.28157246931
