"","t1","t2","t3","t12","t13","t46","t58","t77","t78","t9","t10","t89","t90","t84","t29","t30","t75","t76","t95","t96","t44","t28","t18","t20","t21","t14","t59","t60","t97","t98","t73","t74","t93","t94","t51","t52","t81","t87","t88","t22","t38","t39","t25","t26","t45","t55","t56","t64","t67","t68","t35","t36","t37","t99","t100","t42","t43","t32","t5","t6","t8","t23","t24","t17","t53","t54","t27","t16","t79","t80","t33","t34","t15","t31","t69","t70","t7","t47","t48","t49","t11","t85","t86","t61","t57","t65","t66","t62","t82","t83","t4","t19","t91","t92","t63","t71","t72","t50","t40","t41"
"t1",0,5.97324383,5.9732438302,5.9732438298,5.9732438303332,5.9732438300332,5.9732438300332,5.9732438300332,5.9732438300332,8.0178338785,8.0178338785,8.01783387836,8.01783387836,8.01783387836,8.0178338783,8.0178338783,8.017833878409,8.017833878409,8.017833878378,8.017833878378,8.017833878399,8.017833878399,8.017833878399,8.01783387838,8.01783387838,8.51031583363,8.510315833831,8.510315833831,8.510315833818,8.510315833818,8.51031583383,8.51031583383,8.5103158334,8.5103158334,8.51031583343,8.51031583343,8.51031583353,8.51031583352,8.51031583352,8.51031583343,8.51031583343,8.51031583343,8.51031583343,8.51031583343,8.51031583363,8.51031583363,8.51031583363,8.51031583343,8.51031583345,8.51031583345,8.5103158334,8.5103158334,8.51031583313,8.510315833138,8.510315833138,8.51031583319,8.51031583319,8.51031583313,8.51031583313,8.51031583313,8.51031583288,8.51031583318,8.51031583318,8.510315833239,8.510315833239,8.510315833239,8.510315833239,8.51031583321,8.51031583273,8.51031583273,8.51031583333,8.51031583333,8.51031583323,8.51031583333,8.51031583323,8.51031583323,8.51031583283,8.51031583323,8.510315833222,8.510315833222,8.51031583373,8.51031583329,8.51031583329,8.51031583334,8.51031583333,8.51031583335,8.51031583335,8.51031583333,8.51031583262,8.51031583262,8.51031583343,8.51031583364,8.5103158337,8.5103158337,8.51031583374,8.51031583373,8.51031583373,8.51031583363,8.510315833682,8.510315833682
"t2",5.97324383,0,4.8922563802,4.8922563798,4.8922563803332,4.8922563800332,4.8922563800332,4.8922563800332,4.8922563800332,8.0178338785,8.0178338785,8.01783387836,8.01783387836,8.01783387836,8.0178338783,8.0178338783,8.017833878409,8.017833878409,8.017833878378,8.017833878378,8.017833878399,8.017833878399,8.017833878399,8.01783387838,8.01783387838,8.51031583363,8.510315833831,8.510315833831,8.510315833818,8.510315833818,8.51031583383,8.51031583383,8.5103158334,8.5103158334,8.51031583343,8.51031583343,8.51031583353,8.51031583352,8.51031583352,8.51031583343,8.51031583343,8.51031583343,8.51031583343,8.51031583343,8.51031583363,8.51031583363,8.51031583363,8.51031583343,8.51031583345,8.51031583345,8.5103158334,8.5103158334,8.51031583313,8.510315833138,8.510315833138,8.51031583319,8.51031583319,8.51031583313,8.51031583313,8.51031583313,8.51031583288,8.51031583318,8.51031583318,8.510315833239,8.510315833239,8.510315833239,8.510315833239,8.51031583321,8.51031583273,8.51031583273,8.51031583333,8.51031583333,8.51031583323,8.51031583333,8.51031583323,8.51031583323,8.51031583283,8.51031583323,8.510315833222,8.510315833222,8.51031583373,8.51031583329,8.51031583329,8.51031583334,8.51031583333,8.51031583335,8.51031583335,8.51031583333,8.51031583262,8.51031583262,8.51031583343,8.51031583364,8.5103158337,8.5103158337,8.51031583374,8.51031583373,8.51031583373,8.51031583363,8.510315833682,8.510315833682
"t3",5.9732438302,4.8922563802,0,4.4268868576,4.4268868581332,4.4268868578332,4.4268868578332,4.4268868578332,4.4268868578332,8.0178338787,8.0178338787,8.01783387856,8.01783387856,8.01783387856,8.0178338785,8.0178338785,8.017833878609,8.017833878609,8.017833878578,8.017833878578,8.017833878599,8.017833878599,8.017833878599,8.01783387858,8.01783387858,8.51031583383,8.510315834031,8.510315834031,8.510315834018,8.510315834018,8.51031583403,8.51031583403,8.5103158336,8.5103158336,8.51031583363,8.51031583363,8.51031583373,8.51031583372,8.51031583372,8.51031583363,8.51031583363,8.51031583363,8.51031583363,8.51031583363,8.51031583383,8.51031583383,8.51031583383,8.51031583363,8.51031583365,8.51031583365,8.5103158336,8.5103158336,8.51031583333,8.510315833338,8.510315833338,8.51031583339,8.51031583339,8.51031583333,8.51031583333,8.51031583333,8.51031583308,8.51031583338,8.51031583338,8.510315833439,8.510315833439,8.510315833439,8.510315833439,8.51031583341,8.51031583293,8.51031583293,8.51031583353,8.51031583353,8.51031583343,8.51031583353,8.51031583343,8.51031583343,8.51031583303,8.51031583343,8.510315833422,8.510315833422,8.51031583393,8.51031583349,8.51031583349,8.51031583354,8.51031583353,8.51031583355,8.51031583355,8.51031583353,8.51031583282,8.51031583282,8.51031583363,8.51031583384,8.5103158339,8.5103158339,8.51031583394,8.51031583393,8.51031583393,8.51031583383,8.510315833882,8.510315833882
"t12",5.9732438298,4.8922563798,4.4268868576,0,2.5792967765332,2.5792967762332,2.5792967762332,2.5792967762332,2.5792967762332,8.0178338783,8.0178338783,8.01783387816,8.01783387816,8.01783387816,8.0178338781,8.0178338781,8.017833878209,8.017833878209,8.017833878178,8.017833878178,8.017833878199,8.017833878199,8.017833878199,8.01783387818,8.01783387818,8.51031583343,8.510315833631,8.510315833631,8.510315833618,8.510315833618,8.51031583363,8.51031583363,8.5103158332,8.5103158332,8.51031583323,8.51031583323,8.51031583333,8.51031583332,8.51031583332,8.51031583323,8.51031583323,8.51031583323,8.51031583323,8.51031583323,8.51031583343,8.51031583343,8.51031583343,8.51031583323,8.51031583325,8.51031583325,8.5103158332,8.5103158332,8.51031583293,8.510315832938,8.510315832938,8.51031583299,8.51031583299,8.51031583293,8.51031583293,8.51031583293,8.51031583268,8.51031583298,8.51031583298,8.510315833039,8.510315833039,8.510315833039,8.510315833039,8.51031583301,8.51031583253,8.51031583253,8.51031583313,8.51031583313,8.51031583303,8.51031583313,8.51031583303,8.51031583303,8.51031583263,8.51031583303,8.510315833022,8.510315833022,8.51031583353,8.51031583309,8.51031583309,8.51031583314,8.51031583313,8.51031583315,8.51031583315,8.51031583313,8.51031583242,8.51031583242,8.51031583323,8.51031583344,8.5103158335,8.5103158335,8.51031583354,8.51031583353,8.51031583353,8.51031583343,8.510315833482,8.510315833482
"t13",5.9732438303332,4.8922563803332,4.4268868581332,2.5792967765332,0,2.5784376277,2.5784376277,2.5784376277,2.5784376277,8.0178338788332,8.0178338788332,8.0178338786932,8.0178338786932,8.0178338786932,8.0178338786332,8.0178338786332,8.0178338787422,8.0178338787422,8.0178338787112,8.0178338787112,8.0178338787322,8.0178338787322,8.0178338787322,8.0178338787132,8.0178338787132,8.5103158339632,8.5103158341642,8.5103158341642,8.5103158341512,8.5103158341512,8.5103158341632,8.5103158341632,8.5103158337332,8.5103158337332,8.5103158337632,8.5103158337632,8.5103158338632,8.5103158338532,8.5103158338532,8.5103158337632,8.5103158337632,8.5103158337632,8.5103158337632,8.5103158337632,8.5103158339632,8.5103158339632,8.5103158339632,8.5103158337632,8.5103158337832,8.5103158337832,8.5103158337332,8.5103158337332,8.5103158334632,8.5103158334712,8.5103158334712,8.5103158335232,8.5103158335232,8.5103158334632,8.5103158334632,8.5103158334632,8.5103158332132,8.5103158335132,8.5103158335132,8.5103158335722,8.5103158335722,8.5103158335722,8.5103158335722,8.5103158335432,8.5103158330632,8.5103158330632,8.5103158336632,8.5103158336632,8.5103158335632,8.5103158336632,8.5103158335632,8.5103158335632,8.5103158331632,8.5103158335632,8.5103158335552,8.5103158335552,8.5103158340632,8.5103158336232,8.5103158336232,8.5103158336732,8.5103158336632,8.5103158336832,8.5103158336832,8.5103158336632,8.5103158329532,8.5103158329532,8.5103158337632,8.5103158339732,8.5103158340332,8.5103158340332,8.5103158340732,8.5103158340632,8.5103158340632,8.5103158339632,8.5103158340152,8.5103158340152
"t46",5.9732438300332,4.8922563800332,4.4268868578332,2.5792967762332,2.5784376277,0,0.8004622516,0.8004622516,0.8004622516,8.0178338785332,8.0178338785332,8.0178338783932,8.0178338783932,8.0178338783932,8.0178338783332,8.0178338783332,8.0178338784422,8.0178338784422,8.0178338784112,8.0178338784112,8.0178338784322,8.0178338784322,8.0178338784322,8.0178338784132,8.0178338784132,8.5103158336632,8.5103158338642,8.5103158338642,8.5103158338512,8.5103158338512,8.5103158338632,8.5103158338632,8.5103158334332,8.5103158334332,8.5103158334632,8.5103158334632,8.5103158335632,8.5103158335532,8.5103158335532,8.5103158334632,8.5103158334632,8.5103158334632,8.5103158334632,8.5103158334632,8.5103158336632,8.5103158336632,8.5103158336632,8.5103158334632,8.5103158334832,8.5103158334832,8.5103158334332,8.5103158334332,8.5103158331632,8.5103158331712,8.5103158331712,8.5103158332232,8.5103158332232,8.5103158331632,8.5103158331632,8.5103158331632,8.5103158329132,8.5103158332132,8.5103158332132,8.5103158332722,8.5103158332722,8.5103158332722,8.5103158332722,8.5103158332432,8.5103158327632,8.5103158327632,8.5103158333632,8.5103158333632,8.5103158332632,8.5103158333632,8.5103158332632,8.5103158332632,8.5103158328632,8.5103158332632,8.5103158332552,8.5103158332552,8.5103158337632,8.5103158333232,8.5103158333232,8.5103158333732,8.5103158333632,8.5103158333832,8.5103158333832,8.5103158333632,8.5103158326532,8.5103158326532,8.5103158334632,8.5103158336732,8.5103158337332,8.5103158337332,8.5103158337732,8.5103158337632,8.5103158337632,8.5103158336632,8.5103158337152,8.5103158337152
"t58",5.9732438300332,4.8922563800332,4.4268868578332,2.5792967762332,2.5784376277,0.8004622516,0,0.5836232164,0.5836232164,8.0178338785332,8.0178338785332,8.0178338783932,8.0178338783932,8.0178338783932,8.0178338783332,8.0178338783332,8.0178338784422,8.0178338784422,8.0178338784112,8.0178338784112,8.0178338784322,8.0178338784322,8.0178338784322,8.0178338784132,8.0178338784132,8.5103158336632,8.5103158338642,8.5103158338642,8.5103158338512,8.5103158338512,8.5103158338632,8.5103158338632,8.5103158334332,8.5103158334332,8.5103158334632,8.5103158334632,8.5103158335632,8.5103158335532,8.5103158335532,8.5103158334632,8.5103158334632,8.5103158334632,8.5103158334632,8.5103158334632,8.5103158336632,8.5103158336632,8.5103158336632,8.5103158334632,8.5103158334832,8.5103158334832,8.5103158334332,8.5103158334332,8.5103158331632,8.5103158331712,8.5103158331712,8.5103158332232,8.5103158332232,8.5103158331632,8.5103158331632,8.5103158331632,8.5103158329132,8.5103158332132,8.5103158332132,8.5103158332722,8.5103158332722,8.5103158332722,8.5103158332722,8.5103158332432,8.5103158327632,8.5103158327632,8.5103158333632,8.5103158333632,8.5103158332632,8.5103158333632,8.5103158332632,8.5103158332632,8.5103158328632,8.5103158332632,8.5103158332552,8.5103158332552,8.5103158337632,8.5103158333232,8.5103158333232,8.5103158333732,8.5103158333632,8.5103158333832,8.5103158333832,8.5103158333632,8.5103158326532,8.5103158326532,8.5103158334632,8.5103158336732,8.5103158337332,8.5103158337332,8.5103158337732,8.5103158337632,8.5103158337632,8.5103158336632,8.5103158337152,8.5103158337152
"t77",5.9732438300332,4.8922563800332,4.4268868578332,2.5792967762332,2.5784376277,0.8004622516,0.5836232164,0,0.243046357,8.0178338785332,8.0178338785332,8.0178338783932,8.0178338783932,8.0178338783932,8.0178338783332,8.0178338783332,8.0178338784422,8.0178338784422,8.0178338784112,8.0178338784112,8.0178338784322,8.0178338784322,8.0178338784322,8.0178338784132,8.0178338784132,8.5103158336632,8.5103158338642,8.5103158338642,8.5103158338512,8.5103158338512,8.5103158338632,8.5103158338632,8.5103158334332,8.5103158334332,8.5103158334632,8.5103158334632,8.5103158335632,8.5103158335532,8.5103158335532,8.5103158334632,8.5103158334632,8.5103158334632,8.5103158334632,8.5103158334632,8.5103158336632,8.5103158336632,8.5103158336632,8.5103158334632,8.5103158334832,8.5103158334832,8.5103158334332,8.5103158334332,8.5103158331632,8.5103158331712,8.5103158331712,8.5103158332232,8.5103158332232,8.5103158331632,8.5103158331632,8.5103158331632,8.5103158329132,8.5103158332132,8.5103158332132,8.5103158332722,8.5103158332722,8.5103158332722,8.5103158332722,8.5103158332432,8.5103158327632,8.5103158327632,8.5103158333632,8.5103158333632,8.5103158332632,8.5103158333632,8.5103158332632,8.5103158332632,8.5103158328632,8.5103158332632,8.5103158332552,8.5103158332552,8.5103158337632,8.5103158333232,8.5103158333232,8.5103158333732,8.5103158333632,8.5103158333832,8.5103158333832,8.5103158333632,8.5103158326532,8.5103158326532,8.5103158334632,8.5103158336732,8.5103158337332,8.5103158337332,8.5103158337732,8.5103158337632,8.5103158337632,8.5103158336632,8.5103158337152,8.5103158337152
"t78",5.9732438300332,4.8922563800332,4.4268868578332,2.5792967762332,2.5784376277,0.8004622516,0.5836232164,0.243046357,0,8.0178338785332,8.0178338785332,8.0178338783932,8.0178338783932,8.0178338783932,8.0178338783332,8.0178338783332,8.0178338784422,8.0178338784422,8.0178338784112,8.0178338784112,8.0178338784322,8.0178338784322,8.0178338784322,8.0178338784132,8.0178338784132,8.5103158336632,8.5103158338642,8.5103158338642,8.5103158338512,8.5103158338512,8.5103158338632,8.5103158338632,8.5103158334332,8.5103158334332,8.5103158334632,8.5103158334632,8.5103158335632,8.5103158335532,8.5103158335532,8.5103158334632,8.5103158334632,8.5103158334632,8.5103158334632,8.5103158334632,8.5103158336632,8.5103158336632,8.5103158336632,8.5103158334632,8.5103158334832,8.5103158334832,8.5103158334332,8.5103158334332,8.5103158331632,8.5103158331712,8.5103158331712,8.5103158332232,8.5103158332232,8.5103158331632,8.5103158331632,8.5103158331632,8.5103158329132,8.5103158332132,8.5103158332132,8.5103158332722,8.5103158332722,8.5103158332722,8.5103158332722,8.5103158332432,8.5103158327632,8.5103158327632,8.5103158333632,8.5103158333632,8.5103158332632,8.5103158333632,8.5103158332632,8.5103158332632,8.5103158328632,8.5103158332632,8.5103158332552,8.5103158332552,8.5103158337632,8.5103158333232,8.5103158333232,8.5103158333732,8.5103158333632,8.5103158333832,8.5103158333832,8.5103158333632,8.5103158326532,8.5103158326532,8.5103158334632,8.5103158336732,8.5103158337332,8.5103158337332,8.5103158337732,8.5103158337632,8.5103158337632,8.5103158336632,8.5103158337152,8.5103158337152
"t9",8.0178338785,8.0178338785,8.0178338787,8.0178338783,8.0178338788332,8.0178338785332,8.0178338785332,8.0178338785332,8.0178338785332,0,2.79507944,3.80151604186,3.80151604186,3.80151604186,6.0485086938,6.0485086938,6.048508693909,6.048508693909,6.048508693878,6.048508693878,6.048508693899,6.048508693899,6.048508693899,6.04850869388,6.04850869388,8.51031583413,8.510315834331,8.510315834331,8.510315834318,8.510315834318,8.51031583433,8.51031583433,8.5103158339,8.5103158339,8.51031583393,8.51031583393,8.51031583403,8.51031583402,8.51031583402,8.51031583393,8.51031583393,8.51031583393,8.51031583393,8.51031583393,8.51031583413,8.51031583413,8.51031583413,8.51031583393,8.51031583395,8.51031583395,8.5103158339,8.5103158339,8.51031583363,8.510315833638,8.510315833638,8.51031583369,8.51031583369,8.51031583363,8.51031583363,8.51031583363,8.51031583338,8.51031583368,8.51031583368,8.510315833739,8.510315833739,8.510315833739,8.510315833739,8.51031583371,8.51031583323,8.51031583323,8.51031583383,8.51031583383,8.51031583373,8.51031583383,8.51031583373,8.51031583373,8.51031583333,8.51031583373,8.510315833722,8.510315833722,8.51031583423,8.51031583379,8.51031583379,8.51031583384,8.51031583383,8.51031583385,8.51031583385,8.51031583383,8.51031583312,8.51031583312,8.51031583393,8.51031583414,8.5103158342,8.5103158342,8.51031583424,8.51031583423,8.51031583423,8.51031583413,8.510315834182,8.510315834182
"t10",8.0178338785,8.0178338785,8.0178338787,8.0178338783,8.0178338788332,8.0178338785332,8.0178338785332,8.0178338785332,8.0178338785332,2.79507944,0,3.80151604186,3.80151604186,3.80151604186,6.0485086938,6.0485086938,6.048508693909,6.048508693909,6.048508693878,6.048508693878,6.048508693899,6.048508693899,6.048508693899,6.04850869388,6.04850869388,8.51031583413,8.510315834331,8.510315834331,8.510315834318,8.510315834318,8.51031583433,8.51031583433,8.5103158339,8.5103158339,8.51031583393,8.51031583393,8.51031583403,8.51031583402,8.51031583402,8.51031583393,8.51031583393,8.51031583393,8.51031583393,8.51031583393,8.51031583413,8.51031583413,8.51031583413,8.51031583393,8.51031583395,8.51031583395,8.5103158339,8.5103158339,8.51031583363,8.510315833638,8.510315833638,8.51031583369,8.51031583369,8.51031583363,8.51031583363,8.51031583363,8.51031583338,8.51031583368,8.51031583368,8.510315833739,8.510315833739,8.510315833739,8.510315833739,8.51031583371,8.51031583323,8.51031583323,8.51031583383,8.51031583383,8.51031583373,8.51031583383,8.51031583373,8.51031583373,8.51031583333,8.51031583373,8.510315833722,8.510315833722,8.51031583423,8.51031583379,8.51031583379,8.51031583384,8.51031583383,8.51031583385,8.51031583385,8.51031583383,8.51031583312,8.51031583312,8.51031583393,8.51031583414,8.5103158342,8.5103158342,8.51031583424,8.51031583423,8.51031583423,8.51031583413,8.510315834182,8.510315834182
"t89",8.01783387836,8.01783387836,8.01783387856,8.01783387816,8.0178338786932,8.0178338783932,8.0178338783932,8.0178338783932,8.0178338783932,3.80151604186,3.80151604186,0,0.10941321292,0.14940964972,6.04850869366,6.04850869366,6.048508693769,6.048508693769,6.048508693738,6.048508693738,6.048508693759,6.048508693759,6.048508693759,6.04850869374,6.04850869374,8.51031583399,8.510315834191,8.510315834191,8.510315834178,8.510315834178,8.51031583419,8.51031583419,8.51031583376,8.51031583376,8.51031583379,8.51031583379,8.51031583389,8.51031583388,8.51031583388,8.51031583379,8.51031583379,8.51031583379,8.51031583379,8.51031583379,8.51031583399,8.51031583399,8.51031583399,8.51031583379,8.51031583381,8.51031583381,8.51031583376,8.51031583376,8.51031583349,8.510315833498,8.510315833498,8.51031583355,8.51031583355,8.51031583349,8.51031583349,8.51031583349,8.51031583324,8.51031583354,8.51031583354,8.510315833599,8.510315833599,8.510315833599,8.510315833599,8.51031583357,8.51031583309,8.51031583309,8.51031583369,8.51031583369,8.51031583359,8.51031583369,8.51031583359,8.51031583359,8.51031583319,8.51031583359,8.510315833582,8.510315833582,8.51031583409,8.51031583365,8.51031583365,8.5103158337,8.51031583369,8.51031583371,8.51031583371,8.51031583369,8.51031583298,8.51031583298,8.51031583379,8.510315834,8.51031583406,8.51031583406,8.5103158341,8.51031583409,8.51031583409,8.51031583399,8.510315834042,8.510315834042
"t90",8.01783387836,8.01783387836,8.01783387856,8.01783387816,8.0178338786932,8.0178338783932,8.0178338783932,8.0178338783932,8.0178338783932,3.80151604186,3.80151604186,0.10941321292,0,0.14940964972,6.04850869366,6.04850869366,6.048508693769,6.048508693769,6.048508693738,6.048508693738,6.048508693759,6.048508693759,6.048508693759,6.04850869374,6.04850869374,8.51031583399,8.510315834191,8.510315834191,8.510315834178,8.510315834178,8.51031583419,8.51031583419,8.51031583376,8.51031583376,8.51031583379,8.51031583379,8.51031583389,8.51031583388,8.51031583388,8.51031583379,8.51031583379,8.51031583379,8.51031583379,8.51031583379,8.51031583399,8.51031583399,8.51031583399,8.51031583379,8.51031583381,8.51031583381,8.51031583376,8.51031583376,8.51031583349,8.510315833498,8.510315833498,8.51031583355,8.51031583355,8.51031583349,8.51031583349,8.51031583349,8.51031583324,8.51031583354,8.51031583354,8.510315833599,8.510315833599,8.510315833599,8.510315833599,8.51031583357,8.51031583309,8.51031583309,8.51031583369,8.51031583369,8.51031583359,8.51031583369,8.51031583359,8.51031583359,8.51031583319,8.51031583359,8.510315833582,8.510315833582,8.51031583409,8.51031583365,8.51031583365,8.5103158337,8.51031583369,8.51031583371,8.51031583371,8.51031583369,8.51031583298,8.51031583298,8.51031583379,8.510315834,8.51031583406,8.51031583406,8.5103158341,8.51031583409,8.51031583409,8.51031583399,8.510315834042,8.510315834042
"t84",8.01783387836,8.01783387836,8.01783387856,8.01783387816,8.0178338786932,8.0178338783932,8.0178338783932,8.0178338783932,8.0178338783932,3.80151604186,3.80151604186,0.14940964972,0.14940964972,0,6.04850869366,6.04850869366,6.048508693769,6.048508693769,6.048508693738,6.048508693738,6.048508693759,6.048508693759,6.048508693759,6.04850869374,6.04850869374,8.51031583399,8.510315834191,8.510315834191,8.510315834178,8.510315834178,8.51031583419,8.51031583419,8.51031583376,8.51031583376,8.51031583379,8.51031583379,8.51031583389,8.51031583388,8.51031583388,8.51031583379,8.51031583379,8.51031583379,8.51031583379,8.51031583379,8.51031583399,8.51031583399,8.51031583399,8.51031583379,8.51031583381,8.51031583381,8.51031583376,8.51031583376,8.51031583349,8.510315833498,8.510315833498,8.51031583355,8.51031583355,8.51031583349,8.51031583349,8.51031583349,8.51031583324,8.51031583354,8.51031583354,8.510315833599,8.510315833599,8.510315833599,8.510315833599,8.51031583357,8.51031583309,8.51031583309,8.51031583369,8.51031583369,8.51031583359,8.51031583369,8.51031583359,8.51031583359,8.51031583319,8.51031583359,8.510315833582,8.510315833582,8.51031583409,8.51031583365,8.51031583365,8.5103158337,8.51031583369,8.51031583371,8.51031583371,8.51031583369,8.51031583298,8.51031583298,8.51031583379,8.510315834,8.51031583406,8.51031583406,8.5103158341,8.51031583409,8.51031583409,8.51031583399,8.510315834042,8.510315834042
"t29",8.0178338783,8.0178338783,8.0178338785,8.0178338781,8.0178338786332,8.0178338783332,8.0178338783332,8.0178338783332,8.0178338783332,6.0485086938,6.0485086938,6.04850869366,6.04850869366,6.04850869366,0,1.2910045106,4.050224754709,4.050224754709,4.050224754678,4.050224754678,4.050224754699,4.050224754699,4.050224754699,4.05022475468,4.05022475468,8.51031583393,8.510315834131,8.510315834131,8.510315834118,8.510315834118,8.51031583413,8.51031583413,8.5103158337,8.5103158337,8.51031583373,8.51031583373,8.51031583383,8.51031583382,8.51031583382,8.51031583373,8.51031583373,8.51031583373,8.51031583373,8.51031583373,8.51031583393,8.51031583393,8.51031583393,8.51031583373,8.51031583375,8.51031583375,8.5103158337,8.5103158337,8.51031583343,8.510315833438,8.510315833438,8.51031583349,8.51031583349,8.51031583343,8.51031583343,8.51031583343,8.51031583318,8.51031583348,8.51031583348,8.510315833539,8.510315833539,8.510315833539,8.510315833539,8.51031583351,8.51031583303,8.51031583303,8.51031583363,8.51031583363,8.51031583353,8.51031583363,8.51031583353,8.51031583353,8.51031583313,8.51031583353,8.510315833522,8.510315833522,8.51031583403,8.51031583359,8.51031583359,8.51031583364,8.51031583363,8.51031583365,8.51031583365,8.51031583363,8.51031583292,8.51031583292,8.51031583373,8.51031583394,8.510315834,8.510315834,8.51031583404,8.51031583403,8.51031583403,8.51031583393,8.510315833982,8.510315833982
"t30",8.0178338783,8.0178338783,8.0178338785,8.0178338781,8.0178338786332,8.0178338783332,8.0178338783332,8.0178338783332,8.0178338783332,6.0485086938,6.0485086938,6.04850869366,6.04850869366,6.04850869366,1.2910045106,0,4.050224754709,4.050224754709,4.050224754678,4.050224754678,4.050224754699,4.050224754699,4.050224754699,4.05022475468,4.05022475468,8.51031583393,8.510315834131,8.510315834131,8.510315834118,8.510315834118,8.51031583413,8.51031583413,8.5103158337,8.5103158337,8.51031583373,8.51031583373,8.51031583383,8.51031583382,8.51031583382,8.51031583373,8.51031583373,8.51031583373,8.51031583373,8.51031583373,8.51031583393,8.51031583393,8.51031583393,8.51031583373,8.51031583375,8.51031583375,8.5103158337,8.5103158337,8.51031583343,8.510315833438,8.510315833438,8.51031583349,8.51031583349,8.51031583343,8.51031583343,8.51031583343,8.51031583318,8.51031583348,8.51031583348,8.510315833539,8.510315833539,8.510315833539,8.510315833539,8.51031583351,8.51031583303,8.51031583303,8.51031583363,8.51031583363,8.51031583353,8.51031583363,8.51031583353,8.51031583353,8.51031583313,8.51031583353,8.510315833522,8.510315833522,8.51031583403,8.51031583359,8.51031583359,8.51031583364,8.51031583363,8.51031583365,8.51031583365,8.51031583363,8.51031583292,8.51031583292,8.51031583373,8.51031583394,8.510315834,8.510315834,8.51031583404,8.51031583403,8.51031583403,8.51031583393,8.510315833982,8.510315833982
"t75",8.017833878409,8.017833878409,8.017833878609,8.017833878209,8.0178338787422,8.0178338784422,8.0178338784422,8.0178338784422,8.0178338784422,6.048508693909,6.048508693909,6.048508693769,6.048508693769,6.048508693769,4.050224754709,4.050224754709,0,0.2587014068,0.403983156389,0.403983156389,1.00075966641,1.38275576001,1.52683907821,1.531568556789,1.531568556789,8.510315834039,8.51031583424,8.51031583424,8.510315834227,8.510315834227,8.510315834239,8.510315834239,8.510315833809,8.510315833809,8.510315833839,8.510315833839,8.510315833939,8.510315833929,8.510315833929,8.510315833839,8.510315833839,8.510315833839,8.510315833839,8.510315833839,8.510315834039,8.510315834039,8.510315834039,8.510315833839,8.510315833859,8.510315833859,8.510315833809,8.510315833809,8.510315833539,8.510315833547,8.510315833547,8.510315833599,8.510315833599,8.510315833539,8.510315833539,8.510315833539,8.510315833289,8.510315833589,8.510315833589,8.510315833648,8.510315833648,8.510315833648,8.510315833648,8.510315833619,8.510315833139,8.510315833139,8.510315833739,8.510315833739,8.510315833639,8.510315833739,8.510315833639,8.510315833639,8.510315833239,8.510315833639,8.510315833631,8.510315833631,8.510315834139,8.510315833699,8.510315833699,8.510315833749,8.510315833739,8.510315833759,8.510315833759,8.510315833739,8.510315833029,8.510315833029,8.510315833839,8.510315834049,8.510315834109,8.510315834109,8.510315834149,8.510315834139,8.510315834139,8.510315834039,8.510315834091,8.510315834091
"t76",8.017833878409,8.017833878409,8.017833878609,8.017833878209,8.0178338787422,8.0178338784422,8.0178338784422,8.0178338784422,8.0178338784422,6.048508693909,6.048508693909,6.048508693769,6.048508693769,6.048508693769,4.050224754709,4.050224754709,0.2587014068,0,0.403983156389,0.403983156389,1.00075966641,1.38275576001,1.52683907821,1.531568556789,1.531568556789,8.510315834039,8.51031583424,8.51031583424,8.510315834227,8.510315834227,8.510315834239,8.510315834239,8.510315833809,8.510315833809,8.510315833839,8.510315833839,8.510315833939,8.510315833929,8.510315833929,8.510315833839,8.510315833839,8.510315833839,8.510315833839,8.510315833839,8.510315834039,8.510315834039,8.510315834039,8.510315833839,8.510315833859,8.510315833859,8.510315833809,8.510315833809,8.510315833539,8.510315833547,8.510315833547,8.510315833599,8.510315833599,8.510315833539,8.510315833539,8.510315833539,8.510315833289,8.510315833589,8.510315833589,8.510315833648,8.510315833648,8.510315833648,8.510315833648,8.510315833619,8.510315833139,8.510315833139,8.510315833739,8.510315833739,8.510315833639,8.510315833739,8.510315833639,8.510315833639,8.510315833239,8.510315833639,8.510315833631,8.510315833631,8.510315834139,8.510315833699,8.510315833699,8.510315833749,8.510315833739,8.510315833759,8.510315833759,8.510315833739,8.510315833029,8.510315833029,8.510315833839,8.510315834049,8.510315834109,8.510315834109,8.510315834149,8.510315834139,8.510315834139,8.510315834039,8.510315834091,8.510315834091
"t95",8.017833878378,8.017833878378,8.017833878578,8.017833878178,8.0178338787112,8.0178338784112,8.0178338784112,8.0178338784112,8.0178338784112,6.048508693878,6.048508693878,6.048508693738,6.048508693738,6.048508693738,4.050224754678,4.050224754678,0.403983156389,0.403983156389,0,0.012877927158,1.000759666379,1.382755759979,1.526839078179,1.531568556758,1.531568556758,8.510315834008,8.510315834209,8.510315834209,8.510315834196,8.510315834196,8.510315834208,8.510315834208,8.510315833778,8.510315833778,8.510315833808,8.510315833808,8.510315833908,8.510315833898,8.510315833898,8.510315833808,8.510315833808,8.510315833808,8.510315833808,8.510315833808,8.510315834008,8.510315834008,8.510315834008,8.510315833808,8.510315833828,8.510315833828,8.510315833778,8.510315833778,8.510315833508,8.510315833516,8.510315833516,8.510315833568,8.510315833568,8.510315833508,8.510315833508,8.510315833508,8.510315833258,8.510315833558,8.510315833558,8.510315833617,8.510315833617,8.510315833617,8.510315833617,8.510315833588,8.510315833108,8.510315833108,8.510315833708,8.510315833708,8.510315833608,8.510315833708,8.510315833608,8.510315833608,8.510315833208,8.510315833608,8.5103158336,8.5103158336,8.510315834108,8.510315833668,8.510315833668,8.510315833718,8.510315833708,8.510315833728,8.510315833728,8.510315833708,8.510315832998,8.510315832998,8.510315833808,8.510315834018,8.510315834078,8.510315834078,8.510315834118,8.510315834108,8.510315834108,8.510315834008,8.51031583406,8.51031583406
"t96",8.017833878378,8.017833878378,8.017833878578,8.017833878178,8.0178338787112,8.0178338784112,8.0178338784112,8.0178338784112,8.0178338784112,6.048508693878,6.048508693878,6.048508693738,6.048508693738,6.048508693738,4.050224754678,4.050224754678,0.403983156389,0.403983156389,0.012877927158,0,1.000759666379,1.382755759979,1.526839078179,1.531568556758,1.531568556758,8.510315834008,8.510315834209,8.510315834209,8.510315834196,8.510315834196,8.510315834208,8.510315834208,8.510315833778,8.510315833778,8.510315833808,8.510315833808,8.510315833908,8.510315833898,8.510315833898,8.510315833808,8.510315833808,8.510315833808,8.510315833808,8.510315833808,8.510315834008,8.510315834008,8.510315834008,8.510315833808,8.510315833828,8.510315833828,8.510315833778,8.510315833778,8.510315833508,8.510315833516,8.510315833516,8.510315833568,8.510315833568,8.510315833508,8.510315833508,8.510315833508,8.510315833258,8.510315833558,8.510315833558,8.510315833617,8.510315833617,8.510315833617,8.510315833617,8.510315833588,8.510315833108,8.510315833108,8.510315833708,8.510315833708,8.510315833608,8.510315833708,8.510315833608,8.510315833608,8.510315833208,8.510315833608,8.5103158336,8.5103158336,8.510315834108,8.510315833668,8.510315833668,8.510315833718,8.510315833708,8.510315833728,8.510315833728,8.510315833708,8.510315832998,8.510315832998,8.510315833808,8.510315834018,8.510315834078,8.510315834078,8.510315834118,8.510315834108,8.510315834108,8.510315834008,8.51031583406,8.51031583406
"t44",8.017833878399,8.017833878399,8.017833878599,8.017833878199,8.0178338787322,8.0178338784322,8.0178338784322,8.0178338784322,8.0178338784322,6.048508693899,6.048508693899,6.048508693759,6.048508693759,6.048508693759,4.050224754699,4.050224754699,1.00075966641,1.00075966641,1.000759666379,1.000759666379,0,1.38275576,1.5268390782,1.531568556779,1.531568556779,8.510315834029,8.51031583423,8.51031583423,8.510315834217,8.510315834217,8.510315834229,8.510315834229,8.510315833799,8.510315833799,8.510315833829,8.510315833829,8.510315833929,8.510315833919,8.510315833919,8.510315833829,8.510315833829,8.510315833829,8.510315833829,8.510315833829,8.510315834029,8.510315834029,8.510315834029,8.510315833829,8.510315833849,8.510315833849,8.510315833799,8.510315833799,8.510315833529,8.510315833537,8.510315833537,8.510315833589,8.510315833589,8.510315833529,8.510315833529,8.510315833529,8.510315833279,8.510315833579,8.510315833579,8.510315833638,8.510315833638,8.510315833638,8.510315833638,8.510315833609,8.510315833129,8.510315833129,8.510315833729,8.510315833729,8.510315833629,8.510315833729,8.510315833629,8.510315833629,8.510315833229,8.510315833629,8.510315833621,8.510315833621,8.510315834129,8.510315833689,8.510315833689,8.510315833739,8.510315833729,8.510315833749,8.510315833749,8.510315833729,8.510315833019,8.510315833019,8.510315833829,8.510315834039,8.510315834099,8.510315834099,8.510315834139,8.510315834129,8.510315834129,8.510315834029,8.510315834081,8.510315834081
"t28",8.017833878399,8.017833878399,8.017833878599,8.017833878199,8.0178338787322,8.0178338784322,8.0178338784322,8.0178338784322,8.0178338784322,6.048508693899,6.048508693899,6.048508693759,6.048508693759,6.048508693759,4.050224754699,4.050224754699,1.38275576001,1.38275576001,1.382755759979,1.382755759979,1.38275576,0,1.5268390782,1.531568556779,1.531568556779,8.510315834029,8.51031583423,8.51031583423,8.510315834217,8.510315834217,8.510315834229,8.510315834229,8.510315833799,8.510315833799,8.510315833829,8.510315833829,8.510315833929,8.510315833919,8.510315833919,8.510315833829,8.510315833829,8.510315833829,8.510315833829,8.510315833829,8.510315834029,8.510315834029,8.510315834029,8.510315833829,8.510315833849,8.510315833849,8.510315833799,8.510315833799,8.510315833529,8.510315833537,8.510315833537,8.510315833589,8.510315833589,8.510315833529,8.510315833529,8.510315833529,8.510315833279,8.510315833579,8.510315833579,8.510315833638,8.510315833638,8.510315833638,8.510315833638,8.510315833609,8.510315833129,8.510315833129,8.510315833729,8.510315833729,8.510315833629,8.510315833729,8.510315833629,8.510315833629,8.510315833229,8.510315833629,8.510315833621,8.510315833621,8.510315834129,8.510315833689,8.510315833689,8.510315833739,8.510315833729,8.510315833749,8.510315833749,8.510315833729,8.510315833019,8.510315833019,8.510315833829,8.510315834039,8.510315834099,8.510315834099,8.510315834139,8.510315834129,8.510315834129,8.510315834029,8.510315834081,8.510315834081
"t18",8.017833878399,8.017833878399,8.017833878599,8.017833878199,8.0178338787322,8.0178338784322,8.0178338784322,8.0178338784322,8.0178338784322,6.048508693899,6.048508693899,6.048508693759,6.048508693759,6.048508693759,4.050224754699,4.050224754699,1.52683907821,1.52683907821,1.526839078179,1.526839078179,1.5268390782,1.5268390782,0,1.531568556779,1.531568556779,8.510315834029,8.51031583423,8.51031583423,8.510315834217,8.510315834217,8.510315834229,8.510315834229,8.510315833799,8.510315833799,8.510315833829,8.510315833829,8.510315833929,8.510315833919,8.510315833919,8.510315833829,8.510315833829,8.510315833829,8.510315833829,8.510315833829,8.510315834029,8.510315834029,8.510315834029,8.510315833829,8.510315833849,8.510315833849,8.510315833799,8.510315833799,8.510315833529,8.510315833537,8.510315833537,8.510315833589,8.510315833589,8.510315833529,8.510315833529,8.510315833529,8.510315833279,8.510315833579,8.510315833579,8.510315833638,8.510315833638,8.510315833638,8.510315833638,8.510315833609,8.510315833129,8.510315833129,8.510315833729,8.510315833729,8.510315833629,8.510315833729,8.510315833629,8.510315833629,8.510315833229,8.510315833629,8.510315833621,8.510315833621,8.510315834129,8.510315833689,8.510315833689,8.510315833739,8.510315833729,8.510315833749,8.510315833749,8.510315833729,8.510315833019,8.510315833019,8.510315833829,8.510315834039,8.510315834099,8.510315834099,8.510315834139,8.510315834129,8.510315834129,8.510315834029,8.510315834081,8.510315834081
"t20",8.01783387838,8.01783387838,8.01783387858,8.01783387818,8.0178338787132,8.0178338784132,8.0178338784132,8.0178338784132,8.0178338784132,6.04850869388,6.04850869388,6.04850869374,6.04850869374,6.04850869374,4.05022475468,4.05022475468,1.531568556789,1.531568556789,1.531568556758,1.531568556758,1.531568556779,1.531568556779,1.531568556779,0,1.5098404856,8.51031583401,8.510315834211,8.510315834211,8.510315834198,8.510315834198,8.51031583421,8.51031583421,8.51031583378,8.51031583378,8.51031583381,8.51031583381,8.51031583391,8.5103158339,8.5103158339,8.51031583381,8.51031583381,8.51031583381,8.51031583381,8.51031583381,8.51031583401,8.51031583401,8.51031583401,8.51031583381,8.51031583383,8.51031583383,8.51031583378,8.51031583378,8.51031583351,8.510315833518,8.510315833518,8.51031583357,8.51031583357,8.51031583351,8.51031583351,8.51031583351,8.51031583326,8.51031583356,8.51031583356,8.510315833619,8.510315833619,8.510315833619,8.510315833619,8.51031583359,8.51031583311,8.51031583311,8.51031583371,8.51031583371,8.51031583361,8.51031583371,8.51031583361,8.51031583361,8.51031583321,8.51031583361,8.510315833602,8.510315833602,8.51031583411,8.51031583367,8.51031583367,8.51031583372,8.51031583371,8.51031583373,8.51031583373,8.51031583371,8.510315833,8.510315833,8.51031583381,8.51031583402,8.51031583408,8.51031583408,8.51031583412,8.51031583411,8.51031583411,8.51031583401,8.510315834062,8.510315834062
"t21",8.01783387838,8.01783387838,8.01783387858,8.01783387818,8.0178338787132,8.0178338784132,8.0178338784132,8.0178338784132,8.0178338784132,6.04850869388,6.04850869388,6.04850869374,6.04850869374,6.04850869374,4.05022475468,4.05022475468,1.531568556789,1.531568556789,1.531568556758,1.531568556758,1.531568556779,1.531568556779,1.531568556779,1.5098404856,0,8.51031583401,8.510315834211,8.510315834211,8.510315834198,8.510315834198,8.51031583421,8.51031583421,8.51031583378,8.51031583378,8.51031583381,8.51031583381,8.51031583391,8.5103158339,8.5103158339,8.51031583381,8.51031583381,8.51031583381,8.51031583381,8.51031583381,8.51031583401,8.51031583401,8.51031583401,8.51031583381,8.51031583383,8.51031583383,8.51031583378,8.51031583378,8.51031583351,8.510315833518,8.510315833518,8.51031583357,8.51031583357,8.51031583351,8.51031583351,8.51031583351,8.51031583326,8.51031583356,8.51031583356,8.510315833619,8.510315833619,8.510315833619,8.510315833619,8.51031583359,8.51031583311,8.51031583311,8.51031583371,8.51031583371,8.51031583361,8.51031583371,8.51031583361,8.51031583361,8.51031583321,8.51031583361,8.510315833602,8.510315833602,8.51031583411,8.51031583367,8.51031583367,8.51031583372,8.51031583371,8.51031583373,8.51031583373,8.51031583371,8.510315833,8.510315833,8.51031583381,8.51031583402,8.51031583408,8.51031583408,8.51031583412,8.51031583411,8.51031583411,8.51031583401,8.510315834062,8.510315834062
"t14",8.51031583363,8.51031583363,8.51031583383,8.51031583343,8.5103158339632,8.5103158336632,8.5103158336632,8.5103158336632,8.5103158336632,8.51031583413,8.51031583413,8.51031583399,8.51031583399,8.51031583399,8.51031583393,8.51031583393,8.510315834039,8.510315834039,8.510315834008,8.510315834008,8.510315834029,8.510315834029,8.510315834029,8.51031583401,8.51031583401,0,2.131471772201,2.131471772201,2.131471772188,2.131471772188,2.1314717722,2.1314717722,5.42972085777,5.42972085777,5.4297208578,5.4297208578,5.4297208579,5.42972085789,5.42972085789,5.4297208578,5.4297208578,5.4297208578,5.4297208578,5.4297208578,5.429720858,5.429720858,5.429720858,5.4297208578,5.42972085782,5.42972085782,5.42972085777,5.42972085777,5.4297208575,5.429720857508,5.429720857508,5.42972085756,5.42972085756,5.4297208575,5.4297208575,5.4297208575,8.36323806725,8.36323806755,8.36323806755,8.363238067609,8.363238067609,8.363238067609,8.363238067609,8.36323806758,8.3632380671,8.3632380671,8.3632380677,8.3632380677,8.3632380676,8.3632380677,8.3632380676,8.3632380676,8.3632380672,8.3632380676,8.363238067592,8.363238067592,8.3632380681,8.36323806766,8.36323806766,8.36323806771,8.3632380677,8.36323806772,8.36323806772,8.3632380677,8.36323806699,8.36323806699,8.3632380678,8.36323806801,8.36323806807,8.36323806807,8.36323806811,8.3632380681,8.3632380681,8.363238068,8.363238068052,8.363238068052
