"","t4","t5","t7","t56","t146","t147","t76","t108","t109","t44","t16","t17","t15","t12","t13","t18","t119","t120","t61","t110","t111","t144","t145","t92","t36","t68","t69","t72","t73","t130","t131","t26","t101","t102","t22","t103","t136","t137","t134","t135","t62","t19","t14","t23","t24","t98","t128","t129","t142","t143","t28","t59","t60","t21","t124","t125","t138","t139","t121","t112","t94","t58","t42","t104","t105","t45","t27","t9","t10","t31","t117","t118","t8","t64","t65","t57","t70","t71","t33","t34","t25","t35","t38","t39","t11","t52","t53","t54","t55","t50","t66","t79","t80","t77","t78","t63","t115","t116","t91","t43","t74","t81","t82","t1","t3","t126","t127","t6","t29","t30","t75","t87","t99","t100","t106","t122","t123","t107","t113","t114","t88","t89","t86","t85","t67","t83","t84","t40","t41","t20","t37","t140","t141","t97","t93","t95","t96","t90","t49","t48","t46","t47","t32","t132","t133","t51","t2"
"t4",0,0.95320478022,1.9853624301,4.19475735033,4.656283417134,4.656283417134,4.65628341713,4.65628341713,4.61886066663,4.04507016103,3.85344333078,2.83453454668,3.71508240903,1.9723468784,2.9340006946,2.43762421,4.6562834172,4.6562834172,4.6562834173,4.65628341658,4.65628341658,4.65628341656,4.65628341656,4.6562834166,4.6562834167,4.6562834173,4.6562834173,4.6562834172,4.6562834172,4.6562834165,4.6562834165,3.09794298869,4.6562834173,4.45516615562,4.6562834173,4.5810672254,4.65628341667,4.65628341667,4.65628341677,4.65628341677,4.6562834167,4.236577404,2.5627063032,4.2969950374,3.42516376746,4.65628341656,4.65628341666,4.65628341666,4.65628341723,4.65628341723,4.65628341726,4.6562834169,4.6562834169,3.1603644229,4.656283416519,4.656283416519,4.656283416499,4.656283416499,4.630741576989,4.656283416519,4.656283416519,4.656283416519,4.656283417419,4.656283416919,4.656283416919,4.656283416619,3.630595366119,6.2077172359,3.6966840831,4.85048259463,6.20771723683,6.20771723683,3.25314539288,6.20771723712,6.20771723712,5.67187135788,6.20771723698,6.20771723698,5.80160776015,6.20771723715,4.77751186618,5.8135497117,6.20771723701,6.20771723701,3.7158555373,6.2077172364,6.2077172364,5.932096385,6.2077172364,6.0489019679,6.2077172376,6.061703672,6.2077172376,6.2077172371,6.2077172371,6.20771723713,6.20771723713,6.20771723713,6.20771723713,6.2077172374,6.2077172375,6.2077172375,6.2077172375,2.3880582083,2.609754423725,6.215255744025,6.215255744025,3.345673980525,6.215255744625,6.215255744625,6.215255744425,6.215255744425,6.215255744425,6.215255744425,6.215255744415,6.215255744385,6.215255744385,6.215255744415,6.215255744435,6.215255744435,6.215255744437,6.215255744437,6.215255744477,5.882932285115,5.611458730225,5.887419918625,6.215255744425,5.567983032323,6.215255744223,4.574981670023,5.383166282893,6.215255744413,6.215255744413,6.215255744473,6.215255744403,6.215255744413,6.215255744413,6.215255744463,6.215255744263,5.554904173993,6.009789010253,5.853218369253,6.215255744763,6.215255744835,6.215255744835,5.433542647325,1.742597299625
"t5",0.95320478022,0,1.20724813492,3.41664305515,3.878169121954,3.878169121954,3.87816912195,3.87816912195,3.84074637145,3.26695586585,3.0753290356,2.0564202515,2.93696811385,1.19423258322,2.15588639942,1.65950991482,3.87816912202,3.87816912202,3.87816912212,3.8781691214,3.8781691214,3.87816912138,3.87816912138,3.87816912142,3.87816912152,3.87816912212,3.87816912212,3.87816912202,3.87816912202,3.87816912132,3.87816912132,2.31982869351,3.87816912212,3.67705186044,3.87816912212,3.80295293022,3.87816912149,3.87816912149,3.87816912159,3.87816912159,3.87816912152,3.45846310882,1.78459200802,3.51888074222,2.64704947228,3.87816912138,3.87816912148,3.87816912148,3.87816912205,3.87816912205,3.87816912208,3.87816912172,3.87816912172,2.38225012772,3.878169121339,3.878169121339,3.878169121319,3.878169121319,3.852627281809,3.878169121339,3.878169121339,3.878169121339,3.878169122239,3.878169121739,3.878169121739,3.878169121439,2.852481070939,6.16306722072,3.65203406792,4.80583257945,6.16306722165,6.16306722165,3.2084953777,6.16306722194,6.16306722194,5.6272213427,6.1630672218,6.1630672218,5.75695774497,6.16306722197,4.732861851,5.76889969652,6.16306722183,6.16306722183,3.67120552212,6.16306722122,6.16306722122,5.88744636982,6.16306722122,6.00425195272,6.16306722242,6.01705365682,6.16306722242,6.16306722192,6.16306722192,6.16306722195,6.16306722195,6.16306722195,6.16306722195,6.16306722222,6.16306722232,6.16306722232,6.16306722232,2.34340819312,2.565104408545,6.170605728845,6.170605728845,3.301023965345,6.170605729445,6.170605729445,6.170605729245,6.170605729245,6.170605729245,6.170605729245,6.170605729235,6.170605729205,6.170605729205,6.170605729235,6.170605729255,6.170605729255,6.170605729257,6.170605729257,6.170605729297,5.838282269935,5.566808715045,5.842769903445,6.170605729245,5.523333017143,6.170605729043,4.530331654843,5.338516267713,6.170605729233,6.170605729233,6.170605729293,6.170605729223,6.170605729233,6.170605729233,6.170605729283,6.170605729083,5.510254158813,5.965138995073,5.808568354073,6.170605729583,6.170605729655,6.170605729655,5.388892632145,1.697947284445
"t7",1.9853624301,1.20724813492,0,3.75626291443,4.217788981234,4.217788981234,4.21778898123,4.21778898123,4.18036623073,3.60657572513,3.41494889488,2.39604011078,3.27658797313,1.5338524425,2.4955062587,2.4649159969,4.6835752041,4.6835752041,4.6835752042,4.68357520348,4.68357520348,4.68357520346,4.68357520346,4.6835752035,4.6835752036,4.6835752042,4.6835752042,4.6835752041,4.6835752041,4.6835752034,4.6835752034,3.12523477559,4.6835752042,4.48245794252,4.6835752042,4.6083590123,4.68357520357,4.68357520357,4.68357520367,4.68357520367,4.6835752036,4.2638691909,2.5899980901,4.3242868243,3.45245555436,4.68357520346,4.68357520356,4.68357520356,4.68357520413,4.68357520413,4.68357520416,4.6835752038,4.6835752038,3.1876562098,4.683575203419,4.683575203419,4.683575203399,4.683575203399,4.658033363889,4.683575203419,4.683575203419,4.683575203419,4.683575204319,4.683575203819,4.683575203819,4.683575203519,3.657887153019,7.1952248706,4.6841917178,5.83799022933,7.19522487153,7.19522487153,4.24065302758,7.19522487182,7.19522487182,6.65937899258,7.19522487168,7.19522487168,6.78911539485,7.19522487185,5.76501950088,6.8010573464,7.19522487171,7.19522487171,4.703363172,7.1952248711,7.1952248711,6.9196040197,7.1952248711,7.0364096026,7.1952248723,7.0492113067,7.1952248723,7.1952248718,7.1952248718,7.19522487183,7.19522487183,7.19522487183,7.19522487183,7.1952248721,7.1952248722,7.1952248722,7.1952248722,3.375565843,3.597262058425,7.202763378725,7.202763378725,4.333181615225,7.202763379325,7.202763379325,7.202763379125,7.202763379125,7.202763379125,7.202763379125,7.202763379115,7.202763379085,7.202763379085,7.202763379115,7.202763379135,7.202763379135,7.202763379137,7.202763379137,7.202763379177,6.870439919815,6.598966364925,6.874927553325,7.202763379125,6.555490667023,7.202763378923,5.562489304723,6.370673917593,7.202763379113,7.202763379113,7.202763379173,7.202763379103,7.202763379113,7.202763379113,7.202763379163,7.202763378963,6.542411808693,6.997296644953,6.840726003953,7.202763379463,7.202763379535,7.202763379535,6.421050282025,2.730104934325
"t56",4.19475735033,3.41664305515,3.75626291443,0,1.250774401204,1.250774401204,1.5021387256,1.5021387256,1.4647159751,1.1848046783,4.87017700805,3.85126822395,4.7318160863,3.09664480233,4.05829861853,4.67431091713,6.89297012433,6.89297012433,6.89297012443,6.89297012371,6.89297012371,6.89297012369,6.89297012369,6.89297012373,6.89297012383,6.89297012443,6.89297012443,6.89297012433,6.89297012433,6.89297012363,6.89297012363,5.33462969582,6.89297012443,6.69185286275,6.89297012443,6.81775393253,6.8929701238,6.8929701238,6.8929701239,6.8929701239,6.89297012383,6.47326411113,4.79939301033,6.53368174453,5.66185047459,6.89297012369,6.89297012379,6.89297012379,6.89297012436,6.89297012436,6.89297012439,6.89297012403,6.89297012403,5.39705113003,6.892970123649,6.892970123649,6.892970123629,6.892970123629,6.867428284119,6.892970123649,6.892970123649,6.892970123649,6.892970124549,6.892970124049,6.892970124049,6.892970123749,5.867282073249,9.40461979083,6.89358663803,8.04738514956,9.40461979176,9.40461979176,6.45004794781,9.40461979205,9.40461979205,8.86877391281,9.40461979191,9.40461979191,8.99851031508,9.40461979208,7.97441442111,9.01045226663,9.40461979194,9.40461979194,6.91275809223,9.40461979133,9.40461979133,9.12899893993,9.40461979133,9.24580452283,9.40461979253,9.25860622693,9.40461979253,9.40461979203,9.40461979203,9.40461979206,9.40461979206,9.40461979206,9.40461979206,9.40461979233,9.40461979243,9.40461979243,9.40461979243,5.58496076323,5.806656978655,9.412158298955,9.412158298955,6.542576535455,9.412158299555,9.412158299555,9.412158299355,9.412158299355,9.412158299355,9.412158299355,9.412158299345,9.412158299315,9.412158299315,9.412158299345,9.412158299365,9.412158299365,9.412158299367,9.412158299367,9.412158299407,9.079834840045,8.808361285155,9.084322473555,9.412158299355,8.764885587253,9.412158299153,7.771884224953,8.580068837823,9.412158299343,9.412158299343,9.412158299403,9.412158299333,9.412158299343,9.412158299343,9.412158299393,9.412158299193,8.751806728923,9.206691565183,9.050120924183,9.412158299693,9.412158299765,9.412158299765,8.630445202255,4.939499854555
"t146",4.656283417134,3.878169121954,4.217788981234,1.250774401204,0,0.005350798608,1.963664792404,1.963664792404,1.926242041904,1.646330745104,5.331703074854,4.312794290754,5.193342153104,3.558170869134,4.519824685334,5.135836983934,7.354496191134,7.354496191134,7.354496191234,7.354496190514,7.354496190514,7.354496190494,7.354496190494,7.354496190534,7.354496190634,7.354496191234,7.354496191234,7.354496191134,7.354496191134,7.354496190434,7.354496190434,5.796155762624,7.354496191234,7.153378929554,7.354496191234,7.279279999334,7.354496190604,7.354496190604,7.354496190704,7.354496190704,7.354496190634,6.934790177934,5.260919077134,6.995207811334,6.123376541394,7.354496190494,7.354496190594,7.354496190594,7.354496191164,7.354496191164,7.354496191194,7.354496190834,7.354496190834,5.858577196834,7.354496190453,7.354496190453,7.354496190433,7.354496190433,7.328954350923,7.354496190453,7.354496190453,7.354496190453,7.354496191353,7.354496190853,7.354496190853,7.354496190553,6.328808140053,9.866145857634,7.355112704834,8.508911216364,9.866145858564,9.866145858564,6.911574014614,9.866145858854,9.866145858854,9.330299979614,9.866145858714,9.866145858714,9.460036381884,9.866145858884,8.435940487914,9.471978333434,9.866145858744,9.866145858744,7.374284159034,9.866145858134,9.866145858134,9.590525006734,9.866145858134,9.707330589634,9.866145859334,9.720132293734,9.866145859334,9.866145858834,9.866145858834,9.866145858864,9.866145858864,9.866145858864,9.866145858864,9.866145859134,9.866145859234,9.866145859234,9.866145859234,6.046486830034,6.268183045459,9.873684365759,9.873684365759,7.004102602259,9.873684366359,9.873684366359,9.873684366159,9.873684366159,9.873684366159,9.873684366159,9.873684366149,9.873684366119,9.873684366119,9.873684366149,9.873684366169,9.873684366169,9.873684366171,9.873684366171,9.873684366211,9.541360906849,9.269887351959,9.545848540359,9.873684366159,9.226411654057,9.873684365957,8.233410291757,9.041594904627,9.873684366147,9.873684366147,9.873684366207,9.873684366137,9.873684366147,9.873684366147,9.873684366197,9.873684365997,9.213332795727,9.668217631987,9.511646990987,9.873684366497,9.873684366569,9.873684366569,9.091971269059,5.401025921359
"t147",4.656283417134,3.878169121954,4.217788981234,1.250774401204,0.005350798608,0,1.963664792404,1.963664792404,1.926242041904,1.646330745104,5.331703074854,4.312794290754,5.193342153104,3.558170869134,4.519824685334,5.135836983934,7.354496191134,7.354496191134,7.354496191234,7.354496190514,7.354496190514,7.354496190494,7.354496190494,7.354496190534,7.354496190634,7.354496191234,7.354496191234,7.354496191134,7.354496191134,7.354496190434,7.354496190434,5.796155762624,7.354496191234,7.153378929554,7.354496191234,7.279279999334,7.354496190604,7.354496190604,7.354496190704,7.354496190704,7.354496190634,6.934790177934,5.260919077134,6.995207811334,6.123376541394,7.354496190494,7.354496190594,7.354496190594,7.354496191164,7.354496191164,7.354496191194,7.354496190834,7.354496190834,5.858577196834,7.354496190453,7.354496190453,7.354496190433,7.354496190433,7.328954350923,7.354496190453,7.354496190453,7.354496190453,7.354496191353,7.354496190853,7.354496190853,7.354496190553,6.328808140053,9.866145857634,7.355112704834,8.508911216364,9.866145858564,9.866145858564,6.911574014614,9.866145858854,9.866145858854,9.330299979614,9.866145858714,9.866145858714,9.460036381884,9.866145858884,8.435940487914,9.471978333434,9.866145858744,9.866145858744,7.374284159034,9.866145858134,9.866145858134,9.590525006734,9.866145858134,9.707330589634,9.866145859334,9.720132293734,9.866145859334,9.866145858834,9.866145858834,9.866145858864,9.866145858864,9.866145858864,9.866145858864,9.866145859134,9.866145859234,9.866145859234,9.866145859234,6.046486830034,6.268183045459,9.873684365759,9.873684365759,7.004102602259,9.873684366359,9.873684366359,9.873684366159,9.873684366159,9.873684366159,9.873684366159,9.873684366149,9.873684366119,9.873684366119,9.873684366149,9.873684366169,9.873684366169,9.873684366171,9.873684366171,9.873684366211,9.541360906849,9.269887351959,9.545848540359,9.873684366159,9.226411654057,9.873684365957,8.233410291757,9.041594904627,9.873684366147,9.873684366147,9.873684366207,9.873684366137,9.873684366147,9.873684366147,9.873684366197,9.873684365997,9.213332795727,9.668217631987,9.511646990987,9.873684366497,9.873684366569,9.873684366569,9.091971269059,5.401025921359
"t76",4.65628341713,3.87816912195,4.21778898123,1.5021387256,1.963664792404,1.963664792404,0,1.0988281886,1.0614054381,1.6463307451,5.33170307485,4.31279429075,5.1933421531,3.55817086913,4.51982468533,5.13583698393,7.35449619113,7.35449619113,7.35449619123,7.35449619051,7.35449619051,7.35449619049,7.35449619049,7.35449619053,7.35449619063,7.35449619123,7.35449619123,7.35449619113,7.35449619113,7.35449619043,7.35449619043,5.79615576262,7.35449619123,7.15337892955,7.35449619123,7.27927999933,7.3544961906,7.3544961906,7.3544961907,7.3544961907,7.35449619063,6.93479017793,5.26091907713,6.99520781133,6.12337654139,7.35449619049,7.35449619059,7.35449619059,7.35449619116,7.35449619116,7.35449619119,7.35449619083,7.35449619083,5.85857719683,7.354496190449,7.354496190449,7.354496190429,7.354496190429,7.328954350919,7.354496190449,7.354496190449,7.354496190449,7.354496191349,7.354496190849,7.354496190849,7.354496190549,6.328808140049,9.86614585763,7.35511270483,8.50891121636,9.86614585856,9.86614585856,6.91157401461,9.86614585885,9.86614585885,9.33029997961,9.86614585871,9.86614585871,9.46003638188,9.86614585888,8.43594048791,9.47197833343,9.86614585874,9.86614585874,7.37428415903,9.86614585813,9.86614585813,9.59052500673,9.86614585813,9.70733058963,9.86614585933,9.72013229373,9.86614585933,9.86614585883,9.86614585883,9.86614585886,9.86614585886,9.86614585886,9.86614585886,9.86614585913,9.86614585923,9.86614585923,9.86614585923,6.04648683003,6.268183045455,9.873684365755,9.873684365755,7.004102602255,9.873684366355,9.873684366355,9.873684366155,9.873684366155,9.873684366155,9.873684366155,9.873684366145,9.873684366115,9.873684366115,9.873684366145,9.873684366165,9.873684366165,9.873684366167,9.873684366167,9.873684366207,9.541360906845,9.269887351955,9.545848540355,9.873684366155,9.226411654053,9.873684365953,8.233410291753,9.041594904623,9.873684366143,9.873684366143,9.873684366203,9.873684366133,9.873684366143,9.873684366143,9.873684366193,9.873684365993,9.213332795723,9.668217631983,9.511646990983,9.873684366493,9.873684366565,9.873684366565,9.091971269055,5.401025921355
"t108",4.65628341713,3.87816912195,4.21778898123,1.5021387256,1.963664792404,1.963664792404,1.0988281886,0,0.3396611105,1.6463307451,5.33170307485,4.31279429075,5.1933421531,3.55817086913,4.51982468533,5.13583698393,7.35449619113,7.35449619113,7.35449619123,7.35449619051,7.35449619051,7.35449619049,7.35449619049,7.35449619053,7.35449619063,7.35449619123,7.35449619123,7.35449619113,7.35449619113,7.35449619043,7.35449619043,5.79615576262,7.35449619123,7.15337892955,7.35449619123,7.27927999933,7.3544961906,7.3544961906,7.3544961907,7.3544961907,7.35449619063,6.93479017793,5.26091907713,6.99520781133,6.12337654139,7.35449619049,7.35449619059,7.35449619059,7.35449619116,7.35449619116,7.35449619119,7.35449619083,7.35449619083,5.85857719683,7.354496190449,7.354496190449,7.354496190429,7.354496190429,7.328954350919,7.354496190449,7.354496190449,7.354496190449,7.354496191349,7.354496190849,7.354496190849,7.354496190549,6.328808140049,9.86614585763,7.35511270483,8.50891121636,9.86614585856,9.86614585856,6.91157401461,9.86614585885,9.86614585885,9.33029997961,9.86614585871,9.86614585871,9.46003638188,9.86614585888,8.43594048791,9.47197833343,9.86614585874,9.86614585874,7.37428415903,9.86614585813,9.86614585813,9.59052500673,9.86614585813,9.70733058963,9.86614585933,9.72013229373,9.86614585933,9.86614585883,9.86614585883,9.86614585886,9.86614585886,9.86614585886,9.86614585886,9.86614585913,9.86614585923,9.86614585923,9.86614585923,6.04648683003,6.268183045455,9.873684365755,9.873684365755,7.004102602255,9.873684366355,9.873684366355,9.873684366155,9.873684366155,9.873684366155,9.873684366155,9.873684366145,9.873684366115,9.873684366115,9.873684366145,9.873684366165,9.873684366165,9.873684366167,9.873684366167,9.873684366207,9.541360906845,9.269887351955,9.545848540355,9.873684366155,9.226411654053,9.873684365953,8.233410291753,9.041594904623,9.873684366143,9.873684366143,9.873684366203,9.873684366133,9.873684366143,9.873684366143,9.873684366193,9.873684365993,9.213332795723,9.668217631983,9.511646990983,9.873684366493,9.873684366565,9.873684366565,9.091971269055,5.401025921355
"t109",4.61886066663,3.84074637145,4.18036623073,1.4647159751,1.926242041904,1.926242041904,1.0614054381,0.3396611105,0,1.6089079946,5.29428032435,4.27537154025,5.1559194026,3.52074811863,4.48240193483,5.09841423343,7.31707344063,7.31707344063,7.31707344073,7.31707344001,7.31707344001,7.31707343999,7.31707343999,7.31707344003,7.31707344013,7.31707344073,7.31707344073,7.31707344063,7.31707344063,7.31707343993,7.31707343993,5.75873301212,7.31707344073,7.11595617905,7.31707344073,7.24185724883,7.3170734401,7.3170734401,7.3170734402,7.3170734402,7.31707344013,6.89736742743,5.22349632663,6.95778506083,6.08595379089,7.31707343999,7.31707344009,7.31707344009,7.31707344066,7.31707344066,7.31707344069,7.31707344033,7.31707344033,5.82115444633,7.317073439949,7.317073439949,7.317073439929,7.317073439929,7.291531600419,7.317073439949,7.317073439949,7.317073439949,7.317073440849,7.317073440349,7.317073440349,7.317073440049,6.291385389549,9.82872310713,7.31768995433,8.47148846586,9.82872310806,9.82872310806,6.87415126411,9.82872310835,9.82872310835,9.29287722911,9.82872310821,9.82872310821,9.42261363138,9.82872310838,8.39851773741,9.43455558293,9.82872310824,9.82872310824,7.33686140853,9.82872310763,9.82872310763,9.55310225623,9.82872310763,9.66990783913,9.82872310883,9.68270954323,9.82872310883,9.82872310833,9.82872310833,9.82872310836,9.82872310836,9.82872310836,9.82872310836,9.82872310863,9.82872310873,9.82872310873,9.82872310873,6.00906407953,6.230760294955,9.836261615255,9.836261615255,6.966679851755,9.836261615855,9.836261615855,9.836261615655,9.836261615655,9.836261615655,9.836261615655,9.836261615645,9.836261615615,9.836261615615,9.836261615645,9.836261615665,9.836261615665,9.836261615667,9.836261615667,9.836261615707,9.503938156345,9.232464601455,9.508425789855,9.836261615655,9.188988903553,9.836261615453,8.195987541253,9.004172154123,9.836261615643,9.836261615643,9.836261615703,9.836261615633,9.836261615643,9.836261615643,9.836261615693,9.836261615493,9.175910045223,9.630794881483,9.474224240483,9.836261615993,9.836261616065,9.836261616065,9.054548518555,5.363603170855
"t44",4.04507016103,3.26695586585,3.60657572513,1.1848046783,1.646330745104,1.646330745104,1.6463307451,1.6463307451,1.6089079946,0,4.72048981875,3.70158103465,4.582128897,2.94695761303,3.90861142923,4.52462372783,6.74328293503,6.74328293503,6.74328293513,6.74328293441,6.74328293441,6.74328293439,6.74328293439,6.74328293443,6.74328293453,6.74328293513,6.74328293513,6.74328293503,6.74328293503,6.74328293433,6.74328293433,5.18494250652,6.74328293513,6.54216567345,6.74328293513,6.66806674323,6.7432829345,6.7432829345,6.7432829346,6.7432829346,6.74328293453,6.32357692183,4.64970582103,6.38399455523,5.51216328529,6.74328293439,6.74328293449,6.74328293449,6.74328293506,6.74328293506,6.74328293509,6.74328293473,6.74328293473,5.24736394073,6.743282934349,6.743282934349,6.743282934329,6.743282934329,6.717741094819,6.743282934349,6.743282934349,6.743282934349,6.743282935249,6.743282934749,6.743282934749,6.743282934449,5.717594883949,9.25493260153,6.74389944873,7.89769796026,9.25493260246,9.25493260246,6.30036075851,9.25493260275,9.25493260275,8.71908672351,9.25493260261,9.25493260261,8.84882312578,9.25493260278,7.82472723181,8.86076507733,9.25493260264,9.25493260264,6.76307090293,9.25493260203,9.25493260203,8.97931175063,9.25493260203,9.09611733353,9.25493260323,9.10891903763,9.25493260323,9.25493260273,9.25493260273,9.25493260276,9.25493260276,9.25493260276,9.25493260276,9.25493260303,9.25493260313,9.25493260313,9.25493260313,5.43527357393,5.656969789355,9.262471109655,9.262471109655,6.392889346155,9.262471110255,9.262471110255,9.262471110055,9.262471110055,9.262471110055,9.262471110055,9.262471110045,9.262471110015,9.262471110015,9.262471110045,9.262471110065,9.262471110065,9.262471110067,9.262471110067,9.262471110107,8.930147650745,8.658674095855,8.934635284255,9.262471110055,8.615198397953,9.262471109853,7.622197035653,8.430381648523,9.262471110043,9.262471110043,9.262471110103,9.262471110033,9.262471110043,9.262471110043,9.262471110093,9.262471109893,8.602119539623,9.057004375883,8.900433734883,9.262471110393,9.262471110465,9.262471110465,8.480758012955,4.789812665255
"t16",3.85344333078,3.0753290356,3.41494889488,4.87017700805,5.331703074854,5.331703074854,5.33170307485,5.33170307485,5.29428032435,4.72048981875,0,2.5352944219,3.54817491375,2.75533078278,3.71698459898,4.33299689758,6.55165610478,6.55165610478,6.55165610488,6.55165610416,6.55165610416,6.55165610414,6.55165610414,6.55165610418,6.55165610428,6.55165610488,6.55165610488,6.55165610478,6.55165610478,6.55165610408,6.55165610408,4.99331567627,6.55165610488,6.3505388432,6.55165610488,6.47643991298,6.55165610425,6.55165610425,6.55165610435,6.55165610435,6.55165610428,6.13195009158,4.45807899078,6.19236772498,5.32053645504,6.55165610414,6.55165610424,6.55165610424,6.55165610481,6.55165610481,6.55165610484,6.55165610448,6.55165610448,5.05573711048,6.551656104099,6.551656104099,6.551656104079,6.551656104079,6.526114264569,6.551656104099,6.551656104099,6.551656104099,6.551656104999,6.551656104499,6.551656104499,6.551656104199,5.525968053699,9.06330577128,6.55227261848,7.70607113001,9.06330577221,9.06330577221,6.10873392826,9.0633057725,9.0633057725,8.52745989326,9.06330577236,9.06330577236,8.65719629553,9.06330577253,7.63310040156,8.66913824708,9.06330577239,9.06330577239,6.57144407268,9.06330577178,9.06330577178,8.78768492038,9.06330577178,8.90449050328,9.06330577298,8.91729220738,9.06330577298,9.06330577248,9.06330577248,9.06330577251,9.06330577251,9.06330577251,9.06330577251,9.06330577278,9.06330577288,9.06330577288,9.06330577288,5.24364674368,5.465342959105,9.070844279405,9.070844279405,6.201262515905,9.070844280005,9.070844280005,9.070844279805,9.070844279805,9.070844279805,9.070844279805,9.070844279795,9.070844279765,9.070844279765,9.070844279795,9.070844279815,9.070844279815,9.070844279817,9.070844279817,9.070844279857,8.738520820495,8.467047265605,8.743008454005,9.070844279805,8.423571567703,9.070844279603,7.430570205403,8.238754818273,9.070844279793,9.070844279793,9.070844279853,9.070844279783,9.070844279793,9.070844279793,9.070844279843,9.070844279643,8.410492709373,8.865377545633,8.708806904633,9.070844280143,9.070844280215,9.070844280215,8.289131182705,4.598185835005
"t17",2.83453454668,2.0564202515,2.39604011078,3.85126822395,4.312794290754,4.312794290754,4.31279429075,4.31279429075,4.27537154025,3.70158103465,2.5352944219,0,2.52926612965,1.73642199868,2.69807581488,3.31408811348,5.53274732068,5.53274732068,5.53274732078,5.53274732006,5.53274732006,5.53274732004,5.53274732004,5.53274732008,5.53274732018,5.53274732078,5.53274732078,5.53274732068,5.53274732068,5.53274731998,5.53274731998,3.97440689217,5.53274732078,5.3316300591,5.53274732078,5.45753112888,5.53274732015,5.53274732015,5.53274732025,5.53274732025,5.53274732018,5.11304130748,3.43917020668,5.17345894088,4.30162767094,5.53274732004,5.53274732014,5.53274732014,5.53274732071,5.53274732071,5.53274732074,5.53274732038,5.53274732038,4.03682832638,5.532747319999,5.532747319999,5.532747319979,5.532747319979,5.507205480469,5.532747319999,5.532747319999,5.532747319999,5.532747320899,5.532747320399,5.532747320399,5.532747320099,4.507059269599,8.04439698718,5.53336383438,6.68716234591,8.04439698811,8.04439698811,5.08982514416,8.0443969884,8.0443969884,7.50855110916,8.04439698826,8.04439698826,7.63828751143,8.04439698843,6.61419161746,7.65022946298,8.04439698829,8.04439698829,5.55253528858,8.04439698768,8.04439698768,7.76877613628,8.04439698768,7.88558171918,8.04439698888,7.89838342328,8.04439698888,8.04439698838,8.04439698838,8.04439698841,8.04439698841,8.04439698841,8.04439698841,8.04439698868,8.04439698878,8.04439698878,8.04439698878,4.22473795958,4.446434175005,8.051935495305,8.051935495305,5.182353731805,8.051935495905,8.051935495905,8.051935495705,8.051935495705,8.051935495705,8.051935495705,8.051935495695,8.051935495665,8.051935495665,8.051935495695,8.051935495715,8.051935495715,8.051935495717,8.051935495717,8.051935495757,7.719612036395,7.448138481505,7.724099669905,8.051935495705,7.404662783603,8.051935495503,6.411661421303,7.219846034173,8.051935495693,8.051935495693,8.051935495753,8.051935495683,8.051935495693,8.051935495693,8.051935495743,8.051935495543,7.391583925273,7.846468761533,7.689898120533,8.051935496043,8.051935496115,8.051935496115,7.270222398605,3.579277050905
"t15",3.71508240903,2.93696811385,3.27658797313,4.7318160863,5.193342153104,5.193342153104,5.1933421531,5.1933421531,5.1559194026,4.582128897,3.54817491375,2.52926612965,0,2.61696986103,3.57862367723,4.19463597583,6.41329518303,6.41329518303,6.41329518313,6.41329518241,6.41329518241,6.41329518239,6.41329518239,6.41329518243,6.41329518253,6.41329518313,6.41329518313,6.41329518303,6.41329518303,6.41329518233,6.41329518233,4.85495475452,6.41329518313,6.21217792145,6.41329518313,6.33807899123,6.4132951825,6.4132951825,6.4132951826,6.4132951826,6.41329518253,5.99358916983,4.31971806903,6.05400680323,5.18217553329,6.41329518239,6.41329518249,6.41329518249,6.41329518306,6.41329518306,6.41329518309,6.41329518273,6.41329518273,4.91737618873,6.413295182349,6.413295182349,6.413295182329,6.413295182329,6.387753342819,6.413295182349,6.413295182349,6.413295182349,6.413295183249,6.413295182749,6.413295182749,6.413295182449,5.387607131949,8.92494484953,6.41391169673,7.56771020826,8.92494485046,8.92494485046,5.97037300651,8.92494485075,8.92494485075,8.38909897151,8.92494485061,8.92494485061,8.51883537378,8.92494485078,7.49473947981,8.53077732533,8.92494485064,8.92494485064,6.43308315093,8.92494485003,8.92494485003,8.64932399863,8.92494485003,8.76612958153,8.92494485123,8.77893128563,8.92494485123,8.92494485073,8.92494485073,8.92494485076,8.92494485076,8.92494485076,8.92494485076,8.92494485103,8.92494485113,8.92494485113,8.92494485113,5.10528582193,5.326982037355,8.932483357655,8.932483357655,6.062901594155,8.932483358255,8.932483358255,8.932483358055,8.932483358055,8.932483358055,8.932483358055,8.932483358045,8.932483358015,8.932483358015,8.932483358045,8.932483358065,8.932483358065,8.932483358067,8.932483358067,8.932483358107,8.600159898745,8.328686343855,8.604647532255,8.932483358055,8.285210645953,8.932483357853,7.292209283653,8.100393896523,8.932483358043,8.932483358043,8.932483358103,8.932483358033,8.932483358043,8.932483358043,8.932483358093,8.932483357893,8.272131787623,8.727016623883,8.570445982883,8.932483358393,8.932483358465,8.932483358465,8.150770260955,4.459824913255
"t12",1.9723468784,1.19423258322,1.5338524425,3.09664480233,3.558170869134,3.558170869134,3.55817086913,3.55817086913,3.52074811863,2.94695761303,2.75533078278,1.73642199868,2.61696986103,0,1.4455120858,2.4519004452,4.6705596524,4.6705596524,4.6705596525,4.67055965178,4.67055965178,4.67055965176,4.67055965176,4.6705596518,4.6705596519,4.6705596525,4.6705596525,4.6705596524,4.6705596524,4.6705596517,4.6705596517,3.11221922389,4.6705596525,4.46944239082,4.6705596525,4.5953434606,4.67055965187,4.67055965187,4.67055965197,4.67055965197,4.6705596519,4.2508536392,2.5769825384,4.3112712726,3.43944000266,4.67055965176,4.67055965186,4.67055965186,4.67055965243,4.67055965243,4.67055965246,4.6705596521,4.6705596521,3.1746406581,4.670559651719,4.670559651719,4.670559651699,4.670559651699,4.645017812189,4.670559651719,4.670559651719,4.670559651719,4.670559652619,4.670559652119,4.670559652119,4.670559651819,3.644871601319,7.1822093189,4.6711761661,5.82497467763,7.18220931983,7.18220931983,4.22763747588,7.18220932012,7.18220932012,6.64636344088,7.18220931998,7.18220931998,6.77609984315,7.18220932015,5.75200394918,6.7880417947,7.18220932001,7.18220932001,4.6903476203,7.1822093194,7.1822093194,6.906588468,7.1822093194,7.0233940509,7.1822093206,7.036195755,7.1822093206,7.1822093201,7.1822093201,7.18220932013,7.18220932013,7.18220932013,7.18220932013,7.1822093204,7.1822093205,7.1822093205,7.1822093205,3.3625502913,3.584246506725,7.189747827025,7.189747827025,4.320166063525,7.189747827625,7.189747827625,7.189747827425,7.189747827425,7.189747827425,7.189747827425,7.189747827415,7.189747827385,7.189747827385,7.189747827415,7.189747827435,7.189747827435,7.189747827437,7.189747827437,7.189747827477,6.857424368115,6.585950813225,6.861912001625,7.189747827425,6.542475115323,7.189747827223,5.549473753023,6.357658365893,7.189747827413,7.189747827413,7.189747827473,7.189747827403,7.189747827413,7.189747827413,7.189747827463,7.189747827263,6.529396256993,6.984281093253,6.827710452253,7.189747827763,7.189747827835,7.189747827835,6.408034730325,2.717089382625
"t13",2.9340006946,2.15588639942,2.4955062587,4.05829861853,4.519824685334,4.519824685334,4.51982468533,4.51982468533,4.48240193483,3.90861142923,3.71698459898,2.69807581488,3.57862367723,1.4455120858,0,3.4135542614,5.6322134686,5.6322134686,5.6322134687,5.63221346798,5.63221346798,5.63221346796,5.63221346796,5.632213468,5.6322134681,5.6322134687,5.6322134687,5.6322134686,5.6322134686,5.6322134679,5.6322134679,4.07387304009,5.6322134687,5.43109620702,5.6322134687,5.5569972768,5.63221346807,5.63221346807,5.63221346817,5.63221346817,5.6322134681,5.2125074554,3.5386363546,5.2729250888,4.40109381886,5.63221346796,5.63221346806,5.63221346806,5.63221346863,5.63221346863,5.63221346866,5.6322134683,5.6322134683,4.1362944743,5.632213467919,5.632213467919,5.632213467899,5.632213467899,5.606671628389,5.632213467919,5.632213467919,5.632213467919,5.632213468819,5.632213468319,5.632213468319,5.632213468019,4.606525417519,8.1438631351,5.6328299823,6.78662849383,8.14386313603,8.14386313603,5.18929129208,8.14386313632,8.14386313632,7.60801725708,8.14386313618,8.14386313618,7.73775365935,8.14386313635,6.71365776538,7.7496956109,8.14386313621,8.14386313621,5.6520014365,8.1438631356,8.1438631356,7.8682422842,8.1438631356,7.9850478671,8.1438631368,7.9978495712,8.1438631368,8.1438631363,8.1438631363,8.14386313633,8.14386313633,8.14386313633,8.14386313633,8.1438631366,8.1438631367,8.1438631367,8.1438631367,4.3242041075,4.545900322925,8.151401643225,8.151401643225,5.281819879725,8.151401643825,8.151401643825,8.151401643625,8.151401643625,8.151401643625,8.151401643625,8.151401643615,8.151401643585,8.151401643585,8.151401643615,8.151401643635,8.151401643635,8.151401643637,8.151401643637,8.151401643677,7.819078184315,7.547604629425,7.823565817825,8.151401643625,7.504128931523,8.151401643423,6.511127569223,7.319312182093,8.151401643613,8.151401643613,8.151401643673,8.151401643603,8.151401643613,8.151401643613,8.151401643663,8.151401643463,7.491050073193,7.945934909453,7.789364268453,8.151401643963,8.151401644035,8.151401644035,7.369688546525,3.678743198825
"t18",2.43762421,1.65950991482,2.4649159969,4.67431091713,5.135836983934,5.135836983934,5.13583698393,5.13583698393,5.09841423343,4.52462372783,4.33299689758,3.31408811348,4.19463597583,2.4519004452,3.4135542614,0,2.399814345,2.399814345,2.3998143451,2.39981434438,2.39981434438,2.39981434436,2.39981434436,2.3998143444,2.3998143445,3.0190856809,3.0190856809,3.0190856808,3.0190856808,3.0190856801,3.0190856801,1.46074525229,3.0190856809,2.81796841922,4.9122650447,4.8370488528,4.91226504407,4.91226504407,4.91226504417,4.91226504417,4.9122650441,4.4925590314,2.8186879306,4.5529766648,3.68114539486,4.91226504396,4.91226504406,4.91226504406,4.91226504463,4.91226504463,4.91226504466,4.9122650443,4.9122650443,3.4163460503,4.912265043919,4.912265043919,4.912265043899,4.912265043899,4.886723204389,4.912265043919,4.912265043919,4.912265043919,4.912265044819,4.912265044319,4.912265044319,4.912265044019,3.886576993519,7.6474866505,5.1364534977,6.29025200923,7.64748665143,7.64748665143,4.69291480748,7.64748665172,7.64748665172,7.11164077248,7.64748665158,7.64748665158,7.24137717475,7.64748665175,6.21728128078,7.2533191263,7.64748665161,7.64748665161,5.1556249519,7.647486651,7.647486651,7.3718657996,7.647486651,7.4886713825,7.6474866522,7.5014730866,7.6474866522,7.6474866517,7.6474866517,7.64748665173,7.64748665173,7.64748665173,7.64748665173,7.647486652,7.6474866521,7.6474866521,7.6474866521,3.8278276229,4.049523838325,7.655025158625,7.655025158625,4.785443395125,7.655025159225,7.655025159225,7.655025159025,7.655025159025,7.655025159025,7.655025159025,7.655025159015,7.655025158985,7.655025158985,7.655025159015,7.655025159035,7.655025159035,7.655025159037,7.655025159037,7.655025159077,7.322701699715,7.051228144825,7.327189333225,7.655025159025,7.007752446923,7.655025158823,6.014751084623,6.822935697493,7.655025159013,7.655025159013,7.655025159073,7.655025159003,7.655025159013,7.655025159013,7.655025159063,7.655025158863,6.994673588593,7.449558424853,7.292987783853,7.655025159363,7.655025159435,7.655025159435,6.873312061925,3.182366714225
"t119",4.6562834172,3.87816912202,4.6835752041,6.89297012433,7.354496191134,7.354496191134,7.35449619113,7.35449619113,7.31707344063,6.74328293503,6.55165610478,5.53274732068,6.41329518303,4.6705596524,5.6322134686,2.399814345,0,0.252804693,1.5806447927,3.97144518398,3.97144518398,3.97144518396,3.97144518396,3.971445184,3.9714451841,5.2377448881,5.2377448881,5.237744888,5.237744888,5.2377448873,5.2377448873,3.67940445949,5.2377448881,5.03662762642,7.1309242519,7.05570806,7.13092425127,7.13092425127,7.13092425137,7.13092425137,7.1309242513,6.7112182386,5.0373471378,6.771635872,5.89980460206,7.13092425116,7.13092425126,7.13092425126,7.13092425183,7.13092425183,7.13092425186,7.1309242515,7.1309242515,5.6350052575,7.130924251119,7.130924251119,7.130924251099,7.130924251099,7.105382411589,7.130924251119,7.130924251119,7.130924251119,7.130924252019,7.130924251519,7.130924251519,7.130924251219,6.105236200719,9.8661458577,7.3551127049,8.50891121643,9.86614585863,9.86614585863,6.91157401468,9.86614585892,9.86614585892,9.33029997968,9.86614585878,9.86614585878,9.46003638195,9.86614585895,8.43594048798,9.4719783335,9.86614585881,9.86614585881,7.3742841591,9.8661458582,9.8661458582,9.5905250068,9.8661458582,9.7073305897,9.8661458594,9.7201322938,9.8661458594,9.8661458589,9.8661458589,9.86614585893,9.86614585893,9.86614585893,9.86614585893,9.8661458592,9.8661458593,9.8661458593,9.8661458593,6.0464868301,6.268183045525,9.873684365825,9.873684365825,7.004102602325,9.873684366425,9.873684366425,9.873684366225,9.873684366225,9.873684366225,9.873684366225,9.873684366215,9.873684366185,9.873684366185,9.873684366215,9.873684366235,9.873684366235,9.873684366237,9.873684366237,9.873684366277,9.541360906915,9.269887352025,9.545848540425,9.873684366225,9.226411654123,9.873684366023,8.233410291823,9.041594904693,9.873684366213,9.873684366213,9.873684366273,9.873684366203,9.873684366213,9.873684366213,9.873684366263,9.873684366063,9.213332795793,9.668217632053,9.511646991053,9.873684366563,9.873684366635,9.873684366635,9.091971269125,5.401025921425
"t120",4.6562834172,3.87816912202,4.6835752041,6.89297012433,7.354496191134,7.354496191134,7.35449619113,7.35449619113,7.31707344063,6.74328293503,6.55165610478,5.53274732068,6.41329518303,4.6705596524,5.6322134686,2.399814345,0.252804693,0,1.5806447927,3.97144518398,3.97144518398,3.97144518396,3.97144518396,3.971445184,3.9714451841,5.2377448881,5.2377448881,5.237744888,5.237744888,5.2377448873,5.2377448873,3.67940445949,5.2377448881,5.03662762642,7.1309242519,7.05570806,7.13092425127,7.13092425127,7.13092425137,7.13092425137,7.1309242513,6.7112182386,5.0373471378,6.771635872,5.89980460206,7.13092425116,7.13092425126,7.13092425126,7.13092425183,7.13092425183,7.13092425186,7.1309242515,7.1309242515,5.6350052575,7.130924251119,7.130924251119,7.130924251099,7.130924251099,7.105382411589,7.130924251119,7.130924251119,7.130924251119,7.130924252019,7.130924251519,7.130924251519,7.130924251219,6.105236200719,9.8661458577,7.3551127049,8.50891121643,9.86614585863,9.86614585863,6.91157401468,9.86614585892,9.86614585892,9.33029997968,9.86614585878,9.86614585878,9.46003638195,9.86614585895,8.43594048798,9.4719783335,9.86614585881,9.86614585881,7.3742841591,9.8661458582,9.8661458582,9.5905250068,9.8661458582,9.7073305897,9.8661458594,9.7201322938,9.8661458594,9.8661458589,9.8661458589,9.86614585893,9.86614585893,9.86614585893,9.86614585893,9.8661458592,9.8661458593,9.8661458593,9.8661458593,6.0464868301,6.268183045525,9.873684365825,9.873684365825,7.004102602325,9.873684366425,9.873684366425,9.873684366225,9.873684366225,9.873684366225,9.873684366225,9.873684366215,9.873684366185,9.873684366185,9.873684366215,9.873684366235,9.873684366235,9.873684366237,9.873684366237,9.873684366277,9.541360906915,9.269887352025,9.545848540425,9.873684366225,9.226411654123,9.873684366023,8.233410291823,9.041594904693,9.873684366213,9.873684366213,9.873684366273,9.873684366203,9.873684366213,9.873684366213,9.873684366263,9.873684366063,9.213332795793,9.668217632053,9.511646991053,9.873684366563,9.873684366635,9.873684366635,9.091971269125,5.401025921425
