"","t2","t10","t11","t109","t134","t135","t92","t7","t3","t136","t137","t111","t32","t20","t5","t25","t53","t90","t91","t9","t23","t54","t55","t52","t93","t94","t38","t31","t59","t112","t113","t95","t126","t127","t68","t45","t46","t48","t77","t78","t19","t82","t83","t56","t86","t87","t88","t79","t80","t36","t118","t119","t69","t99","t100","t47","t15","t114","t115","t41","t42","t138","t139","t21","t22","t74","t101","t102","t66","t107","t108","t70","t71","t58","t43","t44","t61","t62","t63","t120","t121","t76","t33","t50","t81","t122","t123","t124","t125","t51","t35","t8","t16","t84","t85","t67","t72","t73","t110","t128","t129","t57","t34","t13","t6","t27","t130","t131","t60","t37","t12","t39","t40","t29","t30","t28","t24","t14","t4","t89","t103","t104","t96","t132","t133","t97","t98","t49","t17","t18","t116","t117","t75","t64","t65","t26","t105","t106","t1"
"t2",0,3.374080460643,3.58584905383,5.3221513139,5.32215131384,5.32215131384,5.11359552096,3.8632491051,1.4730042534,5.3221513134375,5.3221513134375,5.3221513135,5.322151313,4.4579948885,3.2507807815,5.3221513134,4.8798223552,5.0978318975,5.3221513133,4.4181343623,5.3221513135,5.322151313511,5.322151313511,5.3221513136,5.3221513135,5.3221513135,4.6494630205,4.9339298449,5.3221513134,5.32215131337,5.32215131337,5.32215131337,5.32215131331,5.32215131331,5.0018782899,5.3221513135,5.3221513135,5.3221513135,5.3221513135,5.3221513135,5.3221513138,5.3221513135,4.922673459569,5.3221513135,5.3221513135,5.32215131353064,5.32215131353064,5.3221513135,5.3221513135,5.19850750471,5.32215131351,5.32215131351,5.32215131351,5.3221513135,5.3221513135,5.2664092183,5.3221513133,5.3221513132,5.3221513132,5.2451526557,5.3221513134,5.3221513130547,5.3221513130547,4.08506227863,5.32215131323,5.32215131344,5.32215131334,5.32215131334,5.32215131343,5.23494640066,5.32215131337,5.32215131347,4.89774345405,5.32215131347,5.1674168308,5.3221513134,5.32215131345,5.32215131345,5.04103987935,5.32215131335,5.32215131335,5.17946443015,5.09611627695,5.322151313424,4.939449081314,5.322151313364,5.3221513133996,5.3221513133596,5.3221513133596,5.322151313364,5.205505828224,3.81378324885,3.88186564433,5.32215131343,5.32215131343,5.32215131341,5.32215131338,5.32215131338,5.32215131343,5.32215131341,5.32215131341,5.32215131343,5.32215131353,3.97684730003,2.8379232046,4.6719709831,5.32215131333,5.32215131333,5.3221513133,5.3221513137,3.62450737543,4.98170094023,5.32215131333,5.32215131296,5.32215131296,5.32215131325,5.32215131303,5.32215131383,2.070795069,5.322151313241,5.322151313241,5.322151313241,5.322151313241,5.322151313281,5.322151313281,5.322151312941,5.322151312941,5.322151312941,5.322151313,5.32215131294,5.3221513132,5.3221513132,4.9559056837,5.2828681420159,5.3221513132159,5.30095421281,5.32215131321,5.32215131321,0.79111958578
"t10",3.374080460643,0,0.225810600213,2.101641116143,2.101641116083,2.101641116083,1.893085323203,1.227132672543,3.269578270843,7.1187253308805,7.1187253308805,7.118725330943,7.118725330443,6.254568905943,5.047354798943,7.118725330843,6.676396372643,6.894405914943,7.118725330743,6.214708379743,7.118725330943,7.118725330954,7.118725330954,7.118725331043,7.118725330943,7.118725330943,6.446037037943,6.730503862343,7.118725330843,7.118725330813,7.118725330813,7.118725330813,7.118725330753,7.118725330753,6.798452307343,7.118725330943,7.118725330943,7.118725330943,7.118725330943,7.118725330943,7.118725331243,7.118725330943,6.719247477012,7.118725330943,7.118725330943,7.11872533097364,7.11872533097364,7.118725330943,7.118725330943,6.995081522153,7.118725330953,7.118725330953,7.118725330953,7.118725330943,7.118725330943,7.062983235743,7.118725330743,7.118725330643,7.118725330643,7.041726673143,7.118725330843,7.1187253304977,7.1187253304977,5.881636296073,7.118725330673,7.118725330883,7.118725330783,7.118725330783,7.118725330873,7.031520418103,7.118725330813,7.118725330913,6.694317471493,7.118725330913,6.963990848243,7.118725330843,7.118725330893,7.118725330893,6.837613896793,7.118725330793,7.118725330793,6.976038447593,6.892690294393,7.118725330867,6.736023098757,7.118725330807,7.1187253308426,7.1187253308026,7.1187253308026,7.118725330807,7.002079845667,5.610357266293,5.678439661773,7.118725330873,7.118725330873,7.118725330853,7.118725330823,7.118725330823,7.118725330873,7.118725330853,7.118725330853,7.118725330873,7.118725330973,5.773421317473,4.634497222043,6.468545000543,7.118725330773,7.118725330773,7.118725330743,7.118725331143,5.421081392873,6.778274957673,7.118725330773,7.118725330403,7.118725330403,7.118725330693,7.118725330473,7.118725331273,3.867369086443,7.118725330684,7.118725330684,7.118725330684,7.118725330684,7.118725330724,7.118725330724,7.118725330384,7.118725330384,7.118725330384,7.118725330443,7.118725330383,7.118725330643,7.118725330643,6.752479701143,7.0794421594589,7.1187253306589,7.097528230253,7.118725330653,7.118725330653,3.167943800223
"t11",3.58584905383,0.225810600213,0,2.31340970933,2.31340970927,2.31340970927,2.10485391639,1.43890126573,3.48134686403,7.3304939240675,7.3304939240675,7.33049392413,7.33049392363,6.46633749913,5.25912339213,7.33049392403,6.88816496583,7.10617450813,7.33049392393,6.42647697293,7.33049392413,7.330493924141,7.330493924141,7.33049392423,7.33049392413,7.33049392413,6.65780563113,6.94227245553,7.33049392403,7.330493924,7.330493924,7.330493924,7.33049392394,7.33049392394,7.01022090053,7.33049392413,7.33049392413,7.33049392413,7.33049392413,7.33049392413,7.33049392443,7.33049392413,6.931016070199,7.33049392413,7.33049392413,7.33049392416064,7.33049392416064,7.33049392413,7.33049392413,7.20685011534,7.33049392414,7.33049392414,7.33049392414,7.33049392413,7.33049392413,7.27475182893,7.33049392393,7.33049392383,7.33049392383,7.25349526633,7.33049392403,7.3304939236847,7.3304939236847,6.09340488926,7.33049392386,7.33049392407,7.33049392397,7.33049392397,7.33049392406,7.24328901129,7.330493924,7.3304939241,6.90608606468,7.3304939241,7.17575944143,7.33049392403,7.33049392408,7.33049392408,7.04938248998,7.33049392398,7.33049392398,7.18780704078,7.10445888758,7.330493924054,6.947791691944,7.330493923994,7.3304939240296,7.3304939239896,7.3304939239896,7.330493923994,7.213848438854,5.82212585948,5.89020825496,7.33049392406,7.33049392406,7.33049392404,7.33049392401,7.33049392401,7.33049392406,7.33049392404,7.33049392404,7.33049392406,7.33049392416,5.98518991066,4.84626581523,6.68031359373,7.33049392396,7.33049392396,7.33049392393,7.33049392433,5.63284998606,6.99004355086,7.33049392396,7.33049392359,7.33049392359,7.33049392388,7.33049392366,7.33049392446,4.07913767963,7.330493923871,7.330493923871,7.330493923871,7.330493923871,7.330493923911,7.330493923911,7.330493923571,7.330493923571,7.330493923571,7.33049392363,7.33049392357,7.33049392383,7.33049392383,6.96424829433,7.2912107526459,7.3304939238459,7.30929682344,7.33049392384,7.33049392384,3.37971239341
"t109",5.3221513139,2.101641116143,2.31340970933,0,0.30803281974,0.30803281974,0.33243281046,3.1752035258,5.2176491241,9.0667961841375,9.0667961841375,9.0667961842,9.0667961837,8.2026397592,6.9954256522,9.0667961841,8.6244672259,8.8424767682,9.066796184,8.162779233,9.0667961842,9.066796184211,9.066796184211,9.0667961843,9.0667961842,9.0667961842,8.3941078912,8.6785747156,9.0667961841,9.06679618407,9.06679618407,9.06679618407,9.06679618401,9.06679618401,8.7465231606,9.0667961842,9.0667961842,9.0667961842,9.0667961842,9.0667961842,9.0667961845,9.0667961842,8.667318330269,9.0667961842,9.0667961842,9.06679618423065,9.06679618423065,9.0667961842,9.0667961842,8.94315237541,9.06679618421,9.06679618421,9.06679618421,9.0667961842,9.0667961842,9.011054089,9.066796184,9.0667961839,9.0667961839,8.9897975264,9.0667961841,9.0667961837547,9.0667961837547,7.82970714933,9.06679618393,9.06679618414,9.06679618404,9.06679618404,9.06679618413,8.97959127136,9.06679618407,9.06679618417,8.64238832475,9.06679618417,8.9120617015,9.0667961841,9.06679618415,9.06679618415,8.78568475005,9.06679618405,9.06679618405,8.92410930085,8.84076114765,9.066796184124,8.684093952014,9.066796184064,9.0667961840996,9.0667961840596,9.0667961840596,9.066796184064,8.950150698924,7.55842811955,7.62651051503,9.06679618413,9.06679618413,9.06679618411,9.06679618408,9.06679618408,9.06679618413,9.06679618411,9.06679618411,9.06679618413,9.06679618423,7.72149217073,6.5825680753,8.4166158538,9.06679618403,9.06679618403,9.066796184,9.0667961844,7.36915224613,8.72634581093,9.06679618403,9.06679618366,9.06679618366,9.06679618395,9.06679618373,9.06679618453,5.8154399397,9.066796183941,9.066796183941,9.066796183941,9.066796183941,9.066796183981,9.066796183981,9.066796183641,9.066796183641,9.066796183641,9.0667961837,9.06679618364,9.0667961839,9.0667961839,8.7005505544,9.0275130127159,9.0667961839159,9.04559908351,9.06679618391,9.06679618391,5.11601465348
"t134",5.32215131384,2.101641116083,2.31340970927,0.30803281974,0,0.02200704348,0.3324328104,3.17520352574,5.21764912404,9.0667961840775,9.0667961840775,9.06679618414,9.06679618364,8.20263975914,6.99542565214,9.06679618404,8.62446722584,8.84247676814,9.06679618394,8.16277923294,9.06679618414,9.066796184151,9.066796184151,9.06679618424,9.06679618414,9.06679618414,8.39410789114,8.67857471554,9.06679618404,9.06679618401,9.06679618401,9.06679618401,9.06679618395,9.06679618395,8.74652316054,9.06679618414,9.06679618414,9.06679618414,9.06679618414,9.06679618414,9.06679618444,9.06679618414,8.667318330209,9.06679618414,9.06679618414,9.06679618417065,9.06679618417065,9.06679618414,9.06679618414,8.94315237535,9.06679618415,9.06679618415,9.06679618415,9.06679618414,9.06679618414,9.01105408894,9.06679618394,9.06679618384,9.06679618384,8.98979752634,9.06679618404,9.0667961836947,9.0667961836947,7.82970714927,9.06679618387,9.06679618408,9.06679618398,9.06679618398,9.06679618407,8.9795912713,9.06679618401,9.06679618411,8.64238832469,9.06679618411,8.91206170144,9.06679618404,9.06679618409,9.06679618409,8.78568474999,9.06679618399,9.06679618399,8.92410930079,8.84076114759,9.066796184064,8.684093951954,9.066796184004,9.0667961840396,9.0667961839996,9.0667961839996,9.066796184004,8.950150698864,7.55842811949,7.62651051497,9.06679618407,9.06679618407,9.06679618405,9.06679618402,9.06679618402,9.06679618407,9.06679618405,9.06679618405,9.06679618407,9.06679618417,7.72149217067,6.58256807524,8.41661585374,9.06679618397,9.06679618397,9.06679618394,9.06679618434,7.36915224607,8.72634581087,9.06679618397,9.0667961836,9.0667961836,9.06679618389,9.06679618367,9.06679618447,5.81543993964,9.066796183881,9.066796183881,9.066796183881,9.066796183881,9.066796183921,9.066796183921,9.066796183581,9.066796183581,9.066796183581,9.06679618364,9.06679618358,9.06679618384,9.06679618384,8.70055055434,9.0275130126559,9.0667961838559,9.04559908345,9.06679618385,9.06679618385,5.11601465342
"t135",5.32215131384,2.101641116083,2.31340970927,0.30803281974,0.02200704348,0,0.3324328104,3.17520352574,5.21764912404,9.0667961840775,9.0667961840775,9.06679618414,9.06679618364,8.20263975914,6.99542565214,9.06679618404,8.62446722584,8.84247676814,9.06679618394,8.16277923294,9.06679618414,9.066796184151,9.066796184151,9.06679618424,9.06679618414,9.06679618414,8.39410789114,8.67857471554,9.06679618404,9.06679618401,9.06679618401,9.06679618401,9.06679618395,9.06679618395,8.74652316054,9.06679618414,9.06679618414,9.06679618414,9.06679618414,9.06679618414,9.06679618444,9.06679618414,8.667318330209,9.06679618414,9.06679618414,9.06679618417065,9.06679618417065,9.06679618414,9.06679618414,8.94315237535,9.06679618415,9.06679618415,9.06679618415,9.06679618414,9.06679618414,9.01105408894,9.06679618394,9.06679618384,9.06679618384,8.98979752634,9.06679618404,9.0667961836947,9.0667961836947,7.82970714927,9.06679618387,9.06679618408,9.06679618398,9.06679618398,9.06679618407,8.9795912713,9.06679618401,9.06679618411,8.64238832469,9.06679618411,8.91206170144,9.06679618404,9.06679618409,9.06679618409,8.78568474999,9.06679618399,9.06679618399,8.92410930079,8.84076114759,9.066796184064,8.684093951954,9.066796184004,9.0667961840396,9.0667961839996,9.0667961839996,9.066796184004,8.950150698864,7.55842811949,7.62651051497,9.06679618407,9.06679618407,9.06679618405,9.06679618402,9.06679618402,9.06679618407,9.06679618405,9.06679618405,9.06679618407,9.06679618417,7.72149217067,6.58256807524,8.41661585374,9.06679618397,9.06679618397,9.06679618394,9.06679618434,7.36915224607,8.72634581087,9.06679618397,9.0667961836,9.0667961836,9.06679618389,9.06679618367,9.06679618447,5.81543993964,9.066796183881,9.066796183881,9.066796183881,9.066796183881,9.066796183921,9.066796183921,9.066796183581,9.066796183581,9.066796183581,9.06679618364,9.06679618358,9.06679618384,9.06679618384,8.70055055434,9.0275130126559,9.0667961838559,9.04559908345,9.06679618385,9.06679618385,5.11601465342
"t92",5.11359552096,1.893085323203,2.10485391639,0.33243281046,0.3324328104,0.3324328104,0,2.96664773286,5.00909333116,8.8582403911975,8.8582403911975,8.85824039126,8.85824039076,7.99408396626,6.78686985926,8.85824039116,8.41591143296,8.63392097526,8.85824039106,7.95422344006,8.85824039126,8.858240391271,8.858240391271,8.85824039136,8.85824039126,8.85824039126,8.18555209826,8.47001892266,8.85824039116,8.85824039113,8.85824039113,8.85824039113,8.85824039107,8.85824039107,8.53796736766,8.85824039126,8.85824039126,8.85824039126,8.85824039126,8.85824039126,8.85824039156,8.85824039126,8.458762537329,8.85824039126,8.85824039126,8.85824039129065,8.85824039129065,8.85824039126,8.85824039126,8.73459658247,8.85824039127,8.85824039127,8.85824039127,8.85824039126,8.85824039126,8.80249829606,8.85824039106,8.85824039096,8.85824039096,8.78124173346,8.85824039116,8.8582403908147,8.8582403908147,7.62115135639,8.85824039099,8.8582403912,8.8582403911,8.8582403911,8.85824039119,8.77103547842,8.85824039113,8.85824039123,8.43383253181,8.85824039123,8.70350590856,8.85824039116,8.85824039121,8.85824039121,8.57712895711,8.85824039111,8.85824039111,8.71555350791,8.63220535471,8.858240391184,8.475538159074,8.858240391124,8.8582403911596,8.8582403911196,8.8582403911196,8.858240391124,8.741594905984,7.34987232661,7.41795472209,8.85824039119,8.85824039119,8.85824039117,8.85824039114,8.85824039114,8.85824039119,8.85824039117,8.85824039117,8.85824039119,8.85824039129,7.51293637779,6.37401228236,8.20806006086,8.85824039109,8.85824039109,8.85824039106,8.85824039146,7.16059645319,8.51779001799,8.85824039109,8.85824039072,8.85824039072,8.85824039101,8.85824039079,8.85824039159,5.60688414676,8.858240391001,8.858240391001,8.858240391001,8.858240391001,8.858240391041,8.858240391041,8.858240390701,8.858240390701,8.858240390701,8.85824039076,8.8582403907,8.85824039096,8.85824039096,8.49199476146,8.8189572197759,8.8582403909759,8.83704329057,8.85824039097,8.85824039097,4.90745886054
"t7",3.8632491051,1.227132672543,1.43890126573,3.1752035258,3.17520352574,3.17520352574,2.96664773286,0,3.7587469153,7.6078939753375,7.6078939753375,7.6078939754,7.6078939749,6.7437375504,5.5365234434,7.6078939753,7.1655650171,7.3835745594,7.6078939752,6.7038770242,7.6078939754,7.607893975411,7.607893975411,7.6078939755,7.6078939754,7.6078939754,6.9352056824,7.2196725068,7.6078939753,7.60789397527,7.60789397527,7.60789397527,7.60789397521,7.60789397521,7.2876209518,7.6078939754,7.6078939754,7.6078939754,7.6078939754,7.6078939754,7.6078939757,7.6078939754,7.208416121469,7.6078939754,7.6078939754,7.60789397543065,7.60789397543065,7.6078939754,7.6078939754,7.48425016661,7.60789397541,7.60789397541,7.60789397541,7.6078939754,7.6078939754,7.5521518802,7.6078939752,7.6078939751,7.6078939751,7.5308953176,7.6078939753,7.6078939749547,7.6078939749547,6.37080494053,7.60789397513,7.60789397534,7.60789397524,7.60789397524,7.60789397533,7.52068906256,7.60789397527,7.60789397537,7.18348611595,7.60789397537,7.4531594927,7.6078939753,7.60789397535,7.60789397535,7.32678254125,7.60789397525,7.60789397525,7.46520709205,7.38185893885,7.607893975324,7.225191743214,7.607893975264,7.6078939752996,7.6078939752596,7.6078939752596,7.607893975264,7.491248490124,6.09952591075,6.16760830623,7.60789397533,7.60789397533,7.60789397531,7.60789397528,7.60789397528,7.60789397533,7.60789397531,7.60789397531,7.60789397533,7.60789397543,6.26258996193,5.1236658665,6.957713645,7.60789397523,7.60789397523,7.6078939752,7.6078939756,5.91025003733,7.26744360213,7.60789397523,7.60789397486,7.60789397486,7.60789397515,7.60789397493,7.60789397573,4.3565377309,7.607893975141,7.607893975141,7.607893975141,7.607893975141,7.607893975181,7.607893975181,7.607893974841,7.607893974841,7.607893974841,7.6078939749,7.60789397484,7.6078939751,7.6078939751,7.2416483456,7.5686108039159,7.6078939751159,7.58669687471,7.60789397511,7.60789397511,3.65711244468
"t3",1.4730042534,3.269578270843,3.48134686403,5.2176491241,5.21764912404,5.21764912404,5.00909333116,3.7587469153,0,4.7695409358375,4.7695409358375,4.7695409359,4.7695409354,3.9053845109,2.6981704039,4.7695409358,4.3272119776,4.5452215199,4.7695409357,3.8655239847,4.7695409359,4.769540935911,4.769540935911,4.769540936,4.7695409359,4.7695409359,4.0968526429,4.3813194673,4.7695409358,4.76954093577,4.76954093577,4.76954093577,4.76954093571,4.76954093571,4.4492679123,4.7695409359,4.7695409359,4.7695409359,4.7695409359,4.7695409359,4.7695409362,4.7695409359,4.370063081969,4.7695409359,4.7695409359,4.76954093593064,4.76954093593064,4.7695409359,4.7695409359,4.64589712711,4.76954093591,4.76954093591,4.76954093591,4.7695409359,4.7695409359,4.7137988407,4.7695409357,4.7695409356,4.7695409356,4.6925422781,4.7695409358,4.7695409354547,4.7695409354547,3.53245190103,4.76954093563,4.76954093584,4.76954093574,4.76954093574,4.76954093583,4.68233602306,4.76954093577,4.76954093587,4.34513307645,4.76954093587,4.6148064532,4.7695409358,4.76954093585,4.76954093585,4.48842950175,4.76954093575,4.76954093575,4.62685405255,4.54350589935,4.769540935824,4.386838703714,4.769540935764,4.7695409357996,4.7695409357596,4.7695409357596,4.769540935764,4.652895450624,3.26117287125,3.32925526673,4.76954093583,4.76954093583,4.76954093581,4.76954093578,4.76954093578,4.76954093583,4.76954093581,4.76954093581,4.76954093583,4.76954093593,3.42423692243,2.285312827,4.1193606055,4.76954093573,4.76954093573,4.7695409357,4.7695409361,3.07189699783,4.42909056263,4.76954093573,4.76954093536,4.76954093536,4.76954093565,4.76954093543,4.76954093623,1.5181846914,4.769540935641,4.769540935641,4.769540935641,4.769540935641,4.769540935681,4.769540935681,4.769540935341,4.769540935341,4.769540935341,4.7695409354,4.76954093534,4.7695409356,4.7695409356,4.4032953061,4.7302577644159,4.7695409356159,4.74834383521,4.76954093561,4.76954093561,1.26686759298
"t136",5.3221513134375,7.1187253308805,7.3304939240675,9.0667961841375,9.0667961840775,9.0667961840775,8.8582403911975,7.6078939753375,4.7695409358375,0,0.000892870875,0.3021020489375,2.3121421004375,2.0318816277375,3.5569278507375,7.2840753808375,6.8417464226375,7.0597559649375,7.2840753807375,6.3800584297375,7.2840753809375,7.2840753809485,7.2840753809485,7.2840753810375,7.2840753809375,7.2840753809375,6.6113870879375,6.8958539123375,7.2840753808375,7.2840753808075,7.2840753808075,7.2840753808075,7.2840753807475,7.2840753807475,6.9638023573375,7.2840753809375,7.2840753809375,7.2840753809375,7.2840753809375,7.2840753809375,7.2840753812375,7.2840753809375,6.8845975270065,7.2840753809375,7.2840753809375,7.28407538096814,7.28407538096814,7.2840753809375,7.2840753809375,7.1604315721475,7.2840753809475,7.2840753809475,7.2840753809475,7.2840753809375,7.2840753809375,7.2283332857375,7.2840753807375,7.2840753806375,7.2840753806375,7.2070767231375,7.2840753808375,7.2840753804922,7.2840753804922,6.6793879662675,7.9164770008675,7.9164770010775,7.9164770009775,7.9164770009775,7.9164770010675,7.8292720882975,7.9164770010075,7.9164770011075,7.4920691416875,7.9164770011075,7.7617425184375,7.9164770010375,7.9164770010875,7.9164770010875,7.6353655669875,7.9164770009875,7.9164770009875,7.7737901177875,7.6904419645875,7.9164770010615,7.5337747689515,7.9164770010015,7.9164770010371,7.9164770009971,7.9164770009971,7.9164770010015,7.7998315158615,6.4081089364875,6.4761913319675,7.9164770010675,7.9164770010675,7.9164770010475,7.9164770010175,7.9164770010175,7.9164770010675,7.9164770010475,7.9164770010475,7.9164770010675,7.9164770011675,6.5711729876675,5.4322488922375,7.2662966707375,7.9164770009675,7.9164770009675,7.9164770009375,7.9164770013375,6.2188330630675,7.5760266278675,7.9164770009675,7.9164770005975,7.9164770005975,7.9164770008875,7.9164770006675,7.9164770014675,4.8315508108375,8.0829070550785,8.0829070550785,8.0829070550785,8.0829070550785,8.0829070551185,8.0829070551185,8.0829070547785,8.0829070547785,8.0829070547785,8.0829070548375,8.0829070547775,8.0829070550375,8.0829070550375,7.7166614255375,8.0436238838534,8.0829070550534,8.0617099546475,8.0829070550475,8.0829070550475,5.1160146530175
"t137",5.3221513134375,7.1187253308805,7.3304939240675,9.0667961841375,9.0667961840775,9.0667961840775,8.8582403911975,7.6078939753375,4.7695409358375,0.000892870875,0,0.3021020489375,2.3121421004375,2.0318816277375,3.5569278507375,7.2840753808375,6.8417464226375,7.0597559649375,7.2840753807375,6.3800584297375,7.2840753809375,7.2840753809485,7.2840753809485,7.2840753810375,7.2840753809375,7.2840753809375,6.6113870879375,6.8958539123375,7.2840753808375,7.2840753808075,7.2840753808075,7.2840753808075,7.2840753807475,7.2840753807475,6.9638023573375,7.2840753809375,7.2840753809375,7.2840753809375,7.2840753809375,7.2840753809375,7.2840753812375,7.2840753809375,6.8845975270065,7.2840753809375,7.2840753809375,7.28407538096814,7.28407538096814,7.2840753809375,7.2840753809375,7.1604315721475,7.2840753809475,7.2840753809475,7.2840753809475,7.2840753809375,7.2840753809375,7.2283332857375,7.2840753807375,7.2840753806375,7.2840753806375,7.2070767231375,7.2840753808375,7.2840753804922,7.2840753804922,6.6793879662675,7.9164770008675,7.9164770010775,7.9164770009775,7.9164770009775,7.9164770010675,7.8292720882975,7.9164770010075,7.9164770011075,7.4920691416875,7.9164770011075,7.7617425184375,7.9164770010375,7.9164770010875,7.9164770010875,7.6353655669875,7.9164770009875,7.9164770009875,7.7737901177875,7.6904419645875,7.9164770010615,7.5337747689515,7.9164770010015,7.9164770010371,7.9164770009971,7.9164770009971,7.9164770010015,7.7998315158615,6.4081089364875,6.4761913319675,7.9164770010675,7.9164770010675,7.9164770010475,7.9164770010175,7.9164770010175,7.9164770010675,7.9164770010475,7.9164770010475,7.9164770010675,7.9164770011675,6.5711729876675,5.4322488922375,7.2662966707375,7.9164770009675,7.9164770009675,7.9164770009375,7.9164770013375,6.2188330630675,7.5760266278675,7.9164770009675,7.9164770005975,7.9164770005975,7.9164770008875,7.9164770006675,7.9164770014675,4.8315508108375,8.0829070550785,8.0829070550785,8.0829070550785,8.0829070550785,8.0829070551185,8.0829070551185,8.0829070547785,8.0829070547785,8.0829070547785,8.0829070548375,8.0829070547775,8.0829070550375,8.0829070550375,7.7166614255375,8.0436238838534,8.0829070550534,8.0617099546475,8.0829070550475,8.0829070550475,5.1160146530175
"t111",5.3221513135,7.118725330943,7.33049392413,9.0667961842,9.06679618414,9.06679618414,8.85824039126,7.6078939754,4.7695409359,0.3021020489375,0.3021020489375,0,2.3121421005,2.0318816278,3.5569278508,7.2840753809,6.8417464227,7.059755965,7.2840753808,6.3800584298,7.284075381,7.284075381011,7.284075381011,7.2840753811,7.284075381,7.284075381,6.611387088,6.8958539124,7.2840753809,7.28407538087,7.28407538087,7.28407538087,7.28407538081,7.28407538081,6.9638023574,7.284075381,7.284075381,7.284075381,7.284075381,7.284075381,7.2840753813,7.284075381,6.884597527069,7.284075381,7.284075381,7.28407538103064,7.28407538103064,7.284075381,7.284075381,7.16043157221,7.28407538101,7.28407538101,7.28407538101,7.284075381,7.284075381,7.2283332858,7.2840753808,7.2840753807,7.2840753807,7.2070767232,7.2840753809,7.2840753805547,7.2840753805547,6.67938796633,7.91647700093,7.91647700114,7.91647700104,7.91647700104,7.91647700113,7.82927208836,7.91647700107,7.91647700117,7.49206914175,7.91647700117,7.7617425185,7.9164770011,7.91647700115,7.91647700115,7.63536556705,7.91647700105,7.91647700105,7.77379011785,7.69044196465,7.916477001124,7.533774769014,7.916477001064,7.9164770010996,7.9164770010596,7.9164770010596,7.916477001064,7.799831515924,6.40810893655,6.47619133203,7.91647700113,7.91647700113,7.91647700111,7.91647700108,7.91647700108,7.91647700113,7.91647700111,7.91647700111,7.91647700113,7.91647700123,6.57117298773,5.4322488923,7.2662966708,7.91647700103,7.91647700103,7.916477001,7.9164770014,6.21883306313,7.57602662793,7.91647700103,7.91647700066,7.91647700066,7.91647700095,7.91647700073,7.91647700153,4.8315508109,8.082907055141,8.082907055141,8.082907055141,8.082907055141,8.082907055181,8.082907055181,8.082907054841,8.082907054841,8.082907054841,8.0829070549,8.08290705484,8.0829070551,8.0829070551,7.7166614256,8.0436238839159,8.0829070551159,8.06170995471,8.08290705511,8.08290705511,5.11601465308
"t32",5.322151313,7.118725330443,7.33049392363,9.0667961837,9.06679618364,9.06679618364,8.85824039076,7.6078939749,4.7695409354,2.3121421004375,2.3121421004375,2.3121421005,0,2.0318816273,3.5569278503,7.2840753804,6.8417464222,7.0597559645,7.2840753803,6.3800584293,7.2840753805,7.284075380511,7.284075380511,7.2840753806,7.2840753805,7.2840753805,6.6113870875,6.8958539119,7.2840753804,7.28407538037,7.28407538037,7.28407538037,7.28407538031,7.28407538031,6.9638023569,7.2840753805,7.2840753805,7.2840753805,7.2840753805,7.2840753805,7.2840753808,7.2840753805,6.884597526569,7.2840753805,7.2840753805,7.28407538053064,7.28407538053064,7.2840753805,7.2840753805,7.16043157171,7.28407538051,7.28407538051,7.28407538051,7.2840753805,7.2840753805,7.2283332853,7.2840753803,7.2840753802,7.2840753802,7.2070767227,7.2840753804,7.2840753800547,7.2840753800547,6.67938796583,7.91647700043,7.91647700064,7.91647700054,7.91647700054,7.91647700063,7.82927208786,7.91647700057,7.91647700067,7.49206914125,7.91647700067,7.761742518,7.9164770006,7.91647700065,7.91647700065,7.63536556655,7.91647700055,7.91647700055,7.77379011735,7.69044196415,7.916477000624,7.533774768514,7.916477000564,7.9164770005996,7.9164770005596,7.9164770005596,7.916477000564,7.799831515424,6.40810893605,6.47619133153,7.91647700063,7.91647700063,7.91647700061,7.91647700058,7.91647700058,7.91647700063,7.91647700061,7.91647700061,7.91647700063,7.91647700073,6.57117298723,5.4322488918,7.2662966703,7.91647700053,7.91647700053,7.9164770005,7.9164770009,6.21883306263,7.57602662743,7.91647700053,7.91647700016,7.91647700016,7.91647700045,7.91647700023,7.91647700103,4.8315508104,8.082907054641,8.082907054641,8.082907054641,8.082907054641,8.082907054681,8.082907054681,8.082907054341,8.082907054341,8.082907054341,8.0829070544,8.08290705434,8.0829070546,8.0829070546,7.7166614251,8.0436238834159,8.0829070546159,8.06170995421,8.08290705461,8.08290705461,5.11601465258
"t20",4.4579948885,6.254568905943,6.46633749913,8.2026397592,8.20263975914,8.20263975914,7.99408396626,6.7437375504,3.9053845109,2.0318816277375,2.0318816277375,2.0318816278,2.0318816273,0,2.6927714258,6.4199189559,5.9775899977,6.19559954,6.4199189558,5.5159020048,6.419918956,6.419918956011,6.419918956011,6.4199189561,6.419918956,6.419918956,5.747230663,6.0316974874,6.4199189559,6.41991895587,6.41991895587,6.41991895587,6.41991895581,6.41991895581,6.0996459324,6.419918956,6.419918956,6.419918956,6.419918956,6.419918956,6.4199189563,6.419918956,6.020441102069,6.419918956,6.419918956,6.41991895603064,6.41991895603064,6.419918956,6.419918956,6.29627514721,6.41991895601,6.41991895601,6.41991895601,6.419918956,6.419918956,6.3641768608,6.4199189558,6.4199189557,6.4199189557,6.3429202982,6.4199189559,6.4199189555547,6.4199189555547,5.81523154133,7.05232057593,7.05232057614,7.05232057604,7.05232057604,7.05232057613,6.96511566336,7.05232057607,7.05232057617,6.62791271675,7.05232057617,6.8975860935,7.0523205761,7.05232057615,7.05232057615,6.77120914205,7.05232057605,7.05232057605,6.90963369285,6.82628553965,7.052320576124,6.669618344014,7.052320576064,7.0523205760996,7.0523205760596,7.0523205760596,7.052320576064,6.935675090924,5.54395251155,5.61203490703,7.05232057613,7.05232057613,7.05232057611,7.05232057608,7.05232057608,7.05232057613,7.05232057611,7.05232057611,7.05232057613,7.05232057623,5.70701656273,4.5680924673,6.4021402458,7.05232057603,7.05232057603,7.052320576,7.0523205764,5.35467663813,6.71187020293,7.05232057603,7.05232057566,7.05232057566,7.05232057595,7.05232057573,7.05232057653,3.9673943859,7.218750630141,7.218750630141,7.218750630141,7.218750630141,7.218750630181,7.218750630181,7.218750629841,7.218750629841,7.218750629841,7.2187506299,7.21875062984,7.2187506301,7.2187506301,6.8525050006,7.1794674589159,7.2187506301159,7.19755352971,7.21875063011,7.21875063011,4.25185822808
"t5",3.2507807815,5.047354798943,5.25912339213,6.9954256522,6.99542565214,6.99542565214,6.78686985926,5.5365234434,2.6981704039,3.5569278507375,3.5569278507375,3.5569278508,3.5569278503,2.6927714258,0,5.2127048489,4.7703758907,4.988385433,5.2127048488,4.3086878978,5.212704849,5.212704849011,5.212704849011,5.2127048491,5.212704849,5.212704849,4.540016556,4.8244833804,5.2127048489,5.21270484887,5.21270484887,5.21270484887,5.21270484881,5.21270484881,4.8924318254,5.212704849,5.212704849,5.212704849,5.212704849,5.212704849,5.2127048493,5.212704849,4.813226995069,5.212704849,5.212704849,5.21270484903064,5.21270484903064,5.212704849,5.212704849,5.08906104021,5.21270484901,5.21270484901,5.21270484901,5.212704849,5.212704849,5.1569627538,5.2127048488,5.2127048487,5.2127048487,5.1357061912,5.2127048489,5.2127048485547,5.2127048485547,4.60801743433,5.84510646893,5.84510646914,5.84510646904,5.84510646904,5.84510646913,5.75790155636,5.84510646907,5.84510646917,5.42069860975,5.84510646917,5.6903719865,5.8451064691,5.84510646915,5.84510646915,5.56399503505,5.84510646905,5.84510646905,5.70241958585,5.61907143265,5.845106469124,5.462404237014,5.845106469064,5.8451064690996,5.8451064690596,5.8451064690596,5.845106469064,5.728460983924,4.33673840455,4.40482080003,5.84510646913,5.84510646913,5.84510646911,5.84510646908,5.84510646908,5.84510646913,5.84510646911,5.84510646911,5.84510646913,5.84510646923,4.49980245573,3.3608783603,5.1949261388,5.84510646903,5.84510646903,5.845106469,5.8451064694,4.14746253113,5.50465609593,5.84510646903,5.84510646866,5.84510646866,5.84510646895,5.84510646873,5.84510646953,2.7601802789,6.011536523141,6.011536523141,6.011536523141,6.011536523141,6.011536523181,6.011536523181,6.011536522841,6.011536522841,6.011536522841,6.0115365229,6.01153652284,6.0115365231,6.0115365231,5.6452908936,5.9722533519159,6.0115365231159,5.99033942271,6.01153652311,6.01153652311,3.04464412108
"t25",5.3221513134,7.118725330843,7.33049392403,9.0667961841,9.06679618404,9.06679618404,8.85824039116,7.6078939753,4.7695409358,7.2840753808375,7.2840753808375,7.2840753809,7.2840753804,6.4199189559,5.2127048489,0,2.2415290038,2.4595385461,2.6838579619,5.7776844109,6.6817013621,6.681701362111,6.681701362111,6.6817013622,6.6817013621,6.6817013621,6.0090130691,6.2934798935,6.681701362,6.68170136197,6.68170136197,6.68170136197,6.68170136191,6.68170136191,6.3614283385,6.6817013621,6.6817013621,6.6817013621,6.6817013621,6.6817013621,6.6817013624,6.6817013621,6.282223508169,6.6817013621,6.6817013621,6.68170136213064,6.68170136213064,6.6817013621,6.6817013621,6.55805755331,6.68170136211,6.68170136211,6.68170136211,6.6817013621,6.6817013621,6.6259592669,6.6817013619,6.6817013618,6.6817013618,6.6047027043,6.681701362,6.6817013616547,6.6817013616547,6.67938796623,7.91647700083,7.91647700104,7.91647700094,7.91647700094,7.91647700103,7.82927208826,7.91647700097,7.91647700107,7.49206914165,7.91647700107,7.7617425184,7.916477001,7.91647700105,7.91647700105,7.63536556695,7.91647700095,7.91647700095,7.77379011775,7.69044196455,7.916477001024,7.533774768914,7.916477000964,7.9164770009996,7.9164770009596,7.9164770009596,7.916477000964,7.799831515824,6.40810893645,6.47619133193,7.91647700103,7.91647700103,7.91647700101,7.91647700098,7.91647700098,7.91647700103,7.91647700101,7.91647700101,7.91647700103,7.91647700113,6.57117298763,5.4322488922,7.2662966707,7.91647700093,7.91647700093,7.9164770009,7.9164770013,6.21883306303,7.57602662783,7.91647700093,7.91647700056,7.91647700056,7.91647700085,7.91647700063,7.91647700143,4.8315508108,8.082907055041,8.082907055041,8.082907055041,8.082907055041,8.082907055081,8.082907055081,8.082907054741,8.082907054741,8.082907054741,8.0829070548,8.08290705474,8.082907055,8.082907055,7.7166614255,8.0436238838159,8.0829070550159,8.06170995461,8.08290705501,8.08290705501,5.11601465298
"t53",4.8798223552,6.676396372643,6.88816496583,8.6244672259,8.62446722584,8.62446722584,8.41591143296,7.1655650171,4.3272119776,6.8417464226375,6.8417464226375,6.8417464227,6.8417464222,5.9775899977,4.7703758907,2.2415290038,0,0.6083741201,0.8326935359,5.3353554527,6.2393724039,6.239372403911,6.239372403911,6.239372404,6.2393724039,6.2393724039,5.5666841109,5.8511509353,6.2393724038,6.23937240377,6.23937240377,6.23937240377,6.23937240371,6.23937240371,5.9190993803,6.2393724039,6.2393724039,6.2393724039,6.2393724039,6.2393724039,6.2393724042,6.2393724039,5.839894549969,6.2393724039,6.2393724039,6.23937240393064,6.23937240393064,6.2393724039,6.2393724039,6.11572859511,6.23937240391,6.23937240391,6.23937240391,6.2393724039,6.2393724039,6.1836303087,6.2393724037,6.2393724036,6.2393724036,6.1623737461,6.2393724038,6.2393724034547,6.2393724034547,6.23705900803,7.47414804263,7.47414804284,7.47414804274,7.47414804274,7.47414804283,7.38694313006,7.47414804277,7.47414804287,7.04974018345,7.47414804287,7.3194135602,7.4741480428,7.47414804285,7.47414804285,7.19303660875,7.47414804275,7.47414804275,7.33146115955,7.24811300635,7.474148042824,7.091445810714,7.474148042764,7.4741480427996,7.4741480427596,7.4741480427596,7.474148042764,7.357502557624,5.96577997825,6.03386237373,7.47414804283,7.47414804283,7.47414804281,7.47414804278,7.47414804278,7.47414804283,7.47414804281,7.47414804281,7.47414804283,7.47414804293,6.12884402943,4.989919934,6.8239677125,7.47414804273,7.47414804273,7.4741480427,7.4741480431,5.77650410483,7.13369766963,7.47414804273,7.47414804236,7.47414804236,7.47414804265,7.47414804243,7.47414804323,4.3892218526,7.640578096841,7.640578096841,7.640578096841,7.640578096841,7.640578096881,7.640578096881,7.640578096541,7.640578096541,7.640578096541,7.6405780966,7.64057809654,7.6405780968,7.6405780968,7.2743324673,7.6012949256159,7.6405780968159,7.61938099641,7.64057809681,7.64057809681,4.67368569478
"t90",5.0978318975,6.894405914943,7.10617450813,8.8424767682,8.84247676814,8.84247676814,8.63392097526,7.3835745594,4.5452215199,7.0597559649375,7.0597559649375,7.059755965,7.0597559645,6.19559954,4.988385433,2.4595385461,0.6083741201,0,0.446426595,5.553364995,6.4573819462,6.457381946211,6.457381946211,6.4573819463,6.4573819462,6.4573819462,5.7846936532,6.0691604776,6.4573819461,6.45738194607,6.45738194607,6.45738194607,6.45738194601,6.45738194601,6.1371089226,6.4573819462,6.4573819462,6.4573819462,6.4573819462,6.4573819462,6.4573819465,6.4573819462,6.057904092269,6.4573819462,6.4573819462,6.45738194623064,6.45738194623064,6.4573819462,6.4573819462,6.33373813741,6.45738194621,6.45738194621,6.45738194621,6.4573819462,6.4573819462,6.401639851,6.457381946,6.4573819459,6.4573819459,6.3803832884,6.4573819461,6.4573819457547,6.4573819457547,6.45506855033,7.69215758493,7.69215758514,7.69215758504,7.69215758504,7.69215758513,7.60495267236,7.69215758507,7.69215758517,7.26774972575,7.69215758517,7.5374231025,7.6921575851,7.69215758515,7.69215758515,7.41104615105,7.69215758505,7.69215758505,7.54947070185,7.46612254865,7.692157585124,7.309455353014,7.692157585064,7.6921575850996,7.6921575850596,7.6921575850596,7.692157585064,7.575512099924,6.18378952055,6.25187191603,7.69215758513,7.69215758513,7.69215758511,7.69215758508,7.69215758508,7.69215758513,7.69215758511,7.69215758511,7.69215758513,7.69215758523,6.34685357173,5.2079294763,7.0419772548,7.69215758503,7.69215758503,7.692157585,7.6921575854,5.99451364713,7.35170721193,7.69215758503,7.69215758466,7.69215758466,7.69215758495,7.69215758473,7.69215758553,4.6072313949,7.858587639141,7.858587639141,7.858587639141,7.858587639141,7.858587639181,7.858587639181,7.858587638841,7.858587638841,7.858587638841,7.8585876389,7.85858763884,7.8585876391,7.8585876391,7.4923420096,7.8193044679159,7.8585876391159,7.83739053871,7.85858763911,7.85858763911,4.89169523708
"t91",5.3221513133,7.118725330743,7.33049392393,9.066796184,9.06679618394,9.06679618394,8.85824039106,7.6078939752,4.7695409357,7.2840753807375,7.2840753807375,7.2840753808,7.2840753803,6.4199189558,5.2127048488,2.6838579619,0.8326935359,0.446426595,0,5.7776844108,6.681701362,6.681701362011,6.681701362011,6.6817013621,6.681701362,6.681701362,6.009013069,6.2934798934,6.6817013619,6.68170136187,6.68170136187,6.68170136187,6.68170136181,6.68170136181,6.3614283384,6.681701362,6.681701362,6.681701362,6.681701362,6.681701362,6.6817013623,6.681701362,6.282223508069,6.681701362,6.681701362,6.68170136203064,6.68170136203064,6.681701362,6.681701362,6.55805755321,6.68170136201,6.68170136201,6.68170136201,6.681701362,6.681701362,6.6259592668,6.6817013618,6.6817013617,6.6817013617,6.6047027042,6.6817013619,6.6817013615547,6.6817013615547,6.67938796613,7.91647700073,7.91647700094,7.91647700084,7.91647700084,7.91647700093,7.82927208816,7.91647700087,7.91647700097,7.49206914155,7.91647700097,7.7617425183,7.9164770009,7.91647700095,7.91647700095,7.63536556685,7.91647700085,7.91647700085,7.77379011765,7.69044196445,7.916477000924,7.533774768814,7.916477000864,7.9164770008996,7.9164770008596,7.9164770008596,7.916477000864,7.799831515724,6.40810893635,6.47619133183,7.91647700093,7.91647700093,7.91647700091,7.91647700088,7.91647700088,7.91647700093,7.91647700091,7.91647700091,7.91647700093,7.91647700103,6.57117298753,5.4322488921,7.2662966706,7.91647700083,7.91647700083,7.9164770008,7.9164770012,6.21883306293,7.57602662773,7.91647700083,7.91647700046,7.91647700046,7.91647700075,7.91647700053,7.91647700133,4.8315508107,8.082907054941,8.082907054941,8.082907054941,8.082907054941,8.082907054981,8.082907054981,8.082907054641,8.082907054641,8.082907054641,8.0829070547,8.08290705464,8.0829070549,8.0829070549,7.7166614254,8.0436238837159,8.0829070549159,8.06170995451,8.08290705491,8.08290705491,5.11601465288
