"","t34","t35","t29","t59","t89","t90","t43","t65","t66","t22","t23","t44","t45","t9","t10","t71","t72","t4","t2","t3","t28","t91","t92","t25","t26","t38","t39","t24","t5","t15","t32","t33","t18","t87","t88","t67","t6","t81","t82","t95","t96","t8","t12","t40","t41","t70","t97","t98","t13","t36","t37","t74","t75","t55","t61","t62","t56","t57","t30","t31","t20","t21","t14","t68","t69","t7","t27","t93","t94","t73","t16","t17","t19","t46","t47","t85","t86","t78","t1","t99","t100","t51","t52","t53","t79","t80","t83","t84","t11","t76","t77","t60","t58","t49","t50","t48","t42","t54","t63","t64"
"t34",0,1.0272932642,1.21272744418,1.21272744418,1.21272744423,1.21272744423,1.6591335265,1.6591335265,1.6591335265,2.6280195417,2.6280195417,4.7812537697,4.7812537697,4.78125376959,4.78125376959,4.7812537693,4.7812537693,4.7812537694,4.7812537701,7.69008071413,7.6900807141,7.69008071414,7.69008071414,7.6900807142,7.6900807142,7.6900807142,7.6900807142,7.6900807142,7.69008071453,7.69008071423,7.69008071423,7.69008071423,7.69008071423,7.6900807141,7.6900807141,7.69008071413,7.69008071433,7.69008071433,7.69008071433,7.69008071436,7.69008071436,7.69008071417,7.69008071424,7.69008071414,7.69008071414,7.69008071426,7.690080714204,7.690080714204,7.69008071415,7.69008071415,7.69008071415,7.690080714288,7.690080714288,7.690080714308,7.69008071432,7.69008071432,7.69008071425,7.69008071425,7.69008071403,7.69008071403,7.69008071403,7.69008071403,7.69008071403,7.69008071403,7.69008071403,7.69008071403,7.69008071413,7.69008071417,7.69008071417,7.69008071413,7.69008071383,7.69008071383,7.6900807138,7.6900807139,7.6900807139,7.69008071384,7.69008071384,7.69008071385,7.69008071463,7.690080714327,7.690080714327,7.69008071443,7.69008071443,7.69008071483,7.69008071481,7.69008071481,7.69008071433,7.69008071433,7.69008071463,7.69008071466,7.69008071466,7.69008071465,7.69008071463,7.6900807147,7.6900807147,7.69008071463,7.69008071463,7.69008071503,7.69008071502,7.69008071502
"t35",1.0272932642,0,1.21272744418,1.21272744418,1.21272744423,1.21272744423,1.6591335265,1.6591335265,1.6591335265,2.6280195417,2.6280195417,4.7812537697,4.7812537697,4.78125376959,4.78125376959,4.7812537693,4.7812537693,4.7812537694,4.7812537701,7.69008071413,7.6900807141,7.69008071414,7.69008071414,7.6900807142,7.6900807142,7.6900807142,7.6900807142,7.6900807142,7.69008071453,7.69008071423,7.69008071423,7.69008071423,7.69008071423,7.6900807141,7.6900807141,7.69008071413,7.69008071433,7.69008071433,7.69008071433,7.69008071436,7.69008071436,7.69008071417,7.69008071424,7.69008071414,7.69008071414,7.69008071426,7.690080714204,7.690080714204,7.69008071415,7.69008071415,7.69008071415,7.690080714288,7.690080714288,7.690080714308,7.69008071432,7.69008071432,7.69008071425,7.69008071425,7.69008071403,7.69008071403,7.69008071403,7.69008071403,7.69008071403,7.69008071403,7.69008071403,7.69008071403,7.69008071413,7.69008071417,7.69008071417,7.69008071413,7.69008071383,7.69008071383,7.6900807138,7.6900807139,7.6900807139,7.69008071384,7.69008071384,7.69008071385,7.69008071463,7.690080714327,7.690080714327,7.69008071443,7.69008071443,7.69008071483,7.69008071481,7.69008071481,7.69008071433,7.69008071433,7.69008071463,7.69008071466,7.69008071466,7.69008071465,7.69008071463,7.6900807147,7.6900807147,7.69008071463,7.69008071463,7.69008071503,7.69008071502,7.69008071502
"t29",1.21272744418,1.21272744418,0,1.1221433504,1.12214335045,1.12214335045,1.65913352648,1.65913352648,1.65913352648,2.62801954168,2.62801954168,4.78125376968,4.78125376968,4.78125376957,4.78125376957,4.78125376928,4.78125376928,4.78125376938,4.78125377008,7.69008071411,7.69008071408,7.69008071412,7.69008071412,7.69008071418,7.69008071418,7.69008071418,7.69008071418,7.69008071418,7.69008071451,7.69008071421,7.69008071421,7.69008071421,7.69008071421,7.69008071408,7.69008071408,7.69008071411,7.69008071431,7.69008071431,7.69008071431,7.69008071434,7.69008071434,7.69008071415,7.69008071422,7.69008071412,7.69008071412,7.69008071424,7.690080714184,7.690080714184,7.69008071413,7.69008071413,7.69008071413,7.690080714268,7.690080714268,7.690080714288,7.6900807143,7.6900807143,7.69008071423,7.69008071423,7.69008071401,7.69008071401,7.69008071401,7.69008071401,7.69008071401,7.69008071401,7.69008071401,7.69008071401,7.69008071411,7.69008071415,7.69008071415,7.69008071411,7.69008071381,7.69008071381,7.69008071378,7.69008071388,7.69008071388,7.69008071382,7.69008071382,7.69008071383,7.69008071461,7.690080714307,7.690080714307,7.69008071441,7.69008071441,7.69008071481,7.69008071479,7.69008071479,7.69008071431,7.69008071431,7.69008071461,7.69008071464,7.69008071464,7.69008071463,7.69008071461,7.69008071468,7.69008071468,7.69008071461,7.69008071461,7.69008071501,7.690080715,7.690080715
"t59",1.21272744418,1.21272744418,1.1221433504,0,0.44509044005,0.44509044005,1.65913352648,1.65913352648,1.65913352648,2.62801954168,2.62801954168,4.78125376968,4.78125376968,4.78125376957,4.78125376957,4.78125376928,4.78125376928,4.78125376938,4.78125377008,7.69008071411,7.69008071408,7.69008071412,7.69008071412,7.69008071418,7.69008071418,7.69008071418,7.69008071418,7.69008071418,7.69008071451,7.69008071421,7.69008071421,7.69008071421,7.69008071421,7.69008071408,7.69008071408,7.69008071411,7.69008071431,7.69008071431,7.69008071431,7.69008071434,7.69008071434,7.69008071415,7.69008071422,7.69008071412,7.69008071412,7.69008071424,7.690080714184,7.690080714184,7.69008071413,7.69008071413,7.69008071413,7.690080714268,7.690080714268,7.690080714288,7.6900807143,7.6900807143,7.69008071423,7.69008071423,7.69008071401,7.69008071401,7.69008071401,7.69008071401,7.69008071401,7.69008071401,7.69008071401,7.69008071401,7.69008071411,7.69008071415,7.69008071415,7.69008071411,7.69008071381,7.69008071381,7.69008071378,7.69008071388,7.69008071388,7.69008071382,7.69008071382,7.69008071383,7.69008071461,7.690080714307,7.690080714307,7.69008071441,7.69008071441,7.69008071481,7.69008071479,7.69008071479,7.69008071431,7.69008071431,7.69008071461,7.69008071464,7.69008071464,7.69008071463,7.69008071461,7.69008071468,7.69008071468,7.69008071461,7.69008071461,7.69008071501,7.690080715,7.690080715
"t89",1.21272744423,1.21272744423,1.12214335045,0.44509044005,0,0.0456355395,1.65913352653,1.65913352653,1.65913352653,2.62801954173,2.62801954173,4.78125376973,4.78125376973,4.78125376962,4.78125376962,4.78125376933,4.78125376933,4.78125376943,4.78125377013,7.69008071416,7.69008071413,7.69008071417,7.69008071417,7.69008071423,7.69008071423,7.69008071423,7.69008071423,7.69008071423,7.69008071456,7.69008071426,7.69008071426,7.69008071426,7.69008071426,7.69008071413,7.69008071413,7.69008071416,7.69008071436,7.69008071436,7.69008071436,7.69008071439,7.69008071439,7.6900807142,7.69008071427,7.69008071417,7.69008071417,7.69008071429,7.690080714234,7.690080714234,7.69008071418,7.69008071418,7.69008071418,7.690080714318,7.690080714318,7.690080714338,7.69008071435,7.69008071435,7.69008071428,7.69008071428,7.69008071406,7.69008071406,7.69008071406,7.69008071406,7.69008071406,7.69008071406,7.69008071406,7.69008071406,7.69008071416,7.6900807142,7.6900807142,7.69008071416,7.69008071386,7.69008071386,7.69008071383,7.69008071393,7.69008071393,7.69008071387,7.69008071387,7.69008071388,7.69008071466,7.690080714357,7.690080714357,7.69008071446,7.69008071446,7.69008071486,7.69008071484,7.69008071484,7.69008071436,7.69008071436,7.69008071466,7.69008071469,7.69008071469,7.69008071468,7.69008071466,7.69008071473,7.69008071473,7.69008071466,7.69008071466,7.69008071506,7.69008071505,7.69008071505
"t90",1.21272744423,1.21272744423,1.12214335045,0.44509044005,0.0456355395,0,1.65913352653,1.65913352653,1.65913352653,2.62801954173,2.62801954173,4.78125376973,4.78125376973,4.78125376962,4.78125376962,4.78125376933,4.78125376933,4.78125376943,4.78125377013,7.69008071416,7.69008071413,7.69008071417,7.69008071417,7.69008071423,7.69008071423,7.69008071423,7.69008071423,7.69008071423,7.69008071456,7.69008071426,7.69008071426,7.69008071426,7.69008071426,7.69008071413,7.69008071413,7.69008071416,7.69008071436,7.69008071436,7.69008071436,7.69008071439,7.69008071439,7.6900807142,7.69008071427,7.69008071417,7.69008071417,7.69008071429,7.690080714234,7.690080714234,7.69008071418,7.69008071418,7.69008071418,7.690080714318,7.690080714318,7.690080714338,7.69008071435,7.69008071435,7.69008071428,7.69008071428,7.69008071406,7.69008071406,7.69008071406,7.69008071406,7.69008071406,7.69008071406,7.69008071406,7.69008071406,7.69008071416,7.6900807142,7.6900807142,7.69008071416,7.69008071386,7.69008071386,7.69008071383,7.69008071393,7.69008071393,7.69008071387,7.69008071387,7.69008071388,7.69008071466,7.690080714357,7.690080714357,7.69008071446,7.69008071446,7.69008071486,7.69008071484,7.69008071484,7.69008071436,7.69008071436,7.69008071466,7.69008071469,7.69008071469,7.69008071468,7.69008071466,7.69008071473,7.69008071473,7.69008071466,7.69008071466,7.69008071506,7.69008071505,7.69008071505
"t43",1.6591335265,1.6591335265,1.65913352648,1.65913352648,1.65913352653,1.65913352653,0,0.7718169972,0.7718169972,2.6280195416,2.6280195416,4.7812537696,4.7812537696,4.78125376949,4.78125376949,4.7812537692,4.7812537692,4.7812537693,4.78125377,7.69008071403,7.690080714,7.69008071404,7.69008071404,7.6900807141,7.6900807141,7.6900807141,7.6900807141,7.6900807141,7.69008071443,7.69008071413,7.69008071413,7.69008071413,7.69008071413,7.690080714,7.690080714,7.69008071403,7.69008071423,7.69008071423,7.69008071423,7.69008071426,7.69008071426,7.69008071407,7.69008071414,7.69008071404,7.69008071404,7.69008071416,7.690080714104,7.690080714104,7.69008071405,7.69008071405,7.69008071405,7.690080714188,7.690080714188,7.690080714208,7.69008071422,7.69008071422,7.69008071415,7.69008071415,7.69008071393,7.69008071393,7.69008071393,7.69008071393,7.69008071393,7.69008071393,7.69008071393,7.69008071393,7.69008071403,7.69008071407,7.69008071407,7.69008071403,7.69008071373,7.69008071373,7.6900807137,7.6900807138,7.6900807138,7.69008071374,7.69008071374,7.69008071375,7.69008071453,7.690080714227,7.690080714227,7.69008071433,7.69008071433,7.69008071473,7.69008071471,7.69008071471,7.69008071423,7.69008071423,7.69008071453,7.69008071456,7.69008071456,7.69008071455,7.69008071453,7.6900807146,7.6900807146,7.69008071453,7.69008071453,7.69008071493,7.69008071492,7.69008071492
"t65",1.6591335265,1.6591335265,1.65913352648,1.65913352648,1.65913352653,1.65913352653,0.7718169972,0,0.3534142294,2.6280195416,2.6280195416,4.7812537696,4.7812537696,4.78125376949,4.78125376949,4.7812537692,4.7812537692,4.7812537693,4.78125377,7.69008071403,7.690080714,7.69008071404,7.69008071404,7.6900807141,7.6900807141,7.6900807141,7.6900807141,7.6900807141,7.69008071443,7.69008071413,7.69008071413,7.69008071413,7.69008071413,7.690080714,7.690080714,7.69008071403,7.69008071423,7.69008071423,7.69008071423,7.69008071426,7.69008071426,7.69008071407,7.69008071414,7.69008071404,7.69008071404,7.69008071416,7.690080714104,7.690080714104,7.69008071405,7.69008071405,7.69008071405,7.690080714188,7.690080714188,7.690080714208,7.69008071422,7.69008071422,7.69008071415,7.69008071415,7.69008071393,7.69008071393,7.69008071393,7.69008071393,7.69008071393,7.69008071393,7.69008071393,7.69008071393,7.69008071403,7.69008071407,7.69008071407,7.69008071403,7.69008071373,7.69008071373,7.6900807137,7.6900807138,7.6900807138,7.69008071374,7.69008071374,7.69008071375,7.69008071453,7.690080714227,7.690080714227,7.69008071433,7.69008071433,7.69008071473,7.69008071471,7.69008071471,7.69008071423,7.69008071423,7.69008071453,7.69008071456,7.69008071456,7.69008071455,7.69008071453,7.6900807146,7.6900807146,7.69008071453,7.69008071453,7.69008071493,7.69008071492,7.69008071492
"t66",1.6591335265,1.6591335265,1.65913352648,1.65913352648,1.65913352653,1.65913352653,0.7718169972,0.3534142294,0,2.6280195416,2.6280195416,4.7812537696,4.7812537696,4.78125376949,4.78125376949,4.7812537692,4.7812537692,4.7812537693,4.78125377,7.69008071403,7.690080714,7.69008071404,7.69008071404,7.6900807141,7.6900807141,7.6900807141,7.6900807141,7.6900807141,7.69008071443,7.69008071413,7.69008071413,7.69008071413,7.69008071413,7.690080714,7.690080714,7.69008071403,7.69008071423,7.69008071423,7.69008071423,7.69008071426,7.69008071426,7.69008071407,7.69008071414,7.69008071404,7.69008071404,7.69008071416,7.690080714104,7.690080714104,7.69008071405,7.69008071405,7.69008071405,7.690080714188,7.690080714188,7.690080714208,7.69008071422,7.69008071422,7.69008071415,7.69008071415,7.69008071393,7.69008071393,7.69008071393,7.69008071393,7.69008071393,7.69008071393,7.69008071393,7.69008071393,7.69008071403,7.69008071407,7.69008071407,7.69008071403,7.69008071373,7.69008071373,7.6900807137,7.6900807138,7.6900807138,7.69008071374,7.69008071374,7.69008071375,7.69008071453,7.690080714227,7.690080714227,7.69008071433,7.69008071433,7.69008071473,7.69008071471,7.69008071471,7.69008071423,7.69008071423,7.69008071453,7.69008071456,7.69008071456,7.69008071455,7.69008071453,7.6900807146,7.6900807146,7.69008071453,7.69008071453,7.69008071493,7.69008071492,7.69008071492
"t22",2.6280195417,2.6280195417,2.62801954168,2.62801954168,2.62801954173,2.62801954173,2.6280195416,2.6280195416,2.6280195416,0,1.3150201052,4.7812537696,4.7812537696,4.78125376949,4.78125376949,4.7812537692,4.7812537692,4.7812537693,4.78125377,7.69008071403,7.690080714,7.69008071404,7.69008071404,7.6900807141,7.6900807141,7.6900807141,7.6900807141,7.6900807141,7.69008071443,7.69008071413,7.69008071413,7.69008071413,7.69008071413,7.690080714,7.690080714,7.69008071403,7.69008071423,7.69008071423,7.69008071423,7.69008071426,7.69008071426,7.69008071407,7.69008071414,7.69008071404,7.69008071404,7.69008071416,7.690080714104,7.690080714104,7.69008071405,7.69008071405,7.69008071405,7.690080714188,7.690080714188,7.690080714208,7.69008071422,7.69008071422,7.69008071415,7.69008071415,7.69008071393,7.69008071393,7.69008071393,7.69008071393,7.69008071393,7.69008071393,7.69008071393,7.69008071393,7.69008071403,7.69008071407,7.69008071407,7.69008071403,7.69008071373,7.69008071373,7.6900807137,7.6900807138,7.6900807138,7.69008071374,7.69008071374,7.69008071375,7.69008071453,7.690080714227,7.690080714227,7.69008071433,7.69008071433,7.69008071473,7.69008071471,7.69008071471,7.69008071423,7.69008071423,7.69008071453,7.69008071456,7.69008071456,7.69008071455,7.69008071453,7.6900807146,7.6900807146,7.69008071453,7.69008071453,7.69008071493,7.69008071492,7.69008071492
"t23",2.6280195417,2.6280195417,2.62801954168,2.62801954168,2.62801954173,2.62801954173,2.6280195416,2.6280195416,2.6280195416,1.3150201052,0,4.7812537696,4.7812537696,4.78125376949,4.78125376949,4.7812537692,4.7812537692,4.7812537693,4.78125377,7.69008071403,7.690080714,7.69008071404,7.69008071404,7.6900807141,7.6900807141,7.6900807141,7.6900807141,7.6900807141,7.69008071443,7.69008071413,7.69008071413,7.69008071413,7.69008071413,7.690080714,7.690080714,7.69008071403,7.69008071423,7.69008071423,7.69008071423,7.69008071426,7.69008071426,7.69008071407,7.69008071414,7.69008071404,7.69008071404,7.69008071416,7.690080714104,7.690080714104,7.69008071405,7.69008071405,7.69008071405,7.690080714188,7.690080714188,7.690080714208,7.69008071422,7.69008071422,7.69008071415,7.69008071415,7.69008071393,7.69008071393,7.69008071393,7.69008071393,7.69008071393,7.69008071393,7.69008071393,7.69008071393,7.69008071403,7.69008071407,7.69008071407,7.69008071403,7.69008071373,7.69008071373,7.6900807137,7.6900807138,7.6900807138,7.69008071374,7.69008071374,7.69008071375,7.69008071453,7.690080714227,7.690080714227,7.69008071433,7.69008071433,7.69008071473,7.69008071471,7.69008071471,7.69008071423,7.69008071423,7.69008071453,7.69008071456,7.69008071456,7.69008071455,7.69008071453,7.6900807146,7.6900807146,7.69008071453,7.69008071453,7.69008071493,7.69008071492,7.69008071492
"t44",4.7812537697,4.7812537697,4.78125376968,4.78125376968,4.78125376973,4.78125376973,4.7812537696,4.7812537696,4.7812537696,4.7812537696,4.7812537696,0,0.747208117,2.24217611289,2.24217611289,3.0163004398,3.0163004398,3.3239441863,3.6242081036,7.69008071403,7.690080714,7.69008071404,7.69008071404,7.6900807141,7.6900807141,7.6900807141,7.6900807141,7.6900807141,7.69008071443,7.69008071413,7.69008071413,7.69008071413,7.69008071413,7.690080714,7.690080714,7.69008071403,7.69008071423,7.69008071423,7.69008071423,7.69008071426,7.69008071426,7.69008071407,7.69008071414,7.69008071404,7.69008071404,7.69008071416,7.690080714104,7.690080714104,7.69008071405,7.69008071405,7.69008071405,7.690080714188,7.690080714188,7.690080714208,7.69008071422,7.69008071422,7.69008071415,7.69008071415,7.69008071393,7.69008071393,7.69008071393,7.69008071393,7.69008071393,7.69008071393,7.69008071393,7.69008071393,7.69008071403,7.69008071407,7.69008071407,7.69008071403,7.69008071373,7.69008071373,7.6900807137,7.6900807138,7.6900807138,7.69008071374,7.69008071374,7.69008071375,7.69008071453,7.690080714227,7.690080714227,7.69008071433,7.69008071433,7.69008071473,7.69008071471,7.69008071471,7.69008071423,7.69008071423,7.69008071453,7.69008071456,7.69008071456,7.69008071455,7.69008071453,7.6900807146,7.6900807146,7.69008071453,7.69008071453,7.69008071493,7.69008071492,7.69008071492
"t45",4.7812537697,4.7812537697,4.78125376968,4.78125376968,4.78125376973,4.78125376973,4.7812537696,4.7812537696,4.7812537696,4.7812537696,4.7812537696,0.747208117,0,2.24217611289,2.24217611289,3.0163004398,3.0163004398,3.3239441863,3.6242081036,7.69008071403,7.690080714,7.69008071404,7.69008071404,7.6900807141,7.6900807141,7.6900807141,7.6900807141,7.6900807141,7.69008071443,7.69008071413,7.69008071413,7.69008071413,7.69008071413,7.690080714,7.690080714,7.69008071403,7.69008071423,7.69008071423,7.69008071423,7.69008071426,7.69008071426,7.69008071407,7.69008071414,7.69008071404,7.69008071404,7.69008071416,7.690080714104,7.690080714104,7.69008071405,7.69008071405,7.69008071405,7.690080714188,7.690080714188,7.690080714208,7.69008071422,7.69008071422,7.69008071415,7.69008071415,7.69008071393,7.69008071393,7.69008071393,7.69008071393,7.69008071393,7.69008071393,7.69008071393,7.69008071393,7.69008071403,7.69008071407,7.69008071407,7.69008071403,7.69008071373,7.69008071373,7.6900807137,7.6900807138,7.6900807138,7.69008071374,7.69008071374,7.69008071375,7.69008071453,7.690080714227,7.690080714227,7.69008071433,7.69008071433,7.69008071473,7.69008071471,7.69008071471,7.69008071423,7.69008071423,7.69008071453,7.69008071456,7.69008071456,7.69008071455,7.69008071453,7.6900807146,7.6900807146,7.69008071453,7.69008071453,7.69008071493,7.69008071492,7.69008071492
"t9",4.78125376959,4.78125376959,4.78125376957,4.78125376957,4.78125376962,4.78125376962,4.78125376949,4.78125376949,4.78125376949,4.78125376949,4.78125376949,2.24217611289,2.24217611289,0,2.175496688,3.01630043969,3.01630043969,3.32394418619,3.62420810349,7.69008071392,7.69008071389,7.69008071393,7.69008071393,7.69008071399,7.69008071399,7.69008071399,7.69008071399,7.69008071399,7.69008071432,7.69008071402,7.69008071402,7.69008071402,7.69008071402,7.69008071389,7.69008071389,7.69008071392,7.69008071412,7.69008071412,7.69008071412,7.69008071415,7.69008071415,7.69008071396,7.69008071403,7.69008071393,7.69008071393,7.69008071405,7.690080713994,7.690080713994,7.69008071394,7.69008071394,7.69008071394,7.690080714078,7.690080714078,7.690080714098,7.69008071411,7.69008071411,7.69008071404,7.69008071404,7.69008071382,7.69008071382,7.69008071382,7.69008071382,7.69008071382,7.69008071382,7.69008071382,7.69008071382,7.69008071392,7.69008071396,7.69008071396,7.69008071392,7.69008071362,7.69008071362,7.69008071359,7.69008071369,7.69008071369,7.69008071363,7.69008071363,7.69008071364,7.69008071442,7.690080714117,7.690080714117,7.69008071422,7.69008071422,7.69008071462,7.6900807146,7.6900807146,7.69008071412,7.69008071412,7.69008071442,7.69008071445,7.69008071445,7.69008071444,7.69008071442,7.69008071449,7.69008071449,7.69008071442,7.69008071442,7.69008071482,7.69008071481,7.69008071481
"t10",4.78125376959,4.78125376959,4.78125376957,4.78125376957,4.78125376962,4.78125376962,4.78125376949,4.78125376949,4.78125376949,4.78125376949,4.78125376949,2.24217611289,2.24217611289,2.175496688,0,3.01630043969,3.01630043969,3.32394418619,3.62420810349,7.69008071392,7.69008071389,7.69008071393,7.69008071393,7.69008071399,7.69008071399,7.69008071399,7.69008071399,7.69008071399,7.69008071432,7.69008071402,7.69008071402,7.69008071402,7.69008071402,7.69008071389,7.69008071389,7.69008071392,7.69008071412,7.69008071412,7.69008071412,7.69008071415,7.69008071415,7.69008071396,7.69008071403,7.69008071393,7.69008071393,7.69008071405,7.690080713994,7.690080713994,7.69008071394,7.69008071394,7.69008071394,7.690080714078,7.690080714078,7.690080714098,7.69008071411,7.69008071411,7.69008071404,7.69008071404,7.69008071382,7.69008071382,7.69008071382,7.69008071382,7.69008071382,7.69008071382,7.69008071382,7.69008071382,7.69008071392,7.69008071396,7.69008071396,7.69008071392,7.69008071362,7.69008071362,7.69008071359,7.69008071369,7.69008071369,7.69008071363,7.69008071363,7.69008071364,7.69008071442,7.690080714117,7.690080714117,7.69008071422,7.69008071422,7.69008071462,7.6900807146,7.6900807146,7.69008071412,7.69008071412,7.69008071442,7.69008071445,7.69008071445,7.69008071444,7.69008071442,7.69008071449,7.69008071449,7.69008071442,7.69008071442,7.69008071482,7.69008071481,7.69008071481
"t71",4.7812537693,4.7812537693,4.78125376928,4.78125376928,4.78125376933,4.78125376933,4.7812537692,4.7812537692,4.7812537692,4.7812537692,4.7812537692,3.0163004398,3.0163004398,3.01630043969,3.01630043969,0,0.2346430234,3.3239441859,3.6242081032,7.69008071363,7.6900807136,7.69008071364,7.69008071364,7.6900807137,7.6900807137,7.6900807137,7.6900807137,7.6900807137,7.69008071403,7.69008071373,7.69008071373,7.69008071373,7.69008071373,7.6900807136,7.6900807136,7.69008071363,7.69008071383,7.69008071383,7.69008071383,7.69008071386,7.69008071386,7.69008071367,7.69008071374,7.69008071364,7.69008071364,7.69008071376,7.690080713704,7.690080713704,7.69008071365,7.69008071365,7.69008071365,7.690080713788,7.690080713788,7.690080713808,7.69008071382,7.69008071382,7.69008071375,7.69008071375,7.69008071353,7.69008071353,7.69008071353,7.69008071353,7.69008071353,7.69008071353,7.69008071353,7.69008071353,7.69008071363,7.69008071367,7.69008071367,7.69008071363,7.69008071333,7.69008071333,7.6900807133,7.6900807134,7.6900807134,7.69008071334,7.69008071334,7.69008071335,7.69008071413,7.690080713827,7.690080713827,7.69008071393,7.69008071393,7.69008071433,7.69008071431,7.69008071431,7.69008071383,7.69008071383,7.69008071413,7.69008071416,7.69008071416,7.69008071415,7.69008071413,7.6900807142,7.6900807142,7.69008071413,7.69008071413,7.69008071453,7.69008071452,7.69008071452
"t72",4.7812537693,4.7812537693,4.78125376928,4.78125376928,4.78125376933,4.78125376933,4.7812537692,4.7812537692,4.7812537692,4.7812537692,4.7812537692,3.0163004398,3.0163004398,3.01630043969,3.01630043969,0.2346430234,0,3.3239441859,3.6242081032,7.69008071363,7.6900807136,7.69008071364,7.69008071364,7.6900807137,7.6900807137,7.6900807137,7.6900807137,7.6900807137,7.69008071403,7.69008071373,7.69008071373,7.69008071373,7.69008071373,7.6900807136,7.6900807136,7.69008071363,7.69008071383,7.69008071383,7.69008071383,7.69008071386,7.69008071386,7.69008071367,7.69008071374,7.69008071364,7.69008071364,7.69008071376,7.690080713704,7.690080713704,7.69008071365,7.69008071365,7.69008071365,7.690080713788,7.690080713788,7.690080713808,7.69008071382,7.69008071382,7.69008071375,7.69008071375,7.69008071353,7.69008071353,7.69008071353,7.69008071353,7.69008071353,7.69008071353,7.69008071353,7.69008071353,7.69008071363,7.69008071367,7.69008071367,7.69008071363,7.69008071333,7.69008071333,7.6900807133,7.6900807134,7.6900807134,7.69008071334,7.69008071334,7.69008071335,7.69008071413,7.690080713827,7.690080713827,7.69008071393,7.69008071393,7.69008071433,7.69008071431,7.69008071431,7.69008071383,7.69008071383,7.69008071413,7.69008071416,7.69008071416,7.69008071415,7.69008071413,7.6900807142,7.6900807142,7.69008071413,7.69008071413,7.69008071453,7.69008071452,7.69008071452
"t4",4.7812537694,4.7812537694,4.78125376938,4.78125376938,4.78125376943,4.78125376943,4.7812537693,4.7812537693,4.7812537693,4.7812537693,4.7812537693,3.3239441863,3.3239441863,3.32394418619,3.32394418619,3.3239441859,3.3239441859,0,3.6242081033,7.69008071373,7.6900807137,7.69008071374,7.69008071374,7.6900807138,7.6900807138,7.6900807138,7.6900807138,7.6900807138,7.69008071413,7.69008071383,7.69008071383,7.69008071383,7.69008071383,7.6900807137,7.6900807137,7.69008071373,7.69008071393,7.69008071393,7.69008071393,7.69008071396,7.69008071396,7.69008071377,7.69008071384,7.69008071374,7.69008071374,7.69008071386,7.690080713804,7.690080713804,7.69008071375,7.69008071375,7.69008071375,7.690080713888,7.690080713888,7.690080713908,7.69008071392,7.69008071392,7.69008071385,7.69008071385,7.69008071363,7.69008071363,7.69008071363,7.69008071363,7.69008071363,7.69008071363,7.69008071363,7.69008071363,7.69008071373,7.69008071377,7.69008071377,7.69008071373,7.69008071343,7.69008071343,7.6900807134,7.6900807135,7.6900807135,7.69008071344,7.69008071344,7.69008071345,7.69008071423,7.690080713927,7.690080713927,7.69008071403,7.69008071403,7.69008071443,7.69008071441,7.69008071441,7.69008071393,7.69008071393,7.69008071423,7.69008071426,7.69008071426,7.69008071425,7.69008071423,7.6900807143,7.6900807143,7.69008071423,7.69008071423,7.69008071463,7.69008071462,7.69008071462
"t2",4.7812537701,4.7812537701,4.78125377008,4.78125377008,4.78125377013,4.78125377013,4.78125377,4.78125377,4.78125377,4.78125377,4.78125377,3.6242081036,3.6242081036,3.62420810349,3.62420810349,3.6242081032,3.6242081032,3.6242081033,0,7.69008071443,7.6900807144,7.69008071444,7.69008071444,7.6900807145,7.6900807145,7.6900807145,7.6900807145,7.6900807145,7.69008071483,7.69008071453,7.69008071453,7.69008071453,7.69008071453,7.6900807144,7.6900807144,7.69008071443,7.69008071463,7.69008071463,7.69008071463,7.69008071466,7.69008071466,7.69008071447,7.69008071454,7.69008071444,7.69008071444,7.69008071456,7.690080714504,7.690080714504,7.69008071445,7.69008071445,7.69008071445,7.690080714588,7.690080714588,7.690080714608,7.69008071462,7.69008071462,7.69008071455,7.69008071455,7.69008071433,7.69008071433,7.69008071433,7.69008071433,7.69008071433,7.69008071433,7.69008071433,7.69008071433,7.69008071443,7.69008071447,7.69008071447,7.69008071443,7.69008071413,7.69008071413,7.6900807141,7.6900807142,7.6900807142,7.69008071414,7.69008071414,7.69008071415,7.69008071493,7.690080714627,7.690080714627,7.69008071473,7.69008071473,7.69008071513,7.69008071511,7.69008071511,7.69008071463,7.69008071463,7.69008071493,7.69008071496,7.69008071496,7.69008071495,7.69008071493,7.690080715,7.690080715,7.69008071493,7.69008071493,7.69008071533,7.69008071532,7.69008071532
"t3",7.69008071413,7.69008071413,7.69008071411,7.69008071411,7.69008071416,7.69008071416,7.69008071403,7.69008071403,7.69008071403,7.69008071403,7.69008071403,7.69008071403,7.69008071403,7.69008071392,7.69008071392,7.69008071363,7.69008071363,7.69008071373,7.69008071443,0,3.45727780797,3.45727780801,3.45727780801,3.45727780807,3.45727780807,3.45727780807,3.45727780807,3.45727780807,3.4572778084,4.6446609393,4.6446609393,4.6446609393,4.6446609393,4.64466093917,4.64466093917,4.6446609392,4.6446609394,4.6446609394,4.6446609394,4.64466093943,4.64466093943,4.64466093924,4.64466093931,4.64466093921,4.64466093921,4.64466093933,4.644660939274,4.644660939274,4.64466093922,4.64466093922,4.64466093922,4.644660939358,4.644660939358,4.644660939378,4.64466093939,4.64466093939,4.64466093932,4.64466093932,5.4193001703,5.4193001703,5.4193001703,5.4193001703,5.4193001703,5.4193001703,5.4193001703,5.4193001703,5.4193001704,5.41930017044,5.41930017044,5.4193001704,5.4193001701,5.4193001701,6.96241684687,6.96241684697,6.96241684697,6.96241684691,6.96241684691,6.96241684692,6.9624168477,7.544294675597,7.544294675597,7.5442946757,7.5442946757,7.5442946761,7.54429467608,7.54429467608,7.5442946756,7.5442946756,7.5442946759,7.54429467593,7.54429467593,7.54429467592,7.5442946759,7.54429467597,7.54429467597,7.5442946759,7.5442946759,7.5442946763,7.54429467629,7.54429467629
"t28",7.6900807141,7.6900807141,7.69008071408,7.69008071408,7.69008071413,7.69008071413,7.690080714,7.690080714,7.690080714,7.690080714,7.690080714,7.690080714,7.690080714,7.69008071389,7.69008071389,7.6900807136,7.6900807136,7.6900807137,7.6900807144,3.45727780797,0,1.14708999004,1.14708999004,3.0343427837,3.0343427837,3.0343427837,3.0343427837,3.0343427837,3.17719522557,4.64466093927,4.64466093927,4.64466093927,4.64466093927,4.64466093914,4.64466093914,4.64466093917,4.64466093937,4.64466093937,4.64466093937,4.6446609394,4.6446609394,4.64466093921,4.64466093928,4.64466093918,4.64466093918,4.6446609393,4.644660939244,4.644660939244,4.64466093919,4.64466093919,4.64466093919,4.644660939328,4.644660939328,4.644660939348,4.64466093936,4.64466093936,4.64466093929,4.64466093929,5.41930017027,5.41930017027,5.41930017027,5.41930017027,5.41930017027,5.41930017027,5.41930017027,5.41930017027,5.41930017037,5.41930017041,5.41930017041,5.41930017037,5.41930017007,5.41930017007,6.96241684684,6.96241684694,6.96241684694,6.96241684688,6.96241684688,6.96241684689,6.96241684767,7.544294675567,7.544294675567,7.54429467567,7.54429467567,7.54429467607,7.54429467605,7.54429467605,7.54429467557,7.54429467557,7.54429467587,7.5442946759,7.5442946759,7.54429467589,7.54429467587,7.54429467594,7.54429467594,7.54429467587,7.54429467587,7.54429467627,7.54429467626,7.54429467626
"t91",7.69008071414,7.69008071414,7.69008071412,7.69008071412,7.69008071417,7.69008071417,7.69008071404,7.69008071404,7.69008071404,7.69008071404,7.69008071404,7.69008071404,7.69008071404,7.69008071393,7.69008071393,7.69008071364,7.69008071364,7.69008071374,7.69008071444,3.45727780801,1.14708999004,0,0.04166100648,3.03434278374,3.03434278374,3.03434278374,3.03434278374,3.03434278374,3.17719522561,4.64466093931,4.64466093931,4.64466093931,4.64466093931,4.64466093918,4.64466093918,4.64466093921,4.64466093941,4.64466093941,4.64466093941,4.64466093944,4.64466093944,4.64466093925,4.64466093932,4.64466093922,4.64466093922,4.64466093934,4.644660939284,4.644660939284,4.64466093923,4.64466093923,4.64466093923,4.644660939368,4.644660939368,4.644660939388,4.6446609394,4.6446609394,4.64466093933,4.64466093933,5.41930017031,5.41930017031,5.41930017031,5.41930017031,5.41930017031,5.41930017031,5.41930017031,5.41930017031,5.41930017041,5.41930017045,5.41930017045,5.41930017041,5.41930017011,5.41930017011,6.96241684688,6.96241684698,6.96241684698,6.96241684692,6.96241684692,6.96241684693,6.96241684771,7.544294675607,7.544294675607,7.54429467571,7.54429467571,7.54429467611,7.54429467609,7.54429467609,7.54429467561,7.54429467561,7.54429467591,7.54429467594,7.54429467594,7.54429467593,7.54429467591,7.54429467598,7.54429467598,7.54429467591,7.54429467591,7.54429467631,7.5442946763,7.5442946763
"t92",7.69008071414,7.69008071414,7.69008071412,7.69008071412,7.69008071417,7.69008071417,7.69008071404,7.69008071404,7.69008071404,7.69008071404,7.69008071404,7.69008071404,7.69008071404,7.69008071393,7.69008071393,7.69008071364,7.69008071364,7.69008071374,7.69008071444,3.45727780801,1.14708999004,0.04166100648,0,3.03434278374,3.03434278374,3.03434278374,3.03434278374,3.03434278374,3.17719522561,4.64466093931,4.64466093931,4.64466093931,4.64466093931,4.64466093918,4.64466093918,4.64466093921,4.64466093941,4.64466093941,4.64466093941,4.64466093944,4.64466093944,4.64466093925,4.64466093932,4.64466093922,4.64466093922,4.64466093934,4.644660939284,4.644660939284,4.64466093923,4.64466093923,4.64466093923,4.644660939368,4.644660939368,4.644660939388,4.6446609394,4.6446609394,4.64466093933,4.64466093933,5.41930017031,5.41930017031,5.41930017031,5.41930017031,5.41930017031,5.41930017031,5.41930017031,5.41930017031,5.41930017041,5.41930017045,5.41930017045,5.41930017041,5.41930017011,5.41930017011,6.96241684688,6.96241684698,6.96241684698,6.96241684692,6.96241684692,6.96241684693,6.96241684771,7.544294675607,7.544294675607,7.54429467571,7.54429467571,7.54429467611,7.54429467609,7.54429467609,7.54429467561,7.54429467561,7.54429467591,7.54429467594,7.54429467594,7.54429467593,7.54429467591,7.54429467598,7.54429467598,7.54429467591,7.54429467591,7.54429467631,7.5442946763,7.5442946763
"t25",7.6900807142,7.6900807142,7.69008071418,7.69008071418,7.69008071423,7.69008071423,7.6900807141,7.6900807141,7.6900807141,7.6900807141,7.6900807141,7.6900807141,7.6900807141,7.69008071399,7.69008071399,7.6900807137,7.6900807137,7.6900807138,7.6900807145,3.45727780807,3.0343427837,3.03434278374,3.03434278374,0,1.298398048,1.9688204628,1.9688204628,1.9688204628,3.17719522567,4.64466093937,4.64466093937,4.64466093937,4.64466093937,4.64466093924,4.64466093924,4.64466093927,4.64466093947,4.64466093947,4.64466093947,4.6446609395,4.6446609395,4.64466093931,4.64466093938,4.64466093928,4.64466093928,4.6446609394,4.644660939344,4.644660939344,4.64466093929,4.64466093929,4.64466093929,4.644660939428,4.644660939428,4.644660939448,4.64466093946,4.64466093946,4.64466093939,4.64466093939,5.41930017037,5.41930017037,5.41930017037,5.41930017037,5.41930017037,5.41930017037,5.41930017037,5.41930017037,5.41930017047,5.41930017051,5.41930017051,5.41930017047,5.41930017017,5.41930017017,6.96241684694,6.96241684704,6.96241684704,6.96241684698,6.96241684698,6.96241684699,6.96241684777,7.544294675667,7.544294675667,7.54429467577,7.54429467577,7.54429467617,7.54429467615,7.54429467615,7.54429467567,7.54429467567,7.54429467597,7.544294676,7.544294676,7.54429467599,7.54429467597,7.54429467604,7.54429467604,7.54429467597,7.54429467597,7.54429467637,7.54429467636,7.54429467636
"t26",7.6900807142,7.6900807142,7.69008071418,7.69008071418,7.69008071423,7.69008071423,7.6900807141,7.6900807141,7.6900807141,7.6900807141,7.6900807141,7.6900807141,7.6900807141,7.69008071399,7.69008071399,7.6900807137,7.6900807137,7.6900807138,7.6900807145,3.45727780807,3.0343427837,3.03434278374,3.03434278374,1.298398048,0,1.9688204628,1.9688204628,1.9688204628,3.17719522567,4.64466093937,4.64466093937,4.64466093937,4.64466093937,4.64466093924,4.64466093924,4.64466093927,4.64466093947,4.64466093947,4.64466093947,4.6446609395,4.6446609395,4.64466093931,4.64466093938,4.64466093928,4.64466093928,4.6446609394,4.644660939344,4.644660939344,4.64466093929,4.64466093929,4.64466093929,4.644660939428,4.644660939428,4.644660939448,4.64466093946,4.64466093946,4.64466093939,4.64466093939,5.41930017037,5.41930017037,5.41930017037,5.41930017037,5.41930017037,5.41930017037,5.41930017037,5.41930017037,5.41930017047,5.41930017051,5.41930017051,5.41930017047,5.41930017017,5.41930017017,6.96241684694,6.96241684704,6.96241684704,6.96241684698,6.96241684698,6.96241684699,6.96241684777,7.544294675667,7.544294675667,7.54429467577,7.54429467577,7.54429467617,7.54429467615,7.54429467615,7.54429467567,7.54429467567,7.54429467597,7.544294676,7.544294676,7.54429467599,7.54429467597,7.54429467604,7.54429467604,7.54429467597,7.54429467597,7.54429467637,7.54429467636,7.54429467636
"t38",7.6900807142,7.6900807142,7.69008071418,7.69008071418,7.69008071423,7.69008071423,7.6900807141,7.6900807141,7.6900807141,7.6900807141,7.6900807141,7.6900807141,7.6900807141,7.69008071399,7.69008071399,7.6900807137,7.6900807137,7.6900807138,7.6900807145,3.45727780807,3.0343427837,3.03434278374,3.03434278374,1.9688204628,1.9688204628,0,0.8578303158,1.3120868792,3.17719522567,4.64466093937,4.64466093937,4.64466093937,4.64466093937,4.64466093924,4.64466093924,4.64466093927,4.64466093947,4.64466093947,4.64466093947,4.6446609395,4.6446609395,4.64466093931,4.64466093938,4.64466093928,4.64466093928,4.6446609394,4.644660939344,4.644660939344,4.64466093929,4.64466093929,4.64466093929,4.644660939428,4.644660939428,4.644660939448,4.64466093946,4.64466093946,4.64466093939,4.64466093939,5.41930017037,5.41930017037,5.41930017037,5.41930017037,5.41930017037,5.41930017037,5.41930017037,5.41930017037,5.41930017047,5.41930017051,5.41930017051,5.41930017047,5.41930017017,5.41930017017,6.96241684694,6.96241684704,6.96241684704,6.96241684698,6.96241684698,6.96241684699,6.96241684777,7.544294675667,7.544294675667,7.54429467577,7.54429467577,7.54429467617,7.54429467615,7.54429467615,7.54429467567,7.54429467567,7.54429467597,7.544294676,7.544294676,7.54429467599,7.54429467597,7.54429467604,7.54429467604,7.54429467597,7.54429467597,7.54429467637,7.54429467636,7.54429467636
"t39",7.6900807142,7.6900807142,7.69008071418,7.69008071418,7.69008071423,7.69008071423,7.6900807141,7.6900807141,7.6900807141,7.6900807141,7.6900807141,7.6900807141,7.6900807141,7.69008071399,7.69008071399,7.6900807137,7.6900807137,7.6900807138,7.6900807145,3.45727780807,3.0343427837,3.03434278374,3.03434278374,1.9688204628,1.9688204628,0.8578303158,0,1.3120868792,3.17719522567,4.64466093937,4.64466093937,4.64466093937,4.64466093937,4.64466093924,4.64466093924,4.64466093927,4.64466093947,4.64466093947,4.64466093947,4.6446609395,4.6446609395,4.64466093931,4.64466093938,4.64466093928,4.64466093928,4.6446609394,4.644660939344,4.644660939344,4.64466093929,4.64466093929,4.64466093929,4.644660939428,4.644660939428,4.644660939448,4.64466093946,4.64466093946,4.64466093939,4.64466093939,5.41930017037,5.41930017037,5.41930017037,5.41930017037,5.41930017037,5.41930017037,5.41930017037,5.41930017037,5.41930017047,5.41930017051,5.41930017051,5.41930017047,5.41930017017,5.41930017017,6.96241684694,6.96241684704,6.96241684704,6.96241684698,6.96241684698,6.96241684699,6.96241684777,7.544294675667,7.544294675667,7.54429467577,7.54429467577,7.54429467617,7.54429467615,7.54429467615,7.54429467567,7.54429467567,7.54429467597,7.544294676,7.544294676,7.54429467599,7.54429467597,7.54429467604,7.54429467604,7.54429467597,7.54429467597,7.54429467637,7.54429467636,7.54429467636
"t24",7.6900807142,7.6900807142,7.69008071418,7.69008071418,7.69008071423,7.69008071423,7.6900807141,7.6900807141,7.6900807141,7.6900807141,7.6900807141,7.6900807141,7.6900807141,7.69008071399,7.69008071399,7.6900807137,7.6900807137,7.6900807138,7.6900807145,3.45727780807,3.0343427837,3.03434278374,3.03434278374,1.9688204628,1.9688204628,1.3120868792,1.3120868792,0,3.17719522567,4.64466093937,4.64466093937,4.64466093937,4.64466093937,4.64466093924,4.64466093924,4.64466093927,4.64466093947,4.64466093947,4.64466093947,4.6446609395,4.6446609395,4.64466093931,4.64466093938,4.64466093928,4.64466093928,4.6446609394,4.644660939344,4.644660939344,4.64466093929,4.64466093929,4.64466093929,4.644660939428,4.644660939428,4.644660939448,4.64466093946,4.64466093946,4.64466093939,4.64466093939,5.41930017037,5.41930017037,5.41930017037,5.41930017037,5.41930017037,5.41930017037,5.41930017037,5.41930017037,5.41930017047,5.41930017051,5.41930017051,5.41930017047,5.41930017017,5.41930017017,6.96241684694,6.96241684704,6.96241684704,6.96241684698,6.96241684698,6.96241684699,6.96241684777,7.544294675667,7.544294675667,7.54429467577,7.54429467577,7.54429467617,7.54429467615,7.54429467615,7.54429467567,7.54429467567,7.54429467597,7.544294676,7.544294676,7.54429467599,7.54429467597,7.54429467604,7.54429467604,7.54429467597,7.54429467597,7.54429467637,7.54429467636,7.54429467636
