"","t23","t31","t56","t57","t50","t142","t143","t54","t55","t15","t7","t75","t76","t35","t36","t16","t132","t133","t84","t108","t109","t78","t19","t128","t129","t89","t90","t32","t33","t61","t140","t141","t2","t104","t105","t77","t96","t97","t18","t52","t53","t94","t130","t131","t113","t27","t98","t99","t114","t115","t6","t64","t65","t68","t69","t17","t25","t26","t82","t83","t70","t71","t134","t135","t34","t146","t147","t100","t91","t72","t74","t138","t139","t85","t144","t145","t106","t107","t41","t42","t87","t88","t95","t116","t117","t103","t120","t121","t119","t124","t125","t21","t22","t101","t102","t92","t93","t11","t12","t10","t8","t4","t5","t3","t62","t63","t86","t136","t137","t118","t66","t67","t48","t49","t13","t39","t40","t20","t29","t30","t24","t45","t59","t60","t28","t46","t51","t80","t81","t44","t122","t123","t112","t58","t14","t47","t126","t127","t43","t110","t111","t79","t73","t37","t38","t9","t1"
"t23",0,2.1001216038,3.3874242143,3.3874242143,3.3874242148,3.3874242139,3.3874242139,3.3874242143,3.2781010442,2.6642567325,5.507110581669,6.301928948569,6.370555940569,5.370466891769,5.718713701869,4.519860685679,6.370555940139,6.370555940139,6.370555940179,6.370555940179,6.370555940179,6.370555940179,4.865817028179,6.370555940389,6.370555940389,6.370555940479,6.370555940479,6.370555940629,5.399474487329,6.370555939769,6.370555939769,6.370555939769,4.8601694942,9.11203099314,9.11203099314,9.11203099314,8.8884852921,9.11203099314,7.20626063035,9.11203099354,9.11203099354,9.112030993,9.11203099301,9.11203099301,9.112030993,8.2279636263,9.11203099314,8.93473546774,9.11203099264,9.11203099264,10.14081824784,10.1408182481,10.1408182481,10.14081824814,10.14081824814,10.14081824854,9.03431194281,9.94859072671,10.14081824821,10.14081824821,10.14081824841,10.14081824841,10.14081824873,10.14081824873,9.94473159201,10.140818248349,10.140818248349,10.14081824831,10.14081824831,10.14081824825,10.1408182483,10.14081824827,10.14081824827,9.7616778252,10.14081824823,10.14081824823,10.14081824786,10.14081824786,9.63605915392,9.62300622292,10.14081824825,10.14081824825,10.14081824844,10.14081824844,10.14081824844,10.14081824851,10.140818248456,10.140818248456,10.14081824845,10.14081824857,10.14081824857,10.14081824821,8.65353235261,10.14081824851,10.14081824851,10.14081824841,9.90997772371,7.61701742104,7.58144836904,7.36667388844,8.24473307964,6.93938645496,6.34735144666,6.18208644728,10.14081824864,10.14081824864,10.14081824854,10.1408182486,10.1408182486,10.14081824854,10.14081824864,10.14081824864,10.14081824904,10.14081824904,8.23394334934,9.10623038832,10.05399429632,8.51904016642,9.70951111172,10.14081824872,8.79632498804,10.14081824812,9.72025156082,9.86162174582,10.14081824876,9.18537000946,9.62292055606,10.14081824836,9.720876843158,9.06713392104,10.14081824879,10.14081824879,10.14081824884,10.14081824884,8.13139616744,10.14081824864,10.14081824882,10.14081824882,9.26374004084,10.14081824874,10.14081824874,10.14081824884,10.14081824884,9.53314103084,10.14081824924,7.49779382254,8.15471745804
"t31",2.1001216038,0,1.5179670551,1.5179670551,1.5179670556,1.5179670547,1.5179670547,1.5179670551,1.408643885,1.3769541223,4.219807971469,5.014626338369,5.083253330369,4.083164281569,4.431411091669,3.232558075479,5.083253329939,5.083253329939,5.083253329979,5.083253329979,5.083253329979,5.083253329979,3.578514417979,5.083253330189,5.083253330189,5.083253330279,5.083253330279,5.083253330429,4.112171877129,5.083253329569,5.083253329569,5.083253329569,3.572866884,7.82472838294,7.82472838294,7.82472838294,7.6011826819,7.82472838294,5.91895802015,7.82472838334,7.82472838334,7.8247283828,7.82472838281,7.82472838281,7.8247283828,6.9406610161,7.82472838294,7.64743285754,7.82472838244,7.82472838244,8.85351563764,8.8535156379,8.8535156379,8.85351563794,8.85351563794,8.85351563834,7.74700933261,8.66128811651,8.85351563801,8.85351563801,8.85351563821,8.85351563821,8.85351563853,8.85351563853,8.65742898181,8.853515638149,8.853515638149,8.85351563811,8.85351563811,8.85351563805,8.8535156381,8.85351563807,8.85351563807,8.474375215,8.85351563803,8.85351563803,8.85351563766,8.85351563766,8.34875654372,8.33570361272,8.85351563805,8.85351563805,8.85351563824,8.85351563824,8.85351563824,8.85351563831,8.853515638256,8.853515638256,8.85351563825,8.85351563837,8.85351563837,8.85351563801,7.36622974241,8.85351563831,8.85351563831,8.85351563821,8.62267511351,6.32971481084,6.29414575884,6.07937127824,6.95743046944,5.65208384476,5.06004883646,4.89478383708,8.85351563844,8.85351563844,8.85351563834,8.8535156384,8.8535156384,8.85351563834,8.85351563844,8.85351563844,8.85351563884,8.85351563884,6.94664073914,7.81892777812,8.76669168612,7.23173755622,8.42220850152,8.85351563852,7.50902237784,8.85351563792,8.43294895062,8.57431913562,8.85351563856,7.89806739926,8.33561794586,8.85351563816,8.433574232958,7.77983131084,8.85351563859,8.85351563859,8.85351563864,8.85351563864,6.84409355724,8.85351563844,8.85351563862,8.85351563862,7.97643743064,8.85351563854,8.85351563854,8.85351563864,8.85351563864,8.24583842064,8.85351563904,6.21049121234,6.86741484784
"t56",3.3874242143,1.5179670551,0,1.7638268448,2.0061297455,2.4062480142,2.4062480142,2.4062480146,2.2969248445,2.6642567328,5.507110581969,6.301928948869,6.370555940869,5.370466892069,5.718713702169,4.519860685979,6.370555940439,6.370555940439,6.370555940479,6.370555940479,6.370555940479,6.370555940479,4.865817028479,6.370555940689,6.370555940689,6.370555940779,6.370555940779,6.370555940929,5.399474487629,6.370555940069,6.370555940069,6.370555940069,4.8601694945,9.11203099344,9.11203099344,9.11203099344,8.8884852924,9.11203099344,7.20626063065,9.11203099384,9.11203099384,9.1120309933,9.11203099331,9.11203099331,9.1120309933,8.2279636266,9.11203099344,8.93473546804,9.11203099294,9.11203099294,10.14081824814,10.1408182484,10.1408182484,10.14081824844,10.14081824844,10.14081824884,9.03431194311,9.94859072701,10.14081824851,10.14081824851,10.14081824871,10.14081824871,10.14081824903,10.14081824903,9.94473159231,10.140818248649,10.140818248649,10.14081824861,10.14081824861,10.14081824855,10.1408182486,10.14081824857,10.14081824857,9.7616778255,10.14081824853,10.14081824853,10.14081824816,10.14081824816,9.63605915422,9.62300622322,10.14081824855,10.14081824855,10.14081824874,10.14081824874,10.14081824874,10.14081824881,10.140818248756,10.140818248756,10.14081824875,10.14081824887,10.14081824887,10.14081824851,8.65353235291,10.14081824881,10.14081824881,10.14081824871,9.90997772401,7.61701742134,7.58144836934,7.36667388874,8.24473307994,6.93938645526,6.34735144696,6.18208644758,10.14081824894,10.14081824894,10.14081824884,10.1408182489,10.1408182489,10.14081824884,10.14081824894,10.14081824894,10.14081824934,10.14081824934,8.23394334964,9.10623038862,10.05399429662,8.51904016672,9.70951111202,10.14081824902,8.79632498834,10.14081824842,9.72025156112,9.86162174612,10.14081824906,9.18537000976,9.62292055636,10.14081824866,9.720876843458,9.06713392134,10.14081824909,10.14081824909,10.14081824914,10.14081824914,8.13139616774,10.14081824894,10.14081824912,10.14081824912,9.26374004114,10.14081824904,10.14081824904,10.14081824914,10.14081824914,9.53314103114,10.14081824954,7.49779382284,8.15471745834
"t57",3.3874242143,1.5179670551,1.7638268448,0,2.0061297455,2.4062480142,2.4062480142,2.4062480146,2.2969248445,2.6642567328,5.507110581969,6.301928948869,6.370555940869,5.370466892069,5.718713702169,4.519860685979,6.370555940439,6.370555940439,6.370555940479,6.370555940479,6.370555940479,6.370555940479,4.865817028479,6.370555940689,6.370555940689,6.370555940779,6.370555940779,6.370555940929,5.399474487629,6.370555940069,6.370555940069,6.370555940069,4.8601694945,9.11203099344,9.11203099344,9.11203099344,8.8884852924,9.11203099344,7.20626063065,9.11203099384,9.11203099384,9.1120309933,9.11203099331,9.11203099331,9.1120309933,8.2279636266,9.11203099344,8.93473546804,9.11203099294,9.11203099294,10.14081824814,10.1408182484,10.1408182484,10.14081824844,10.14081824844,10.14081824884,9.03431194311,9.94859072701,10.14081824851,10.14081824851,10.14081824871,10.14081824871,10.14081824903,10.14081824903,9.94473159231,10.140818248649,10.140818248649,10.14081824861,10.14081824861,10.14081824855,10.1408182486,10.14081824857,10.14081824857,9.7616778255,10.14081824853,10.14081824853,10.14081824816,10.14081824816,9.63605915422,9.62300622322,10.14081824855,10.14081824855,10.14081824874,10.14081824874,10.14081824874,10.14081824881,10.140818248756,10.140818248756,10.14081824875,10.14081824887,10.14081824887,10.14081824851,8.65353235291,10.14081824881,10.14081824881,10.14081824871,9.90997772401,7.61701742134,7.58144836934,7.36667388874,8.24473307994,6.93938645526,6.34735144696,6.18208644758,10.14081824894,10.14081824894,10.14081824884,10.1408182489,10.1408182489,10.14081824884,10.14081824894,10.14081824894,10.14081824934,10.14081824934,8.23394334964,9.10623038862,10.05399429662,8.51904016672,9.70951111202,10.14081824902,8.79632498834,10.14081824842,9.72025156112,9.86162174612,10.14081824906,9.18537000976,9.62292055636,10.14081824866,9.720876843458,9.06713392134,10.14081824909,10.14081824909,10.14081824914,10.14081824914,8.13139616774,10.14081824894,10.14081824912,10.14081824912,9.26374004114,10.14081824904,10.14081824904,10.14081824914,10.14081824914,9.53314103114,10.14081824954,7.49779382284,8.15471745834
"t50",3.3874242148,1.5179670556,2.0061297455,2.0061297455,0,2.4062480147,2.4062480147,2.4062480151,2.296924845,2.6642567333,5.507110582469,6.301928949369,6.370555941369,5.370466892569,5.718713702669,4.519860686479,6.370555940939,6.370555940939,6.370555940979,6.370555940979,6.370555940979,6.370555940979,4.865817028979,6.370555941189,6.370555941189,6.370555941279,6.370555941279,6.370555941429,5.399474488129,6.370555940569,6.370555940569,6.370555940569,4.860169495,9.11203099394,9.11203099394,9.11203099394,8.8884852929,9.11203099394,7.20626063115,9.11203099434,9.11203099434,9.1120309938,9.11203099381,9.11203099381,9.1120309938,8.2279636271,9.11203099394,8.93473546854,9.11203099344,9.11203099344,10.14081824864,10.1408182489,10.1408182489,10.14081824894,10.14081824894,10.14081824934,9.03431194361,9.94859072751,10.14081824901,10.14081824901,10.14081824921,10.14081824921,10.14081824953,10.14081824953,9.94473159281,10.140818249149,10.140818249149,10.14081824911,10.14081824911,10.14081824905,10.1408182491,10.14081824907,10.14081824907,9.761677826,10.14081824903,10.14081824903,10.14081824866,10.14081824866,9.63605915472,9.62300622372,10.14081824905,10.14081824905,10.14081824924,10.14081824924,10.14081824924,10.14081824931,10.140818249256,10.140818249256,10.14081824925,10.14081824937,10.14081824937,10.14081824901,8.65353235341,10.14081824931,10.14081824931,10.14081824921,9.90997772451,7.61701742184,7.58144836984,7.36667388924,8.24473308044,6.93938645576,6.34735144746,6.18208644808,10.14081824944,10.14081824944,10.14081824934,10.1408182494,10.1408182494,10.14081824934,10.14081824944,10.14081824944,10.14081824984,10.14081824984,8.23394335014,9.10623038912,10.05399429712,8.51904016722,9.70951111252,10.14081824952,8.79632498884,10.14081824892,9.72025156162,9.86162174662,10.14081824956,9.18537001026,9.62292055686,10.14081824916,9.720876843958,9.06713392184,10.14081824959,10.14081824959,10.14081824964,10.14081824964,8.13139616824,10.14081824944,10.14081824962,10.14081824962,9.26374004164,10.14081824954,10.14081824954,10.14081824964,10.14081824964,9.53314103164,10.14081825004,7.49779382334,8.15471745884
"t142",3.3874242139,1.5179670547,2.4062480142,2.4062480142,2.4062480147,0,0.062280701,2.1258364714,2.0165133013,2.6642567324,5.507110581569,6.301928948469,6.370555940469,5.370466891669,5.718713701769,4.519860685579,6.370555940039,6.370555940039,6.370555940079,6.370555940079,6.370555940079,6.370555940079,4.865817028079,6.370555940289,6.370555940289,6.370555940379,6.370555940379,6.370555940529,5.399474487229,6.370555939669,6.370555939669,6.370555939669,4.8601694941,9.11203099304,9.11203099304,9.11203099304,8.888485292,9.11203099304,7.20626063025,9.11203099344,9.11203099344,9.1120309929,9.11203099291,9.11203099291,9.1120309929,8.2279636262,9.11203099304,8.93473546764,9.11203099254,9.11203099254,10.14081824774,10.140818248,10.140818248,10.14081824804,10.14081824804,10.14081824844,9.03431194271,9.94859072661,10.14081824811,10.14081824811,10.14081824831,10.14081824831,10.14081824863,10.14081824863,9.94473159191,10.140818248249,10.140818248249,10.14081824821,10.14081824821,10.14081824815,10.1408182482,10.14081824817,10.14081824817,9.7616778251,10.14081824813,10.14081824813,10.14081824776,10.14081824776,9.63605915382,9.62300622282,10.14081824815,10.14081824815,10.14081824834,10.14081824834,10.14081824834,10.14081824841,10.140818248356,10.140818248356,10.14081824835,10.14081824847,10.14081824847,10.14081824811,8.65353235251,10.14081824841,10.14081824841,10.14081824831,9.90997772361,7.61701742094,7.58144836894,7.36667388834,8.24473307954,6.93938645486,6.34735144656,6.18208644718,10.14081824854,10.14081824854,10.14081824844,10.1408182485,10.1408182485,10.14081824844,10.14081824854,10.14081824854,10.14081824894,10.14081824894,8.23394334924,9.10623038822,10.05399429622,8.51904016632,9.70951111162,10.14081824862,8.79632498794,10.14081824802,9.72025156072,9.86162174572,10.14081824866,9.18537000936,9.62292055596,10.14081824826,9.720876843058,9.06713392094,10.14081824869,10.14081824869,10.14081824874,10.14081824874,8.13139616734,10.14081824854,10.14081824872,10.14081824872,9.26374004074,10.14081824864,10.14081824864,10.14081824874,10.14081824874,9.53314103074,10.14081824914,7.49779382244,8.15471745794
"t143",3.3874242139,1.5179670547,2.4062480142,2.4062480142,2.4062480147,0.062280701,0,2.1258364714,2.0165133013,2.6642567324,5.507110581569,6.301928948469,6.370555940469,5.370466891669,5.718713701769,4.519860685579,6.370555940039,6.370555940039,6.370555940079,6.370555940079,6.370555940079,6.370555940079,4.865817028079,6.370555940289,6.370555940289,6.370555940379,6.370555940379,6.370555940529,5.399474487229,6.370555939669,6.370555939669,6.370555939669,4.8601694941,9.11203099304,9.11203099304,9.11203099304,8.888485292,9.11203099304,7.20626063025,9.11203099344,9.11203099344,9.1120309929,9.11203099291,9.11203099291,9.1120309929,8.2279636262,9.11203099304,8.93473546764,9.11203099254,9.11203099254,10.14081824774,10.140818248,10.140818248,10.14081824804,10.14081824804,10.14081824844,9.03431194271,9.94859072661,10.14081824811,10.14081824811,10.14081824831,10.14081824831,10.14081824863,10.14081824863,9.94473159191,10.140818248249,10.140818248249,10.14081824821,10.14081824821,10.14081824815,10.1408182482,10.14081824817,10.14081824817,9.7616778251,10.14081824813,10.14081824813,10.14081824776,10.14081824776,9.63605915382,9.62300622282,10.14081824815,10.14081824815,10.14081824834,10.14081824834,10.14081824834,10.14081824841,10.140818248356,10.140818248356,10.14081824835,10.14081824847,10.14081824847,10.14081824811,8.65353235251,10.14081824841,10.14081824841,10.14081824831,9.90997772361,7.61701742094,7.58144836894,7.36667388834,8.24473307954,6.93938645486,6.34735144656,6.18208644718,10.14081824854,10.14081824854,10.14081824844,10.1408182485,10.1408182485,10.14081824844,10.14081824854,10.14081824854,10.14081824894,10.14081824894,8.23394334924,9.10623038822,10.05399429622,8.51904016632,9.70951111162,10.14081824862,8.79632498794,10.14081824802,9.72025156072,9.86162174572,10.14081824866,9.18537000936,9.62292055596,10.14081824826,9.720876843058,9.06713392094,10.14081824869,10.14081824869,10.14081824874,10.14081824874,8.13139616734,10.14081824854,10.14081824872,10.14081824872,9.26374004074,10.14081824864,10.14081824864,10.14081824874,10.14081824874,9.53314103074,10.14081824914,7.49779382244,8.15471745794
"t54",3.3874242143,1.5179670551,2.4062480146,2.4062480146,2.4062480151,2.1258364714,2.1258364714,0,1.7740700701,2.6642567328,5.507110581969,6.301928948869,6.370555940869,5.370466892069,5.718713702169,4.519860685979,6.370555940439,6.370555940439,6.370555940479,6.370555940479,6.370555940479,6.370555940479,4.865817028479,6.370555940689,6.370555940689,6.370555940779,6.370555940779,6.370555940929,5.399474487629,6.370555940069,6.370555940069,6.370555940069,4.8601694945,9.11203099344,9.11203099344,9.11203099344,8.8884852924,9.11203099344,7.20626063065,9.11203099384,9.11203099384,9.1120309933,9.11203099331,9.11203099331,9.1120309933,8.2279636266,9.11203099344,8.93473546804,9.11203099294,9.11203099294,10.14081824814,10.1408182484,10.1408182484,10.14081824844,10.14081824844,10.14081824884,9.03431194311,9.94859072701,10.14081824851,10.14081824851,10.14081824871,10.14081824871,10.14081824903,10.14081824903,9.94473159231,10.140818248649,10.140818248649,10.14081824861,10.14081824861,10.14081824855,10.1408182486,10.14081824857,10.14081824857,9.7616778255,10.14081824853,10.14081824853,10.14081824816,10.14081824816,9.63605915422,9.62300622322,10.14081824855,10.14081824855,10.14081824874,10.14081824874,10.14081824874,10.14081824881,10.140818248756,10.140818248756,10.14081824875,10.14081824887,10.14081824887,10.14081824851,8.65353235291,10.14081824881,10.14081824881,10.14081824871,9.90997772401,7.61701742134,7.58144836934,7.36667388874,8.24473307994,6.93938645526,6.34735144696,6.18208644758,10.14081824894,10.14081824894,10.14081824884,10.1408182489,10.1408182489,10.14081824884,10.14081824894,10.14081824894,10.14081824934,10.14081824934,8.23394334964,9.10623038862,10.05399429662,8.51904016672,9.70951111202,10.14081824902,8.79632498834,10.14081824842,9.72025156112,9.86162174612,10.14081824906,9.18537000976,9.62292055636,10.14081824866,9.720876843458,9.06713392134,10.14081824909,10.14081824909,10.14081824914,10.14081824914,8.13139616774,10.14081824894,10.14081824912,10.14081824912,9.26374004114,10.14081824904,10.14081824904,10.14081824914,10.14081824914,9.53314103114,10.14081824954,7.49779382284,8.15471745834
"t55",3.2781010442,1.408643885,2.2969248445,2.2969248445,2.296924845,2.0165133013,2.0165133013,1.7740700701,0,2.5549335627,5.397787411869,6.192605778769,6.261232770769,5.261143721969,5.609390532069,4.410537515879,6.261232770339,6.261232770339,6.261232770379,6.261232770379,6.261232770379,6.261232770379,4.756493858379,6.261232770589,6.261232770589,6.261232770679,6.261232770679,6.261232770829,5.290151317529,6.261232769969,6.261232769969,6.261232769969,4.7508463244,9.00270782334,9.00270782334,9.00270782334,8.7791621223,9.00270782334,7.09693746055,9.00270782374,9.00270782374,9.0027078232,9.00270782321,9.00270782321,9.0027078232,8.1186404565,9.00270782334,8.82541229794,9.00270782284,9.00270782284,10.03149507804,10.0314950783,10.0314950783,10.03149507834,10.03149507834,10.03149507874,8.92498877301,9.83926755691,10.03149507841,10.03149507841,10.03149507861,10.03149507861,10.03149507893,10.03149507893,9.83540842221,10.031495078549,10.031495078549,10.03149507851,10.03149507851,10.03149507845,10.0314950785,10.03149507847,10.03149507847,9.6523546554,10.03149507843,10.03149507843,10.03149507806,10.03149507806,9.52673598412,9.51368305312,10.03149507845,10.03149507845,10.03149507864,10.03149507864,10.03149507864,10.03149507871,10.031495078656,10.031495078656,10.03149507865,10.03149507877,10.03149507877,10.03149507841,8.54420918281,10.03149507871,10.03149507871,10.03149507861,9.80065455391,7.50769425124,7.47212519924,7.25735071864,8.13540990984,6.83006328516,6.23802827686,6.07276327748,10.03149507884,10.03149507884,10.03149507874,10.0314950788,10.0314950788,10.03149507874,10.03149507884,10.03149507884,10.03149507924,10.03149507924,8.12462017954,8.99690721852,9.94467112652,8.40971699662,9.60018794192,10.03149507892,8.68700181824,10.03149507832,9.61092839102,9.75229857602,10.03149507896,9.07604683966,9.51359738626,10.03149507856,9.611553673358,8.95781075124,10.03149507899,10.03149507899,10.03149507904,10.03149507904,8.02207299764,10.03149507884,10.03149507902,10.03149507902,9.15441687104,10.03149507894,10.03149507894,10.03149507904,10.03149507904,9.42381786104,10.03149507944,7.38847065274,8.04539428824
"t15",2.6642567325,1.3769541223,2.6642567328,2.6642567328,2.6642567333,2.6642567324,2.6642567324,2.6642567328,2.5549335627,0,3.387095051969,4.181913418869,4.250540410869,3.250451362069,3.598698172169,2.399845155979,4.250540410439,4.250540410439,4.250540410479,4.250540410479,4.250540410479,4.250540410479,2.745801498479,4.250540410689,4.250540410689,4.250540410779,4.250540410779,4.250540410929,3.279458957629,4.250540410069,4.250540410069,4.250540410069,2.7401539645,6.99201546344,6.99201546344,6.99201546344,6.7684697624,6.99201546344,5.08624510065,6.99201546384,6.99201546384,6.9920154633,6.99201546331,6.99201546331,6.9920154633,6.1079480966,6.99201546344,6.81471993804,6.99201546294,6.99201546294,8.02080271814,8.0208027184,8.0208027184,8.02080271844,8.02080271844,8.02080271884,6.91429641311,7.82857519701,8.02080271851,8.02080271851,8.02080271871,8.02080271871,8.02080271903,8.02080271903,7.82471606231,8.020802718649,8.020802718649,8.02080271861,8.02080271861,8.02080271855,8.0208027186,8.02080271857,8.02080271857,7.6416622955,8.02080271853,8.02080271853,8.02080271816,8.02080271816,7.51604362422,7.50299069322,8.02080271855,8.02080271855,8.02080271874,8.02080271874,8.02080271874,8.02080271881,8.020802718756,8.020802718756,8.02080271875,8.02080271887,8.02080271887,8.02080271851,6.53351682291,8.02080271881,8.02080271881,8.02080271871,7.78996219401,5.49700189134,5.46143283934,5.24665835874,6.12471754994,4.81937092526,4.22733591696,4.06207091758,8.02080271894,8.02080271894,8.02080271884,8.0208027189,8.0208027189,8.02080271884,8.02080271894,8.02080271894,8.02080271934,8.02080271934,6.11392781964,6.98621485862,7.93397876662,6.39902463672,7.58949558202,8.02080271902,6.67630945834,8.02080271842,7.60023603112,7.74160621612,8.02080271906,7.06535447976,7.50290502636,8.02080271866,7.600861313458,6.94711839134,8.02080271909,8.02080271909,8.02080271914,8.02080271914,6.01138063774,8.02080271894,8.02080271912,8.02080271912,7.14372451114,8.02080271904,8.02080271904,8.02080271914,8.02080271914,7.41312550114,8.02080271954,5.37777829284,6.03470192834
"t7",5.507110581669,4.219807971469,5.507110581969,5.507110581969,5.507110582469,5.507110581569,5.507110581569,5.507110581969,5.397787411869,3.387095051969,0,5.4198979669,5.4885249589,4.4884359101,4.8366827202,3.63782970401,5.48852495847,5.48852495847,5.48852495851,5.48852495851,5.48852495851,5.48852495851,3.98378604651,5.48852495872,5.48852495872,5.48852495881,5.48852495881,5.48852495896,4.51744350566,5.4885249581,5.4885249581,5.4885249581,3.996724136069,8.248585635009,8.248585635009,8.248585635009,8.025039933969,8.248585635009,6.342815272219,8.248585635409,8.248585635409,8.248585634869,8.248585634879,8.248585634879,8.248585634869,7.364518268169,8.248585635009,8.071290109609,8.248585634509,8.248585634509,9.277372889709,9.277372889969,9.277372889969,9.277372890009,9.277372890009,9.277372890409,8.170866584679,9.085145368579,9.277372890079,9.277372890079,9.277372890279,9.277372890279,9.277372890599,9.277372890599,9.081286233879,9.277372890218,9.277372890218,9.277372890179,9.277372890179,9.277372890119,9.277372890169,9.277372890139,9.277372890139,8.898232467069,9.277372890099,9.277372890099,9.277372889729,9.277372889729,8.772613795789,8.759560864789,9.277372890119,9.277372890119,9.277372890309,9.277372890309,9.277372890309,9.277372890379,9.277372890325,9.277372890325,9.277372890319,9.277372890439,9.277372890439,9.277372890079,7.790086994479,9.277372890379,9.277372890379,9.277372890279,9.046532365579,6.753572062909,6.718003010909,6.503228530309,7.381287721509,6.075941096829,5.483906088529,5.318641089149,9.277372890509,9.277372890509,9.277372890409,9.277372890469,9.277372890469,9.277372890409,9.277372890509,9.277372890509,9.277372890909,9.277372890909,7.370497991209,8.242785030189,9.190548938189,7.655594808289,8.846065753589,9.277372890589,7.932879629909,9.277372889989,8.856806202689,8.998176387689,9.277372890629,8.321924651329,8.759475197929,9.277372890229,8.857431485027,8.203688562909,9.277372890659,9.277372890659,9.277372890709,9.277372890709,7.267950809309,9.277372890509,9.277372890689,9.277372890689,8.400294682709,9.277372890609,9.277372890609,9.277372890709,9.277372890709,8.669695672709,9.277372891109,6.634348464409,7.291272099909
"t75",6.301928948569,5.014626338369,6.301928948869,6.301928948869,6.301928949369,6.301928948469,6.301928948469,6.301928948869,6.192605778769,4.181913418869,5.4198979669,0,1.064560893,3.4977114422,3.8459582523,2.82725515809,5.47086942035,5.47086942035,5.47086942039,5.47086942039,5.47086942039,5.47086942039,3.96613050839,5.4708694206,5.4708694206,5.47086942069,5.47086942069,5.47086942084,4.49978796754,5.5496370476,5.5496370476,5.5496370476,4.791542502969,9.043404001909,9.043404001909,9.043404001909,8.819858300869,9.043404001909,7.137633639119,9.043404002309,9.043404002309,9.043404001769,9.043404001779,9.043404001779,9.043404001769,8.159336635069,9.043404001909,8.866108476509,9.043404001409,9.043404001409,10.072191256609,10.072191256869,10.072191256869,10.072191256909,10.072191256909,10.072191257309,8.965684951579,9.879963735479,10.072191256979,10.072191256979,10.072191257179,10.072191257179,10.072191257499,10.072191257499,9.876104600779,10.072191257118,10.072191257118,10.072191257079,10.072191257079,10.072191257019,10.072191257069,10.072191257039,10.072191257039,9.693050833969,10.072191256999,10.072191256999,10.072191256629,10.072191256629,9.567432162689,9.554379231689,10.072191257019,10.072191257019,10.072191257209,10.072191257209,10.072191257209,10.072191257279,10.072191257225,10.072191257225,10.072191257219,10.072191257339,10.072191257339,10.072191256979,8.584905361379,10.072191257279,10.072191257279,10.072191257179,9.841350732479,7.548390429809,7.512821377809,7.298046897209,8.176106088409,6.870759463729,6.278724455429,6.113459456049,10.072191257409,10.072191257409,10.072191257309,10.072191257369,10.072191257369,10.072191257309,10.072191257409,10.072191257409,10.072191257809,10.072191257809,8.165316358109,9.037603397089,9.985367305089,8.450413175189,9.640884120489,10.072191257489,8.727697996809,10.072191256889,9.651624569589,9.792994754589,10.072191257529,9.116743018229,9.554293564829,10.072191257129,9.652249851927,8.998506929809,10.072191257559,10.072191257559,10.072191257609,10.072191257609,8.062769176209,10.072191257409,10.072191257589,10.072191257589,9.195113049609,10.072191257509,10.072191257509,10.072191257609,10.072191257609,9.464514039609,10.072191258009,7.429166831309,8.086090466809
"t76",6.370555940569,5.083253330369,6.370555940869,6.370555940869,6.370555941369,6.370555940469,6.370555940469,6.370555940869,6.261232770769,4.250540410869,5.4885249589,1.064560893,0,3.5663384342,3.9145852443,2.89588215009,5.53949641235,5.53949641235,5.53949641239,5.53949641239,5.53949641239,5.53949641239,4.03475750039,5.5394964126,5.5394964126,5.53949641269,5.53949641269,5.53949641284,4.56841495954,5.6182640396,5.6182640396,5.6182640396,4.860169494969,9.112030993909,9.112030993909,9.112030993909,8.888485292869,9.112030993909,7.206260631119,9.112030994309,9.112030994309,9.112030993769,9.112030993779,9.112030993779,9.112030993769,8.227963627069,9.112030993909,8.934735468509,9.112030993409,9.112030993409,10.140818248609,10.140818248869,10.140818248869,10.140818248909,10.140818248909,10.140818249309,9.034311943579,9.948590727479,10.140818248979,10.140818248979,10.140818249179,10.140818249179,10.140818249499,10.140818249499,9.944731592779,10.140818249118,10.140818249118,10.140818249079,10.140818249079,10.140818249019,10.140818249069,10.140818249039,10.140818249039,9.761677825969,10.140818248999,10.140818248999,10.140818248629,10.140818248629,9.636059154689,9.623006223689,10.140818249019,10.140818249019,10.140818249209,10.140818249209,10.140818249209,10.140818249279,10.140818249225,10.140818249225,10.140818249219,10.140818249339,10.140818249339,10.140818248979,8.653532353379,10.140818249279,10.140818249279,10.140818249179,9.909977724479,7.617017421809,7.581448369809,7.366673889209,8.244733080409,6.939386455729,6.347351447429,6.182086448049,10.140818249409,10.140818249409,10.140818249309,10.140818249369,10.140818249369,10.140818249309,10.140818249409,10.140818249409,10.140818249809,10.140818249809,8.233943350109,9.106230389089,10.053994297089,8.519040167189,9.709511112489,10.140818249489,8.796324988809,10.140818248889,9.720251561589,9.861621746589,10.140818249529,9.185370010229,9.622920556829,10.140818249129,9.720876843927,9.067133921809,10.140818249559,10.140818249559,10.140818249609,10.140818249609,8.131396168209,10.140818249409,10.140818249589,10.140818249589,9.263740041609,10.140818249509,10.140818249509,10.140818249609,10.140818249609,9.533141031609,10.140818250009,7.497793823309,8.154717458809
"t35",5.370466891769,4.083164281569,5.370466892069,5.370466892069,5.370466892569,5.370466891669,5.370466891669,5.370466892069,5.261143721969,3.250451362069,4.4884359101,3.4977114422,3.5663384342,0,0.8997721615,1.89579310129,4.53940736355,4.53940736355,4.53940736359,4.53940736359,4.53940736359,4.53940736359,3.03466845159,4.5394073638,4.5394073638,4.53940736389,4.53940736389,4.53940736404,3.56832591074,4.6181749908,4.6181749908,4.6181749908,3.860080446169,8.111941945109,8.111941945109,8.111941945109,7.888396244069,8.111941945109,6.206171582319,8.111941945509,8.111941945509,8.111941944969,8.111941944979,8.111941944979,8.111941944969,7.227874578269,8.111941945109,7.934646419709,8.111941944609,8.111941944609,9.140729199809,9.140729200069,9.140729200069,9.140729200109,9.140729200109,9.140729200509,8.034222894779,8.948501678679,9.140729200179,9.140729200179,9.140729200379,9.140729200379,9.140729200699,9.140729200699,8.944642543979,9.140729200318,9.140729200318,9.140729200279,9.140729200279,9.140729200219,9.140729200269,9.140729200239,9.140729200239,8.761588777169,9.140729200199,9.140729200199,9.140729199829,9.140729199829,8.635970105889,8.622917174889,9.140729200219,9.140729200219,9.140729200409,9.140729200409,9.140729200409,9.140729200479,9.140729200425,9.140729200425,9.140729200419,9.140729200539,9.140729200539,9.140729200179,7.653443304579,9.140729200479,9.140729200479,9.140729200379,8.909888675679,6.616928373009,6.581359321009,6.366584840409,7.244644031609,5.939297406929,5.347262398629,5.181997399249,9.140729200609,9.140729200609,9.140729200509,9.140729200569,9.140729200569,9.140729200509,9.140729200609,9.140729200609,9.140729201009,9.140729201009,7.233854301309,8.106141340289,9.053905248289,7.518951118389,8.709422063689,9.140729200689,7.796235940009,9.140729200089,8.720162512789,8.861532697789,9.140729200729,8.185280961429,8.622831508029,9.140729200329,8.720787795127,8.067044873009,9.140729200759,9.140729200759,9.140729200809,9.140729200809,7.131307119409,9.140729200609,9.140729200789,9.140729200789,8.263650992809,9.140729200709,9.140729200709,9.140729200809,9.140729200809,8.533051982809,9.140729201209,6.497704774509,7.154628410009
"t36",5.718713701869,4.431411091669,5.718713702169,5.718713702169,5.718713702669,5.718713701769,5.718713701769,5.718713702169,5.609390532069,3.598698172169,4.8366827202,3.8459582523,3.9145852443,0.8997721615,0,2.24403991139,4.88765417365,4.88765417365,4.88765417369,4.88765417369,4.88765417369,4.88765417369,3.38291526169,4.8876541739,4.8876541739,4.88765417399,4.88765417399,4.88765417414,3.91657272084,4.9664218009,4.9664218009,4.9664218009,4.208327256269,8.460188755209,8.460188755209,8.460188755209,8.236643054169,8.460188755209,6.554418392419,8.460188755609,8.460188755609,8.460188755069,8.460188755079,8.460188755079,8.460188755069,7.576121388369,8.460188755209,8.282893229809,8.460188754709,8.460188754709,9.488976009909,9.488976010169,9.488976010169,9.488976010209,9.488976010209,9.488976010609,8.382469704879,9.296748488779,9.488976010279,9.488976010279,9.488976010479,9.488976010479,9.488976010799,9.488976010799,9.292889354079,9.488976010418,9.488976010418,9.488976010379,9.488976010379,9.488976010319,9.488976010369,9.488976010339,9.488976010339,9.109835587269,9.488976010299,9.488976010299,9.488976009929,9.488976009929,8.984216915989,8.971163984989,9.488976010319,9.488976010319,9.488976010509,9.488976010509,9.488976010509,9.488976010579,9.488976010525,9.488976010525,9.488976010519,9.488976010639,9.488976010639,9.488976010279,8.001690114679,9.488976010579,9.488976010579,9.488976010479,9.258135485779,6.965175183109,6.929606131109,6.714831650509,7.592890841709,6.287544217029,5.695509208729,5.530244209349,9.488976010709,9.488976010709,9.488976010609,9.488976010669,9.488976010669,9.488976010609,9.488976010709,9.488976010709,9.488976011109,9.488976011109,7.582101111409,8.454388150389,9.402152058389,7.867197928489,9.057668873789,9.488976010789,8.144482750109,9.488976010189,9.068409322889,9.209779507889,9.488976010829,8.533527771529,8.971078318129,9.488976010429,9.069034605227,8.415291683109,9.488976010859,9.488976010859,9.488976010909,9.488976010909,7.479553929509,9.488976010709,9.488976010889,9.488976010889,8.611897802909,9.488976010809,9.488976010809,9.488976010909,9.488976010909,8.881298792909,9.488976011309,6.845951584609,7.502875220109
"t16",4.519860685679,3.232558075479,4.519860685979,4.519860685979,4.519860686479,4.519860685579,4.519860685579,4.519860685979,4.410537515879,2.399845155979,3.63782970401,2.82725515809,2.89588215009,1.89579310129,2.24403991139,0,3.68880115746,3.68880115746,3.6888011575,3.6888011575,3.6888011575,3.6888011575,2.1840622455,3.68880115771,3.68880115771,3.6888011578,3.6888011578,3.68880115795,2.71771970465,3.76756878471,3.76756878471,3.76756878471,3.009474240079,7.261335739019,7.261335739019,7.261335739019,7.037790037979,7.261335739019,5.355565376229,7.261335739419,7.261335739419,7.261335738879,7.261335738889,7.261335738889,7.261335738879,6.377268372179,7.261335739019,7.084040213619,7.261335738519,7.261335738519,8.290122993719,8.290122993979,8.290122993979,8.290122994019,8.290122994019,8.290122994419,7.183616688689,8.097895472589,8.290122994089,8.290122994089,8.290122994289,8.290122994289,8.290122994609,8.290122994609,8.094036337889,8.290122994228,8.290122994228,8.290122994189,8.290122994189,8.290122994129,8.290122994179,8.290122994149,8.290122994149,7.910982571079,8.290122994109,8.290122994109,8.290122993739,8.290122993739,7.785363899799,7.772310968799,8.290122994129,8.290122994129,8.290122994319,8.290122994319,8.290122994319,8.290122994389,8.290122994335,8.290122994335,8.290122994329,8.290122994449,8.290122994449,8.290122994089,6.802837098489,8.290122994389,8.290122994389,8.290122994289,8.059282469589,5.766322166919,5.730753114919,5.515978634319,6.394037825519,5.088691200839,4.496656192539,4.331391193159,8.290122994519,8.290122994519,8.290122994419,8.290122994479,8.290122994479,8.290122994419,8.290122994519,8.290122994519,8.290122994919,8.290122994919,6.383248095219,7.255535134199,8.203299042199,6.668344912299,7.858815857599,8.290122994599,6.945629733919,8.290122993999,7.869556306699,8.010926491699,8.290122994639,7.334674755339,7.772225301939,8.290122994239,7.870181589037,7.216438666919,8.290122994669,8.290122994669,8.290122994719,8.290122994719,6.280700913319,8.290122994519,8.290122994699,8.290122994699,7.413044786719,8.290122994619,8.290122994619,8.290122994719,8.290122994719,7.682445776719,8.290122995119,5.647098568419,6.304022203919
"t132",6.370555940139,5.083253329939,6.370555940439,6.370555940439,6.370555940939,6.370555940039,6.370555940039,6.370555940439,6.261232770339,4.250540410439,5.48852495847,5.47086942035,5.53949641235,4.53940736355,4.88765417365,3.68880115746,0,0.12248675692,0.84480345516,1.78280639496,1.78280639496,1.78280639496,2.25281116256,4.99248320857,4.99248320857,4.99248320866,4.99248320866,4.99248320881,4.02140175551,5.61826403917,5.61826403917,5.61826403917,4.860169494539,9.112030993479,9.112030993479,9.112030993479,8.888485292439,9.112030993479,7.206260630689,9.112030993879,9.112030993879,9.112030993339,9.112030993349,9.112030993349,9.112030993339,8.227963626639,9.112030993479,8.934735468079,9.112030992979,9.112030992979,10.140818248179,10.140818248439,10.140818248439,10.140818248479,10.140818248479,10.140818248879,9.034311943149,9.948590727049,10.140818248549,10.140818248549,10.140818248749,10.140818248749,10.140818249069,10.140818249069,9.944731592349,10.140818248688,10.140818248688,10.140818248649,10.140818248649,10.140818248589,10.140818248639,10.140818248609,10.140818248609,9.761677825539,10.140818248569,10.140818248569,10.140818248199,10.140818248199,9.636059154259,9.623006223259,10.140818248589,10.140818248589,10.140818248779,10.140818248779,10.140818248779,10.140818248849,10.140818248795,10.140818248795,10.140818248789,10.140818248909,10.140818248909,10.140818248549,8.653532352949,10.140818248849,10.140818248849,10.140818248749,9.909977724049,7.617017421379,7.581448369379,7.366673888779,8.244733079979,6.939386455299,6.347351446999,6.182086447619,10.140818248979,10.140818248979,10.140818248879,10.140818248939,10.140818248939,10.140818248879,10.140818248979,10.140818248979,10.140818249379,10.140818249379,8.233943349679,9.106230388659,10.053994296659,8.519040166759,9.709511112059,10.140818249059,8.796324988379,10.140818248459,9.720251561159,9.861621746159,10.140818249099,9.185370009799,9.622920556399,10.140818248699,9.720876843497,9.067133921379,10.140818249129,10.140818249129,10.140818249179,10.140818249179,8.131396167779,10.140818248979,10.140818249159,10.140818249159,9.263740041179,10.140818249079,10.140818249079,10.140818249179,10.140818249179,9.533141031179,10.140818249579,7.497793822879,8.154717458379
"t133",6.370555940139,5.083253329939,6.370555940439,6.370555940439,6.370555940939,6.370555940039,6.370555940039,6.370555940439,6.261232770339,4.250540410439,5.48852495847,5.47086942035,5.53949641235,4.53940736355,4.88765417365,3.68880115746,0.12248675692,0,0.84480345516,1.78280639496,1.78280639496,1.78280639496,2.25281116256,4.99248320857,4.99248320857,4.99248320866,4.99248320866,4.99248320881,4.02140175551,5.61826403917,5.61826403917,5.61826403917,4.860169494539,9.112030993479,9.112030993479,9.112030993479,8.888485292439,9.112030993479,7.206260630689,9.112030993879,9.112030993879,9.112030993339,9.112030993349,9.112030993349,9.112030993339,8.227963626639,9.112030993479,8.934735468079,9.112030992979,9.112030992979,10.140818248179,10.140818248439,10.140818248439,10.140818248479,10.140818248479,10.140818248879,9.034311943149,9.948590727049,10.140818248549,10.140818248549,10.140818248749,10.140818248749,10.140818249069,10.140818249069,9.944731592349,10.140818248688,10.140818248688,10.140818248649,10.140818248649,10.140818248589,10.140818248639,10.140818248609,10.140818248609,9.761677825539,10.140818248569,10.140818248569,10.140818248199,10.140818248199,9.636059154259,9.623006223259,10.140818248589,10.140818248589,10.140818248779,10.140818248779,10.140818248779,10.140818248849,10.140818248795,10.140818248795,10.140818248789,10.140818248909,10.140818248909,10.140818248549,8.653532352949,10.140818248849,10.140818248849,10.140818248749,9.909977724049,7.617017421379,7.581448369379,7.366673888779,8.244733079979,6.939386455299,6.347351446999,6.182086447619,10.140818248979,10.140818248979,10.140818248879,10.140818248939,10.140818248939,10.140818248879,10.140818248979,10.140818248979,10.140818249379,10.140818249379,8.233943349679,9.106230388659,10.053994296659,8.519040166759,9.709511112059,10.140818249059,8.796324988379,10.140818248459,9.720251561159,9.861621746159,10.140818249099,9.185370009799,9.622920556399,10.140818248699,9.720876843497,9.067133921379,10.140818249129,10.140818249129,10.140818249179,10.140818249179,8.131396167779,10.140818248979,10.140818249159,10.140818249159,9.263740041179,10.140818249079,10.140818249079,10.140818249179,10.140818249179,9.533141031179,10.140818249579,7.497793822879,8.154717458379
