"","t1","t34","t35","t24","t12","t14","t51","t52","t61","t73","t93","t101","t102","t82","t22","t29","t85","t86","t83","t76","t77","t64","t67","t84","t133","t134","t90","t28","t124","t141","t142","t19","t120","t121","t89","t126","t127","t88","t113","t114","t44","t145","t146","t70","t122","t123","t91","t92","t40","t98","t139","t140","t71","t72","t53","t18","t110","t137","t138","t60","t65","t66","t36","t68","t69","t80","t81","t55","t56","t106","t107","t31","t151","t152","t94","t95","t50","t16","t17","t47","t74","t75","t27","t5","t7","t8","t9","t10","t11","t4","t13","t38","t78","t79","t23","t118","t119","t87","t111","t112","t41","t2","t37","t97","t108","t109","t59","t32","t43","t99","t100","t115","t116","t45","t46","t149","t150","t20","t42","t104","t105","t39","t96","t143","t144","t125","t48","t49","t33","t103","t128","t129","t54","t62","t63","t15","t131","t132","t130","t147","t148","t117","t21","t3","t30","t135","t136","t25","t26","t57","t58","t6"
"t1",0,5.99756826351,4.76400973421,4.65338189291,4.95609687361,4.52857528031,5.99756826351,5.31507959071,5.99756826431,5.75153181861,5.99756826425,5.99756826419,5.99756826419,5.99756826427,5.99756826471,5.81829042071,5.99756826411,5.67343854261,5.99756826421,5.99756826414,5.99756826414,5.29485264466,5.99756826409,5.99756826419,5.99756826417,5.99756826417,5.99756826417,4.78294439761,5.99756826391,5.99756826392,5.99756826392,4.95240740091,5.99756826388,5.99756826388,5.99756826398,5.99756826398,5.99756826398,5.99756826401,5.99756826401,5.99756826401,5.10779894965,5.99756826384,5.99756826384,5.75477611021,5.99756826391,5.99756826391,5.9975682639,5.9975682639,5.4750068593,5.99756826391,5.99756826394,5.99756826394,5.99756826381,5.99756826381,5.99756826381,4.13762063962,5.99756826422,5.99756826432,5.99756826432,5.99756826382,5.9975682638,5.9975682638,5.87513477053,5.85943561653,5.99756826383,5.87855947127,5.99756826377,5.99756826377,5.35607908347,5.99756826347,5.99756826347,5.99756826417,5.997568264188,5.997568264188,5.99756826417,5.84773565917,5.99756826417,4.35760525451,5.10125341621,5.99756826394,5.99756826394,5.99756826394,4.63078217844,2.78660561724,2.31522931071,4.48023272401,2.53881906561,3.55375394541,3.36898168311,2.22362797001,3.38212224455,5.99756826451,5.99756826411,5.99756826411,4.24686346177,5.99756826411,5.99756826411,5.99756826411,5.85915727511,5.89625887081,5.77636091951,2.8923957829,6.1761954518,6.6753929843,6.67539298425,6.41965926152,6.6753929843,6.6753929843,6.11300164246,6.67539298436,6.67539298436,6.67539298446,6.67539298446,6.67539298426,6.67539298426,6.67539298406,6.67539298406,5.8292518533,6.6753929839,6.6196457155,6.6753929843,6.0036819008,6.6753929844,6.67539298437,6.67539298437,6.6753929844,6.0451985469,6.6753929844,6.6753929841,6.378977958728,6.6753929844,6.6753929844,6.6753929845,6.6753929845,5.96921049296,4.873980134,6.675392984467,6.675392984467,6.67539298454,6.675392984531,6.675392984531,6.675392984531,4.9627204874,2.6560166872,6.67539298484,6.67539298554,6.67539298554,6.67539298524,5.15595354554,6.3929600041,6.6753929849,4.3789640639
"t34",5.99756826351,0,1.3838246187,2.2240796544,4.3769312019,4.3547605874,5.8237535706,5.1412648978,11.3251945914,11.0791581457,11.32519459134,11.32519459128,11.32519459128,11.32519459136,11.3251945918,11.1459167478,11.3251945912,11.0010648697,11.3251945913,11.32519459123,11.32519459123,10.62247897175,11.32519459118,11.32519459128,11.32519459126,11.32519459126,11.32519459126,10.1105707247,11.325194591,11.32519459101,11.32519459101,10.280033728,11.32519459097,11.32519459097,11.32519459107,11.32519459107,11.32519459107,11.3251945911,11.3251945911,11.3251945911,10.43542527674,11.32519459093,11.32519459093,11.0824024373,11.325194591,11.325194591,11.32519459099,11.32519459099,10.80263318639,11.325194591,11.32519459103,11.32519459103,11.3251945909,11.3251945909,11.3251945909,9.46524696671,11.32519459131,11.32519459141,11.32519459141,11.32519459091,11.32519459089,11.32519459089,11.20276109762,11.18706194362,11.32519459092,11.20618579836,11.32519459086,11.32519459086,10.68370541056,11.32519459056,11.32519459056,11.32519459126,11.325194591278,11.325194591278,11.32519459126,11.17536198626,11.32519459126,9.6852315816,10.4288797433,11.32519459103,11.32519459103,11.32519459103,9.95840850553,8.11423194433,7.6428556378,9.8078590511,7.8664453927,8.8813802725,8.6966080102,7.5512542971,8.70974857164,11.3251945916,11.3251945912,11.3251945912,9.57448978886,11.3251945912,11.3251945912,11.3251945912,11.1867836022,11.2238851979,11.1039872466,8.29379172301,11.57759139191,12.07678892441,12.07678892436,11.82105520163,12.07678892441,12.07678892441,11.51439758257,12.07678892447,12.07678892447,12.07678892457,12.07678892457,12.07678892437,12.07678892437,12.07678892417,12.07678892417,11.23064779341,12.07678892401,12.02104165561,12.07678892441,11.40507784091,12.07678892451,12.07678892448,12.07678892448,12.07678892451,11.44659448701,12.07678892451,12.07678892421,11.780373898838,12.07678892451,12.07678892451,12.07678892461,12.07678892461,11.37060643307,10.27537607411,12.076788924577,12.076788924577,12.07678892465,12.076788924641,12.076788924641,12.076788924641,10.36411642751,8.05741262731,12.07678892495,12.07678892565,12.07678892565,12.07678892535,10.55734948565,11.79435594421,12.07678892501,9.78036000401
"t35",4.76400973421,1.3838246187,0,0.9905211251,3.1433726726,3.1212020581,4.5901950413,3.9077063685,10.0916360621,9.8455996164,10.09163606204,10.09163606198,10.09163606198,10.09163606206,10.0916360625,9.9123582185,10.0916360619,9.7675063404,10.091636062,10.09163606193,10.09163606193,9.38892044245,10.09163606188,10.09163606198,10.09163606196,10.09163606196,10.09163606196,8.8770121954,10.0916360617,10.09163606171,10.09163606171,9.0464751987,10.09163606167,10.09163606167,10.09163606177,10.09163606177,10.09163606177,10.0916360618,10.0916360618,10.0916360618,9.20186674744,10.09163606163,10.09163606163,9.848843908,10.0916360617,10.0916360617,10.09163606169,10.09163606169,9.56907465709,10.0916360617,10.09163606173,10.09163606173,10.0916360616,10.0916360616,10.0916360616,8.23168843741,10.09163606201,10.09163606211,10.09163606211,10.09163606161,10.09163606159,10.09163606159,9.96920256832,9.95350341432,10.09163606162,9.97262726906,10.09163606156,10.09163606156,9.45014688126,10.09163606126,10.09163606126,10.09163606196,10.091636061978,10.091636061978,10.09163606196,9.94180345696,10.09163606196,8.4516730523,9.195321214,10.09163606173,10.09163606173,10.09163606173,8.72484997623,6.88067341503,6.4092971085,8.5743005218,6.6328868634,7.6478217432,7.4630494809,6.3176957678,7.47619004234,10.0916360623,10.0916360619,10.0916360619,8.34093125956,10.0916360619,10.0916360619,10.0916360619,9.9532250729,9.9903266686,9.8704287173,7.06023319371,10.34403286261,10.84323039511,10.84323039506,10.58749667233,10.84323039511,10.84323039511,10.28083905327,10.84323039517,10.84323039517,10.84323039527,10.84323039527,10.84323039507,10.84323039507,10.84323039487,10.84323039487,9.99708926411,10.84323039471,10.78748312631,10.84323039511,10.17151931161,10.84323039521,10.84323039518,10.84323039518,10.84323039521,10.21303595771,10.84323039521,10.84323039491,10.546815369538,10.84323039521,10.84323039521,10.84323039531,10.84323039531,10.13704790377,9.04181754481,10.843230395277,10.843230395277,10.84323039535,10.843230395341,10.843230395341,10.843230395341,9.13055789821,6.82385409801,10.84323039565,10.84323039635,10.84323039635,10.84323039605,9.32379095635,10.56079741491,10.84323039571,8.54680147471
"t24",4.65338189291,2.2240796544,0.9905211251,0,3.0327448313,3.0105742168,4.4795672,3.7970785272,9.9810082208,9.7349717751,9.98100822074,9.98100822068,9.98100822068,9.98100822076,9.9810082212,9.8017303772,9.9810082206,9.6568784991,9.9810082207,9.98100822063,9.98100822063,9.27829260115,9.98100822058,9.98100822068,9.98100822066,9.98100822066,9.98100822066,8.7663843541,9.9810082204,9.98100822041,9.98100822041,8.9358473574,9.98100822037,9.98100822037,9.98100822047,9.98100822047,9.98100822047,9.9810082205,9.9810082205,9.9810082205,9.09123890614,9.98100822033,9.98100822033,9.7382160667,9.9810082204,9.9810082204,9.98100822039,9.98100822039,9.45844681579,9.9810082204,9.98100822043,9.98100822043,9.9810082203,9.9810082203,9.9810082203,8.12106059611,9.98100822071,9.98100822081,9.98100822081,9.98100822031,9.98100822029,9.98100822029,9.85857472702,9.84287557302,9.98100822032,9.86199942776,9.98100822026,9.98100822026,9.33951903996,9.98100821996,9.98100821996,9.98100822066,9.981008220678,9.981008220678,9.98100822066,9.83117561566,9.98100822066,8.341045211,9.0846933727,9.98100822043,9.98100822043,9.98100822043,8.61422213493,6.77004557373,6.2986692672,8.4636726805,6.5222590221,7.5371939019,7.3524216396,6.2070679265,7.36556220104,9.981008221,9.9810082206,9.9810082206,8.23030341826,9.9810082206,9.9810082206,9.9810082206,9.8425972316,9.8796988273,9.759800876,6.94960535241,10.23340502131,10.73260255381,10.73260255376,10.47686883103,10.73260255381,10.73260255381,10.17021121197,10.73260255387,10.73260255387,10.73260255397,10.73260255397,10.73260255377,10.73260255377,10.73260255357,10.73260255357,9.88646142281,10.73260255341,10.67685528501,10.73260255381,10.06089147031,10.73260255391,10.73260255388,10.73260255388,10.73260255391,10.10240811641,10.73260255391,10.73260255361,10.436187528238,10.73260255391,10.73260255391,10.73260255401,10.73260255401,10.02642006247,8.93118970351,10.732602553977,10.732602553977,10.73260255405,10.732602554041,10.732602554041,10.732602554041,9.01993005691,6.71322625671,10.73260255435,10.73260255505,10.73260255505,10.73260255475,9.21316311505,10.45016957361,10.73260255441,8.43617363341
"t12",4.95609687361,4.3769312019,3.1433726726,3.0327448313,0,3.3132891975,4.7822821807,4.0997935079,10.2837232015,10.0376867558,10.28372320144,10.28372320138,10.28372320138,10.28372320146,10.2837232019,10.1044453579,10.2837232013,9.9595934798,10.2837232014,10.28372320133,10.28372320133,9.58100758185,10.28372320128,10.28372320138,10.28372320136,10.28372320136,10.28372320136,9.0690993348,10.2837232011,10.28372320111,10.28372320111,9.2385623381,10.28372320107,10.28372320107,10.28372320117,10.28372320117,10.28372320117,10.2837232012,10.2837232012,10.2837232012,9.39395388684,10.28372320103,10.28372320103,10.0409310474,10.2837232011,10.2837232011,10.28372320109,10.28372320109,9.76116179649,10.2837232011,10.28372320113,10.28372320113,10.283723201,10.283723201,10.283723201,8.42377557681,10.28372320141,10.28372320151,10.28372320151,10.28372320101,10.28372320099,10.28372320099,10.16128970772,10.14559055372,10.28372320102,10.16471440846,10.28372320096,10.28372320096,9.64223402066,10.28372320066,10.28372320066,10.28372320136,10.283723201378,10.283723201378,10.28372320136,10.13389059636,10.28372320136,8.6437601917,9.3874083534,10.28372320113,10.28372320113,10.28372320113,8.91693711563,7.07276055443,6.6013842479,8.7663876612,6.8249740028,7.8399088826,7.6551366203,6.5097829072,7.66827718174,10.2837232017,10.2837232013,10.2837232013,8.53301839896,10.2837232013,10.2837232013,10.2837232013,10.1453122123,10.182413808,10.0625158567,7.25232033311,10.53612000201,11.03531753451,11.03531753446,10.77958381173,11.03531753451,11.03531753451,10.47292619267,11.03531753457,11.03531753457,11.03531753467,11.03531753467,11.03531753447,11.03531753447,11.03531753427,11.03531753427,10.18917640351,11.03531753411,10.97957026571,11.03531753451,10.36360645101,11.03531753461,11.03531753458,11.03531753458,11.03531753461,10.40512309711,11.03531753461,11.03531753431,10.738902508938,11.03531753461,11.03531753461,11.03531753471,11.03531753471,10.32913504317,9.23390468421,11.035317534677,11.035317534677,11.03531753475,11.035317534741,11.035317534741,11.035317534741,9.32264503761,7.01594123741,11.03531753505,11.03531753575,11.03531753575,11.03531753545,9.51587809575,10.75288455431,11.03531753511,8.73888861411
"t14",4.52857528031,4.3547605874,3.1212020581,3.0105742168,3.3132891975,0,3.4112087136,2.7287200408,9.8562016082,9.6101651625,9.85620160814,9.85620160808,9.85620160808,9.85620160816,9.8562016086,9.6769237646,9.856201608,9.5320718865,9.8562016081,9.85620160803,9.85620160803,9.15348598855,9.85620160798,9.85620160808,9.85620160806,9.85620160806,9.85620160806,8.6415777415,9.8562016078,9.85620160781,9.85620160781,8.8110407448,9.85620160777,9.85620160777,9.85620160787,9.85620160787,9.85620160787,9.8562016079,9.8562016079,9.8562016079,8.96643229354,9.85620160773,9.85620160773,9.6134094541,9.8562016078,9.8562016078,9.85620160779,9.85620160779,9.33364020319,9.8562016078,9.85620160783,9.85620160783,9.8562016077,9.8562016077,9.8562016077,7.99625398351,9.85620160811,9.85620160821,9.85620160821,9.85620160771,9.85620160769,9.85620160769,9.73376811442,9.71806896042,9.85620160772,9.73719281516,9.85620160766,9.85620160766,9.21471242736,9.85620160736,9.85620160736,9.85620160806,9.856201608078,9.856201608078,9.85620160806,9.70636900306,9.85620160806,8.2162385984,8.9598867601,9.85620160783,9.85620160783,9.85620160783,8.48941552233,6.64523896113,6.1738626546,8.3388660679,6.3974524095,7.4123872893,7.227615027,6.0822613139,7.24075558844,9.8562016084,9.856201608,9.856201608,8.10549680566,9.856201608,9.856201608,9.856201608,9.717790619,9.7548922147,9.6349942634,6.82479873981,10.10859840871,10.60779594121,10.60779594116,10.35206221843,10.60779594121,10.60779594121,10.04540459937,10.60779594127,10.60779594127,10.60779594137,10.60779594137,10.60779594117,10.60779594117,10.60779594097,10.60779594097,9.76165481021,10.60779594081,10.55204867241,10.60779594121,9.93608485771,10.60779594131,10.60779594128,10.60779594128,10.60779594131,9.97760150381,10.60779594131,10.60779594101,10.311380915638,10.60779594131,10.60779594131,10.60779594141,10.60779594141,9.90161344987,8.80638309091,10.607795941377,10.607795941377,10.60779594145,10.607795941441,10.607795941441,10.607795941441,8.89512344431,6.58841964411,10.60779594175,10.60779594245,10.60779594245,10.60779594215,9.08835650245,10.32536296101,10.60779594181,8.31136702081
"t51",5.99756826351,5.8237535706,4.5901950413,4.4795672,4.7822821807,3.4112087136,0,1.028962184,11.3251945914,11.0791581457,11.32519459134,11.32519459128,11.32519459128,11.32519459136,11.3251945918,11.1459167478,11.3251945912,11.0010648697,11.3251945913,11.32519459123,11.32519459123,10.62247897175,11.32519459118,11.32519459128,11.32519459126,11.32519459126,11.32519459126,10.1105707247,11.325194591,11.32519459101,11.32519459101,10.280033728,11.32519459097,11.32519459097,11.32519459107,11.32519459107,11.32519459107,11.3251945911,11.3251945911,11.3251945911,10.43542527674,11.32519459093,11.32519459093,11.0824024373,11.325194591,11.325194591,11.32519459099,11.32519459099,10.80263318639,11.325194591,11.32519459103,11.32519459103,11.3251945909,11.3251945909,11.3251945909,9.46524696671,11.32519459131,11.32519459141,11.32519459141,11.32519459091,11.32519459089,11.32519459089,11.20276109762,11.18706194362,11.32519459092,11.20618579836,11.32519459086,11.32519459086,10.68370541056,11.32519459056,11.32519459056,11.32519459126,11.325194591278,11.325194591278,11.32519459126,11.17536198626,11.32519459126,9.6852315816,10.4288797433,11.32519459103,11.32519459103,11.32519459103,9.95840850553,8.11423194433,7.6428556378,9.8078590511,7.8664453927,8.8813802725,8.6966080102,7.5512542971,8.70974857164,11.3251945916,11.3251945912,11.3251945912,9.57448978886,11.3251945912,11.3251945912,11.3251945912,11.1867836022,11.2238851979,11.1039872466,8.29379172301,11.57759139191,12.07678892441,12.07678892436,11.82105520163,12.07678892441,12.07678892441,11.51439758257,12.07678892447,12.07678892447,12.07678892457,12.07678892457,12.07678892437,12.07678892437,12.07678892417,12.07678892417,11.23064779341,12.07678892401,12.02104165561,12.07678892441,11.40507784091,12.07678892451,12.07678892448,12.07678892448,12.07678892451,11.44659448701,12.07678892451,12.07678892421,11.780373898838,12.07678892451,12.07678892451,12.07678892461,12.07678892461,11.37060643307,10.27537607411,12.076788924577,12.076788924577,12.07678892465,12.076788924641,12.076788924641,12.076788924641,10.36411642751,8.05741262731,12.07678892495,12.07678892565,12.07678892565,12.07678892535,10.55734948565,11.79435594421,12.07678892501,9.78036000401
"t52",5.31507959071,5.1412648978,3.9077063685,3.7970785272,4.0997935079,2.7287200408,1.028962184,0,10.6427059186,10.3966694729,10.64270591854,10.64270591848,10.64270591848,10.64270591856,10.642705919,10.463428075,10.6427059184,10.3185761969,10.6427059185,10.64270591843,10.64270591843,9.93999029895,10.64270591838,10.64270591848,10.64270591846,10.64270591846,10.64270591846,9.4280820519,10.6427059182,10.64270591821,10.64270591821,9.5975450552,10.64270591817,10.64270591817,10.64270591827,10.64270591827,10.64270591827,10.6427059183,10.6427059183,10.6427059183,9.75293660394,10.64270591813,10.64270591813,10.3999137645,10.6427059182,10.6427059182,10.64270591819,10.64270591819,10.12014451359,10.6427059182,10.64270591823,10.64270591823,10.6427059181,10.6427059181,10.6427059181,8.78275829391,10.64270591851,10.64270591861,10.64270591861,10.64270591811,10.64270591809,10.64270591809,10.52027242482,10.50457327082,10.64270591812,10.52369712556,10.64270591806,10.64270591806,10.00121673776,10.64270591776,10.64270591776,10.64270591846,10.642705918478,10.642705918478,10.64270591846,10.49287331346,10.64270591846,9.0027429088,9.7463910705,10.64270591823,10.64270591823,10.64270591823,9.27591983273,7.43174327153,6.960366965,9.1253703783,7.1839567199,8.1988915997,8.0141193374,6.8687656243,8.02725989884,10.6427059188,10.6427059184,10.6427059184,8.89200111606,10.6427059184,10.6427059184,10.6427059184,10.5042949294,10.5413965251,10.4214985738,7.61130305021,10.89510271911,11.39430025161,11.39430025156,11.13856652883,11.39430025161,11.39430025161,10.83190890977,11.39430025167,11.39430025167,11.39430025177,11.39430025177,11.39430025157,11.39430025157,11.39430025137,11.39430025137,10.54815912061,11.39430025121,11.33855298281,11.39430025161,10.72258916811,11.39430025171,11.39430025168,11.39430025168,11.39430025171,10.76410581421,11.39430025171,11.39430025141,11.097885226038,11.39430025171,11.39430025171,11.39430025181,11.39430025181,10.68811776027,9.59288740131,11.394300251777,11.394300251777,11.39430025185,11.394300251841,11.394300251841,11.394300251841,9.68162775471,7.37492395451,11.39430025215,11.39430025285,11.39430025285,11.39430025255,9.87486081285,11.11186727141,11.39430025221,9.09787133121
"t61",5.99756826431,11.3251945914,10.0916360621,9.9810082208,10.2837232015,9.8562016082,11.3251945914,10.6427059186,0,1.1946912495,1.44072769514,1.44072769508,1.44072769508,1.44072769516,3.6504464176,8.1872820596,8.366559903,8.0424301815,8.3665599031,8.36655990303,8.36655990303,7.66384428355,8.36655990298,8.36655990308,8.36655990306,8.36655990306,8.36655990306,7.1519360365,8.3665599028,8.36655990281,8.36655990281,7.3213990398,8.36655990277,8.36655990277,8.36655990287,8.36655990287,8.36655990287,8.3665599029,8.3665599029,8.3665599029,7.47679058854,8.36655990273,8.36655990273,8.1237677491,8.3665599028,8.3665599028,8.36655990279,8.36655990279,7.84399849819,8.3665599028,8.36655990283,8.36655990283,8.3665599027,8.3665599027,8.3665599027,6.50661227851,8.36655990311,8.36655990321,8.36655990321,8.36655990271,8.36655990269,8.36655990269,8.24412640942,8.22842725542,8.36655990272,8.24755111016,8.36655990266,8.36655990266,7.72507072236,8.36655990236,8.36655990236,8.36655990306,8.366559903078,8.366559903078,8.36655990306,8.21672729806,8.36655990306,6.7265968934,7.4702450551,10.12398002663,10.12398002663,10.12398002663,8.75719394113,6.91301737993,6.4416410734,8.6066444867,7.0926445761,8.1075794559,7.9228071936,6.7774534805,7.93594775504,10.551393775,10.5513937746,10.5513937746,8.80068897226,10.5513937746,10.5513937746,10.5513937746,10.4129827856,10.4500843813,10.33018643,8.29379172381,11.57759139271,12.07678892521,12.07678892516,11.82105520243,12.07678892521,12.07678892521,11.51439758337,12.07678892527,12.07678892527,12.07678892537,12.07678892537,12.07678892517,12.07678892517,12.07678892497,12.07678892497,11.23064779421,12.07678892481,12.02104165641,12.07678892521,11.40507784171,12.07678892531,12.07678892528,12.07678892528,12.07678892531,11.44659448781,12.07678892531,12.07678892501,11.780373899638,12.07678892531,12.07678892531,12.07678892541,12.07678892541,11.37060643387,10.27537607491,12.076788925377,12.076788925377,12.07678892545,12.076788925441,12.076788925441,12.076788925441,10.36411642831,8.05741262811,12.07678892575,12.07678892645,12.07678892645,12.07678892615,10.55734948645,11.79435594501,12.07678892581,9.78036000481
"t73",5.75153181861,11.0791581457,9.8455996164,9.7349717751,10.0376867558,9.6101651625,11.0791581457,10.3966694729,1.1946912495,0,0.91434178044,0.91434178038,0.91434178038,0.91434178046,3.4044099719,7.9412456139,8.1205234573,7.7963937358,8.1205234574,8.12052345733,8.12052345733,7.41780783785,8.12052345728,8.12052345738,8.12052345736,8.12052345736,8.12052345736,6.9058995908,8.1205234571,8.12052345711,8.12052345711,7.0753625941,8.12052345707,8.12052345707,8.12052345717,8.12052345717,8.12052345717,8.1205234572,8.1205234572,8.1205234572,7.23075414284,8.12052345703,8.12052345703,7.8777313034,8.1205234571,8.1205234571,8.12052345709,8.12052345709,7.59796205249,8.1205234571,8.12052345713,8.12052345713,8.120523457,8.120523457,8.120523457,6.26057583281,8.12052345741,8.12052345751,8.12052345751,8.12052345701,8.12052345699,8.12052345699,7.99808996372,7.98239080972,8.12052345702,8.00151466446,8.12052345696,8.12052345696,7.47903427666,8.12052345666,8.12052345666,8.12052345736,8.120523457378,8.120523457378,8.12052345736,7.97069085236,8.12052345736,6.4805604477,7.2242086094,9.87794358093,9.87794358093,9.87794358093,8.51115749543,6.66698093423,6.1956046277,8.360608041,6.8466081304,7.8615430102,7.6767707479,6.5314170348,7.68991130934,10.3053573293,10.3053573289,10.3053573289,8.55465252656,10.3053573289,10.3053573289,10.3053573289,10.1669463399,10.2040479356,10.0841499843,8.04775527811,11.33155494701,11.83075247951,11.83075247946,11.57501875673,11.83075247951,11.83075247951,11.26836113767,11.83075247957,11.83075247957,11.83075247967,11.83075247967,11.83075247947,11.83075247947,11.83075247927,11.83075247927,10.98461134851,11.83075247911,11.77500521071,11.83075247951,11.15904139601,11.83075247961,11.83075247958,11.83075247958,11.83075247961,11.20055804211,11.83075247961,11.83075247931,11.534337453938,11.83075247961,11.83075247961,11.83075247971,11.83075247971,11.12456998817,10.02933962921,11.830752479677,11.830752479677,11.83075247975,11.830752479741,11.830752479741,11.830752479741,10.11807998261,7.81137618241,11.83075248005,11.83075248075,11.83075248075,11.83075248045,10.31131304075,11.54831949931,11.83075248011,9.53432355911
"t93",5.99756826425,11.32519459134,10.09163606204,9.98100822074,10.28372320144,9.85620160814,11.32519459134,10.64270591854,1.44072769514,0.91434178044,0,0.76831720154,0.76831720154,0.96509739158,3.65044641754,8.18728205954,8.36655990294,8.04243018144,8.36655990304,8.36655990297,8.36655990297,7.66384428349,8.36655990292,8.36655990302,8.366559903,8.366559903,8.366559903,7.15193603644,8.36655990274,8.36655990275,8.36655990275,7.32139903974,8.36655990271,8.36655990271,8.36655990281,8.36655990281,8.36655990281,8.36655990284,8.36655990284,8.36655990284,7.47679058848,8.36655990267,8.36655990267,8.12376774904,8.36655990274,8.36655990274,8.36655990273,8.36655990273,7.84399849813,8.36655990274,8.36655990277,8.36655990277,8.36655990264,8.36655990264,8.36655990264,6.50661227845,8.36655990305,8.36655990315,8.36655990315,8.36655990265,8.36655990263,8.36655990263,8.24412640936,8.22842725536,8.36655990266,8.2475511101,8.3665599026,8.3665599026,7.7250707223,8.3665599023,8.3665599023,8.366559903,8.366559903018,8.366559903018,8.366559903,8.216727298,8.366559903,6.72659689334,7.47024505504,10.12398002657,10.12398002657,10.12398002657,8.75719394107,6.91301737987,6.44164107334,8.60664448664,7.09264457604,8.10757945584,7.92280719354,6.77745348044,7.93594775498,10.55139377494,10.55139377454,10.55139377454,8.8006889722,10.55139377454,10.55139377454,10.55139377454,10.41298278554,10.45008438124,10.33018642994,8.29379172375,11.57759139265,12.07678892515,12.0767889251,11.82105520237,12.07678892515,12.07678892515,11.51439758331,12.07678892521,12.07678892521,12.07678892531,12.07678892531,12.07678892511,12.07678892511,12.07678892491,12.07678892491,11.23064779415,12.07678892475,12.02104165635,12.07678892515,11.40507784165,12.07678892525,12.07678892522,12.07678892522,12.07678892525,11.44659448775,12.07678892525,12.07678892495,11.780373899578,12.07678892525,12.07678892525,12.07678892535,12.07678892535,11.37060643381,10.27537607485,12.076788925317,12.076788925317,12.07678892539,12.076788925381,12.076788925381,12.076788925381,10.36411642825,8.05741262805,12.07678892569,12.07678892639,12.07678892639,12.07678892609,10.55734948639,11.79435594495,12.07678892575,9.78036000475
"t101",5.99756826419,11.32519459128,10.09163606198,9.98100822068,10.28372320138,9.85620160808,11.32519459128,10.64270591848,1.44072769508,0.91434178038,0.76831720154,0,0.6180419544,0.96509739152,3.65044641748,8.18728205948,8.36655990288,8.04243018138,8.36655990298,8.36655990291,8.36655990291,7.66384428343,8.36655990286,8.36655990296,8.36655990294,8.36655990294,8.36655990294,7.15193603638,8.36655990268,8.36655990269,8.36655990269,7.32139903968,8.36655990265,8.36655990265,8.36655990275,8.36655990275,8.36655990275,8.36655990278,8.36655990278,8.36655990278,7.47679058842,8.36655990261,8.36655990261,8.12376774898,8.36655990268,8.36655990268,8.36655990267,8.36655990267,7.84399849807,8.36655990268,8.36655990271,8.36655990271,8.36655990258,8.36655990258,8.36655990258,6.50661227839,8.36655990299,8.36655990309,8.36655990309,8.36655990259,8.36655990257,8.36655990257,8.2441264093,8.2284272553,8.3665599026,8.24755111004,8.36655990254,8.36655990254,7.72507072224,8.36655990224,8.36655990224,8.36655990294,8.366559902958,8.366559902958,8.36655990294,8.21672729794,8.36655990294,6.72659689328,7.47024505498,10.12398002651,10.12398002651,10.12398002651,8.75719394101,6.91301737981,6.44164107328,8.60664448658,7.09264457598,8.10757945578,7.92280719348,6.77745348038,7.93594775492,10.55139377488,10.55139377448,10.55139377448,8.80068897214,10.55139377448,10.55139377448,10.55139377448,10.41298278548,10.45008438118,10.33018642988,8.29379172369,11.57759139259,12.07678892509,12.07678892504,11.82105520231,12.07678892509,12.07678892509,11.51439758325,12.07678892515,12.07678892515,12.07678892525,12.07678892525,12.07678892505,12.07678892505,12.07678892485,12.07678892485,11.23064779409,12.07678892469,12.02104165629,12.07678892509,11.40507784159,12.07678892519,12.07678892516,12.07678892516,12.07678892519,11.44659448769,12.07678892519,12.07678892489,11.780373899518,12.07678892519,12.07678892519,12.07678892529,12.07678892529,11.37060643375,10.27537607479,12.076788925257,12.076788925257,12.07678892533,12.076788925321,12.076788925321,12.076788925321,10.36411642819,8.05741262799,12.07678892563,12.07678892633,12.07678892633,12.07678892603,10.55734948633,11.79435594489,12.07678892569,9.78036000469
"t102",5.99756826419,11.32519459128,10.09163606198,9.98100822068,10.28372320138,9.85620160808,11.32519459128,10.64270591848,1.44072769508,0.91434178038,0.76831720154,0.6180419544,0,0.96509739152,3.65044641748,8.18728205948,8.36655990288,8.04243018138,8.36655990298,8.36655990291,8.36655990291,7.66384428343,8.36655990286,8.36655990296,8.36655990294,8.36655990294,8.36655990294,7.15193603638,8.36655990268,8.36655990269,8.36655990269,7.32139903968,8.36655990265,8.36655990265,8.36655990275,8.36655990275,8.36655990275,8.36655990278,8.36655990278,8.36655990278,7.47679058842,8.36655990261,8.36655990261,8.12376774898,8.36655990268,8.36655990268,8.36655990267,8.36655990267,7.84399849807,8.36655990268,8.36655990271,8.36655990271,8.36655990258,8.36655990258,8.36655990258,6.50661227839,8.36655990299,8.36655990309,8.36655990309,8.36655990259,8.36655990257,8.36655990257,8.2441264093,8.2284272553,8.3665599026,8.24755111004,8.36655990254,8.36655990254,7.72507072224,8.36655990224,8.36655990224,8.36655990294,8.366559902958,8.366559902958,8.36655990294,8.21672729794,8.36655990294,6.72659689328,7.47024505498,10.12398002651,10.12398002651,10.12398002651,8.75719394101,6.91301737981,6.44164107328,8.60664448658,7.09264457598,8.10757945578,7.92280719348,6.77745348038,7.93594775492,10.55139377488,10.55139377448,10.55139377448,8.80068897214,10.55139377448,10.55139377448,10.55139377448,10.41298278548,10.45008438118,10.33018642988,8.29379172369,11.57759139259,12.07678892509,12.07678892504,11.82105520231,12.07678892509,12.07678892509,11.51439758325,12.07678892515,12.07678892515,12.07678892525,12.07678892525,12.07678892505,12.07678892505,12.07678892485,12.07678892485,11.23064779409,12.07678892469,12.02104165629,12.07678892509,11.40507784159,12.07678892519,12.07678892516,12.07678892516,12.07678892519,11.44659448769,12.07678892519,12.07678892489,11.780373899518,12.07678892519,12.07678892519,12.07678892529,12.07678892529,11.37060643375,10.27537607479,12.076788925257,12.076788925257,12.07678892533,12.076788925321,12.076788925321,12.076788925321,10.36411642819,8.05741262799,12.07678892563,12.07678892633,12.07678892633,12.07678892603,10.55734948633,11.79435594489,12.07678892569,9.78036000469
"t82",5.99756826427,11.32519459136,10.09163606206,9.98100822076,10.28372320146,9.85620160816,11.32519459136,10.64270591856,1.44072769516,0.91434178046,0.96509739158,0.96509739152,0.96509739152,0,3.65044641756,8.18728205956,8.36655990296,8.04243018146,8.36655990306,8.36655990299,8.36655990299,7.66384428351,8.36655990294,8.36655990304,8.36655990302,8.36655990302,8.36655990302,7.15193603646,8.36655990276,8.36655990277,8.36655990277,7.32139903976,8.36655990273,8.36655990273,8.36655990283,8.36655990283,8.36655990283,8.36655990286,8.36655990286,8.36655990286,7.4767905885,8.36655990269,8.36655990269,8.12376774906,8.36655990276,8.36655990276,8.36655990275,8.36655990275,7.84399849815,8.36655990276,8.36655990279,8.36655990279,8.36655990266,8.36655990266,8.36655990266,6.50661227847,8.36655990307,8.36655990317,8.36655990317,8.36655990267,8.36655990265,8.36655990265,8.24412640938,8.22842725538,8.36655990268,8.24755111012,8.36655990262,8.36655990262,7.72507072232,8.36655990232,8.36655990232,8.36655990302,8.366559903038,8.366559903038,8.36655990302,8.21672729802,8.36655990302,6.72659689336,7.47024505506,10.12398002659,10.12398002659,10.12398002659,8.75719394109,6.91301737989,6.44164107336,8.60664448666,7.09264457606,8.10757945586,7.92280719356,6.77745348046,7.935947755,10.55139377496,10.55139377456,10.55139377456,8.80068897222,10.55139377456,10.55139377456,10.55139377456,10.41298278556,10.45008438126,10.33018642996,8.29379172377,11.57759139267,12.07678892517,12.07678892512,11.82105520239,12.07678892517,12.07678892517,11.51439758333,12.07678892523,12.07678892523,12.07678892533,12.07678892533,12.07678892513,12.07678892513,12.07678892493,12.07678892493,11.23064779417,12.07678892477,12.02104165637,12.07678892517,11.40507784167,12.07678892527,12.07678892524,12.07678892524,12.07678892527,11.44659448777,12.07678892527,12.07678892497,11.780373899598,12.07678892527,12.07678892527,12.07678892537,12.07678892537,11.37060643383,10.27537607487,12.076788925337,12.076788925337,12.07678892541,12.076788925401,12.076788925401,12.076788925401,10.36411642827,8.05741262807,12.07678892571,12.07678892641,12.07678892641,12.07678892611,10.55734948641,11.79435594497,12.07678892577,9.78036000477
"t22",5.99756826471,11.3251945918,10.0916360625,9.9810082212,10.2837232019,9.8562016086,11.3251945918,10.642705919,3.6504464176,3.4044099719,3.65044641754,3.65044641748,3.65044641748,3.65044641756,0,8.18728206,8.3665599034,8.0424301819,8.3665599035,8.36655990343,8.36655990343,7.66384428395,8.36655990338,8.36655990348,8.36655990346,8.36655990346,8.36655990346,7.1519360369,8.3665599032,8.36655990321,8.36655990321,7.3213990402,8.36655990317,8.36655990317,8.36655990327,8.36655990327,8.36655990327,8.3665599033,8.3665599033,8.3665599033,7.47679058894,8.36655990313,8.36655990313,8.1237677495,8.3665599032,8.3665599032,8.36655990319,8.36655990319,7.84399849859,8.3665599032,8.36655990323,8.36655990323,8.3665599031,8.3665599031,8.3665599031,6.50661227891,8.36655990351,8.36655990361,8.36655990361,8.36655990311,8.36655990309,8.36655990309,8.24412640982,8.22842725582,8.36655990312,8.24755111056,8.36655990306,8.36655990306,7.72507072276,8.36655990276,8.36655990276,8.36655990346,8.366559903478,8.366559903478,8.36655990346,8.21672729846,8.36655990346,6.7265968938,7.4702450555,10.12398002703,10.12398002703,10.12398002703,8.75719394153,6.91301738033,6.4416410738,8.6066444871,7.0926445765,8.1075794563,7.922807194,6.7774534809,7.93594775544,10.5513937754,10.551393775,10.551393775,8.80068897266,10.551393775,10.551393775,10.551393775,10.412982786,10.4500843817,10.3301864304,8.29379172421,11.57759139311,12.07678892561,12.07678892556,11.82105520283,12.07678892561,12.07678892561,11.51439758377,12.07678892567,12.07678892567,12.07678892577,12.07678892577,12.07678892557,12.07678892557,12.07678892537,12.07678892537,11.23064779461,12.07678892521,12.02104165681,12.07678892561,11.40507784211,12.07678892571,12.07678892568,12.07678892568,12.07678892571,11.44659448821,12.07678892571,12.07678892541,11.780373900038,12.07678892571,12.07678892571,12.07678892581,12.07678892581,11.37060643427,10.27537607531,12.076788925777,12.076788925777,12.07678892585,12.076788925841,12.076788925841,12.076788925841,10.36411642871,8.05741262851,12.07678892615,12.07678892685,12.07678892685,12.07678892655,10.55734948685,11.79435594541,12.07678892621,9.78036000521
"t29",5.81829042071,11.1459167478,9.9123582185,9.8017303772,10.1044453579,9.6769237646,11.1459167478,10.463428075,8.1872820596,7.9412456139,8.18728205954,8.18728205948,8.18728205948,8.18728205956,8.18728206,0,2.8963868954,2.5722571739,2.8963868955,2.89638689543,2.89638689543,2.19367127595,2.89638689538,2.89638689548,2.89638689546,2.89638689546,2.89638689546,4.1644026689,5.3790265352,5.37902653521,5.37902653521,4.3338656722,5.37902653517,5.37902653517,5.37902653527,5.37902653527,5.37902653527,5.3790265353,5.3790265353,5.3790265353,4.48925722094,5.37902653513,5.37902653513,5.1362343815,5.3790265352,5.3790265352,5.37902653519,5.37902653519,4.85646513059,5.3790265352,5.37902653523,5.37902653523,5.3790265351,5.3790265351,5.3790265351,3.51907891091,5.37902653551,5.37902653561,5.37902653561,5.37902653511,5.37902653509,5.37902653509,5.25659304182,5.24089388782,5.37902653512,5.26001774256,5.37902653506,5.37902653506,4.73753735476,5.37902653476,5.37902653476,5.37902653546,5.379026535478,5.379026535478,5.37902653546,5.22919393046,5.37902653546,3.7390635258,4.4827116875,9.94470218303,9.94470218303,9.94470218303,8.57791609753,6.73373953633,6.2623632298,8.4273666431,6.9133667325,7.9283016123,7.74352935,6.5981756369,7.75666991144,10.3721159314,10.372115931,10.372115931,8.62141112866,10.372115931,10.372115931,10.372115931,10.233704942,10.2708065377,10.1509085864,8.11451388021,11.39831354911,11.89751108161,11.89751108156,11.64177735883,11.89751108161,11.89751108161,11.33511973977,11.89751108167,11.89751108167,11.89751108177,11.89751108177,11.89751108157,11.89751108157,11.89751108137,11.89751108137,11.05136995061,11.89751108121,11.84176381281,11.89751108161,11.22579999811,11.89751108171,11.89751108168,11.89751108168,11.89751108171,11.26731664421,11.89751108171,11.89751108141,11.601096056038,11.89751108171,11.89751108171,11.89751108181,11.89751108181,11.19132859027,10.09609823131,11.897511081777,11.897511081777,11.89751108185,11.897511081841,11.897511081841,11.897511081841,10.18483858471,7.87813478451,11.89751108215,11.89751108285,11.89751108285,11.89751108255,10.37807164285,11.61507810141,11.89751108221,9.60108216121
"t85",5.99756826411,11.3251945912,10.0916360619,9.9810082206,10.2837232013,9.856201608,11.3251945912,10.6427059184,8.366559903,8.1205234573,8.36655990294,8.36655990288,8.36655990288,8.36655990296,8.3665599034,2.8963868954,0,0.5726119197,0.9330312459,2.84421255943,2.84421255943,2.14149693995,2.84421255938,2.84421255948,2.84421255946,2.84421255946,2.84421255946,4.3436805123,5.5583043786,5.55830437861,5.55830437861,4.5131435156,5.55830437857,5.55830437857,5.55830437867,5.55830437867,5.55830437867,5.5583043787,5.5583043787,5.5583043787,4.66853506434,5.55830437853,5.55830437853,5.3155122249,5.5583043786,5.5583043786,5.55830437859,5.55830437859,5.03574297399,5.5583043786,5.55830437863,5.55830437863,5.5583043785,5.5583043785,5.5583043785,3.69835675431,5.55830437891,5.55830437901,5.55830437901,5.55830437851,5.55830437849,5.55830437849,5.43587088522,5.42017173122,5.55830437852,5.43929558596,5.55830437846,5.55830437846,4.91681519816,5.55830437816,5.55830437816,5.55830437886,5.558304378878,5.558304378878,5.55830437886,5.40847177386,5.55830437886,3.9183413692,4.6619895309,10.12398002643,10.12398002643,10.12398002643,8.75719394093,6.91301737973,6.4416410732,8.6066444865,7.0926445759,8.1075794557,7.9228071934,6.7774534803,7.93594775484,10.5513937748,10.5513937744,10.5513937744,8.80068897206,10.5513937744,10.5513937744,10.5513937744,10.4129827854,10.4500843811,10.3301864298,8.29379172361,11.57759139251,12.07678892501,12.07678892496,11.82105520223,12.07678892501,12.07678892501,11.51439758317,12.07678892507,12.07678892507,12.07678892517,12.07678892517,12.07678892497,12.07678892497,12.07678892477,12.07678892477,11.23064779401,12.07678892461,12.02104165621,12.07678892501,11.40507784151,12.07678892511,12.07678892508,12.07678892508,12.07678892511,11.44659448761,12.07678892511,12.07678892481,11.780373899438,12.07678892511,12.07678892511,12.07678892521,12.07678892521,11.37060643367,10.27537607471,12.076788925177,12.076788925177,12.07678892525,12.076788925241,12.076788925241,12.076788925241,10.36411642811,8.05741262791,12.07678892555,12.07678892625,12.07678892625,12.07678892595,10.55734948625,11.79435594481,12.07678892561,9.78036000461
"t86",5.67343854261,11.0010648697,9.7675063404,9.6568784991,9.9595934798,9.5320718865,11.0010648697,10.3185761969,8.0424301815,7.7963937358,8.04243018144,8.04243018138,8.04243018138,8.04243018146,8.0424301819,2.5722571739,0.5726119197,0,0.6089015244,2.52008283793,2.52008283793,1.81736721845,2.52008283788,2.52008283798,2.52008283796,2.52008283796,2.52008283796,4.0195507908,5.2341746571,5.23417465711,5.23417465711,4.1890137941,5.23417465707,5.23417465707,5.23417465717,5.23417465717,5.23417465717,5.2341746572,5.2341746572,5.2341746572,4.34440534284,5.23417465703,5.23417465703,4.9913825034,5.2341746571,5.2341746571,5.23417465709,5.23417465709,4.71161325249,5.2341746571,5.23417465713,5.23417465713,5.234174657,5.234174657,5.234174657,3.37422703281,5.23417465741,5.23417465751,5.23417465751,5.23417465701,5.23417465699,5.23417465699,5.11174116372,5.09604200972,5.23417465702,5.11516586446,5.23417465696,5.23417465696,4.59268547666,5.23417465666,5.23417465666,5.23417465736,5.234174657378,5.234174657378,5.23417465736,5.08434205236,5.23417465736,3.5942116477,4.3378598094,9.79985030493,9.79985030493,9.79985030493,8.43306421943,6.58888765823,6.1175113517,8.282514765,6.7685148544,7.7834497342,7.5986774719,6.4533237588,7.61181803334,10.2272640533,10.2272640529,10.2272640529,8.47655925056,10.2272640529,10.2272640529,10.2272640529,10.0888530639,10.1259546596,10.0060567083,7.96966200211,11.25346167101,11.75265920351,11.75265920346,11.49692548073,11.75265920351,11.75265920351,11.19026786167,11.75265920357,11.75265920357,11.75265920367,11.75265920367,11.75265920347,11.75265920347,11.75265920327,11.75265920327,10.90651807251,11.75265920311,11.69691193471,11.75265920351,11.08094812001,11.75265920361,11.75265920358,11.75265920358,11.75265920361,11.12246476611,11.75265920361,11.75265920331,11.456244177938,11.75265920361,11.75265920361,11.75265920371,11.75265920371,11.04647671217,9.95124635321,11.752659203677,11.752659203677,11.75265920375,11.752659203741,11.752659203741,11.752659203741,10.03998670661,7.73328290641,11.75265920405,11.75265920475,11.75265920475,11.75265920445,10.23321976475,11.47022622331,11.75265920411,9.45623028311
