"","t4","t6","t9","t29","t75","t76","t67","t68","t108","t109","t15","t3","t1","t132","t133","t97","t16","t45","t46","t40","t37","t38","t28","t42","t88","t89","t26","t27","t13","t62","t63","t144","t145","t77","t44","t11","t12","t20","t21","t80","t81","t117","t146","t147","t131","t33","t34","t10","t14","t127","t128","t95","t96","t61","t72","t73","t66","t125","t126","t98","t99","t122","t134","t135","t69","t64","t118","t119","t57","t142","t143","t94","t51","t138","t139","t100","t86","t87","t110","t111","t31","t39","t70","t71","t41","t136","t137","t101","t102","t56","t120","t121","t105","t54","t55","t48","t74","t82","t83","t47","t35","t36","t18","t19","t84","t123","t124","t85","t43","t78","t79","t58","t52","t17","t30","t103","t104","t112","t113","t114","t115","t116","t65","t59","t60","t140","t141","t53","t49","t50","t129","t130","t32","t22","t23","t24","t25","t5","t7","t90","t91","t106","t107","t8","t92","t93","t2"
"t4",0,3.4756921398,3.1593809673,4.7207488554,5.2384113906,5.2750831703,5.2750831703,5.2750831703,5.2750831703,5.2750831703,3.6007423473,1.53480739791,5.69511419631,10.65401454131,10.65401454131,10.65401454131,10.65401454171,10.01671868539,9.82216507515,10.65401454119,10.65401454117,10.65401454117,10.65401454167,10.65401454177,10.35888934829,10.65401454167,10.65401454177,9.75507039917,8.76721610001,10.65401454198,10.65401454198,10.65401454193,10.65401454193,10.65401454191,10.65401454201,8.10257013797,8.28749302537,9.35323965017,10.09419519877,10.26931478117,10.65401454135,10.65401454137,10.654014541408,10.654014541408,10.65401454141,10.65401454207,10.00283641337,7.92848247517,8.3200158711,10.65401454159,10.65401454159,10.65401454159,10.65401454159,10.52365726566,10.65401454146,10.65401454146,10.65401454144,10.65401454176,10.65401454176,10.65401454186,10.38381528381,10.65401454155,10.65401454156,10.65401454156,10.65401454155,10.23534285779,10.65401454147,10.65401454147,10.65401454147,10.65401454154,10.65401454154,10.65401454159,10.65401454159,10.65401454153,10.65401454153,10.65401454149,10.65401454149,10.65401454149,10.65401454159,10.65401454159,9.5951459265,10.6540145419,10.65401454198,10.65401454198,9.81719129468,10.65401454142,10.65401454142,10.6540145418,10.38817026324,10.65401454176,10.65401454176,10.65401454176,10.65401454176,10.65401454185,10.65401454185,10.6540145418,10.6540145417,10.65401454175,10.65401454175,10.6540145418,10.65401454147,10.65401454147,10.65401454207,10.65401454207,10.65401454177,10.654014541792,10.654014541792,10.654014541792,10.49399580187,10.65401454167,10.49018413017,10.65401454177,10.65401454177,9.05640052547,9.38180753585,10.65401454187,10.65401454187,10.65401454185,10.65401454185,10.65401454185,10.65401454181,10.56036279641,10.36512874477,10.14941043867,10.65401454137,10.65401454139,10.65401454139,9.94990956786,10.17555057658,10.10913353408,10.6540145419,10.6540145419,9.51634432632,9.30368057841,9.94101026061,10.2826690381,9.5963894488,6.63279475301,8.05436431831,10.50416117131,10.65401454231,10.65401454231,10.65401454231,8.60611950967,10.65401454227,10.65401454227,6.16875095271
"t6",3.4756921398,0,3.6829747075,5.2443425956,5.7620051308,5.7986769105,5.7986769105,5.7986769105,5.7986769105,5.7986769105,4.1243360875,3.11080336871,7.27111016711,12.23001051211,12.23001051211,12.23001051211,12.23001051251,11.59271465619,11.39816104595,12.23001051199,12.23001051197,12.23001051197,12.23001051247,12.23001051257,11.93488531909,12.23001051247,12.23001051257,11.33106636997,10.34321207081,12.23001051278,12.23001051278,12.23001051273,12.23001051273,12.23001051271,12.23001051281,9.67856610877,9.86348899617,10.92923562097,11.67019116957,11.84531075197,12.23001051215,12.23001051217,12.230010512208,12.230010512208,12.23001051221,12.23001051287,11.57883238417,9.50447844597,9.8960118419,12.23001051239,12.23001051239,12.23001051239,12.23001051239,12.09965323646,12.23001051226,12.23001051226,12.23001051224,12.23001051256,12.23001051256,12.23001051266,11.95981125461,12.23001051235,12.23001051236,12.23001051236,12.23001051235,11.81133882859,12.23001051227,12.23001051227,12.23001051227,12.23001051234,12.23001051234,12.23001051239,12.23001051239,12.23001051233,12.23001051233,12.23001051229,12.23001051229,12.23001051229,12.23001051239,12.23001051239,11.1711418973,12.2300105127,12.23001051278,12.23001051278,11.39318726548,12.23001051222,12.23001051222,12.2300105126,11.96416623404,12.23001051256,12.23001051256,12.23001051256,12.23001051256,12.23001051265,12.23001051265,12.2300105126,12.2300105125,12.23001051255,12.23001051255,12.2300105126,12.23001051227,12.23001051227,12.23001051287,12.23001051287,12.23001051257,12.230010512592,12.230010512592,12.230010512592,12.06999177267,12.23001051247,12.06618010097,12.23001051257,12.23001051257,10.63239649627,10.95780350665,12.23001051267,12.23001051267,12.23001051265,12.23001051265,12.23001051265,12.23001051261,12.13635876721,11.94112471557,11.72540640947,12.23001051217,12.23001051219,12.23001051219,11.52590553866,11.75154654738,11.68512950488,12.2300105127,12.2300105127,11.09234029712,10.87967654921,11.51700623141,11.8586650089,11.1723854196,8.20879072381,9.63036028911,12.08015714211,12.23001051311,12.23001051311,12.23001051311,10.18211548047,12.23001051307,12.23001051307,7.74474692351
"t9",3.1593809673,3.6829747075,0,3.4449160255,3.9625785607,3.9992503404,3.9992503404,3.9992503404,3.9992503404,3.9992503404,2.3249095174,2.79449219621,6.95479899461,11.91369933961,11.91369933961,11.91369933961,11.91369934001,11.27640348369,11.08184987345,11.91369933949,11.91369933947,11.91369933947,11.91369933997,11.91369934007,11.61857414659,11.91369933997,11.91369934007,11.01475519747,10.02690089831,11.91369934028,11.91369934028,11.91369934023,11.91369934023,11.91369934021,11.91369934031,9.36225493627,9.54717782367,10.61292444847,11.35387999707,11.52899957947,11.91369933965,11.91369933967,11.913699339708,11.913699339708,11.91369933971,11.91369934037,11.26252121167,9.18816727347,9.5797006694,11.91369933989,11.91369933989,11.91369933989,11.91369933989,11.78334206396,11.91369933976,11.91369933976,11.91369933974,11.91369934006,11.91369934006,11.91369934016,11.64350008211,11.91369933985,11.91369933986,11.91369933986,11.91369933985,11.49502765609,11.91369933977,11.91369933977,11.91369933977,11.91369933984,11.91369933984,11.91369933989,11.91369933989,11.91369933983,11.91369933983,11.91369933979,11.91369933979,11.91369933979,11.91369933989,11.91369933989,10.8548307248,11.9136993402,11.91369934028,11.91369934028,11.07687609298,11.91369933972,11.91369933972,11.9136993401,11.64785506154,11.91369934006,11.91369934006,11.91369934006,11.91369934006,11.91369934015,11.91369934015,11.9136993401,11.91369934,11.91369934005,11.91369934005,11.9136993401,11.91369933977,11.91369933977,11.91369934037,11.91369934037,11.91369934007,11.913699340092,11.913699340092,11.913699340092,11.75368060017,11.91369933997,11.74986892847,11.91369934007,11.91369934007,10.31608532377,10.64149233415,11.91369934017,11.91369934017,11.91369934015,11.91369934015,11.91369934015,11.91369934011,11.82004759471,11.62481354307,11.40909523697,11.91369933967,11.91369933969,11.91369933969,11.20959436616,11.43523537488,11.36881833238,11.9136993402,11.9136993402,10.77602912462,10.56336537671,11.20069505891,11.5423538364,10.8560742471,7.89247955131,9.31404911661,11.76384596961,11.91369934061,11.91369934061,11.91369934061,9.86580430797,11.91369934057,11.91369934057,7.42843575101
"t29",4.7207488554,5.2443425956,3.4449160255,0,2.0650205042,2.1016922839,2.1016922839,2.1016922839,2.1016922839,2.1016922839,2.6304112169,4.35586008431,8.51616688271,13.47506722771,13.47506722771,13.47506722771,13.47506722811,12.83777137179,12.64321776155,13.47506722759,13.47506722757,13.47506722757,13.47506722807,13.47506722817,13.17994203469,13.47506722807,13.47506722817,12.57612308557,11.58826878641,13.47506722838,13.47506722838,13.47506722833,13.47506722833,13.47506722831,13.47506722841,10.92362282437,11.10854571177,12.17429233657,12.91524788517,13.09036746757,13.47506722775,13.47506722777,13.475067227808,13.475067227808,13.47506722781,13.47506722847,12.82388909977,10.74953516157,11.1410685575,13.47506722799,13.47506722799,13.47506722799,13.47506722799,13.34470995206,13.47506722786,13.47506722786,13.47506722784,13.47506722816,13.47506722816,13.47506722826,13.20486797021,13.47506722795,13.47506722796,13.47506722796,13.47506722795,13.05639554419,13.47506722787,13.47506722787,13.47506722787,13.47506722794,13.47506722794,13.47506722799,13.47506722799,13.47506722793,13.47506722793,13.47506722789,13.47506722789,13.47506722789,13.47506722799,13.47506722799,12.4161986129,13.4750672283,13.47506722838,13.47506722838,12.63824398108,13.47506722782,13.47506722782,13.4750672282,13.20922294964,13.47506722816,13.47506722816,13.47506722816,13.47506722816,13.47506722825,13.47506722825,13.4750672282,13.4750672281,13.47506722815,13.47506722815,13.4750672282,13.47506722787,13.47506722787,13.47506722847,13.47506722847,13.47506722817,13.475067228192,13.475067228192,13.475067228192,13.31504848827,13.47506722807,13.31123681657,13.47506722817,13.47506722817,11.87745321187,12.20286022225,13.47506722827,13.47506722827,13.47506722825,13.47506722825,13.47506722825,13.47506722821,13.38141548281,13.18618143117,12.97046312507,13.47506722777,13.47506722779,13.47506722779,12.77096225426,12.99660326298,12.93018622048,13.4750672283,13.4750672283,12.33739701272,12.12473326481,12.76206294701,13.1037217245,12.4174421352,9.45384743941,10.87541700471,13.32521385771,13.47506722871,13.47506722871,13.47506722871,11.42717219607,13.47506722867,13.47506722867,8.98980363911
"t75",5.2384113906,5.7620051308,3.9625785607,2.0650205042,0,0.9702691379,2.1244321441,2.1244321441,2.1244321441,2.1244321441,3.1480737521,4.87352261951,9.03382941791,13.99272976291,13.99272976291,13.99272976291,13.99272976331,13.35543390699,13.16088029675,13.99272976279,13.99272976277,13.99272976277,13.99272976327,13.99272976337,13.69760456989,13.99272976327,13.99272976337,13.09378562077,12.10593132161,13.99272976358,13.99272976358,13.99272976353,13.99272976353,13.99272976351,13.99272976361,11.44128535957,11.62620824697,12.69195487177,13.43291042037,13.60803000277,13.99272976295,13.99272976297,13.992729763008,13.992729763008,13.99272976301,13.99272976367,13.34155163497,11.26719769677,11.6587310927,13.99272976319,13.99272976319,13.99272976319,13.99272976319,13.86237248726,13.99272976306,13.99272976306,13.99272976304,13.99272976336,13.99272976336,13.99272976346,13.72253050541,13.99272976315,13.99272976316,13.99272976316,13.99272976315,13.57405807939,13.99272976307,13.99272976307,13.99272976307,13.99272976314,13.99272976314,13.99272976319,13.99272976319,13.99272976313,13.99272976313,13.99272976309,13.99272976309,13.99272976309,13.99272976319,13.99272976319,12.9338611481,13.9927297635,13.99272976358,13.99272976358,13.15590651628,13.99272976302,13.99272976302,13.9927297634,13.72688548484,13.99272976336,13.99272976336,13.99272976336,13.99272976336,13.99272976345,13.99272976345,13.9927297634,13.9927297633,13.99272976335,13.99272976335,13.9927297634,13.99272976307,13.99272976307,13.99272976367,13.99272976367,13.99272976337,13.992729763392,13.992729763392,13.992729763392,13.83271102347,13.99272976327,13.82889935177,13.99272976337,13.99272976337,12.39511574707,12.72052275745,13.99272976347,13.99272976347,13.99272976345,13.99272976345,13.99272976345,13.99272976341,13.89907801801,13.70384396637,13.48812566027,13.99272976297,13.99272976299,13.99272976299,13.28862478946,13.51426579818,13.44784875568,13.9927297635,13.9927297635,12.85505954792,12.64239580001,13.27972548221,13.6213842597,12.9351046704,9.97150997461,11.39307953991,13.84287639291,13.99272976391,13.99272976391,13.99272976391,11.94483473127,13.99272976387,13.99272976387,9.50746617431
"t76",5.2750831703,5.7986769105,3.9992503404,2.1016922839,0.9702691379,0,2.1611039238,2.1611039238,2.1611039238,2.1611039238,3.1847455318,4.91019439921,9.07050119761,14.02940154261,14.02940154261,14.02940154261,14.02940154301,13.39210568669,13.19755207645,14.02940154249,14.02940154247,14.02940154247,14.02940154297,14.02940154307,13.73427634959,14.02940154297,14.02940154307,13.13045740047,12.14260310131,14.02940154328,14.02940154328,14.02940154323,14.02940154323,14.02940154321,14.02940154331,11.47795713927,11.66288002667,12.72862665147,13.46958220007,13.64470178247,14.02940154265,14.02940154267,14.029401542708,14.029401542708,14.02940154271,14.02940154337,13.37822341467,11.30386947647,11.6954028724,14.02940154289,14.02940154289,14.02940154289,14.02940154289,13.89904426696,14.02940154276,14.02940154276,14.02940154274,14.02940154306,14.02940154306,14.02940154316,13.75920228511,14.02940154285,14.02940154286,14.02940154286,14.02940154285,13.61072985909,14.02940154277,14.02940154277,14.02940154277,14.02940154284,14.02940154284,14.02940154289,14.02940154289,14.02940154283,14.02940154283,14.02940154279,14.02940154279,14.02940154279,14.02940154289,14.02940154289,12.9705329278,14.0294015432,14.02940154328,14.02940154328,13.19257829598,14.02940154272,14.02940154272,14.0294015431,13.76355726454,14.02940154306,14.02940154306,14.02940154306,14.02940154306,14.02940154315,14.02940154315,14.0294015431,14.029401543,14.02940154305,14.02940154305,14.0294015431,14.02940154277,14.02940154277,14.02940154337,14.02940154337,14.02940154307,14.029401543092,14.029401543092,14.029401543092,13.86938280317,14.02940154297,13.86557113147,14.02940154307,14.02940154307,12.43178752677,12.75719453715,14.02940154317,14.02940154317,14.02940154315,14.02940154315,14.02940154315,14.02940154311,13.93574979771,13.74051574607,13.52479743997,14.02940154267,14.02940154269,14.02940154269,13.32529656916,13.55093757788,13.48452053538,14.0294015432,14.0294015432,12.89173132762,12.67906757971,13.31639726191,13.6580560394,12.9717764501,10.00818175431,11.42975131961,13.87954817261,14.02940154361,14.02940154361,14.02940154361,11.98150651097,14.02940154357,14.02940154357,9.54413795401
"t67",5.2750831703,5.7986769105,3.9992503404,2.1016922839,2.1244321441,2.1611039238,0,1.209101686,1.548494177,1.548494177,3.1847455318,4.91019439921,9.07050119761,14.02940154261,14.02940154261,14.02940154261,14.02940154301,13.39210568669,13.19755207645,14.02940154249,14.02940154247,14.02940154247,14.02940154297,14.02940154307,13.73427634959,14.02940154297,14.02940154307,13.13045740047,12.14260310131,14.02940154328,14.02940154328,14.02940154323,14.02940154323,14.02940154321,14.02940154331,11.47795713927,11.66288002667,12.72862665147,13.46958220007,13.64470178247,14.02940154265,14.02940154267,14.029401542708,14.029401542708,14.02940154271,14.02940154337,13.37822341467,11.30386947647,11.6954028724,14.02940154289,14.02940154289,14.02940154289,14.02940154289,13.89904426696,14.02940154276,14.02940154276,14.02940154274,14.02940154306,14.02940154306,14.02940154316,13.75920228511,14.02940154285,14.02940154286,14.02940154286,14.02940154285,13.61072985909,14.02940154277,14.02940154277,14.02940154277,14.02940154284,14.02940154284,14.02940154289,14.02940154289,14.02940154283,14.02940154283,14.02940154279,14.02940154279,14.02940154279,14.02940154289,14.02940154289,12.9705329278,14.0294015432,14.02940154328,14.02940154328,13.19257829598,14.02940154272,14.02940154272,14.0294015431,13.76355726454,14.02940154306,14.02940154306,14.02940154306,14.02940154306,14.02940154315,14.02940154315,14.0294015431,14.029401543,14.02940154305,14.02940154305,14.0294015431,14.02940154277,14.02940154277,14.02940154337,14.02940154337,14.02940154307,14.029401543092,14.029401543092,14.029401543092,13.86938280317,14.02940154297,13.86557113147,14.02940154307,14.02940154307,12.43178752677,12.75719453715,14.02940154317,14.02940154317,14.02940154315,14.02940154315,14.02940154315,14.02940154311,13.93574979771,13.74051574607,13.52479743997,14.02940154267,14.02940154269,14.02940154269,13.32529656916,13.55093757788,13.48452053538,14.0294015432,14.0294015432,12.89173132762,12.67906757971,13.31639726191,13.6580560394,12.9717764501,10.00818175431,11.42975131961,13.87954817261,14.02940154361,14.02940154361,14.02940154361,11.98150651097,14.02940154357,14.02940154357,9.54413795401
"t68",5.2750831703,5.7986769105,3.9992503404,2.1016922839,2.1244321441,2.1611039238,1.209101686,0,1.548494177,1.548494177,3.1847455318,4.91019439921,9.07050119761,14.02940154261,14.02940154261,14.02940154261,14.02940154301,13.39210568669,13.19755207645,14.02940154249,14.02940154247,14.02940154247,14.02940154297,14.02940154307,13.73427634959,14.02940154297,14.02940154307,13.13045740047,12.14260310131,14.02940154328,14.02940154328,14.02940154323,14.02940154323,14.02940154321,14.02940154331,11.47795713927,11.66288002667,12.72862665147,13.46958220007,13.64470178247,14.02940154265,14.02940154267,14.029401542708,14.029401542708,14.02940154271,14.02940154337,13.37822341467,11.30386947647,11.6954028724,14.02940154289,14.02940154289,14.02940154289,14.02940154289,13.89904426696,14.02940154276,14.02940154276,14.02940154274,14.02940154306,14.02940154306,14.02940154316,13.75920228511,14.02940154285,14.02940154286,14.02940154286,14.02940154285,13.61072985909,14.02940154277,14.02940154277,14.02940154277,14.02940154284,14.02940154284,14.02940154289,14.02940154289,14.02940154283,14.02940154283,14.02940154279,14.02940154279,14.02940154279,14.02940154289,14.02940154289,12.9705329278,14.0294015432,14.02940154328,14.02940154328,13.19257829598,14.02940154272,14.02940154272,14.0294015431,13.76355726454,14.02940154306,14.02940154306,14.02940154306,14.02940154306,14.02940154315,14.02940154315,14.0294015431,14.029401543,14.02940154305,14.02940154305,14.0294015431,14.02940154277,14.02940154277,14.02940154337,14.02940154337,14.02940154307,14.029401543092,14.029401543092,14.029401543092,13.86938280317,14.02940154297,13.86557113147,14.02940154307,14.02940154307,12.43178752677,12.75719453715,14.02940154317,14.02940154317,14.02940154315,14.02940154315,14.02940154315,14.02940154311,13.93574979771,13.74051574607,13.52479743997,14.02940154267,14.02940154269,14.02940154269,13.32529656916,13.55093757788,13.48452053538,14.0294015432,14.0294015432,12.89173132762,12.67906757971,13.31639726191,13.6580560394,12.9717764501,10.00818175431,11.42975131961,13.87954817261,14.02940154361,14.02940154361,14.02940154361,11.98150651097,14.02940154357,14.02940154357,9.54413795401
"t108",5.2750831703,5.7986769105,3.9992503404,2.1016922839,2.1244321441,2.1611039238,1.548494177,1.548494177,0,0.561928805,3.1847455318,4.91019439921,9.07050119761,14.02940154261,14.02940154261,14.02940154261,14.02940154301,13.39210568669,13.19755207645,14.02940154249,14.02940154247,14.02940154247,14.02940154297,14.02940154307,13.73427634959,14.02940154297,14.02940154307,13.13045740047,12.14260310131,14.02940154328,14.02940154328,14.02940154323,14.02940154323,14.02940154321,14.02940154331,11.47795713927,11.66288002667,12.72862665147,13.46958220007,13.64470178247,14.02940154265,14.02940154267,14.029401542708,14.029401542708,14.02940154271,14.02940154337,13.37822341467,11.30386947647,11.6954028724,14.02940154289,14.02940154289,14.02940154289,14.02940154289,13.89904426696,14.02940154276,14.02940154276,14.02940154274,14.02940154306,14.02940154306,14.02940154316,13.75920228511,14.02940154285,14.02940154286,14.02940154286,14.02940154285,13.61072985909,14.02940154277,14.02940154277,14.02940154277,14.02940154284,14.02940154284,14.02940154289,14.02940154289,14.02940154283,14.02940154283,14.02940154279,14.02940154279,14.02940154279,14.02940154289,14.02940154289,12.9705329278,14.0294015432,14.02940154328,14.02940154328,13.19257829598,14.02940154272,14.02940154272,14.0294015431,13.76355726454,14.02940154306,14.02940154306,14.02940154306,14.02940154306,14.02940154315,14.02940154315,14.0294015431,14.029401543,14.02940154305,14.02940154305,14.0294015431,14.02940154277,14.02940154277,14.02940154337,14.02940154337,14.02940154307,14.029401543092,14.029401543092,14.029401543092,13.86938280317,14.02940154297,13.86557113147,14.02940154307,14.02940154307,12.43178752677,12.75719453715,14.02940154317,14.02940154317,14.02940154315,14.02940154315,14.02940154315,14.02940154311,13.93574979771,13.74051574607,13.52479743997,14.02940154267,14.02940154269,14.02940154269,13.32529656916,13.55093757788,13.48452053538,14.0294015432,14.0294015432,12.89173132762,12.67906757971,13.31639726191,13.6580560394,12.9717764501,10.00818175431,11.42975131961,13.87954817261,14.02940154361,14.02940154361,14.02940154361,11.98150651097,14.02940154357,14.02940154357,9.54413795401
"t109",5.2750831703,5.7986769105,3.9992503404,2.1016922839,2.1244321441,2.1611039238,1.548494177,1.548494177,0.561928805,0,3.1847455318,4.91019439921,9.07050119761,14.02940154261,14.02940154261,14.02940154261,14.02940154301,13.39210568669,13.19755207645,14.02940154249,14.02940154247,14.02940154247,14.02940154297,14.02940154307,13.73427634959,14.02940154297,14.02940154307,13.13045740047,12.14260310131,14.02940154328,14.02940154328,14.02940154323,14.02940154323,14.02940154321,14.02940154331,11.47795713927,11.66288002667,12.72862665147,13.46958220007,13.64470178247,14.02940154265,14.02940154267,14.029401542708,14.029401542708,14.02940154271,14.02940154337,13.37822341467,11.30386947647,11.6954028724,14.02940154289,14.02940154289,14.02940154289,14.02940154289,13.89904426696,14.02940154276,14.02940154276,14.02940154274,14.02940154306,14.02940154306,14.02940154316,13.75920228511,14.02940154285,14.02940154286,14.02940154286,14.02940154285,13.61072985909,14.02940154277,14.02940154277,14.02940154277,14.02940154284,14.02940154284,14.02940154289,14.02940154289,14.02940154283,14.02940154283,14.02940154279,14.02940154279,14.02940154279,14.02940154289,14.02940154289,12.9705329278,14.0294015432,14.02940154328,14.02940154328,13.19257829598,14.02940154272,14.02940154272,14.0294015431,13.76355726454,14.02940154306,14.02940154306,14.02940154306,14.02940154306,14.02940154315,14.02940154315,14.0294015431,14.029401543,14.02940154305,14.02940154305,14.0294015431,14.02940154277,14.02940154277,14.02940154337,14.02940154337,14.02940154307,14.029401543092,14.029401543092,14.029401543092,13.86938280317,14.02940154297,13.86557113147,14.02940154307,14.02940154307,12.43178752677,12.75719453715,14.02940154317,14.02940154317,14.02940154315,14.02940154315,14.02940154315,14.02940154311,13.93574979771,13.74051574607,13.52479743997,14.02940154267,14.02940154269,14.02940154269,13.32529656916,13.55093757788,13.48452053538,14.0294015432,14.0294015432,12.89173132762,12.67906757971,13.31639726191,13.6580560394,12.9717764501,10.00818175431,11.42975131961,13.87954817261,14.02940154361,14.02940154361,14.02940154361,11.98150651097,14.02940154357,14.02940154357,9.54413795401
"t15",3.6007423473,4.1243360875,2.3249095174,2.6304112169,3.1480737521,3.1847455318,3.1847455318,3.1847455318,3.1847455318,3.1847455318,0,3.23585357621,7.39616037461,12.35506071961,12.35506071961,12.35506071961,12.35506072001,11.71776486369,11.52321125345,12.35506071949,12.35506071947,12.35506071947,12.35506071997,12.35506072007,12.05993552659,12.35506071997,12.35506072007,11.45611657747,10.46826227831,12.35506072028,12.35506072028,12.35506072023,12.35506072023,12.35506072021,12.35506072031,9.80361631627,9.98853920367,11.05428582847,11.79524137707,11.97036095947,12.35506071965,12.35506071967,12.355060719708,12.355060719708,12.35506071971,12.35506072037,11.70388259167,9.62952865347,10.0210620494,12.35506071989,12.35506071989,12.35506071989,12.35506071989,12.22470344396,12.35506071976,12.35506071976,12.35506071974,12.35506072006,12.35506072006,12.35506072016,12.08486146211,12.35506071985,12.35506071986,12.35506071986,12.35506071985,11.93638903609,12.35506071977,12.35506071977,12.35506071977,12.35506071984,12.35506071984,12.35506071989,12.35506071989,12.35506071983,12.35506071983,12.35506071979,12.35506071979,12.35506071979,12.35506071989,12.35506071989,11.2961921048,12.3550607202,12.35506072028,12.35506072028,11.51823747298,12.35506071972,12.35506071972,12.3550607201,12.08921644154,12.35506072006,12.35506072006,12.35506072006,12.35506072006,12.35506072015,12.35506072015,12.3550607201,12.35506072,12.35506072005,12.35506072005,12.3550607201,12.35506071977,12.35506071977,12.35506072037,12.35506072037,12.35506072007,12.355060720092,12.355060720092,12.355060720092,12.19504198017,12.35506071997,12.19123030847,12.35506072007,12.35506072007,10.75744670377,11.08285371415,12.35506072017,12.35506072017,12.35506072015,12.35506072015,12.35506072015,12.35506072011,12.26140897471,12.06617492307,11.85045661697,12.35506071967,12.35506071969,12.35506071969,11.65095574616,11.87659675488,11.81017971238,12.3550607202,12.3550607202,11.21739050462,11.00472675671,11.64205643891,11.9837152164,11.2974356271,8.33384093131,9.75541049661,12.20520734961,12.35506072061,12.35506072061,12.35506072061,10.30716568797,12.35506072057,12.35506072057,7.86979713101
"t3",1.53480739791,3.11080336871,2.79449219621,4.35586008431,4.87352261951,4.91019439921,4.91019439921,4.91019439921,4.91019439921,4.91019439921,3.23585357621,0,5.1698929732,10.1287933182,10.1287933182,10.1287933182,10.1287933186,9.49149746228,9.29694385204,10.12879331808,10.12879331806,10.12879331806,10.12879331856,10.12879331866,9.83366812518,10.12879331856,10.12879331866,9.22984917606,8.2419948769,10.12879331887,10.12879331887,10.12879331882,10.12879331882,10.1287933188,10.1287933189,7.57734891486,7.76227180226,8.82801842706,9.56897397566,9.74409355806,10.12879331824,10.12879331826,10.128793318298,10.128793318298,10.1287933183,10.12879331896,9.47761519026,7.40326125206,7.79479464799,10.12879331848,10.12879331848,10.12879331848,10.12879331848,9.99843604255,10.12879331835,10.12879331835,10.12879331833,10.12879331865,10.12879331865,10.12879331875,9.8585940607,10.12879331844,10.12879331845,10.12879331845,10.12879331844,9.71012163468,10.12879331836,10.12879331836,10.12879331836,10.12879331843,10.12879331843,10.12879331848,10.12879331848,10.12879331842,10.12879331842,10.12879331838,10.12879331838,10.12879331838,10.12879331848,10.12879331848,9.06992470339,10.12879331879,10.12879331887,10.12879331887,9.29197007157,10.12879331831,10.12879331831,10.12879331869,9.86294904013,10.12879331865,10.12879331865,10.12879331865,10.12879331865,10.12879331874,10.12879331874,10.12879331869,10.12879331859,10.12879331864,10.12879331864,10.12879331869,10.12879331836,10.12879331836,10.12879331896,10.12879331896,10.12879331866,10.128793318682,10.128793318682,10.128793318682,9.96877457876,10.12879331856,9.96496290706,10.12879331866,10.12879331866,8.53117930236,8.85658631274,10.12879331876,10.12879331876,10.12879331874,10.12879331874,10.12879331874,10.1287933187,10.0351415733,9.83990752166,9.62418921556,10.12879331826,10.12879331828,10.12879331828,9.42468834475,9.65032935347,9.58391231097,10.12879331879,10.12879331879,8.99112310321,8.7784593553,9.4157890375,9.75744781499,9.07116822569,6.1075735299,7.5291430952,9.9789399482,10.1287933192,10.1287933192,10.1287933192,8.08089828656,10.12879331916,10.12879331916,5.6435297296
"t1",5.69511419631,7.27111016711,6.95479899461,8.51616688271,9.03382941791,9.07050119761,9.07050119761,9.07050119761,9.07050119761,9.07050119761,7.39616037461,5.1698929732,0,5.6281025066,5.6281025066,5.6281025066,5.628102507,4.99080665068,4.79625304044,5.62810250648,5.62810250646,5.62810250646,5.62810250696,5.62810250706,5.33297731358,5.62810250696,5.62810250706,4.72915836446,3.7413040653,5.62810250727,5.62810250727,5.62810250722,5.62810250722,5.6281025072,5.6281025073,3.07665810326,3.26158099066,4.32732761546,5.06828316406,5.24340274646,5.62810250664,5.62810250666,5.628102506698,5.628102506698,5.6281025067,5.62810250736,4.97692437866,2.90257044046,3.29410383639,5.62810250688,5.62810250688,5.62810250688,5.62810250688,5.49774523095,5.62810250675,5.62810250675,5.62810250673,5.62810250705,5.62810250705,5.62810250715,5.3579032491,5.62810250684,5.62810250685,5.62810250685,5.62810250684,5.20943082308,5.62810250676,5.62810250676,5.62810250676,5.62810250683,5.62810250683,5.62810250688,5.62810250688,5.62810250682,5.62810250682,5.62810250678,5.62810250678,5.62810250678,5.62810250688,5.62810250688,4.56923389179,5.62810250719,5.62810250727,5.62810250727,4.79127925997,5.62810250671,5.62810250671,5.62810250709,5.36225822853,5.62810250705,5.62810250705,5.62810250705,5.62810250705,5.62810250714,5.62810250714,5.62810250709,5.62810250699,5.62810250704,5.62810250704,5.62810250709,5.62810250676,5.62810250676,5.62810250736,5.62810250736,5.62810250706,5.628102507082,5.628102507082,5.628102507082,5.46808376716,5.62810250696,5.46427209546,5.62810250706,5.62810250706,4.03048849076,4.35589550114,5.62810250716,5.62810250716,5.62810250714,5.62810250714,5.62810250714,5.6281025071,5.5344507617,5.33921671006,5.12349840396,5.62810250666,5.62810250668,5.62810250668,4.92399753315,5.14963854187,5.08322149937,5.62810250719,5.62810250719,4.49043229161,4.2777685437,4.9150982259,5.25675700339,4.57047741409,1.6068827183,3.0284522836,5.4782491366,5.6281025076,5.6281025076,5.6281025076,3.58020747496,5.62810250756,5.62810250756,1.142838918
"t132",10.65401454131,12.23001051211,11.91369933961,13.47506722771,13.99272976291,14.02940154261,14.02940154261,14.02940154261,14.02940154261,14.02940154261,12.35506071961,10.1287933182,5.6281025066,0,0.2051871012,0.6705007392,4.4494567616,4.37418904888,4.17963543864,5.01148490468,5.01148490466,5.01148490466,5.01148490516,5.01148490526,4.71635971178,5.01148490516,5.01148490526,4.11254076266,4.8968814107,6.78367985267,6.78367985267,6.78367985262,6.78367985262,6.7836798526,6.7836798527,5.51281814946,5.69774103686,6.76348766166,7.50444321026,7.67956279266,8.06426255284,8.06426255286,8.064262552898,8.064262552898,8.0642625529,8.06426255356,7.41308442486,5.33873048666,5.73026388259,8.06426255308,8.06426255308,8.06426255308,8.06426255308,7.93390527715,8.06426255295,8.06426255295,8.06426255293,8.06426255325,8.06426255325,8.06426255335,7.7940632953,8.06426255304,8.06426255305,8.06426255305,8.06426255304,7.64559086928,8.06426255296,8.06426255296,8.06426255296,8.06426255303,8.06426255303,8.06426255308,8.06426255308,8.06426255302,8.06426255302,8.06426255298,8.06426255298,8.06426255298,8.06426255308,8.06426255308,7.00539393799,8.06426255339,8.06426255347,8.06426255347,7.22743930617,8.06426255291,8.06426255291,8.06426255329,7.79841827473,8.06426255325,8.06426255325,8.06426255325,8.06426255325,8.06426255334,8.06426255334,8.06426255329,8.06426255319,8.06426255324,8.06426255324,8.06426255329,8.06426255296,8.06426255296,8.06426255356,8.06426255356,8.06426255326,8.064262553282,8.064262553282,8.064262553282,7.90424381336,8.06426255316,7.90043214166,8.06426255326,8.06426255326,6.46664853696,6.79205554734,8.06426255336,8.06426255336,8.06426255334,8.06426255334,8.06426255334,8.0642625533,7.9706108079,7.77537675626,7.55965845016,8.06426255286,8.06426255288,8.06426255288,7.36015757935,7.58579858807,7.51938154557,8.06426255339,8.06426255339,6.92659233781,6.7139285899,7.3512582721,7.69291704959,7.00663746029,4.3243062289,6.2067919392,8.6565887922,8.8064421632,8.8064421632,8.8064421632,6.75854713056,8.80644216316,8.80644216316,5.5563153616
"t133",10.65401454131,12.23001051211,11.91369933961,13.47506722771,13.99272976291,14.02940154261,14.02940154261,14.02940154261,14.02940154261,14.02940154261,12.35506071961,10.1287933182,5.6281025066,0.2051871012,0,0.6705007392,4.4494567616,4.37418904888,4.17963543864,5.01148490468,5.01148490466,5.01148490466,5.01148490516,5.01148490526,4.71635971178,5.01148490516,5.01148490526,4.11254076266,4.8968814107,6.78367985267,6.78367985267,6.78367985262,6.78367985262,6.7836798526,6.7836798527,5.51281814946,5.69774103686,6.76348766166,7.50444321026,7.67956279266,8.06426255284,8.06426255286,8.064262552898,8.064262552898,8.0642625529,8.06426255356,7.41308442486,5.33873048666,5.73026388259,8.06426255308,8.06426255308,8.06426255308,8.06426255308,7.93390527715,8.06426255295,8.06426255295,8.06426255293,8.06426255325,8.06426255325,8.06426255335,7.7940632953,8.06426255304,8.06426255305,8.06426255305,8.06426255304,7.64559086928,8.06426255296,8.06426255296,8.06426255296,8.06426255303,8.06426255303,8.06426255308,8.06426255308,8.06426255302,8.06426255302,8.06426255298,8.06426255298,8.06426255298,8.06426255308,8.06426255308,7.00539393799,8.06426255339,8.06426255347,8.06426255347,7.22743930617,8.06426255291,8.06426255291,8.06426255329,7.79841827473,8.06426255325,8.06426255325,8.06426255325,8.06426255325,8.06426255334,8.06426255334,8.06426255329,8.06426255319,8.06426255324,8.06426255324,8.06426255329,8.06426255296,8.06426255296,8.06426255356,8.06426255356,8.06426255326,8.064262553282,8.064262553282,8.064262553282,7.90424381336,8.06426255316,7.90043214166,8.06426255326,8.06426255326,6.46664853696,6.79205554734,8.06426255336,8.06426255336,8.06426255334,8.06426255334,8.06426255334,8.0642625533,7.9706108079,7.77537675626,7.55965845016,8.06426255286,8.06426255288,8.06426255288,7.36015757935,7.58579858807,7.51938154557,8.06426255339,8.06426255339,6.92659233781,6.7139285899,7.3512582721,7.69291704959,7.00663746029,4.3243062289,6.2067919392,8.6565887922,8.8064421632,8.8064421632,8.8064421632,6.75854713056,8.80644216316,8.80644216316,5.5563153616
"t97",10.65401454131,12.23001051211,11.91369933961,13.47506722771,13.99272976291,14.02940154261,14.02940154261,14.02940154261,14.02940154261,14.02940154261,12.35506071961,10.1287933182,5.6281025066,0.6705007392,0.6705007392,0,4.4494567616,4.37418904888,4.17963543864,5.01148490468,5.01148490466,5.01148490466,5.01148490516,5.01148490526,4.71635971178,5.01148490516,5.01148490526,4.11254076266,4.8968814107,6.78367985267,6.78367985267,6.78367985262,6.78367985262,6.7836798526,6.7836798527,5.51281814946,5.69774103686,6.76348766166,7.50444321026,7.67956279266,8.06426255284,8.06426255286,8.064262552898,8.064262552898,8.0642625529,8.06426255356,7.41308442486,5.33873048666,5.73026388259,8.06426255308,8.06426255308,8.06426255308,8.06426255308,7.93390527715,8.06426255295,8.06426255295,8.06426255293,8.06426255325,8.06426255325,8.06426255335,7.7940632953,8.06426255304,8.06426255305,8.06426255305,8.06426255304,7.64559086928,8.06426255296,8.06426255296,8.06426255296,8.06426255303,8.06426255303,8.06426255308,8.06426255308,8.06426255302,8.06426255302,8.06426255298,8.06426255298,8.06426255298,8.06426255308,8.06426255308,7.00539393799,8.06426255339,8.06426255347,8.06426255347,7.22743930617,8.06426255291,8.06426255291,8.06426255329,7.79841827473,8.06426255325,8.06426255325,8.06426255325,8.06426255325,8.06426255334,8.06426255334,8.06426255329,8.06426255319,8.06426255324,8.06426255324,8.06426255329,8.06426255296,8.06426255296,8.06426255356,8.06426255356,8.06426255326,8.064262553282,8.064262553282,8.064262553282,7.90424381336,8.06426255316,7.90043214166,8.06426255326,8.06426255326,6.46664853696,6.79205554734,8.06426255336,8.06426255336,8.06426255334,8.06426255334,8.06426255334,8.0642625533,7.9706108079,7.77537675626,7.55965845016,8.06426255286,8.06426255288,8.06426255288,7.36015757935,7.58579858807,7.51938154557,8.06426255339,8.06426255339,6.92659233781,6.7139285899,7.3512582721,7.69291704959,7.00663746029,4.3243062289,6.2067919392,8.6565887922,8.8064421632,8.8064421632,8.8064421632,6.75854713056,8.80644216316,8.80644216316,5.5563153616
"t16",10.65401454171,12.23001051251,11.91369934001,13.47506722811,13.99272976331,14.02940154301,14.02940154301,14.02940154301,14.02940154301,14.02940154301,12.35506072001,10.1287933186,5.628102507,4.4494567616,4.4494567616,4.4494567616,0,4.37418904928,4.17963543904,5.01148490508,5.01148490506,5.01148490506,5.01148490556,5.01148490566,4.71635971218,5.01148490556,5.01148490566,4.11254076306,4.8968814111,6.78367985307,6.78367985307,6.78367985302,6.78367985302,6.783679853,6.7836798531,5.51281814986,5.69774103726,6.76348766206,7.50444321066,7.67956279306,8.06426255324,8.06426255326,8.064262553298,8.064262553298,8.0642625533,8.06426255396,7.41308442526,5.33873048706,5.73026388299,8.06426255348,8.06426255348,8.06426255348,8.06426255348,7.93390527755,8.06426255335,8.06426255335,8.06426255333,8.06426255365,8.06426255365,8.06426255375,7.7940632957,8.06426255344,8.06426255345,8.06426255345,8.06426255344,7.64559086968,8.06426255336,8.06426255336,8.06426255336,8.06426255343,8.06426255343,8.06426255348,8.06426255348,8.06426255342,8.06426255342,8.06426255338,8.06426255338,8.06426255338,8.06426255348,8.06426255348,7.00539393839,8.06426255379,8.06426255387,8.06426255387,7.22743930657,8.06426255331,8.06426255331,8.06426255369,7.79841827513,8.06426255365,8.06426255365,8.06426255365,8.06426255365,8.06426255374,8.06426255374,8.06426255369,8.06426255359,8.06426255364,8.06426255364,8.06426255369,8.06426255336,8.06426255336,8.06426255396,8.06426255396,8.06426255366,8.064262553682,8.064262553682,8.064262553682,7.90424381376,8.06426255356,7.90043214206,8.06426255366,8.06426255366,6.46664853736,6.79205554774,8.06426255376,8.06426255376,8.06426255374,8.06426255374,8.06426255374,8.0642625537,7.9706108083,7.77537675666,7.55965845056,8.06426255326,8.06426255328,8.06426255328,7.36015757975,7.58579858847,7.51938154597,8.06426255379,8.06426255379,6.92659233821,6.7139285903,7.3512582725,7.69291704999,7.00663746069,4.3243062293,6.2067919396,8.6565887926,8.8064421636,8.8064421636,8.8064421636,6.75854713096,8.80644216356,8.80644216356,5.556315362
"t45",10.01671868539,11.59271465619,11.27640348369,12.83777137179,13.35543390699,13.39210568669,13.39210568669,13.39210568669,13.39210568669,13.39210568669,11.71776486369,9.49149746228,4.99080665068,4.37418904888,4.37418904888,4.37418904888,4.37418904928,0,0.29042134916,1.5215140162,1.64132850882,1.64132850882,2.04018051772,4.32272067182,4.02759547834,4.32272067172,4.32272067182,3.42377652922,4.25958555478,6.14638399675,6.14638399675,6.1463839967,6.1463839967,6.14638399668,6.14638399678,4.87552229354,5.06044518094,6.12619180574,6.86714735434,7.04226693674,7.42696669692,7.42696669694,7.426966696978,7.426966696978,7.42696669698,7.42696669764,6.77578856894,4.70143463074,5.09296802667,7.42696669716,7.42696669716,7.42696669716,7.42696669716,7.29660942123,7.42696669703,7.42696669703,7.42696669701,7.42696669733,7.42696669733,7.42696669743,7.15676743938,7.42696669712,7.42696669713,7.42696669713,7.42696669712,7.00829501336,7.42696669704,7.42696669704,7.42696669704,7.42696669711,7.42696669711,7.42696669716,7.42696669716,7.4269666971,7.4269666971,7.42696669706,7.42696669706,7.42696669706,7.42696669716,7.42696669716,6.36809808207,7.42696669747,7.42696669755,7.42696669755,6.59014345025,7.42696669699,7.42696669699,7.42696669737,7.16112241881,7.42696669733,7.42696669733,7.42696669733,7.42696669733,7.42696669742,7.42696669742,7.42696669737,7.42696669727,7.42696669732,7.42696669732,7.42696669737,7.42696669704,7.42696669704,7.42696669764,7.42696669764,7.42696669734,7.426966697362,7.426966697362,7.426966697362,7.26694795744,7.42696669724,7.26313628574,7.42696669734,7.42696669734,5.82935268104,6.15475969142,7.42696669744,7.42696669744,7.42696669742,7.42696669742,7.42696669742,7.42696669738,7.33331495198,7.13808090034,6.92236259424,7.42696669694,7.42696669696,7.42696669696,6.72286172343,6.94850273215,6.88208568965,7.42696669747,7.42696669747,6.28929648189,6.07663273398,6.71396241618,7.05562119367,6.36934160437,3.68701037298,5.56949608328,8.01929293628,8.16914630728,8.16914630728,8.16914630728,6.12125127464,8.16914630724,8.16914630724,4.91901950568
