"","t16","t68","t79","t80","t62","t63","t31","t40","t144","t145","t9","t10","t1","t2","t8","t21","t22","t19","t130","t131","t61","t116","t117","t108","t109","t114","t115","t65","t86","t87","t70","t49","t97","t98","t69","t36","t78","t123","t150","t151","t27","t3","t43","t44","t107","t136","t137","t94","t42","t81","t142","t143","t138","t139","t91","t88","t39","t59","t60","t57","t6","t5","t7","t11","t89","t90","t24","t23","t112","t113","t66","t67","t85","t120","t124","t125","t83","t26","t25","t29","t30","t101","t128","t129","t99","t100","t74","t75","t64","t48","t13","t96","t148","t149","t72","t73","t34","t35","t46","t110","t111","t95","t134","t135","t58","t84","t126","t127","t71","t132","t133","t76","t77","t146","t147","t104","t17","t18","t118","t119","t140","t141","t51","t45","t121","t122","t20","t33","t105","t106","t102","t103","t82","t55","t56","t47","t53","t54","t12","t28","t32","t37","t38","t41","t92","t93","t52","t50","t14","t15","t4"
"t16",0,4.3355353645,4.3355353644,4.3355353644,4.3355353644,4.3355353644,2.9117488084,3.6911867855,4.33553536367,4.33553536367,4.77419527706,4.70762761596,3.315442497441,3.334558345311,4.99192788256,5.56307669336,5.18286619037,5.17389812226,7.74616933193,7.74616933193,7.15717402506,7.746169332257,7.746169332257,7.746169332257,7.746169332257,7.746169331937,7.746169331937,7.746169332137,7.746169332207,7.746169332207,7.139858534714,6.828693083757,7.691593458437,7.746169332137,7.746169332137,7.746169332087,7.746169332087,7.746169332087,7.7461693320922,7.7461693320922,6.02571840596,5.65677876796,7.74616933206,7.74616933206,7.74616933204,7.74616933206,7.74616933206,7.74616933206,7.74616933176,7.7461693316,7.74616933154,7.74616933154,7.74616933151,7.74616933151,7.74616933151,7.7461693315,7.0284346508,7.74616933201,7.74616933201,7.746169332,6.09972203466,4.05500417994,6.17796638702,6.06802218909,7.74616933244,7.74616933244,5.89948841394,6.45880012219,7.7461693318,7.7461693318,7.3937813326,7.7461693319,7.746169332011,7.746169332011,7.746169332061,7.746169332061,7.74616933202,7.28805991542,7.74616933229,6.89090774314,6.24916821544,7.746169331944,7.746169331924,7.746169331924,7.746169331944,7.726243014344,7.746169331944,7.711205318244,7.746169331944,7.746169331944,4.453400369752,7.74616933228,7.74616933232,7.74616933232,7.74616933228,7.74616933228,7.74616933238,6.37779675958,7.22491221708,7.74616933198,7.74616933198,7.74616933205,7.74616933206,7.74616933206,7.20829108348,7.74616933208,7.74616933202,7.74616933202,7.74616933208,7.74616933206,7.74616933206,7.74616933198,7.74616933198,7.74616933222,7.74616933222,7.74616933228,6.13261462632,5.29718340352,7.74616933281,7.74616933281,7.74616933248,7.74616933248,6.83251355853,7.74616933251,7.74616933251,7.74616933251,6.15774620681,7.74616933191,7.581260141959,7.746169331899,7.746169331899,7.746169331899,7.433878360949,7.746169332049,7.544909921049,6.843772002449,7.74616933211,7.74616933211,4.95198796541,6.24187117311,6.83002263981,6.58832898771,6.51317057661,7.74616933201,7.74616933219,7.74616933219,7.15063995899,7.74616933211,5.33388793031,5.21744533791,4.50478256791
"t68",4.3355353645,0,1.2766059999,1.2766059999,2.0012599233,2.0012599233,1.7365996007,3.6925309886,4.33687956677,4.33687956677,6.55360788956,6.48704022846,5.094855109941,5.113970957811,6.77134049506,7.34248930586,6.96227880287,6.95331073476,9.52558194443,9.52558194443,8.93658663756,9.525581944757,9.525581944757,9.525581944757,9.525581944757,9.525581944437,9.525581944437,9.525581944637,9.525581944707,9.525581944707,8.919271147214,8.608105696257,9.471006070937,9.525581944637,9.525581944637,9.525581944587,9.525581944587,9.525581944587,9.5255819445922,9.5255819445922,7.80513101846,7.43619138046,9.52558194456,9.52558194456,9.52558194454,9.52558194456,9.52558194456,9.52558194456,9.52558194426,9.5255819441,9.52558194404,9.52558194404,9.52558194401,9.52558194401,9.52558194401,9.525581944,8.8078472633,9.52558194451,9.52558194451,9.5255819445,7.87913464716,5.83441679244,7.95737899952,7.84743480159,9.52558194494,9.52558194494,7.67890102644,8.23821273469,9.5255819443,9.5255819443,9.1731939451,9.5255819444,9.525581944511,9.525581944511,9.525581944561,9.525581944561,9.52558194452,9.06747252792,9.52558194479,8.67032035564,8.02858082794,9.525581944444,9.525581944424,9.525581944424,9.525581944444,9.505655626844,9.525581944444,9.490617930744,9.525581944444,9.525581944444,6.232812982252,9.52558194478,9.52558194482,9.52558194482,9.52558194478,9.52558194478,9.52558194488,8.15720937208,9.00432482958,9.52558194448,9.52558194448,9.52558194455,9.52558194456,9.52558194456,8.98770369598,9.52558194458,9.52558194452,9.52558194452,9.52558194458,9.52558194456,9.52558194456,9.52558194448,9.52558194448,9.52558194472,9.52558194472,9.52558194478,7.91202723882,7.07659601602,9.52558194531,9.52558194531,9.52558194498,9.52558194498,8.61192617103,9.52558194501,9.52558194501,9.52558194501,7.93715881931,9.52558194441,9.360672754459,9.525581944399,9.525581944399,9.525581944399,9.213290973449,9.525581944549,9.324322533549,8.623184614949,9.52558194461,9.52558194461,6.73140057791,8.02128378561,8.60943525231,8.36774160021,8.29258318911,9.52558194451,9.52558194469,9.52558194469,8.93005257149,9.52558194461,7.11330054281,6.99685795041,6.28419518041
"t79",4.3355353644,1.2766059999,0,1.0191994204,2.0012599232,2.0012599232,1.7365996006,3.6925309885,4.33687956667,4.33687956667,6.55360788946,6.48704022836,5.094855109841,5.113970957711,6.77134049496,7.34248930576,6.96227880277,6.95331073466,9.52558194433,9.52558194433,8.93658663746,9.525581944657,9.525581944657,9.525581944657,9.525581944657,9.525581944337,9.525581944337,9.525581944537,9.525581944607,9.525581944607,8.919271147114,8.608105696157,9.471006070837,9.525581944537,9.525581944537,9.525581944487,9.525581944487,9.525581944487,9.5255819444922,9.5255819444922,7.80513101836,7.43619138036,9.52558194446,9.52558194446,9.52558194444,9.52558194446,9.52558194446,9.52558194446,9.52558194416,9.525581944,9.52558194394,9.52558194394,9.52558194391,9.52558194391,9.52558194391,9.5255819439,8.8078472632,9.52558194441,9.52558194441,9.5255819444,7.87913464706,5.83441679234,7.95737899942,7.84743480149,9.52558194484,9.52558194484,7.67890102634,8.23821273459,9.5255819442,9.5255819442,9.173193945,9.5255819443,9.525581944411,9.525581944411,9.525581944461,9.525581944461,9.52558194442,9.06747252782,9.52558194469,8.67032035554,8.02858082784,9.525581944344,9.525581944324,9.525581944324,9.525581944344,9.505655626744,9.525581944344,9.490617930644,9.525581944344,9.525581944344,6.232812982152,9.52558194468,9.52558194472,9.52558194472,9.52558194468,9.52558194468,9.52558194478,8.15720937198,9.00432482948,9.52558194438,9.52558194438,9.52558194445,9.52558194446,9.52558194446,8.98770369588,9.52558194448,9.52558194442,9.52558194442,9.52558194448,9.52558194446,9.52558194446,9.52558194438,9.52558194438,9.52558194462,9.52558194462,9.52558194468,7.91202723872,7.07659601592,9.52558194521,9.52558194521,9.52558194488,9.52558194488,8.61192617093,9.52558194491,9.52558194491,9.52558194491,7.93715881921,9.52558194431,9.360672754359,9.525581944299,9.525581944299,9.525581944299,9.213290973349,9.525581944449,9.324322533449,8.623184614849,9.52558194451,9.52558194451,6.73140057781,8.02128378551,8.60943525221,8.36774160011,8.29258318901,9.52558194441,9.52558194459,9.52558194459,8.93005257139,9.52558194451,7.11330054271,6.99685795031,6.28419518031
"t80",4.3355353644,1.2766059999,1.0191994204,0,2.0012599232,2.0012599232,1.7365996006,3.6925309885,4.33687956667,4.33687956667,6.55360788946,6.48704022836,5.094855109841,5.113970957711,6.77134049496,7.34248930576,6.96227880277,6.95331073466,9.52558194433,9.52558194433,8.93658663746,9.525581944657,9.525581944657,9.525581944657,9.525581944657,9.525581944337,9.525581944337,9.525581944537,9.525581944607,9.525581944607,8.919271147114,8.608105696157,9.471006070837,9.525581944537,9.525581944537,9.525581944487,9.525581944487,9.525581944487,9.5255819444922,9.5255819444922,7.80513101836,7.43619138036,9.52558194446,9.52558194446,9.52558194444,9.52558194446,9.52558194446,9.52558194446,9.52558194416,9.525581944,9.52558194394,9.52558194394,9.52558194391,9.52558194391,9.52558194391,9.5255819439,8.8078472632,9.52558194441,9.52558194441,9.5255819444,7.87913464706,5.83441679234,7.95737899942,7.84743480149,9.52558194484,9.52558194484,7.67890102634,8.23821273459,9.5255819442,9.5255819442,9.173193945,9.5255819443,9.525581944411,9.525581944411,9.525581944461,9.525581944461,9.52558194442,9.06747252782,9.52558194469,8.67032035554,8.02858082784,9.525581944344,9.525581944324,9.525581944324,9.525581944344,9.505655626744,9.525581944344,9.490617930644,9.525581944344,9.525581944344,6.232812982152,9.52558194468,9.52558194472,9.52558194472,9.52558194468,9.52558194468,9.52558194478,8.15720937198,9.00432482948,9.52558194438,9.52558194438,9.52558194445,9.52558194446,9.52558194446,8.98770369588,9.52558194448,9.52558194442,9.52558194442,9.52558194448,9.52558194446,9.52558194446,9.52558194438,9.52558194438,9.52558194462,9.52558194462,9.52558194468,7.91202723872,7.07659601592,9.52558194521,9.52558194521,9.52558194488,9.52558194488,8.61192617093,9.52558194491,9.52558194491,9.52558194491,7.93715881921,9.52558194431,9.360672754359,9.525581944299,9.525581944299,9.525581944299,9.213290973349,9.525581944449,9.324322533449,8.623184614849,9.52558194451,9.52558194451,6.73140057781,8.02128378551,8.60943525221,8.36774160011,8.29258318901,9.52558194441,9.52558194459,9.52558194459,8.93005257139,9.52558194451,7.11330054271,6.99685795031,6.28419518031
"t62",4.3355353644,2.0012599233,2.0012599232,2.0012599232,0,1.3862609216,1.7365996006,3.6925309885,4.33687956667,4.33687956667,6.55360788946,6.48704022836,5.094855109841,5.113970957711,6.77134049496,7.34248930576,6.96227880277,6.95331073466,9.52558194433,9.52558194433,8.93658663746,9.525581944657,9.525581944657,9.525581944657,9.525581944657,9.525581944337,9.525581944337,9.525581944537,9.525581944607,9.525581944607,8.919271147114,8.608105696157,9.471006070837,9.525581944537,9.525581944537,9.525581944487,9.525581944487,9.525581944487,9.5255819444922,9.5255819444922,7.80513101836,7.43619138036,9.52558194446,9.52558194446,9.52558194444,9.52558194446,9.52558194446,9.52558194446,9.52558194416,9.525581944,9.52558194394,9.52558194394,9.52558194391,9.52558194391,9.52558194391,9.5255819439,8.8078472632,9.52558194441,9.52558194441,9.5255819444,7.87913464706,5.83441679234,7.95737899942,7.84743480149,9.52558194484,9.52558194484,7.67890102634,8.23821273459,9.5255819442,9.5255819442,9.173193945,9.5255819443,9.525581944411,9.525581944411,9.525581944461,9.525581944461,9.52558194442,9.06747252782,9.52558194469,8.67032035554,8.02858082784,9.525581944344,9.525581944324,9.525581944324,9.525581944344,9.505655626744,9.525581944344,9.490617930644,9.525581944344,9.525581944344,6.232812982152,9.52558194468,9.52558194472,9.52558194472,9.52558194468,9.52558194468,9.52558194478,8.15720937198,9.00432482948,9.52558194438,9.52558194438,9.52558194445,9.52558194446,9.52558194446,8.98770369588,9.52558194448,9.52558194442,9.52558194442,9.52558194448,9.52558194446,9.52558194446,9.52558194438,9.52558194438,9.52558194462,9.52558194462,9.52558194468,7.91202723872,7.07659601592,9.52558194521,9.52558194521,9.52558194488,9.52558194488,8.61192617093,9.52558194491,9.52558194491,9.52558194491,7.93715881921,9.52558194431,9.360672754359,9.525581944299,9.525581944299,9.525581944299,9.213290973349,9.525581944449,9.324322533449,8.623184614849,9.52558194451,9.52558194451,6.73140057781,8.02128378551,8.60943525221,8.36774160011,8.29258318901,9.52558194441,9.52558194459,9.52558194459,8.93005257139,9.52558194451,7.11330054271,6.99685795031,6.28419518031
"t63",4.3355353644,2.0012599233,2.0012599232,2.0012599232,1.3862609216,0,1.7365996006,3.6925309885,4.33687956667,4.33687956667,6.55360788946,6.48704022836,5.094855109841,5.113970957711,6.77134049496,7.34248930576,6.96227880277,6.95331073466,9.52558194433,9.52558194433,8.93658663746,9.525581944657,9.525581944657,9.525581944657,9.525581944657,9.525581944337,9.525581944337,9.525581944537,9.525581944607,9.525581944607,8.919271147114,8.608105696157,9.471006070837,9.525581944537,9.525581944537,9.525581944487,9.525581944487,9.525581944487,9.5255819444922,9.5255819444922,7.80513101836,7.43619138036,9.52558194446,9.52558194446,9.52558194444,9.52558194446,9.52558194446,9.52558194446,9.52558194416,9.525581944,9.52558194394,9.52558194394,9.52558194391,9.52558194391,9.52558194391,9.5255819439,8.8078472632,9.52558194441,9.52558194441,9.5255819444,7.87913464706,5.83441679234,7.95737899942,7.84743480149,9.52558194484,9.52558194484,7.67890102634,8.23821273459,9.5255819442,9.5255819442,9.173193945,9.5255819443,9.525581944411,9.525581944411,9.525581944461,9.525581944461,9.52558194442,9.06747252782,9.52558194469,8.67032035554,8.02858082784,9.525581944344,9.525581944324,9.525581944324,9.525581944344,9.505655626744,9.525581944344,9.490617930644,9.525581944344,9.525581944344,6.232812982152,9.52558194468,9.52558194472,9.52558194472,9.52558194468,9.52558194468,9.52558194478,8.15720937198,9.00432482948,9.52558194438,9.52558194438,9.52558194445,9.52558194446,9.52558194446,8.98770369588,9.52558194448,9.52558194442,9.52558194442,9.52558194448,9.52558194446,9.52558194446,9.52558194438,9.52558194438,9.52558194462,9.52558194462,9.52558194468,7.91202723872,7.07659601592,9.52558194521,9.52558194521,9.52558194488,9.52558194488,8.61192617093,9.52558194491,9.52558194491,9.52558194491,7.93715881921,9.52558194431,9.360672754359,9.525581944299,9.525581944299,9.525581944299,9.213290973349,9.525581944449,9.324322533449,8.623184614849,9.52558194451,9.52558194451,6.73140057781,8.02128378551,8.60943525221,8.36774160011,8.29258318901,9.52558194441,9.52558194459,9.52558194459,8.93005257139,9.52558194451,7.11330054271,6.99685795031,6.28419518031
"t31",2.9117488084,1.7365996007,1.7365996006,1.7365996006,1.7365996006,1.7365996006,0,2.2687444325,2.91309301067,2.91309301067,5.12982133346,5.06325367236,3.671068553841,3.690184401711,5.34755393896,5.91870274976,5.53849224677,5.52952417866,8.10179538833,8.10179538833,7.51280008146,8.101795388657,8.101795388657,8.101795388657,8.101795388657,8.101795388337,8.101795388337,8.101795388537,8.101795388607,8.101795388607,7.495484591114,7.184319140157,8.047219514837,8.101795388537,8.101795388537,8.101795388487,8.101795388487,8.101795388487,8.1017953884922,8.1017953884922,6.38134446236,6.01240482436,8.10179538846,8.10179538846,8.10179538844,8.10179538846,8.10179538846,8.10179538846,8.10179538816,8.101795388,8.10179538794,8.10179538794,8.10179538791,8.10179538791,8.10179538791,8.1017953879,7.3840607072,8.10179538841,8.10179538841,8.1017953884,6.45534809106,4.41063023634,6.53359244342,6.42364824549,8.10179538884,8.10179538884,6.25511447034,6.81442617859,8.1017953882,8.1017953882,7.749407389,8.1017953883,8.101795388411,8.101795388411,8.101795388461,8.101795388461,8.10179538842,7.64368597182,8.10179538869,7.24653379954,6.60479427184,8.101795388344,8.101795388324,8.101795388324,8.101795388344,8.081869070744,8.101795388344,8.066831374644,8.101795388344,8.101795388344,4.809026426152,8.10179538868,8.10179538872,8.10179538872,8.10179538868,8.10179538868,8.10179538878,6.73342281598,7.58053827348,8.10179538838,8.10179538838,8.10179538845,8.10179538846,8.10179538846,7.56391713988,8.10179538848,8.10179538842,8.10179538842,8.10179538848,8.10179538846,8.10179538846,8.10179538838,8.10179538838,8.10179538862,8.10179538862,8.10179538868,6.48824068272,5.65280945992,8.10179538921,8.10179538921,8.10179538888,8.10179538888,7.18813961493,8.10179538891,8.10179538891,8.10179538891,6.51337226321,8.10179538831,7.936886198359,8.101795388299,8.101795388299,8.101795388299,7.789504417349,8.101795388449,7.900535977449,7.199398058849,8.10179538851,8.10179538851,5.30761402181,6.59749722951,7.18564869621,6.94395504411,6.86879663301,8.10179538841,8.10179538859,8.10179538859,7.50626601539,8.10179538851,5.68951398671,5.57307139431,4.86040862431
"t40",3.6911867855,3.6925309886,3.6925309885,3.6925309885,3.6925309885,3.6925309885,2.2687444325,0,1.59525370777,1.59525370777,5.90925931056,5.84269164946,4.450506530941,4.469622378811,6.12699191606,6.69814072686,6.31793022387,6.30896215576,8.88123336543,8.88123336543,8.29223805856,8.881233365757,8.881233365757,8.881233365757,8.881233365757,8.881233365437,8.881233365437,8.881233365637,8.881233365707,8.881233365707,8.274922568214,7.963757117257,8.826657491937,8.881233365637,8.881233365637,8.881233365587,8.881233365587,8.881233365587,8.8812333655922,8.8812333655922,7.16078243946,6.79184280146,8.88123336556,8.88123336556,8.88123336554,8.88123336556,8.88123336556,8.88123336556,8.88123336526,8.8812333651,8.88123336504,8.88123336504,8.88123336501,8.88123336501,8.88123336501,8.881233365,8.1634986843,8.88123336551,8.88123336551,8.8812333655,7.23478606816,5.19006821344,7.31303042052,7.20308622259,8.88123336594,8.88123336594,7.03455244744,7.59386415569,8.8812333653,8.8812333653,8.5288453661,8.8812333654,8.881233365511,8.881233365511,8.881233365561,8.881233365561,8.88123336552,8.42312394892,8.88123336579,8.02597177664,7.38423224894,8.881233365444,8.881233365424,8.881233365424,8.881233365444,8.861307047844,8.881233365444,8.846269351744,8.881233365444,8.881233365444,5.588464403252,8.88123336578,8.88123336582,8.88123336582,8.88123336578,8.88123336578,8.88123336588,7.51286079308,8.35997625058,8.88123336548,8.88123336548,8.88123336555,8.88123336556,8.88123336556,8.34335511698,8.88123336558,8.88123336552,8.88123336552,8.88123336558,8.88123336556,8.88123336556,8.88123336548,8.88123336548,8.88123336572,8.88123336572,8.88123336578,7.26767865982,6.43224743702,8.88123336631,8.88123336631,8.88123336598,8.88123336598,7.96757759203,8.88123336601,8.88123336601,8.88123336601,7.29281024031,8.88123336541,8.716324175459,8.881233365399,8.881233365399,8.881233365399,8.568942394449,8.881233365549,8.679973954549,7.978836035949,8.88123336561,8.88123336561,6.08705199891,7.37693520661,7.96508667331,7.72339302121,7.64823461011,8.88123336551,8.88123336569,8.88123336569,8.28570399249,8.88123336561,6.46895196381,6.35250937141,5.63984660141
"t144",4.33553536367,4.33687956677,4.33687956667,4.33687956667,4.33687956667,4.33687956667,2.91309301067,1.59525370777,0,0.04024665594,6.55360788873,6.48704022763,5.094855109111,5.113970956981,6.77134049423,7.34248930503,6.96227880204,6.95331073393,9.5255819436,9.5255819436,8.93658663673,9.525581943927,9.525581943927,9.525581943927,9.525581943927,9.525581943607,9.525581943607,9.525581943807,9.525581943877,9.525581943877,8.919271146384,8.608105695427,9.471006070107,9.525581943807,9.525581943807,9.525581943757,9.525581943757,9.525581943757,9.5255819437622,9.5255819437622,7.80513101763,7.43619137963,9.52558194373,9.52558194373,9.52558194371,9.52558194373,9.52558194373,9.52558194373,9.52558194343,9.52558194327,9.52558194321,9.52558194321,9.52558194318,9.52558194318,9.52558194318,9.52558194317,8.80784726247,9.52558194368,9.52558194368,9.52558194367,7.87913464633,5.83441679161,7.95737899869,7.84743480076,9.52558194411,9.52558194411,7.67890102561,8.23821273386,9.52558194347,9.52558194347,9.17319394427,9.52558194357,9.525581943681,9.525581943681,9.525581943731,9.525581943731,9.52558194369,9.06747252709,9.52558194396,8.67032035481,8.02858082711,9.525581943614,9.525581943594,9.525581943594,9.525581943614,9.505655626014,9.525581943614,9.490617929914,9.525581943614,9.525581943614,6.232812981422,9.52558194395,9.52558194399,9.52558194399,9.52558194395,9.52558194395,9.52558194405,8.15720937125,9.00432482875,9.52558194365,9.52558194365,9.52558194372,9.52558194373,9.52558194373,8.98770369515,9.52558194375,9.52558194369,9.52558194369,9.52558194375,9.52558194373,9.52558194373,9.52558194365,9.52558194365,9.52558194389,9.52558194389,9.52558194395,7.91202723799,7.07659601519,9.52558194448,9.52558194448,9.52558194415,9.52558194415,8.6119261702,9.52558194418,9.52558194418,9.52558194418,7.93715881848,9.52558194358,9.360672753629,9.525581943569,9.525581943569,9.525581943569,9.213290972619,9.525581943719,9.324322532719,8.623184614119,9.52558194378,9.52558194378,6.73140057708,8.02128378478,8.60943525148,8.36774159938,8.29258318828,9.52558194368,9.52558194386,9.52558194386,8.93005257066,9.52558194378,7.11330054198,6.99685794958,6.28419517958
"t145",4.33553536367,4.33687956677,4.33687956667,4.33687956667,4.33687956667,4.33687956667,2.91309301067,1.59525370777,0.04024665594,0,6.55360788873,6.48704022763,5.094855109111,5.113970956981,6.77134049423,7.34248930503,6.96227880204,6.95331073393,9.5255819436,9.5255819436,8.93658663673,9.525581943927,9.525581943927,9.525581943927,9.525581943927,9.525581943607,9.525581943607,9.525581943807,9.525581943877,9.525581943877,8.919271146384,8.608105695427,9.471006070107,9.525581943807,9.525581943807,9.525581943757,9.525581943757,9.525581943757,9.5255819437622,9.5255819437622,7.80513101763,7.43619137963,9.52558194373,9.52558194373,9.52558194371,9.52558194373,9.52558194373,9.52558194373,9.52558194343,9.52558194327,9.52558194321,9.52558194321,9.52558194318,9.52558194318,9.52558194318,9.52558194317,8.80784726247,9.52558194368,9.52558194368,9.52558194367,7.87913464633,5.83441679161,7.95737899869,7.84743480076,9.52558194411,9.52558194411,7.67890102561,8.23821273386,9.52558194347,9.52558194347,9.17319394427,9.52558194357,9.525581943681,9.525581943681,9.525581943731,9.525581943731,9.52558194369,9.06747252709,9.52558194396,8.67032035481,8.02858082711,9.525581943614,9.525581943594,9.525581943594,9.525581943614,9.505655626014,9.525581943614,9.490617929914,9.525581943614,9.525581943614,6.232812981422,9.52558194395,9.52558194399,9.52558194399,9.52558194395,9.52558194395,9.52558194405,8.15720937125,9.00432482875,9.52558194365,9.52558194365,9.52558194372,9.52558194373,9.52558194373,8.98770369515,9.52558194375,9.52558194369,9.52558194369,9.52558194375,9.52558194373,9.52558194373,9.52558194365,9.52558194365,9.52558194389,9.52558194389,9.52558194395,7.91202723799,7.07659601519,9.52558194448,9.52558194448,9.52558194415,9.52558194415,8.6119261702,9.52558194418,9.52558194418,9.52558194418,7.93715881848,9.52558194358,9.360672753629,9.525581943569,9.525581943569,9.525581943569,9.213290972619,9.525581943719,9.324322532719,8.623184614119,9.52558194378,9.52558194378,6.73140057708,8.02128378478,8.60943525148,8.36774159938,8.29258318828,9.52558194368,9.52558194386,9.52558194386,8.93005257066,9.52558194378,7.11330054198,6.99685794958,6.28419517958
"t9",4.77419527706,6.55360788956,6.55360788946,6.55360788946,6.55360788946,6.55360788946,5.12982133346,5.90925931056,6.55360788873,6.55360788873,0,0.9763022667,2.067936844181,2.087052692051,3.7444222293,4.3155710401,3.93536053711,3.926392469,6.49866367867,6.49866367867,5.9096683718,6.498663678997,6.498663678997,6.498663678997,6.498663678997,6.498663678677,6.498663678677,6.498663678877,6.498663678947,6.498663678947,5.892352881454,5.581187430497,6.444087805177,6.498663678877,6.498663678877,6.498663678827,6.498663678827,6.498663678827,6.4986636788322,6.4986636788322,4.7782127527,4.4092731147,6.4986636788,6.4986636788,6.49866367878,6.4986636788,6.4986636788,6.4986636788,6.4986636785,6.49866367834,6.49866367828,6.49866367828,6.49866367825,6.49866367825,6.49866367825,6.49866367824,5.78092899754,6.49866367875,6.49866367875,6.49866367874,4.8522163814,2.80749852668,4.93046073376,4.82051653583,6.49866367918,6.49866367918,4.65198276068,5.21129446893,6.49866367854,6.49866367854,6.14627567934,6.49866367864,6.498663678751,6.498663678751,6.498663678801,6.498663678801,6.49866367876,6.04055426216,6.49866367903,5.64340208988,5.00166256218,6.498663678684,6.498663678664,6.498663678664,6.498663678684,6.478737361084,6.498663678684,6.463699664984,6.498663678684,6.498663678684,3.205894716492,6.49866367902,6.49866367906,6.49866367906,6.49866367902,6.49866367902,6.49866367912,5.13029110632,5.97740656382,6.49866367872,6.49866367872,6.49866367879,6.4986636788,6.4986636788,5.96078543022,6.49866367882,6.49866367876,6.49866367876,6.49866367882,6.4986636788,6.4986636788,6.49866367872,6.49866367872,6.49866367896,6.49866367896,6.49866367902,4.88510897306,4.04967775026,6.49866367955,6.49866367955,6.49866367922,6.49866367922,5.58500790527,6.49866367925,6.49866367925,6.49866367925,4.91024055355,6.49866367865,6.333754488699,6.498663678639,6.498663678639,6.498663678639,6.186372707689,6.498663678789,6.297404267789,5.596266349189,6.49866367885,6.49866367885,3.70448231215,4.99436551985,5.58251698655,5.34082333445,5.26566492335,6.49866367875,6.49866367893,6.49866367893,5.90313430573,6.49866367885,4.08638227705,3.96993968465,3.25727691465
"t10",4.70762761596,6.48704022846,6.48704022836,6.48704022836,6.48704022836,6.48704022836,5.06325367236,5.84269164946,6.48704022763,6.48704022763,0.9763022667,0,2.001369183081,2.020485030951,3.6778545682,4.249003379,3.86879287601,3.8598248079,6.43209601757,6.43209601757,5.8431007107,6.432096017897,6.432096017897,6.432096017897,6.432096017897,6.432096017577,6.432096017577,6.432096017777,6.432096017847,6.432096017847,5.825785220354,5.514619769397,6.377520144077,6.432096017777,6.432096017777,6.432096017727,6.432096017727,6.432096017727,6.4320960177322,6.4320960177322,4.7116450916,4.3427054536,6.4320960177,6.4320960177,6.43209601768,6.4320960177,6.4320960177,6.4320960177,6.4320960174,6.43209601724,6.43209601718,6.43209601718,6.43209601715,6.43209601715,6.43209601715,6.43209601714,5.71436133644,6.43209601765,6.43209601765,6.43209601764,4.7856487203,2.74093086558,4.86389307266,4.75394887473,6.43209601808,6.43209601808,4.58541509958,5.14472680783,6.43209601744,6.43209601744,6.07970801824,6.43209601754,6.432096017651,6.432096017651,6.432096017701,6.432096017701,6.43209601766,5.97398660106,6.43209601793,5.57683442878,4.93509490108,6.432096017584,6.432096017564,6.432096017564,6.432096017584,6.412169699984,6.432096017584,6.397132003884,6.432096017584,6.432096017584,3.139327055392,6.43209601792,6.43209601796,6.43209601796,6.43209601792,6.43209601792,6.43209601802,5.06372344522,5.91083890272,6.43209601762,6.43209601762,6.43209601769,6.4320960177,6.4320960177,5.89421776912,6.43209601772,6.43209601766,6.43209601766,6.43209601772,6.4320960177,6.4320960177,6.43209601762,6.43209601762,6.43209601786,6.43209601786,6.43209601792,4.81854131196,3.98311008916,6.43209601845,6.43209601845,6.43209601812,6.43209601812,5.51844024417,6.43209601815,6.43209601815,6.43209601815,4.84367289245,6.43209601755,6.267186827599,6.432096017539,6.432096017539,6.432096017539,6.119805046589,6.432096017689,6.230836606689,5.529698688089,6.43209601775,6.43209601775,3.63791465105,4.92779785875,5.51594932545,5.27425567335,5.19909726225,6.43209601765,6.43209601783,6.43209601783,5.83656664463,6.43209601775,4.01981461595,3.90337202355,3.19070925355
"t1",3.315442497441,5.094855109941,5.094855109841,5.094855109841,5.094855109841,5.094855109841,3.671068553841,4.450506530941,5.094855109111,5.094855109111,2.067936844181,2.001369183081,0,0.20766001653,1.870654371281,2.441803182081,2.061592679091,2.052624610981,4.624895820651,4.624895820651,4.035900513781,4.624895820978,4.624895820978,4.624895820978,4.624895820978,4.624895820658,4.624895820658,4.624895820858,4.624895820928,4.624895820928,4.018585023435,3.707419572478,4.570319947158,4.624895820858,4.624895820858,4.624895820808,4.624895820808,4.624895820808,4.6248958208132,4.6248958208132,2.904444894681,2.535505256681,4.745301109181,4.745301109181,4.745301109161,4.745301109181,4.745301109181,4.745301109181,4.745301108881,4.745301108721,4.745301108661,4.745301108661,4.745301108631,4.745301108631,4.745301108631,4.745301108621,4.027566427921,4.745301109131,4.745301109131,4.745301109121,3.098853811781,1.054135957061,3.177098164141,3.067153966211,4.745301109561,4.745301109561,2.898620191061,3.457931899311,4.745301108921,4.745301108921,4.392913109721,4.745301109021,4.745301109132,4.745301109132,4.745301109182,4.745301109182,4.745301109141,4.287191692541,4.745301109411,3.890039520261,3.248299992561,4.745301109065,4.745301109045,4.745301109045,4.745301109065,4.725374791465,4.745301109065,4.710337095365,4.745301109065,4.745301109065,1.452532146873,4.745301109401,4.745301109441,4.745301109441,4.745301109401,4.745301109401,4.745301109501,3.376928536701,4.224043994201,4.745301109101,4.745301109101,4.745301109171,4.745301109181,4.745301109181,4.207422860601,4.745301109201,4.745301109141,4.745301109141,4.745301109201,4.745301109181,4.745301109181,4.745301109101,4.745301109101,4.745301109341,4.745301109341,4.745301109401,3.131746403441,2.296315180641,4.745301109931,4.745301109931,4.745301109601,4.745301109601,3.831645335651,4.745301109631,4.745301109631,4.745301109631,3.156877983931,4.745301109031,4.58039191908,4.74530110902,4.74530110902,4.74530110902,4.43301013807,4.74530110917,4.54404169817,3.84290377957,4.745301109231,4.745301109231,1.951119742531,3.241002950231,3.829154416931,3.587460764831,3.512302353731,4.745301109131,4.745301109311,4.745301109311,4.149771736111,4.745301109231,2.333019707431,2.216577115031,1.503914345031
"t2",3.334558345311,5.113970957811,5.113970957711,5.113970957711,5.113970957711,5.113970957711,3.690184401711,4.469622378811,5.113970956981,5.113970956981,2.087052692051,2.020485030951,0.20766001653,0,1.889770219151,2.460919029951,2.080708526961,2.071740458851,4.644011668521,4.644011668521,4.055016361651,4.644011668848,4.644011668848,4.644011668848,4.644011668848,4.644011668528,4.644011668528,4.644011668728,4.644011668798,4.644011668798,4.037700871305,3.726535420348,4.589435795028,4.644011668728,4.644011668728,4.644011668678,4.644011668678,4.644011668678,4.6440116686832,4.6440116686832,2.923560742551,2.554621104551,4.764416957051,4.764416957051,4.764416957031,4.764416957051,4.764416957051,4.764416957051,4.764416956751,4.764416956591,4.764416956531,4.764416956531,4.764416956501,4.764416956501,4.764416956501,4.764416956491,4.046682275791,4.764416957001,4.764416957001,4.764416956991,3.117969659651,1.073251804931,3.196214012011,3.086269814081,4.764416957431,4.764416957431,2.917736038931,3.477047747181,4.764416956791,4.764416956791,4.412028957591,4.764416956891,4.764416957002,4.764416957002,4.764416957052,4.764416957052,4.764416957011,4.306307540411,4.764416957281,3.909155368131,3.267415840431,4.764416956935,4.764416956915,4.764416956915,4.764416956935,4.744490639335,4.764416956935,4.729452943235,4.764416956935,4.764416956935,1.471647994743,4.764416957271,4.764416957311,4.764416957311,4.764416957271,4.764416957271,4.764416957371,3.396044384571,4.243159842071,4.764416956971,4.764416956971,4.764416957041,4.764416957051,4.764416957051,4.226538708471,4.764416957071,4.764416957011,4.764416957011,4.764416957071,4.764416957051,4.764416957051,4.764416956971,4.764416956971,4.764416957211,4.764416957211,4.764416957271,3.150862251311,2.315431028511,4.764416957801,4.764416957801,4.764416957471,4.764416957471,3.850761183521,4.764416957501,4.764416957501,4.764416957501,3.175993831801,4.764416956901,4.59950776695,4.76441695689,4.76441695689,4.76441695689,4.45212598594,4.76441695704,4.56315754604,3.86201962744,4.764416957101,4.764416957101,1.970235590401,3.260118798101,3.848270264801,3.606576612701,3.531418201601,4.764416957001,4.764416957181,4.764416957181,4.168887583981,4.764416957101,2.352135555301,2.235692962901,1.523030192901
"t8",4.99192788256,6.77134049506,6.77134049496,6.77134049496,6.77134049496,6.77134049496,5.34755393896,6.12699191606,6.77134049423,6.77134049423,3.7444222293,3.6778545682,1.870654371281,1.889770219151,0,2.1648632678,1.78465276481,1.7756846967,4.34795590637,4.34795590637,3.7589605995,4.347955906697,4.347955906697,4.347955906697,4.347955906697,4.347955906377,4.347955906377,4.347955906577,4.347955906647,4.347955906647,3.741645109154,3.430479658197,4.293380032877,4.347955906577,4.347955906577,4.347955906527,4.347955906527,4.347955906527,4.3479559065322,4.3479559065322,2.6275049804,4.1263230086,6.4217864943,6.4217864943,6.42178649428,6.4217864943,6.4217864943,6.4217864943,6.421786494,6.42178649384,6.42178649378,6.42178649378,6.42178649375,6.42178649375,6.42178649375,6.42178649374,5.70405181304,6.42178649425,6.42178649425,6.42178649424,4.7753391969,2.73062134218,4.85358354926,4.74363935133,6.42178649468,6.42178649468,4.57510557618,5.13441728443,6.42178649404,6.42178649404,6.06939849484,6.42178649414,6.421786494251,6.421786494251,6.421786494301,6.421786494301,6.42178649426,5.96367707766,6.42178649453,5.56652490538,4.92478537768,6.421786494184,6.421786494164,6.421786494164,6.421786494184,6.401860176584,6.421786494184,6.386822480484,6.421786494184,6.421786494184,3.129017531992,6.42178649452,6.42178649456,6.42178649456,6.42178649452,6.42178649452,6.42178649462,5.05341392182,5.90052937932,6.42178649422,6.42178649422,6.42178649429,6.4217864943,6.4217864943,5.88390824572,6.42178649432,6.42178649426,6.42178649426,6.42178649432,6.4217864943,6.4217864943,6.42178649422,6.42178649422,6.42178649446,6.42178649446,6.42178649452,4.80823178856,3.97280056576,6.42178649505,6.42178649505,6.42178649472,6.42178649472,5.50813072077,6.42178649475,6.42178649475,6.42178649475,4.83336336905,6.42178649415,6.256877304199,6.421786494139,6.421786494139,6.421786494139,6.109495523189,6.421786494289,6.220527083289,5.519389164689,6.42178649435,6.42178649435,3.62760512765,4.91748833535,5.50563980205,5.26394614995,5.18878773885,6.42178649425,6.42178649443,6.42178649443,5.82625712123,6.42178649435,4.00950509255,3.89306250015,3.18039973015
"t21",5.56307669336,7.34248930586,7.34248930576,7.34248930576,7.34248930576,7.34248930576,5.91870274976,6.69814072686,7.34248930503,7.34248930503,4.3155710401,4.249003379,2.441803182081,2.460919029951,2.1648632678,0,0.44445935021,1.4218241721,3.99409538177,3.99409538177,3.4051000749,3.994095382097,3.994095382097,3.994095382097,3.994095382097,3.994095381777,3.994095381777,3.994095381977,3.994095382047,3.994095382047,3.387784584554,3.076619133597,3.939519508277,3.994095381977,3.994095381977,3.994095381927,3.994095381927,3.994095381927,3.9940953819322,3.9940953819322,2.2736444558,4.6974718194,6.9929353051,6.9929353051,6.99293530508,6.9929353051,6.9929353051,6.9929353051,6.9929353048,6.99293530464,6.99293530458,6.99293530458,6.99293530455,6.99293530455,6.99293530455,6.99293530454,6.27520062384,6.99293530505,6.99293530505,6.99293530504,5.3464880077,3.30177015298,5.42473236006,5.31478816213,6.99293530548,6.99293530548,5.14625438698,5.70556609523,6.99293530484,6.99293530484,6.64054730564,6.99293530494,6.992935305051,6.992935305051,6.992935305101,6.992935305101,6.99293530506,6.53482588846,6.99293530533,6.13767371618,5.49593418848,6.992935304984,6.992935304964,6.992935304964,6.992935304984,6.973008987384,6.992935304984,6.957971291284,6.992935304984,6.992935304984,3.700166342792,6.99293530532,6.99293530536,6.99293530536,6.99293530532,6.99293530532,6.99293530542,5.62456273262,6.47167819012,6.99293530502,6.99293530502,6.99293530509,6.9929353051,6.9929353051,6.45505705652,6.99293530512,6.99293530506,6.99293530506,6.99293530512,6.9929353051,6.9929353051,6.99293530502,6.99293530502,6.99293530526,6.99293530526,6.99293530532,5.37938059936,4.54394937656,6.99293530585,6.99293530585,6.99293530552,6.99293530552,6.07927953157,6.99293530555,6.99293530555,6.99293530555,5.40451217985,6.99293530495,6.828026114999,6.992935304939,6.992935304939,6.992935304939,6.680644333989,6.992935305089,6.791675894089,6.090537975489,6.99293530515,6.99293530515,4.19875393845,5.48863714615,6.07678861285,5.83509496075,5.75993654965,6.99293530505,6.99293530523,6.99293530523,6.39740593203,6.99293530515,4.58065390335,4.46421131095,3.75154854095
"t22",5.18286619037,6.96227880287,6.96227880277,6.96227880277,6.96227880277,6.96227880277,5.53849224677,6.31793022387,6.96227880204,6.96227880204,3.93536053711,3.86879287601,2.061592679091,2.080708526961,1.78465276481,0.44445935021,0,1.04161366911,3.61388487878,3.61388487878,3.02488957191,3.613884879107,3.613884879107,3.613884879107,3.613884879107,3.613884878787,3.613884878787,3.613884878987,3.613884879057,3.613884879057,3.007574081564,2.696408630607,3.559309005287,3.613884878987,3.613884878987,3.613884878937,3.613884878937,3.613884878937,3.6138848789422,3.6138848789422,1.89343395281,4.31726131641,6.61272480211,6.61272480211,6.61272480209,6.61272480211,6.61272480211,6.61272480211,6.61272480181,6.61272480165,6.61272480159,6.61272480159,6.61272480156,6.61272480156,6.61272480156,6.61272480155,5.89499012085,6.61272480206,6.61272480206,6.61272480205,4.96627750471,2.92155964999,5.04452185707,4.93457765914,6.61272480249,6.61272480249,4.76604388399,5.32535559224,6.61272480185,6.61272480185,6.26033680265,6.61272480195,6.612724802061,6.612724802061,6.612724802111,6.612724802111,6.61272480207,6.15461538547,6.61272480234,5.75746321319,5.11572368549,6.612724801994,6.612724801974,6.612724801974,6.612724801994,6.592798484394,6.612724801994,6.577760788294,6.612724801994,6.612724801994,3.319955839802,6.61272480233,6.61272480237,6.61272480237,6.61272480233,6.61272480233,6.61272480243,5.24435222963,6.09146768713,6.61272480203,6.61272480203,6.6127248021,6.61272480211,6.61272480211,6.07484655353,6.61272480213,6.61272480207,6.61272480207,6.61272480213,6.61272480211,6.61272480211,6.61272480203,6.61272480203,6.61272480227,6.61272480227,6.61272480233,4.99917009637,4.16373887357,6.61272480286,6.61272480286,6.61272480253,6.61272480253,5.69906902858,6.61272480256,6.61272480256,6.61272480256,5.02430167686,6.61272480196,6.447815612009,6.612724801949,6.612724801949,6.612724801949,6.300433830999,6.612724802099,6.411465391099,5.710327472499,6.61272480216,6.61272480216,3.81854343546,5.10842664316,5.69657810986,5.45488445776,5.37972604666,6.61272480206,6.61272480224,6.61272480224,6.01719542904,6.61272480216,4.20044340036,4.08400080796,3.37133803796
"t19",5.17389812226,6.95331073476,6.95331073466,6.95331073466,6.95331073466,6.95331073466,5.52952417866,6.30896215576,6.95331073393,6.95331073393,3.926392469,3.8598248079,2.052624610981,2.071740458851,1.7756846967,1.4218241721,1.04161366911,0,2.83737922187,2.83737922187,2.248383915,2.837379222197,2.837379222197,2.837379222197,2.837379222197,2.837379221877,2.837379221877,2.837379222077,2.837379222147,2.837379222147,2.231068424654,1.919902973697,2.782803348377,2.837379222077,2.837379222077,2.837379222027,2.837379222027,2.837379222027,2.8373792220322,2.8373792220322,1.1169282959,4.3082932483,6.603756734,6.603756734,6.60375673398,6.603756734,6.603756734,6.603756734,6.6037567337,6.60375673354,6.60375673348,6.60375673348,6.60375673345,6.60375673345,6.60375673345,6.60375673344,5.88602205274,6.60375673395,6.60375673395,6.60375673394,4.9573094366,2.91259158188,5.03555378896,4.92560959103,6.60375673438,6.60375673438,4.75707581588,5.31638752413,6.60375673374,6.60375673374,6.25136873454,6.60375673384,6.603756733951,6.603756733951,6.603756734001,6.603756734001,6.60375673396,6.14564731736,6.60375673423,5.74849514508,5.10675561738,6.603756733884,6.603756733864,6.603756733864,6.603756733884,6.583830416284,6.603756733884,6.568792720184,6.603756733884,6.603756733884,3.310987771692,6.60375673422,6.60375673426,6.60375673426,6.60375673422,6.60375673422,6.60375673432,5.23538416152,6.08249961902,6.60375673392,6.60375673392,6.60375673399,6.603756734,6.603756734,6.06587848542,6.60375673402,6.60375673396,6.60375673396,6.60375673402,6.603756734,6.603756734,6.60375673392,6.60375673392,6.60375673416,6.60375673416,6.60375673422,4.99020202826,4.15477080546,6.60375673475,6.60375673475,6.60375673442,6.60375673442,5.69010096047,6.60375673445,6.60375673445,6.60375673445,5.01533360875,6.60375673385,6.438847543899,6.603756733839,6.603756733839,6.603756733839,6.291465762889,6.603756733989,6.402497322989,5.701359404389,6.60375673405,6.60375673405,3.80957536735,5.09945857505,5.68761004175,5.44591638965,5.37075797855,6.60375673395,6.60375673413,6.60375673413,6.00822736093,6.60375673405,4.19147533225,4.07503273985,3.36236996985
