"","t1","t13","t38","t39","t11","t12","t97","t98","t91","t59","t21","t71","t72","t43","t44","t48","t89","t90","t84","t95","t96","t26","t27","t45","t99","t100","t75","t19","t4","t76","t77","t52","t33","t57","t58","t18","t37","t53","t54","t31","t32","t15","t80","t81","t49","t41","t42","t40","t5","t9","t87","t88","t25","t10","t60","t61","t64","t65","t85","t86","t24","t62","t63","t46","t69","t70","t78","t79","t92","t93","t94","t28","t29","t30","t55","t56","t36","t16","t17","t50","t51","t7","t8","t3","t67","t68","t34","t35","t82","t83","t66","t47","t73","t74","t14","t6","t22","t23","t20","t2"
"t1",0,5.288669624,5.2886696243,5.2886696243,5.6145505497,5.6145505497,6.915479900349,6.915479900349,6.91547990035,6.9154799004,6.9154799003,6.9154799003,6.9154799003,6.9154799003,6.9154799003,6.9154799004,6.91547990043,6.91547990043,7.2570029967,7.25700299674,7.25700299674,7.25700299721,7.25700299721,7.25700299693,7.2570029969122,7.2570029969122,7.25700299693,7.25700299693,7.25700299723,7.25700299743,7.25700299743,7.25700299743,7.25700299743,7.2570029972,7.2570029972,7.2570029971,7.2570029971,7.257002997,7.257002997,7.2570029971,7.2570029971,7.25700299675,7.25700299715,7.25700299715,7.25700299715,7.25700299712,7.25700299712,7.25700299705,7.25700299665,7.257002996619,7.257002997169,7.257002997169,7.257002997119,7.257002996719,7.257002997119,7.257002997119,7.257002997019,7.257002997019,7.257002997049,7.257002997049,7.257002997119,7.257002997189,7.257002997189,7.257002997132,7.257002997232,7.257002997232,7.257002997189,7.257002997189,7.257002997169,7.257002997171,7.257002997171,7.257002997199,7.257002997119,7.257002997119,7.25700299715,7.25700299715,7.25700299715,7.25700299715,7.25700299715,7.2570029975,7.2570029975,7.25700299683,7.25700299683,7.25700299693,7.25700299703,7.25700299703,7.25700299713,7.25700299713,7.25700299663,7.25700299663,7.25700299663,7.25700299663,7.2570029971,7.2570029971,7.2570029969,7.2570029971,7.25700299703,7.25700299703,7.2570029971,7.2570029975
"t13",5.288669624,0,2.2313046263,2.2313046263,5.6145505497,5.6145505497,6.915479900349,6.915479900349,6.91547990035,6.9154799004,6.9154799003,6.9154799003,6.9154799003,6.9154799003,6.9154799003,6.9154799004,6.91547990043,6.91547990043,7.2570029967,7.25700299674,7.25700299674,7.25700299721,7.25700299721,7.25700299693,7.2570029969122,7.2570029969122,7.25700299693,7.25700299693,7.25700299723,7.25700299743,7.25700299743,7.25700299743,7.25700299743,7.2570029972,7.2570029972,7.2570029971,7.2570029971,7.257002997,7.257002997,7.2570029971,7.2570029971,7.25700299675,7.25700299715,7.25700299715,7.25700299715,7.25700299712,7.25700299712,7.25700299705,7.25700299665,7.257002996619,7.257002997169,7.257002997169,7.257002997119,7.257002996719,7.257002997119,7.257002997119,7.257002997019,7.257002997019,7.257002997049,7.257002997049,7.257002997119,7.257002997189,7.257002997189,7.257002997132,7.257002997232,7.257002997232,7.257002997189,7.257002997189,7.257002997169,7.257002997171,7.257002997171,7.257002997199,7.257002997119,7.257002997119,7.25700299715,7.25700299715,7.25700299715,7.25700299715,7.25700299715,7.2570029975,7.2570029975,7.25700299683,7.25700299683,7.25700299693,7.25700299703,7.25700299703,7.25700299713,7.25700299713,7.25700299663,7.25700299663,7.25700299663,7.25700299663,7.2570029971,7.2570029971,7.2570029969,7.2570029971,7.25700299703,7.25700299703,7.2570029971,7.2570029975
"t38",5.2886696243,2.2313046263,0,1.3204830312,5.61455055,5.61455055,6.915479900649,6.915479900649,6.91547990065,6.9154799007,6.9154799006,6.9154799006,6.9154799006,6.9154799006,6.9154799006,6.9154799007,6.91547990073,6.91547990073,7.257002997,7.25700299704,7.25700299704,7.25700299751,7.25700299751,7.25700299723,7.2570029972122,7.2570029972122,7.25700299723,7.25700299723,7.25700299753,7.25700299773,7.25700299773,7.25700299773,7.25700299773,7.2570029975,7.2570029975,7.2570029974,7.2570029974,7.2570029973,7.2570029973,7.2570029974,7.2570029974,7.25700299705,7.25700299745,7.25700299745,7.25700299745,7.25700299742,7.25700299742,7.25700299735,7.25700299695,7.257002996919,7.257002997469,7.257002997469,7.257002997419,7.257002997019,7.257002997419,7.257002997419,7.257002997319,7.257002997319,7.257002997349,7.257002997349,7.257002997419,7.257002997489,7.257002997489,7.257002997432,7.257002997532,7.257002997532,7.257002997489,7.257002997489,7.257002997469,7.257002997471,7.257002997471,7.257002997499,7.257002997419,7.257002997419,7.25700299745,7.25700299745,7.25700299745,7.25700299745,7.25700299745,7.2570029978,7.2570029978,7.25700299713,7.25700299713,7.25700299723,7.25700299733,7.25700299733,7.25700299743,7.25700299743,7.25700299693,7.25700299693,7.25700299693,7.25700299693,7.2570029974,7.2570029974,7.2570029972,7.2570029974,7.25700299733,7.25700299733,7.2570029974,7.2570029978
"t39",5.2886696243,2.2313046263,1.3204830312,0,5.61455055,5.61455055,6.915479900649,6.915479900649,6.91547990065,6.9154799007,6.9154799006,6.9154799006,6.9154799006,6.9154799006,6.9154799006,6.9154799007,6.91547990073,6.91547990073,7.257002997,7.25700299704,7.25700299704,7.25700299751,7.25700299751,7.25700299723,7.2570029972122,7.2570029972122,7.25700299723,7.25700299723,7.25700299753,7.25700299773,7.25700299773,7.25700299773,7.25700299773,7.2570029975,7.2570029975,7.2570029974,7.2570029974,7.2570029973,7.2570029973,7.2570029974,7.2570029974,7.25700299705,7.25700299745,7.25700299745,7.25700299745,7.25700299742,7.25700299742,7.25700299735,7.25700299695,7.257002996919,7.257002997469,7.257002997469,7.257002997419,7.257002997019,7.257002997419,7.257002997419,7.257002997319,7.257002997319,7.257002997349,7.257002997349,7.257002997419,7.257002997489,7.257002997489,7.257002997432,7.257002997532,7.257002997532,7.257002997489,7.257002997489,7.257002997469,7.257002997471,7.257002997471,7.257002997499,7.257002997419,7.257002997419,7.25700299745,7.25700299745,7.25700299745,7.25700299745,7.25700299745,7.2570029978,7.2570029978,7.25700299713,7.25700299713,7.25700299723,7.25700299733,7.25700299733,7.25700299743,7.25700299743,7.25700299693,7.25700299693,7.25700299693,7.25700299693,7.2570029974,7.2570029974,7.2570029972,7.2570029974,7.25700299733,7.25700299733,7.2570029974,7.2570029978
"t11",5.6145505497,5.6145505497,5.61455055,5.61455055,0,2.384384242,6.915479900649,6.915479900649,6.91547990065,6.9154799007,6.9154799006,6.9154799006,6.9154799006,6.9154799006,6.9154799006,6.9154799007,6.91547990073,6.91547990073,7.257002997,7.25700299704,7.25700299704,7.25700299751,7.25700299751,7.25700299723,7.2570029972122,7.2570029972122,7.25700299723,7.25700299723,7.25700299753,7.25700299773,7.25700299773,7.25700299773,7.25700299773,7.2570029975,7.2570029975,7.2570029974,7.2570029974,7.2570029973,7.2570029973,7.2570029974,7.2570029974,7.25700299705,7.25700299745,7.25700299745,7.25700299745,7.25700299742,7.25700299742,7.25700299735,7.25700299695,7.257002996919,7.257002997469,7.257002997469,7.257002997419,7.257002997019,7.257002997419,7.257002997419,7.257002997319,7.257002997319,7.257002997349,7.257002997349,7.257002997419,7.257002997489,7.257002997489,7.257002997432,7.257002997532,7.257002997532,7.257002997489,7.257002997489,7.257002997469,7.257002997471,7.257002997471,7.257002997499,7.257002997419,7.257002997419,7.25700299745,7.25700299745,7.25700299745,7.25700299745,7.25700299745,7.2570029978,7.2570029978,7.25700299713,7.25700299713,7.25700299723,7.25700299733,7.25700299733,7.25700299743,7.25700299743,7.25700299693,7.25700299693,7.25700299693,7.25700299693,7.2570029974,7.2570029974,7.2570029972,7.2570029974,7.25700299733,7.25700299733,7.2570029974,7.2570029978
"t12",5.6145505497,5.6145505497,5.61455055,5.61455055,2.384384242,0,6.915479900649,6.915479900649,6.91547990065,6.9154799007,6.9154799006,6.9154799006,6.9154799006,6.9154799006,6.9154799006,6.9154799007,6.91547990073,6.91547990073,7.257002997,7.25700299704,7.25700299704,7.25700299751,7.25700299751,7.25700299723,7.2570029972122,7.2570029972122,7.25700299723,7.25700299723,7.25700299753,7.25700299773,7.25700299773,7.25700299773,7.25700299773,7.2570029975,7.2570029975,7.2570029974,7.2570029974,7.2570029973,7.2570029973,7.2570029974,7.2570029974,7.25700299705,7.25700299745,7.25700299745,7.25700299745,7.25700299742,7.25700299742,7.25700299735,7.25700299695,7.257002996919,7.257002997469,7.257002997469,7.257002997419,7.257002997019,7.257002997419,7.257002997419,7.257002997319,7.257002997319,7.257002997349,7.257002997349,7.257002997419,7.257002997489,7.257002997489,7.257002997432,7.257002997532,7.257002997532,7.257002997489,7.257002997489,7.257002997469,7.257002997471,7.257002997471,7.257002997499,7.257002997419,7.257002997419,7.25700299745,7.25700299745,7.25700299745,7.25700299745,7.25700299745,7.2570029978,7.2570029978,7.25700299713,7.25700299713,7.25700299723,7.25700299733,7.25700299733,7.25700299743,7.25700299743,7.25700299693,7.25700299693,7.25700299693,7.25700299693,7.2570029974,7.2570029974,7.2570029972,7.2570029974,7.25700299733,7.25700299733,7.2570029974,7.2570029978
"t97",6.915479900349,6.915479900349,6.915479900649,6.915479900649,6.915479900649,6.915479900649,0,0.012277718798,0.066538657099,0.780249928549,2.432337247849,2.432337247849,2.432337247849,3.038776111249,3.038776111249,6.534334901349,6.534334901379,6.534334901379,7.257002996849,7.257002996889,7.257002996889,7.257002997359,7.257002997359,7.257002997079,7.2570029970612,7.2570029970612,7.257002997079,7.257002997079,7.257002997379,7.257002997579,7.257002997579,7.257002997579,7.257002997579,7.257002997349,7.257002997349,7.257002997249,7.257002997249,7.257002997149,7.257002997149,7.257002997249,7.257002997249,7.257002996899,7.257002997299,7.257002997299,7.257002997299,7.257002997269,7.257002997269,7.257002997199,7.257002996799,7.257002996768,7.257002997318,7.257002997318,7.257002997268,7.257002996868,7.257002997268,7.257002997268,7.257002997168,7.257002997168,7.257002997198,7.257002997198,7.257002997268,7.257002997338,7.257002997338,7.257002997281,7.257002997381,7.257002997381,7.257002997338,7.257002997338,7.257002997318,7.25700299732,7.25700299732,7.257002997348,7.257002997268,7.257002997268,7.257002997299,7.257002997299,7.257002997299,7.257002997299,7.257002997299,7.257002997649,7.257002997649,7.257002996979,7.257002996979,7.257002997079,7.257002997179,7.257002997179,7.257002997279,7.257002997279,7.257002996779,7.257002996779,7.257002996779,7.257002996779,7.257002997249,7.257002997249,7.257002997049,7.257002997249,7.257002997179,7.257002997179,7.257002997249,7.257002997649
"t98",6.915479900349,6.915479900349,6.915479900649,6.915479900649,6.915479900649,6.915479900649,0.012277718798,0,0.066538657099,0.780249928549,2.432337247849,2.432337247849,2.432337247849,3.038776111249,3.038776111249,6.534334901349,6.534334901379,6.534334901379,7.257002996849,7.257002996889,7.257002996889,7.257002997359,7.257002997359,7.257002997079,7.2570029970612,7.2570029970612,7.257002997079,7.257002997079,7.257002997379,7.257002997579,7.257002997579,7.257002997579,7.257002997579,7.257002997349,7.257002997349,7.257002997249,7.257002997249,7.257002997149,7.257002997149,7.257002997249,7.257002997249,7.257002996899,7.257002997299,7.257002997299,7.257002997299,7.257002997269,7.257002997269,7.257002997199,7.257002996799,7.257002996768,7.257002997318,7.257002997318,7.257002997268,7.257002996868,7.257002997268,7.257002997268,7.257002997168,7.257002997168,7.257002997198,7.257002997198,7.257002997268,7.257002997338,7.257002997338,7.257002997281,7.257002997381,7.257002997381,7.257002997338,7.257002997338,7.257002997318,7.25700299732,7.25700299732,7.257002997348,7.257002997268,7.257002997268,7.257002997299,7.257002997299,7.257002997299,7.257002997299,7.257002997299,7.257002997649,7.257002997649,7.257002996979,7.257002996979,7.257002997079,7.257002997179,7.257002997179,7.257002997279,7.257002997279,7.257002996779,7.257002996779,7.257002996779,7.257002996779,7.257002997249,7.257002997249,7.257002997049,7.257002997249,7.257002997179,7.257002997179,7.257002997249,7.257002997649
"t91",6.91547990035,6.91547990035,6.91547990065,6.91547990065,6.91547990065,6.91547990065,0.066538657099,0.066538657099,0,0.78024992855,2.43233724785,2.43233724785,2.43233724785,3.03877611125,3.03877611125,6.53433490135,6.53433490138,6.53433490138,7.25700299685,7.25700299689,7.25700299689,7.25700299736,7.25700299736,7.25700299708,7.2570029970622,7.2570029970622,7.25700299708,7.25700299708,7.25700299738,7.25700299758,7.25700299758,7.25700299758,7.25700299758,7.25700299735,7.25700299735,7.25700299725,7.25700299725,7.25700299715,7.25700299715,7.25700299725,7.25700299725,7.2570029969,7.2570029973,7.2570029973,7.2570029973,7.25700299727,7.25700299727,7.2570029972,7.2570029968,7.257002996769,7.257002997319,7.257002997319,7.257002997269,7.257002996869,7.257002997269,7.257002997269,7.257002997169,7.257002997169,7.257002997199,7.257002997199,7.257002997269,7.257002997339,7.257002997339,7.257002997282,7.257002997382,7.257002997382,7.257002997339,7.257002997339,7.257002997319,7.257002997321,7.257002997321,7.257002997349,7.257002997269,7.257002997269,7.2570029973,7.2570029973,7.2570029973,7.2570029973,7.2570029973,7.25700299765,7.25700299765,7.25700299698,7.25700299698,7.25700299708,7.25700299718,7.25700299718,7.25700299728,7.25700299728,7.25700299678,7.25700299678,7.25700299678,7.25700299678,7.25700299725,7.25700299725,7.25700299705,7.25700299725,7.25700299718,7.25700299718,7.25700299725,7.25700299765
"t59",6.9154799004,6.9154799004,6.9154799007,6.9154799007,6.9154799007,6.9154799007,0.780249928549,0.780249928549,0.78024992855,0,2.4323372479,2.4323372479,2.4323372479,3.0387761113,3.0387761113,6.5343349014,6.53433490143,6.53433490143,7.2570029969,7.25700299694,7.25700299694,7.25700299741,7.25700299741,7.25700299713,7.2570029971122,7.2570029971122,7.25700299713,7.25700299713,7.25700299743,7.25700299763,7.25700299763,7.25700299763,7.25700299763,7.2570029974,7.2570029974,7.2570029973,7.2570029973,7.2570029972,7.2570029972,7.2570029973,7.2570029973,7.25700299695,7.25700299735,7.25700299735,7.25700299735,7.25700299732,7.25700299732,7.25700299725,7.25700299685,7.257002996819,7.257002997369,7.257002997369,7.257002997319,7.257002996919,7.257002997319,7.257002997319,7.257002997219,7.257002997219,7.257002997249,7.257002997249,7.257002997319,7.257002997389,7.257002997389,7.257002997332,7.257002997432,7.257002997432,7.257002997389,7.257002997389,7.257002997369,7.257002997371,7.257002997371,7.257002997399,7.257002997319,7.257002997319,7.25700299735,7.25700299735,7.25700299735,7.25700299735,7.25700299735,7.2570029977,7.2570029977,7.25700299703,7.25700299703,7.25700299713,7.25700299723,7.25700299723,7.25700299733,7.25700299733,7.25700299683,7.25700299683,7.25700299683,7.25700299683,7.2570029973,7.2570029973,7.2570029971,7.2570029973,7.25700299723,7.25700299723,7.2570029973,7.2570029977
"t21",6.9154799003,6.9154799003,6.9154799006,6.9154799006,6.9154799006,6.9154799006,2.432337247849,2.432337247849,2.43233724785,2.4323372479,0,1.794013047,1.794013047,3.0387761112,3.0387761112,6.5343349013,6.53433490133,6.53433490133,7.2570029968,7.25700299684,7.25700299684,7.25700299731,7.25700299731,7.25700299703,7.2570029970122,7.2570029970122,7.25700299703,7.25700299703,7.25700299733,7.25700299753,7.25700299753,7.25700299753,7.25700299753,7.2570029973,7.2570029973,7.2570029972,7.2570029972,7.2570029971,7.2570029971,7.2570029972,7.2570029972,7.25700299685,7.25700299725,7.25700299725,7.25700299725,7.25700299722,7.25700299722,7.25700299715,7.25700299675,7.257002996719,7.257002997269,7.257002997269,7.257002997219,7.257002996819,7.257002997219,7.257002997219,7.257002997119,7.257002997119,7.257002997149,7.257002997149,7.257002997219,7.257002997289,7.257002997289,7.257002997232,7.257002997332,7.257002997332,7.257002997289,7.257002997289,7.257002997269,7.257002997271,7.257002997271,7.257002997299,7.257002997219,7.257002997219,7.25700299725,7.25700299725,7.25700299725,7.25700299725,7.25700299725,7.2570029976,7.2570029976,7.25700299693,7.25700299693,7.25700299703,7.25700299713,7.25700299713,7.25700299723,7.25700299723,7.25700299673,7.25700299673,7.25700299673,7.25700299673,7.2570029972,7.2570029972,7.257002997,7.2570029972,7.25700299713,7.25700299713,7.2570029972,7.2570029976
"t71",6.9154799003,6.9154799003,6.9154799006,6.9154799006,6.9154799006,6.9154799006,2.432337247849,2.432337247849,2.43233724785,2.4323372479,1.794013047,0,0.5137795784,3.0387761112,3.0387761112,6.5343349013,6.53433490133,6.53433490133,7.2570029968,7.25700299684,7.25700299684,7.25700299731,7.25700299731,7.25700299703,7.2570029970122,7.2570029970122,7.25700299703,7.25700299703,7.25700299733,7.25700299753,7.25700299753,7.25700299753,7.25700299753,7.2570029973,7.2570029973,7.2570029972,7.2570029972,7.2570029971,7.2570029971,7.2570029972,7.2570029972,7.25700299685,7.25700299725,7.25700299725,7.25700299725,7.25700299722,7.25700299722,7.25700299715,7.25700299675,7.257002996719,7.257002997269,7.257002997269,7.257002997219,7.257002996819,7.257002997219,7.257002997219,7.257002997119,7.257002997119,7.257002997149,7.257002997149,7.257002997219,7.257002997289,7.257002997289,7.257002997232,7.257002997332,7.257002997332,7.257002997289,7.257002997289,7.257002997269,7.257002997271,7.257002997271,7.257002997299,7.257002997219,7.257002997219,7.25700299725,7.25700299725,7.25700299725,7.25700299725,7.25700299725,7.2570029976,7.2570029976,7.25700299693,7.25700299693,7.25700299703,7.25700299713,7.25700299713,7.25700299723,7.25700299723,7.25700299673,7.25700299673,7.25700299673,7.25700299673,7.2570029972,7.2570029972,7.257002997,7.2570029972,7.25700299713,7.25700299713,7.2570029972,7.2570029976
"t72",6.9154799003,6.9154799003,6.9154799006,6.9154799006,6.9154799006,6.9154799006,2.432337247849,2.432337247849,2.43233724785,2.4323372479,1.794013047,0.5137795784,0,3.0387761112,3.0387761112,6.5343349013,6.53433490133,6.53433490133,7.2570029968,7.25700299684,7.25700299684,7.25700299731,7.25700299731,7.25700299703,7.2570029970122,7.2570029970122,7.25700299703,7.25700299703,7.25700299733,7.25700299753,7.25700299753,7.25700299753,7.25700299753,7.2570029973,7.2570029973,7.2570029972,7.2570029972,7.2570029971,7.2570029971,7.2570029972,7.2570029972,7.25700299685,7.25700299725,7.25700299725,7.25700299725,7.25700299722,7.25700299722,7.25700299715,7.25700299675,7.257002996719,7.257002997269,7.257002997269,7.257002997219,7.257002996819,7.257002997219,7.257002997219,7.257002997119,7.257002997119,7.257002997149,7.257002997149,7.257002997219,7.257002997289,7.257002997289,7.257002997232,7.257002997332,7.257002997332,7.257002997289,7.257002997289,7.257002997269,7.257002997271,7.257002997271,7.257002997299,7.257002997219,7.257002997219,7.25700299725,7.25700299725,7.25700299725,7.25700299725,7.25700299725,7.2570029976,7.2570029976,7.25700299693,7.25700299693,7.25700299703,7.25700299713,7.25700299713,7.25700299723,7.25700299723,7.25700299673,7.25700299673,7.25700299673,7.25700299673,7.2570029972,7.2570029972,7.257002997,7.2570029972,7.25700299713,7.25700299713,7.2570029972,7.2570029976
"t43",6.9154799003,6.9154799003,6.9154799006,6.9154799006,6.9154799006,6.9154799006,3.038776111249,3.038776111249,3.03877611125,3.0387761113,3.0387761112,3.0387761112,3.0387761112,0,1.2433071474,6.5343349013,6.53433490133,6.53433490133,7.2570029968,7.25700299684,7.25700299684,7.25700299731,7.25700299731,7.25700299703,7.2570029970122,7.2570029970122,7.25700299703,7.25700299703,7.25700299733,7.25700299753,7.25700299753,7.25700299753,7.25700299753,7.2570029973,7.2570029973,7.2570029972,7.2570029972,7.2570029971,7.2570029971,7.2570029972,7.2570029972,7.25700299685,7.25700299725,7.25700299725,7.25700299725,7.25700299722,7.25700299722,7.25700299715,7.25700299675,7.257002996719,7.257002997269,7.257002997269,7.257002997219,7.257002996819,7.257002997219,7.257002997219,7.257002997119,7.257002997119,7.257002997149,7.257002997149,7.257002997219,7.257002997289,7.257002997289,7.257002997232,7.257002997332,7.257002997332,7.257002997289,7.257002997289,7.257002997269,7.257002997271,7.257002997271,7.257002997299,7.257002997219,7.257002997219,7.25700299725,7.25700299725,7.25700299725,7.25700299725,7.25700299725,7.2570029976,7.2570029976,7.25700299693,7.25700299693,7.25700299703,7.25700299713,7.25700299713,7.25700299723,7.25700299723,7.25700299673,7.25700299673,7.25700299673,7.25700299673,7.2570029972,7.2570029972,7.257002997,7.2570029972,7.25700299713,7.25700299713,7.2570029972,7.2570029976
"t44",6.9154799003,6.9154799003,6.9154799006,6.9154799006,6.9154799006,6.9154799006,3.038776111249,3.038776111249,3.03877611125,3.0387761113,3.0387761112,3.0387761112,3.0387761112,1.2433071474,0,6.5343349013,6.53433490133,6.53433490133,7.2570029968,7.25700299684,7.25700299684,7.25700299731,7.25700299731,7.25700299703,7.2570029970122,7.2570029970122,7.25700299703,7.25700299703,7.25700299733,7.25700299753,7.25700299753,7.25700299753,7.25700299753,7.2570029973,7.2570029973,7.2570029972,7.2570029972,7.2570029971,7.2570029971,7.2570029972,7.2570029972,7.25700299685,7.25700299725,7.25700299725,7.25700299725,7.25700299722,7.25700299722,7.25700299715,7.25700299675,7.257002996719,7.257002997269,7.257002997269,7.257002997219,7.257002996819,7.257002997219,7.257002997219,7.257002997119,7.257002997119,7.257002997149,7.257002997149,7.257002997219,7.257002997289,7.257002997289,7.257002997232,7.257002997332,7.257002997332,7.257002997289,7.257002997289,7.257002997269,7.257002997271,7.257002997271,7.257002997299,7.257002997219,7.257002997219,7.25700299725,7.25700299725,7.25700299725,7.25700299725,7.25700299725,7.2570029976,7.2570029976,7.25700299693,7.25700299693,7.25700299703,7.25700299713,7.25700299713,7.25700299723,7.25700299723,7.25700299673,7.25700299673,7.25700299673,7.25700299673,7.2570029972,7.2570029972,7.257002997,7.2570029972,7.25700299713,7.25700299713,7.2570029972,7.2570029976
"t48",6.9154799004,6.9154799004,6.9154799007,6.9154799007,6.9154799007,6.9154799007,6.534334901349,6.534334901349,6.53433490135,6.5343349014,6.5343349013,6.5343349013,6.5343349013,6.5343349013,6.5343349013,0,0.96623970543,0.96623970543,7.2570029969,7.25700299694,7.25700299694,7.25700299741,7.25700299741,7.25700299713,7.2570029971122,7.2570029971122,7.25700299713,7.25700299713,7.25700299743,7.25700299763,7.25700299763,7.25700299763,7.25700299763,7.2570029974,7.2570029974,7.2570029973,7.2570029973,7.2570029972,7.2570029972,7.2570029973,7.2570029973,7.25700299695,7.25700299735,7.25700299735,7.25700299735,7.25700299732,7.25700299732,7.25700299725,7.25700299685,7.257002996819,7.257002997369,7.257002997369,7.257002997319,7.257002996919,7.257002997319,7.257002997319,7.257002997219,7.257002997219,7.257002997249,7.257002997249,7.257002997319,7.257002997389,7.257002997389,7.257002997332,7.257002997432,7.257002997432,7.257002997389,7.257002997389,7.257002997369,7.257002997371,7.257002997371,7.257002997399,7.257002997319,7.257002997319,7.25700299735,7.25700299735,7.25700299735,7.25700299735,7.25700299735,7.2570029977,7.2570029977,7.25700299703,7.25700299703,7.25700299713,7.25700299723,7.25700299723,7.25700299733,7.25700299733,7.25700299683,7.25700299683,7.25700299683,7.25700299683,7.2570029973,7.2570029973,7.2570029971,7.2570029973,7.25700299723,7.25700299723,7.2570029973,7.2570029977
"t89",6.91547990043,6.91547990043,6.91547990073,6.91547990073,6.91547990073,6.91547990073,6.534334901379,6.534334901379,6.53433490138,6.53433490143,6.53433490133,6.53433490133,6.53433490133,6.53433490133,6.53433490133,0.96623970543,0,0.07428395226,7.25700299693,7.25700299697,7.25700299697,7.25700299744,7.25700299744,7.25700299716,7.2570029971422,7.2570029971422,7.25700299716,7.25700299716,7.25700299746,7.25700299766,7.25700299766,7.25700299766,7.25700299766,7.25700299743,7.25700299743,7.25700299733,7.25700299733,7.25700299723,7.25700299723,7.25700299733,7.25700299733,7.25700299698,7.25700299738,7.25700299738,7.25700299738,7.25700299735,7.25700299735,7.25700299728,7.25700299688,7.257002996849,7.257002997399,7.257002997399,7.257002997349,7.257002996949,7.257002997349,7.257002997349,7.257002997249,7.257002997249,7.257002997279,7.257002997279,7.257002997349,7.257002997419,7.257002997419,7.257002997362,7.257002997462,7.257002997462,7.257002997419,7.257002997419,7.257002997399,7.257002997401,7.257002997401,7.257002997429,7.257002997349,7.257002997349,7.25700299738,7.25700299738,7.25700299738,7.25700299738,7.25700299738,7.25700299773,7.25700299773,7.25700299706,7.25700299706,7.25700299716,7.25700299726,7.25700299726,7.25700299736,7.25700299736,7.25700299686,7.25700299686,7.25700299686,7.25700299686,7.25700299733,7.25700299733,7.25700299713,7.25700299733,7.25700299726,7.25700299726,7.25700299733,7.25700299773
"t90",6.91547990043,6.91547990043,6.91547990073,6.91547990073,6.91547990073,6.91547990073,6.534334901379,6.534334901379,6.53433490138,6.53433490143,6.53433490133,6.53433490133,6.53433490133,6.53433490133,6.53433490133,0.96623970543,0.07428395226,0,7.25700299693,7.25700299697,7.25700299697,7.25700299744,7.25700299744,7.25700299716,7.2570029971422,7.2570029971422,7.25700299716,7.25700299716,7.25700299746,7.25700299766,7.25700299766,7.25700299766,7.25700299766,7.25700299743,7.25700299743,7.25700299733,7.25700299733,7.25700299723,7.25700299723,7.25700299733,7.25700299733,7.25700299698,7.25700299738,7.25700299738,7.25700299738,7.25700299735,7.25700299735,7.25700299728,7.25700299688,7.257002996849,7.257002997399,7.257002997399,7.257002997349,7.257002996949,7.257002997349,7.257002997349,7.257002997249,7.257002997249,7.257002997279,7.257002997279,7.257002997349,7.257002997419,7.257002997419,7.257002997362,7.257002997462,7.257002997462,7.257002997419,7.257002997419,7.257002997399,7.257002997401,7.257002997401,7.257002997429,7.257002997349,7.257002997349,7.25700299738,7.25700299738,7.25700299738,7.25700299738,7.25700299738,7.25700299773,7.25700299773,7.25700299706,7.25700299706,7.25700299716,7.25700299726,7.25700299726,7.25700299736,7.25700299736,7.25700299686,7.25700299686,7.25700299686,7.25700299686,7.25700299733,7.25700299733,7.25700299713,7.25700299733,7.25700299726,7.25700299726,7.25700299733,7.25700299773
"t84",7.2570029967,7.2570029967,7.257002997,7.257002997,7.257002997,7.257002997,7.257002996849,7.257002996849,7.25700299685,7.2570029969,7.2570029968,7.2570029968,7.2570029968,7.2570029968,7.2570029968,7.2570029969,7.25700299693,7.25700299693,0,0.20053925944,0.20053925944,6.25890770791,6.25890770791,6.25890770763,6.2589077076122,6.2589077076122,6.25890770763,6.25890770763,6.25890770793,6.25890770813,6.25890770813,6.25890770813,6.25890770813,6.2589077079,6.2589077079,6.2589077078,6.2589077078,6.2589077077,6.2589077077,6.2589077078,6.2589077078,6.25890770745,6.25890770785,6.25890770785,6.25890770785,6.25890770782,6.25890770782,6.25890770775,6.25890770735,6.258907707319,6.258907707869,6.258907707869,6.258907707819,6.258907707419,6.258907707819,6.258907707819,6.258907707719,6.258907707719,6.258907707749,6.258907707749,6.258907707819,6.258907707889,6.258907707889,6.258907707832,6.258907707932,6.258907707932,6.258907707889,6.258907707889,6.258907707869,6.258907707871,6.258907707871,6.258907707899,6.258907707819,6.258907707819,6.25890770785,6.25890770785,6.25890770785,6.25890770785,6.25890770785,6.2589077082,6.2589077082,6.25890770753,6.25890770753,6.25890770763,6.25890770773,6.25890770773,6.25890770783,6.25890770783,6.25890770733,6.25890770733,6.25890770733,6.25890770733,6.2589077078,6.2589077078,6.2589077076,6.2589077078,6.25890770773,6.25890770773,6.2589077078,6.2589077082
"t95",7.25700299674,7.25700299674,7.25700299704,7.25700299704,7.25700299704,7.25700299704,7.257002996889,7.257002996889,7.25700299689,7.25700299694,7.25700299684,7.25700299684,7.25700299684,7.25700299684,7.25700299684,7.25700299694,7.25700299697,7.25700299697,0.20053925944,0,0.04761534988,6.25890770795,6.25890770795,6.25890770767,6.2589077076522,6.2589077076522,6.25890770767,6.25890770767,6.25890770797,6.25890770817,6.25890770817,6.25890770817,6.25890770817,6.25890770794,6.25890770794,6.25890770784,6.25890770784,6.25890770774,6.25890770774,6.25890770784,6.25890770784,6.25890770749,6.25890770789,6.25890770789,6.25890770789,6.25890770786,6.25890770786,6.25890770779,6.25890770739,6.258907707359,6.258907707909,6.258907707909,6.258907707859,6.258907707459,6.258907707859,6.258907707859,6.258907707759,6.258907707759,6.258907707789,6.258907707789,6.258907707859,6.258907707929,6.258907707929,6.258907707872,6.258907707972,6.258907707972,6.258907707929,6.258907707929,6.258907707909,6.258907707911,6.258907707911,6.258907707939,6.258907707859,6.258907707859,6.25890770789,6.25890770789,6.25890770789,6.25890770789,6.25890770789,6.25890770824,6.25890770824,6.25890770757,6.25890770757,6.25890770767,6.25890770777,6.25890770777,6.25890770787,6.25890770787,6.25890770737,6.25890770737,6.25890770737,6.25890770737,6.25890770784,6.25890770784,6.25890770764,6.25890770784,6.25890770777,6.25890770777,6.25890770784,6.25890770824
"t96",7.25700299674,7.25700299674,7.25700299704,7.25700299704,7.25700299704,7.25700299704,7.257002996889,7.257002996889,7.25700299689,7.25700299694,7.25700299684,7.25700299684,7.25700299684,7.25700299684,7.25700299684,7.25700299694,7.25700299697,7.25700299697,0.20053925944,0.04761534988,0,6.25890770795,6.25890770795,6.25890770767,6.2589077076522,6.2589077076522,6.25890770767,6.25890770767,6.25890770797,6.25890770817,6.25890770817,6.25890770817,6.25890770817,6.25890770794,6.25890770794,6.25890770784,6.25890770784,6.25890770774,6.25890770774,6.25890770784,6.25890770784,6.25890770749,6.25890770789,6.25890770789,6.25890770789,6.25890770786,6.25890770786,6.25890770779,6.25890770739,6.258907707359,6.258907707909,6.258907707909,6.258907707859,6.258907707459,6.258907707859,6.258907707859,6.258907707759,6.258907707759,6.258907707789,6.258907707789,6.258907707859,6.258907707929,6.258907707929,6.258907707872,6.258907707972,6.258907707972,6.258907707929,6.258907707929,6.258907707909,6.258907707911,6.258907707911,6.258907707939,6.258907707859,6.258907707859,6.25890770789,6.25890770789,6.25890770789,6.25890770789,6.25890770789,6.25890770824,6.25890770824,6.25890770757,6.25890770757,6.25890770767,6.25890770777,6.25890770777,6.25890770787,6.25890770787,6.25890770737,6.25890770737,6.25890770737,6.25890770737,6.25890770784,6.25890770784,6.25890770764,6.25890770784,6.25890770777,6.25890770777,6.25890770784,6.25890770824
"t26",7.25700299721,7.25700299721,7.25700299751,7.25700299751,7.25700299751,7.25700299751,7.257002997359,7.257002997359,7.25700299736,7.25700299741,7.25700299731,7.25700299731,7.25700299731,7.25700299731,7.25700299731,7.25700299741,7.25700299744,7.25700299744,6.25890770791,6.25890770795,6.25890770795,0,1.5479596456,5.27692959332,5.2769295933022,5.2769295933022,5.27692959332,5.27692959332,5.27692959362,5.27692959382,5.27692959382,5.27692959382,5.27692959382,5.27692959359,5.27692959359,5.27692959349,5.27692959349,5.27692959339,5.27692959339,5.27692959349,5.27692959349,5.27692959314,5.27692959354,5.27692959354,5.27692959354,5.27692959351,5.27692959351,5.27692959344,5.27692959304,5.276929593009,5.276929593559,5.276929593559,5.276929593509,5.276929593109,5.276929593509,5.276929593509,5.276929593409,5.276929593409,5.276929593439,5.276929593439,5.276929593509,5.276929593579,5.276929593579,5.276929593522,5.276929593622,5.276929593622,5.276929593579,5.276929593579,5.276929593559,5.276929593561,5.276929593561,5.276929593589,5.276929593509,5.276929593509,5.27692959354,5.27692959354,5.27692959354,5.27692959354,5.27692959354,5.27692959389,5.27692959389,5.30780080518,5.30780080518,5.30780080528,5.30780080538,5.30780080538,5.30780080548,5.30780080548,5.30780080498,5.30780080498,5.30780080498,5.30780080498,5.38389089211,5.38389089211,5.38389089191,5.38389089211,5.38389089204,5.38389089204,5.38389089211,5.38389089251
"t27",7.25700299721,7.25700299721,7.25700299751,7.25700299751,7.25700299751,7.25700299751,7.257002997359,7.257002997359,7.25700299736,7.25700299741,7.25700299731,7.25700299731,7.25700299731,7.25700299731,7.25700299731,7.25700299741,7.25700299744,7.25700299744,6.25890770791,6.25890770795,6.25890770795,1.5479596456,0,5.27692959332,5.2769295933022,5.2769295933022,5.27692959332,5.27692959332,5.27692959362,5.27692959382,5.27692959382,5.27692959382,5.27692959382,5.27692959359,5.27692959359,5.27692959349,5.27692959349,5.27692959339,5.27692959339,5.27692959349,5.27692959349,5.27692959314,5.27692959354,5.27692959354,5.27692959354,5.27692959351,5.27692959351,5.27692959344,5.27692959304,5.276929593009,5.276929593559,5.276929593559,5.276929593509,5.276929593109,5.276929593509,5.276929593509,5.276929593409,5.276929593409,5.276929593439,5.276929593439,5.276929593509,5.276929593579,5.276929593579,5.276929593522,5.276929593622,5.276929593622,5.276929593579,5.276929593579,5.276929593559,5.276929593561,5.276929593561,5.276929593589,5.276929593509,5.276929593509,5.27692959354,5.27692959354,5.27692959354,5.27692959354,5.27692959354,5.27692959389,5.27692959389,5.30780080518,5.30780080518,5.30780080528,5.30780080538,5.30780080538,5.30780080548,5.30780080548,5.30780080498,5.30780080498,5.30780080498,5.30780080498,5.38389089211,5.38389089211,5.38389089191,5.38389089211,5.38389089204,5.38389089204,5.38389089211,5.38389089251
"t45",7.25700299693,7.25700299693,7.25700299723,7.25700299723,7.25700299723,7.25700299723,7.257002997079,7.257002997079,7.25700299708,7.25700299713,7.25700299703,7.25700299703,7.25700299703,7.25700299703,7.25700299703,7.25700299713,7.25700299716,7.25700299716,6.25890770763,6.25890770767,6.25890770767,5.27692959332,5.27692959332,0,1.1933289909822,1.1933289909822,1.193328991,1.8663465484,5.2065745647,5.2065745649,5.2065745649,5.2065745649,5.2065745649,5.20657456467,5.20657456467,5.20657456457,5.20657456457,5.20657456447,5.20657456447,5.20657456457,5.20657456457,5.20657456422,5.20657456462,5.20657456462,5.20657456462,5.20657456459,5.20657456459,5.20657456452,5.20657456412,5.206574564089,5.206574564639,5.206574564639,5.206574564589,5.206574564189,5.206574564589,5.206574564589,5.206574564489,5.206574564489,5.206574564519,5.206574564519,5.206574564589,5.206574564659,5.206574564659,5.206574564602,5.206574564702,5.206574564702,5.206574564659,5.206574564659,5.206574564639,5.206574564641,5.206574564641,5.206574564669,5.206574564589,5.206574564589,5.20657456462,5.20657456462,5.20657456462,5.20657456462,5.20657456462,5.20657456497,5.20657456497,5.3078008049,5.3078008049,5.307800805,5.3078008051,5.3078008051,5.3078008052,5.3078008052,5.3078008047,5.3078008047,5.3078008047,5.3078008047,5.38389089183,5.38389089183,5.38389089163,5.38389089183,5.38389089176,5.38389089176,5.38389089183,5.38389089223
"t99",7.2570029969122,7.2570029969122,7.2570029972122,7.2570029972122,7.2570029972122,7.2570029972122,7.2570029970612,7.2570029970612,7.2570029970622,7.2570029971122,7.2570029970122,7.2570029970122,7.2570029970122,7.2570029970122,7.2570029970122,7.2570029971122,7.2570029971422,7.2570029971422,6.2589077076122,6.2589077076522,6.2589077076522,5.2769295933022,5.2769295933022,1.1933289909822,0,0.0004528505644,0.4590154771822,1.8663465483822,5.2065745646822,5.2065745648822,5.2065745648822,5.2065745648822,5.2065745648822,5.2065745646522,5.2065745646522,5.2065745645522,5.2065745645522,5.2065745644522,5.2065745644522,5.2065745645522,5.2065745645522,5.2065745642022,5.2065745646022,5.2065745646022,5.2065745646022,5.2065745645722,5.2065745645722,5.2065745645022,5.2065745641022,5.2065745640712,5.2065745646212,5.2065745646212,5.2065745645712,5.2065745641712,5.2065745645712,5.2065745645712,5.2065745644712,5.2065745644712,5.2065745645012,5.2065745645012,5.2065745645712,5.2065745646412,5.2065745646412,5.2065745645842,5.2065745646842,5.2065745646842,5.2065745646412,5.2065745646412,5.2065745646212,5.2065745646232,5.2065745646232,5.2065745646512,5.2065745645712,5.2065745645712,5.2065745646022,5.2065745646022,5.2065745646022,5.2065745646022,5.2065745646022,5.2065745649522,5.2065745649522,5.3078008048822,5.3078008048822,5.3078008049822,5.3078008050822,5.3078008050822,5.3078008051822,5.3078008051822,5.3078008046822,5.3078008046822,5.3078008046822,5.3078008046822,5.3838908918122,5.3838908918122,5.3838908916122,5.3838908918122,5.3838908917422,5.3838908917422,5.3838908918122,5.3838908922122
"t100",7.2570029969122,7.2570029969122,7.2570029972122,7.2570029972122,7.2570029972122,7.2570029972122,7.2570029970612,7.2570029970612,7.2570029970622,7.2570029971122,7.2570029970122,7.2570029970122,7.2570029970122,7.2570029970122,7.2570029970122,7.2570029971122,7.2570029971422,7.2570029971422,6.2589077076122,6.2589077076522,6.2589077076522,5.2769295933022,5.2769295933022,1.1933289909822,0.0004528505644,0,0.4590154771822,1.8663465483822,5.2065745646822,5.2065745648822,5.2065745648822,5.2065745648822,5.2065745648822,5.2065745646522,5.2065745646522,5.2065745645522,5.2065745645522,5.2065745644522,5.2065745644522,5.2065745645522,5.2065745645522,5.2065745642022,5.2065745646022,5.2065745646022,5.2065745646022,5.2065745645722,5.2065745645722,5.2065745645022,5.2065745641022,5.2065745640712,5.2065745646212,5.2065745646212,5.2065745645712,5.2065745641712,5.2065745645712,5.2065745645712,5.2065745644712,5.2065745644712,5.2065745645012,5.2065745645012,5.2065745645712,5.2065745646412,5.2065745646412,5.2065745645842,5.2065745646842,5.2065745646842,5.2065745646412,5.2065745646412,5.2065745646212,5.2065745646232,5.2065745646232,5.2065745646512,5.2065745645712,5.2065745645712,5.2065745646022,5.2065745646022,5.2065745646022,5.2065745646022,5.2065745646022,5.2065745649522,5.2065745649522,5.3078008048822,5.3078008048822,5.3078008049822,5.3078008050822,5.3078008050822,5.3078008051822,5.3078008051822,5.3078008046822,5.3078008046822,5.3078008046822,5.3078008046822,5.3838908918122,5.3838908918122,5.3838908916122,5.3838908918122,5.3838908917422,5.3838908917422,5.3838908918122,5.3838908922122
"t75",7.25700299693,7.25700299693,7.25700299723,7.25700299723,7.25700299723,7.25700299723,7.257002997079,7.257002997079,7.25700299708,7.25700299713,7.25700299703,7.25700299703,7.25700299703,7.25700299703,7.25700299703,7.25700299713,7.25700299716,7.25700299716,6.25890770763,6.25890770767,6.25890770767,5.27692959332,5.27692959332,1.193328991,0.4590154771822,0.4590154771822,0,1.8663465484,5.2065745647,5.2065745649,5.2065745649,5.2065745649,5.2065745649,5.20657456467,5.20657456467,5.20657456457,5.20657456457,5.20657456447,5.20657456447,5.20657456457,5.20657456457,5.20657456422,5.20657456462,5.20657456462,5.20657456462,5.20657456459,5.20657456459,5.20657456452,5.20657456412,5.206574564089,5.206574564639,5.206574564639,5.206574564589,5.206574564189,5.206574564589,5.206574564589,5.206574564489,5.206574564489,5.206574564519,5.206574564519,5.206574564589,5.206574564659,5.206574564659,5.206574564602,5.206574564702,5.206574564702,5.206574564659,5.206574564659,5.206574564639,5.206574564641,5.206574564641,5.206574564669,5.206574564589,5.206574564589,5.20657456462,5.20657456462,5.20657456462,5.20657456462,5.20657456462,5.20657456497,5.20657456497,5.3078008049,5.3078008049,5.307800805,5.3078008051,5.3078008051,5.3078008052,5.3078008052,5.3078008047,5.3078008047,5.3078008047,5.3078008047,5.38389089183,5.38389089183,5.38389089163,5.38389089183,5.38389089176,5.38389089176,5.38389089183,5.38389089223
