"","t6","t7","t71","t72","t9","t91","t92","t62","t79","t80","t68","t69","t37","t38","t77","t78","t19","t20","t12","t34","t55","t57","t58","t2","t3","t8","t47","t48","t45","t46","t44","t1","t22","t23","t28","t29","t99","t100","t4","t17","t18","t64","t65","t51","t52","t33","t15","t16","t60","t61","t59","t32","t53","t54","t40","t41","t21","t42","t43","t39","t70","t89","t90","t87","t88","t63","t35","t36","t30","t81","t82","t73","t74","t86","t95","t96","t85","t97","t98","t11","t49","t50","t13","t10","t25","t26","t14","t31","t83","t84","t27","t24","t56","t93","t94","t5","t66","t67","t75","t76"
"t6",0,2.20040652,5.9671390722,5.9671390722,5.9671390725,5.96713907175,5.96713907175,5.9671390718,5.9671390718,5.9671390718,5.9671390718,5.9671390718,5.96713907184,5.96713907184,5.96713907168,5.96713907168,5.96713907188,5.96713907188,5.9671390719,5.9671390719,5.9671390719,5.9671390719,5.9671390719,5.9671390716,5.9671390716,7.0926827948,7.0926827949,7.0926827949,7.09268279495,7.09268279495,7.092682795,7.092682795,7.0926827949,7.0926827949,7.0926827949,7.0926827949,7.0926827948308,7.0926827948308,7.0926827949,7.0926827949,7.0926827949,7.09268279482,7.09268279482,7.0926827949,7.0926827949,7.09268279485,7.092682794901,7.092682794901,7.09268279488,7.09268279488,7.09268279485,7.09268279485,7.09268279471,7.09268279471,7.09268279481,7.09268279481,7.09268279481,7.09268279492,7.09268279492,7.0926827949,9.8947209711,9.89472097112,9.89472097112,9.89472097108,9.89472097108,9.8947209711,9.8947209703,9.8947209703,9.8947209704,9.8947209708,9.8947209708,9.894720970829,9.894720970829,9.894720970868,9.894720970872,9.894720970872,9.89472097087,9.894720970799,9.894720970799,9.89472097013,9.89472097015,9.89472097015,9.89472097015,9.8947209702,9.894720970529,9.894720970529,9.894720970505,9.8947209705225,9.8947209705125,9.8947209705125,9.8947209704725,9.8947209704825,9.8947209704825,9.8947209704725,9.8947209704725,9.894720970329,9.89472097022,9.89472097022,9.894720971,9.894720971
"t7",2.20040652,0,5.9671390722,5.9671390722,5.9671390725,5.96713907175,5.96713907175,5.9671390718,5.9671390718,5.9671390718,5.9671390718,5.9671390718,5.96713907184,5.96713907184,5.96713907168,5.96713907168,5.96713907188,5.96713907188,5.9671390719,5.9671390719,5.9671390719,5.9671390719,5.9671390719,5.9671390716,5.9671390716,7.0926827948,7.0926827949,7.0926827949,7.09268279495,7.09268279495,7.092682795,7.092682795,7.0926827949,7.0926827949,7.0926827949,7.0926827949,7.0926827948308,7.0926827948308,7.0926827949,7.0926827949,7.0926827949,7.09268279482,7.09268279482,7.0926827949,7.0926827949,7.09268279485,7.092682794901,7.092682794901,7.09268279488,7.09268279488,7.09268279485,7.09268279485,7.09268279471,7.09268279471,7.09268279481,7.09268279481,7.09268279481,7.09268279492,7.09268279492,7.0926827949,9.8947209711,9.89472097112,9.89472097112,9.89472097108,9.89472097108,9.8947209711,9.8947209703,9.8947209703,9.8947209704,9.8947209708,9.8947209708,9.894720970829,9.894720970829,9.894720970868,9.894720970872,9.894720970872,9.89472097087,9.894720970799,9.894720970799,9.89472097013,9.89472097015,9.89472097015,9.89472097015,9.8947209702,9.894720970529,9.894720970529,9.894720970505,9.8947209705225,9.8947209705125,9.8947209705125,9.8947209704725,9.8947209704825,9.8947209704825,9.8947209704725,9.8947209704725,9.894720970329,9.89472097022,9.89472097022,9.894720971,9.894720971
"t71",5.9671390722,5.9671390722,0,0.2639489902,2.1050388117,4.12234681295,4.12234681295,4.122346813,4.122346813,4.122346813,4.122346813,4.122346813,4.12234681304,4.12234681304,4.12234681288,4.12234681288,4.12234681308,4.12234681308,4.1223468131,4.1223468131,4.1223468131,4.1223468131,4.1223468131,4.9568774506,4.9568774506,7.092682795,7.0926827951,7.0926827951,7.09268279515,7.09268279515,7.0926827952,7.0926827952,7.0926827951,7.0926827951,7.0926827951,7.0926827951,7.0926827950308,7.0926827950308,7.0926827951,7.0926827951,7.0926827951,7.09268279502,7.09268279502,7.0926827951,7.0926827951,7.09268279505,7.092682795101,7.092682795101,7.09268279508,7.09268279508,7.09268279505,7.09268279505,7.09268279491,7.09268279491,7.09268279501,7.09268279501,7.09268279501,7.09268279512,7.09268279512,7.0926827951,9.8947209713,9.89472097132,9.89472097132,9.89472097128,9.89472097128,9.8947209713,9.8947209705,9.8947209705,9.8947209706,9.894720971,9.894720971,9.894720971029,9.894720971029,9.894720971068,9.894720971072,9.894720971072,9.89472097107,9.894720970999,9.894720970999,9.89472097033,9.89472097035,9.89472097035,9.89472097035,9.8947209704,9.894720970729,9.894720970729,9.894720970705,9.8947209707225,9.8947209707125,9.8947209707125,9.8947209706725,9.8947209706825,9.8947209706825,9.8947209706725,9.8947209706725,9.894720970529,9.89472097042,9.89472097042,9.8947209712,9.8947209712
"t72",5.9671390722,5.9671390722,0.2639489902,0,2.1050388117,4.12234681295,4.12234681295,4.122346813,4.122346813,4.122346813,4.122346813,4.122346813,4.12234681304,4.12234681304,4.12234681288,4.12234681288,4.12234681308,4.12234681308,4.1223468131,4.1223468131,4.1223468131,4.1223468131,4.1223468131,4.9568774506,4.9568774506,7.092682795,7.0926827951,7.0926827951,7.09268279515,7.09268279515,7.0926827952,7.0926827952,7.0926827951,7.0926827951,7.0926827951,7.0926827951,7.0926827950308,7.0926827950308,7.0926827951,7.0926827951,7.0926827951,7.09268279502,7.09268279502,7.0926827951,7.0926827951,7.09268279505,7.092682795101,7.092682795101,7.09268279508,7.09268279508,7.09268279505,7.09268279505,7.09268279491,7.09268279491,7.09268279501,7.09268279501,7.09268279501,7.09268279512,7.09268279512,7.0926827951,9.8947209713,9.89472097132,9.89472097132,9.89472097128,9.89472097128,9.8947209713,9.8947209705,9.8947209705,9.8947209706,9.894720971,9.894720971,9.894720971029,9.894720971029,9.894720971068,9.894720971072,9.894720971072,9.89472097107,9.894720970999,9.894720970999,9.89472097033,9.89472097035,9.89472097035,9.89472097035,9.8947209704,9.894720970729,9.894720970729,9.894720970705,9.8947209707225,9.8947209707125,9.8947209707125,9.8947209706725,9.8947209706825,9.8947209706825,9.8947209706725,9.8947209706725,9.894720970529,9.89472097042,9.89472097042,9.8947209712,9.8947209712
"t9",5.9671390725,5.9671390725,2.1050388117,2.1050388117,0,4.12234681325,4.12234681325,4.1223468133,4.1223468133,4.1223468133,4.1223468133,4.1223468133,4.12234681334,4.12234681334,4.12234681318,4.12234681318,4.12234681338,4.12234681338,4.1223468134,4.1223468134,4.1223468134,4.1223468134,4.1223468134,4.9568774509,4.9568774509,7.0926827953,7.0926827954,7.0926827954,7.09268279545,7.09268279545,7.0926827955,7.0926827955,7.0926827954,7.0926827954,7.0926827954,7.0926827954,7.0926827953308,7.0926827953308,7.0926827954,7.0926827954,7.0926827954,7.09268279532,7.09268279532,7.0926827954,7.0926827954,7.09268279535,7.092682795401,7.092682795401,7.09268279538,7.09268279538,7.09268279535,7.09268279535,7.09268279521,7.09268279521,7.09268279531,7.09268279531,7.09268279531,7.09268279542,7.09268279542,7.0926827954,9.8947209716,9.89472097162,9.89472097162,9.89472097158,9.89472097158,9.8947209716,9.8947209708,9.8947209708,9.8947209709,9.8947209713,9.8947209713,9.894720971329,9.894720971329,9.894720971368,9.894720971372,9.894720971372,9.89472097137,9.894720971299,9.894720971299,9.89472097063,9.89472097065,9.89472097065,9.89472097065,9.8947209707,9.894720971029,9.894720971029,9.894720971005,9.8947209710225,9.8947209710125,9.8947209710125,9.8947209709725,9.8947209709825,9.8947209709825,9.8947209709725,9.8947209709725,9.894720970829,9.89472097072,9.89472097072,9.8947209715,9.8947209715
"t91",5.96713907175,5.96713907175,4.12234681295,4.12234681295,4.12234681325,0,0.127279949,0.32221512735,1.16060516195,1.16060516195,1.79664589355,1.79664589355,1.79664589359,1.79664589359,3.55484320823,3.55484320823,3.55484320843,3.55484320843,3.55484320845,3.55484320845,3.55484320845,3.55484320845,3.55484320845,4.95687745015,4.95687745015,7.09268279455,7.09268279465,7.09268279465,7.0926827947,7.0926827947,7.09268279475,7.09268279475,7.09268279465,7.09268279465,7.09268279465,7.09268279465,7.0926827945808,7.0926827945808,7.09268279465,7.09268279465,7.09268279465,7.09268279457,7.09268279457,7.09268279465,7.09268279465,7.0926827946,7.092682794651,7.092682794651,7.09268279463,7.09268279463,7.0926827946,7.0926827946,7.09268279446,7.09268279446,7.09268279456,7.09268279456,7.09268279456,7.09268279467,7.09268279467,7.09268279465,9.89472097085,9.89472097087,9.89472097087,9.89472097083,9.89472097083,9.89472097085,9.89472097005,9.89472097005,9.89472097015,9.89472097055,9.89472097055,9.894720970579,9.894720970579,9.894720970618,9.894720970622,9.894720970622,9.89472097062,9.894720970549,9.894720970549,9.89472096988,9.8947209699,9.8947209699,9.8947209699,9.89472096995,9.894720970279,9.894720970279,9.894720970255,9.8947209702725,9.8947209702625,9.8947209702625,9.8947209702225,9.8947209702325,9.8947209702325,9.8947209702225,9.8947209702225,9.894720970079,9.89472096997,9.89472096997,9.89472097075,9.89472097075
"t92",5.96713907175,5.96713907175,4.12234681295,4.12234681295,4.12234681325,0.127279949,0,0.32221512735,1.16060516195,1.16060516195,1.79664589355,1.79664589355,1.79664589359,1.79664589359,3.55484320823,3.55484320823,3.55484320843,3.55484320843,3.55484320845,3.55484320845,3.55484320845,3.55484320845,3.55484320845,4.95687745015,4.95687745015,7.09268279455,7.09268279465,7.09268279465,7.0926827947,7.0926827947,7.09268279475,7.09268279475,7.09268279465,7.09268279465,7.09268279465,7.09268279465,7.0926827945808,7.0926827945808,7.09268279465,7.09268279465,7.09268279465,7.09268279457,7.09268279457,7.09268279465,7.09268279465,7.0926827946,7.092682794651,7.092682794651,7.09268279463,7.09268279463,7.0926827946,7.0926827946,7.09268279446,7.09268279446,7.09268279456,7.09268279456,7.09268279456,7.09268279467,7.09268279467,7.09268279465,9.89472097085,9.89472097087,9.89472097087,9.89472097083,9.89472097083,9.89472097085,9.89472097005,9.89472097005,9.89472097015,9.89472097055,9.89472097055,9.894720970579,9.894720970579,9.894720970618,9.894720970622,9.894720970622,9.89472097062,9.894720970549,9.894720970549,9.89472096988,9.8947209699,9.8947209699,9.8947209699,9.89472096995,9.894720970279,9.894720970279,9.894720970255,9.8947209702725,9.8947209702625,9.8947209702625,9.8947209702225,9.8947209702325,9.8947209702325,9.8947209702225,9.8947209702225,9.894720970079,9.89472096997,9.89472096997,9.89472097075,9.89472097075
"t62",5.9671390718,5.9671390718,4.122346813,4.122346813,4.1223468133,0.32221512735,0.32221512735,0,1.160605162,1.160605162,1.7966458936,1.7966458936,1.79664589364,1.79664589364,3.55484320828,3.55484320828,3.55484320848,3.55484320848,3.5548432085,3.5548432085,3.5548432085,3.5548432085,3.5548432085,4.9568774502,4.9568774502,7.0926827946,7.0926827947,7.0926827947,7.09268279475,7.09268279475,7.0926827948,7.0926827948,7.0926827947,7.0926827947,7.0926827947,7.0926827947,7.0926827946308,7.0926827946308,7.0926827947,7.0926827947,7.0926827947,7.09268279462,7.09268279462,7.0926827947,7.0926827947,7.09268279465,7.092682794701,7.092682794701,7.09268279468,7.09268279468,7.09268279465,7.09268279465,7.09268279451,7.09268279451,7.09268279461,7.09268279461,7.09268279461,7.09268279472,7.09268279472,7.0926827947,9.8947209709,9.89472097092,9.89472097092,9.89472097088,9.89472097088,9.8947209709,9.8947209701,9.8947209701,9.8947209702,9.8947209706,9.8947209706,9.894720970629,9.894720970629,9.894720970668,9.894720970672,9.894720970672,9.89472097067,9.894720970599,9.894720970599,9.89472096993,9.89472096995,9.89472096995,9.89472096995,9.89472097,9.894720970329,9.894720970329,9.894720970305,9.8947209703225,9.8947209703125,9.8947209703125,9.8947209702725,9.8947209702825,9.8947209702825,9.8947209702725,9.8947209702725,9.894720970129,9.89472097002,9.89472097002,9.8947209708,9.8947209708
"t79",5.9671390718,5.9671390718,4.122346813,4.122346813,4.1223468133,1.16060516195,1.16060516195,1.160605162,0,0.2077101606,1.7966458936,1.7966458936,1.79664589364,1.79664589364,3.55484320828,3.55484320828,3.55484320848,3.55484320848,3.5548432085,3.5548432085,3.5548432085,3.5548432085,3.5548432085,4.9568774502,4.9568774502,7.0926827946,7.0926827947,7.0926827947,7.09268279475,7.09268279475,7.0926827948,7.0926827948,7.0926827947,7.0926827947,7.0926827947,7.0926827947,7.0926827946308,7.0926827946308,7.0926827947,7.0926827947,7.0926827947,7.09268279462,7.09268279462,7.0926827947,7.0926827947,7.09268279465,7.092682794701,7.092682794701,7.09268279468,7.09268279468,7.09268279465,7.09268279465,7.09268279451,7.09268279451,7.09268279461,7.09268279461,7.09268279461,7.09268279472,7.09268279472,7.0926827947,9.8947209709,9.89472097092,9.89472097092,9.89472097088,9.89472097088,9.8947209709,9.8947209701,9.8947209701,9.8947209702,9.8947209706,9.8947209706,9.894720970629,9.894720970629,9.894720970668,9.894720970672,9.894720970672,9.89472097067,9.894720970599,9.894720970599,9.89472096993,9.89472096995,9.89472096995,9.89472096995,9.89472097,9.894720970329,9.894720970329,9.894720970305,9.8947209703225,9.8947209703125,9.8947209703125,9.8947209702725,9.8947209702825,9.8947209702825,9.8947209702725,9.8947209702725,9.894720970129,9.89472097002,9.89472097002,9.8947209708,9.8947209708
"t80",5.9671390718,5.9671390718,4.122346813,4.122346813,4.1223468133,1.16060516195,1.16060516195,1.160605162,0.2077101606,0,1.7966458936,1.7966458936,1.79664589364,1.79664589364,3.55484320828,3.55484320828,3.55484320848,3.55484320848,3.5548432085,3.5548432085,3.5548432085,3.5548432085,3.5548432085,4.9568774502,4.9568774502,7.0926827946,7.0926827947,7.0926827947,7.09268279475,7.09268279475,7.0926827948,7.0926827948,7.0926827947,7.0926827947,7.0926827947,7.0926827947,7.0926827946308,7.0926827946308,7.0926827947,7.0926827947,7.0926827947,7.09268279462,7.09268279462,7.0926827947,7.0926827947,7.09268279465,7.092682794701,7.092682794701,7.09268279468,7.09268279468,7.09268279465,7.09268279465,7.09268279451,7.09268279451,7.09268279461,7.09268279461,7.09268279461,7.09268279472,7.09268279472,7.0926827947,9.8947209709,9.89472097092,9.89472097092,9.89472097088,9.89472097088,9.8947209709,9.8947209701,9.8947209701,9.8947209702,9.8947209706,9.8947209706,9.894720970629,9.894720970629,9.894720970668,9.894720970672,9.894720970672,9.89472097067,9.894720970599,9.894720970599,9.89472096993,9.89472096995,9.89472096995,9.89472096995,9.89472097,9.894720970329,9.894720970329,9.894720970305,9.8947209703225,9.8947209703125,9.8947209703125,9.8947209702725,9.8947209702825,9.8947209702825,9.8947209702725,9.8947209702725,9.894720970129,9.89472097002,9.89472097002,9.8947209708,9.8947209708
"t68",5.9671390718,5.9671390718,4.122346813,4.122346813,4.1223468133,1.79664589355,1.79664589355,1.7966458936,1.7966458936,1.7966458936,0,0.2679975106,1.08556240624,1.08556240624,3.55484320828,3.55484320828,3.55484320848,3.55484320848,3.5548432085,3.5548432085,3.5548432085,3.5548432085,3.5548432085,4.9568774502,4.9568774502,7.0926827946,7.0926827947,7.0926827947,7.09268279475,7.09268279475,7.0926827948,7.0926827948,7.0926827947,7.0926827947,7.0926827947,7.0926827947,7.0926827946308,7.0926827946308,7.0926827947,7.0926827947,7.0926827947,7.09268279462,7.09268279462,7.0926827947,7.0926827947,7.09268279465,7.092682794701,7.092682794701,7.09268279468,7.09268279468,7.09268279465,7.09268279465,7.09268279451,7.09268279451,7.09268279461,7.09268279461,7.09268279461,7.09268279472,7.09268279472,7.0926827947,9.8947209709,9.89472097092,9.89472097092,9.89472097088,9.89472097088,9.8947209709,9.8947209701,9.8947209701,9.8947209702,9.8947209706,9.8947209706,9.894720970629,9.894720970629,9.894720970668,9.894720970672,9.894720970672,9.89472097067,9.894720970599,9.894720970599,9.89472096993,9.89472096995,9.89472096995,9.89472096995,9.89472097,9.894720970329,9.894720970329,9.894720970305,9.8947209703225,9.8947209703125,9.8947209703125,9.8947209702725,9.8947209702825,9.8947209702825,9.8947209702725,9.8947209702725,9.894720970129,9.89472097002,9.89472097002,9.8947209708,9.8947209708
"t69",5.9671390718,5.9671390718,4.122346813,4.122346813,4.1223468133,1.79664589355,1.79664589355,1.7966458936,1.7966458936,1.7966458936,0.2679975106,0,1.08556240624,1.08556240624,3.55484320828,3.55484320828,3.55484320848,3.55484320848,3.5548432085,3.5548432085,3.5548432085,3.5548432085,3.5548432085,4.9568774502,4.9568774502,7.0926827946,7.0926827947,7.0926827947,7.09268279475,7.09268279475,7.0926827948,7.0926827948,7.0926827947,7.0926827947,7.0926827947,7.0926827947,7.0926827946308,7.0926827946308,7.0926827947,7.0926827947,7.0926827947,7.09268279462,7.09268279462,7.0926827947,7.0926827947,7.09268279465,7.092682794701,7.092682794701,7.09268279468,7.09268279468,7.09268279465,7.09268279465,7.09268279451,7.09268279451,7.09268279461,7.09268279461,7.09268279461,7.09268279472,7.09268279472,7.0926827947,9.8947209709,9.89472097092,9.89472097092,9.89472097088,9.89472097088,9.8947209709,9.8947209701,9.8947209701,9.8947209702,9.8947209706,9.8947209706,9.894720970629,9.894720970629,9.894720970668,9.894720970672,9.894720970672,9.89472097067,9.894720970599,9.894720970599,9.89472096993,9.89472096995,9.89472096995,9.89472096995,9.89472097,9.894720970329,9.894720970329,9.894720970305,9.8947209703225,9.8947209703125,9.8947209703125,9.8947209702725,9.8947209702825,9.8947209702825,9.8947209702725,9.8947209702725,9.894720970129,9.89472097002,9.89472097002,9.8947209708,9.8947209708
"t37",5.96713907184,5.96713907184,4.12234681304,4.12234681304,4.12234681334,1.79664589359,1.79664589359,1.79664589364,1.79664589364,1.79664589364,1.08556240624,1.08556240624,0,0.8894230716,3.55484320832,3.55484320832,3.55484320852,3.55484320852,3.55484320854,3.55484320854,3.55484320854,3.55484320854,3.55484320854,4.95687745024,4.95687745024,7.09268279464,7.09268279474,7.09268279474,7.09268279479,7.09268279479,7.09268279484,7.09268279484,7.09268279474,7.09268279474,7.09268279474,7.09268279474,7.0926827946708,7.0926827946708,7.09268279474,7.09268279474,7.09268279474,7.09268279466,7.09268279466,7.09268279474,7.09268279474,7.09268279469,7.092682794741,7.092682794741,7.09268279472,7.09268279472,7.09268279469,7.09268279469,7.09268279455,7.09268279455,7.09268279465,7.09268279465,7.09268279465,7.09268279476,7.09268279476,7.09268279474,9.89472097094,9.89472097096,9.89472097096,9.89472097092,9.89472097092,9.89472097094,9.89472097014,9.89472097014,9.89472097024,9.89472097064,9.89472097064,9.894720970669,9.894720970669,9.894720970708,9.894720970712,9.894720970712,9.89472097071,9.894720970639,9.894720970639,9.89472096997,9.89472096999,9.89472096999,9.89472096999,9.89472097004,9.894720970369,9.894720970369,9.894720970345,9.8947209703625,9.8947209703525,9.8947209703525,9.8947209703125,9.8947209703225,9.8947209703225,9.8947209703125,9.8947209703125,9.894720970169,9.89472097006,9.89472097006,9.89472097084,9.89472097084
"t38",5.96713907184,5.96713907184,4.12234681304,4.12234681304,4.12234681334,1.79664589359,1.79664589359,1.79664589364,1.79664589364,1.79664589364,1.08556240624,1.08556240624,0.8894230716,0,3.55484320832,3.55484320832,3.55484320852,3.55484320852,3.55484320854,3.55484320854,3.55484320854,3.55484320854,3.55484320854,4.95687745024,4.95687745024,7.09268279464,7.09268279474,7.09268279474,7.09268279479,7.09268279479,7.09268279484,7.09268279484,7.09268279474,7.09268279474,7.09268279474,7.09268279474,7.0926827946708,7.0926827946708,7.09268279474,7.09268279474,7.09268279474,7.09268279466,7.09268279466,7.09268279474,7.09268279474,7.09268279469,7.092682794741,7.092682794741,7.09268279472,7.09268279472,7.09268279469,7.09268279469,7.09268279455,7.09268279455,7.09268279465,7.09268279465,7.09268279465,7.09268279476,7.09268279476,7.09268279474,9.89472097094,9.89472097096,9.89472097096,9.89472097092,9.89472097092,9.89472097094,9.89472097014,9.89472097014,9.89472097024,9.89472097064,9.89472097064,9.894720970669,9.894720970669,9.894720970708,9.894720970712,9.894720970712,9.89472097071,9.894720970639,9.894720970639,9.89472096997,9.89472096999,9.89472096999,9.89472096999,9.89472097004,9.894720970369,9.894720970369,9.894720970345,9.8947209703625,9.8947209703525,9.8947209703525,9.8947209703125,9.8947209703225,9.8947209703225,9.8947209703125,9.8947209703125,9.894720970169,9.89472097006,9.89472097006,9.89472097084,9.89472097084
"t77",5.96713907168,5.96713907168,4.12234681288,4.12234681288,4.12234681318,3.55484320823,3.55484320823,3.55484320828,3.55484320828,3.55484320828,3.55484320828,3.55484320828,3.55484320832,3.55484320832,0,0.212610428,2.5146911442,2.5146911442,2.54645810418,2.54645810418,2.54645810418,2.54645810418,2.54645810418,4.95687745008,4.95687745008,7.09268279448,7.09268279458,7.09268279458,7.09268279463,7.09268279463,7.09268279468,7.09268279468,7.09268279458,7.09268279458,7.09268279458,7.09268279458,7.0926827945108,7.0926827945108,7.09268279458,7.09268279458,7.09268279458,7.0926827945,7.0926827945,7.09268279458,7.09268279458,7.09268279453,7.092682794581,7.092682794581,7.09268279456,7.09268279456,7.09268279453,7.09268279453,7.09268279439,7.09268279439,7.09268279449,7.09268279449,7.09268279449,7.0926827946,7.0926827946,7.09268279458,9.89472097078,9.8947209708,9.8947209708,9.89472097076,9.89472097076,9.89472097078,9.89472096998,9.89472096998,9.89472097008,9.89472097048,9.89472097048,9.894720970509,9.894720970509,9.894720970548,9.894720970552,9.894720970552,9.89472097055,9.894720970479,9.894720970479,9.89472096981,9.89472096983,9.89472096983,9.89472096983,9.89472096988,9.894720970209,9.894720970209,9.894720970185,9.8947209702025,9.8947209701925,9.8947209701925,9.8947209701525,9.8947209701625,9.8947209701625,9.8947209701525,9.8947209701525,9.894720970009,9.8947209699,9.8947209699,9.89472097068,9.89472097068
"t78",5.96713907168,5.96713907168,4.12234681288,4.12234681288,4.12234681318,3.55484320823,3.55484320823,3.55484320828,3.55484320828,3.55484320828,3.55484320828,3.55484320828,3.55484320832,3.55484320832,0.212610428,0,2.5146911442,2.5146911442,2.54645810418,2.54645810418,2.54645810418,2.54645810418,2.54645810418,4.95687745008,4.95687745008,7.09268279448,7.09268279458,7.09268279458,7.09268279463,7.09268279463,7.09268279468,7.09268279468,7.09268279458,7.09268279458,7.09268279458,7.09268279458,7.0926827945108,7.0926827945108,7.09268279458,7.09268279458,7.09268279458,7.0926827945,7.0926827945,7.09268279458,7.09268279458,7.09268279453,7.092682794581,7.092682794581,7.09268279456,7.09268279456,7.09268279453,7.09268279453,7.09268279439,7.09268279439,7.09268279449,7.09268279449,7.09268279449,7.0926827946,7.0926827946,7.09268279458,9.89472097078,9.8947209708,9.8947209708,9.89472097076,9.89472097076,9.89472097078,9.89472096998,9.89472096998,9.89472097008,9.89472097048,9.89472097048,9.894720970509,9.894720970509,9.894720970548,9.894720970552,9.894720970552,9.89472097055,9.894720970479,9.894720970479,9.89472096981,9.89472096983,9.89472096983,9.89472096983,9.89472096988,9.894720970209,9.894720970209,9.894720970185,9.8947209702025,9.8947209701925,9.8947209701925,9.8947209701525,9.8947209701625,9.8947209701625,9.8947209701525,9.8947209701525,9.894720970009,9.8947209699,9.8947209699,9.89472097068,9.89472097068
"t19",5.96713907188,5.96713907188,4.12234681308,4.12234681308,4.12234681338,3.55484320843,3.55484320843,3.55484320848,3.55484320848,3.55484320848,3.55484320848,3.55484320848,3.55484320852,3.55484320852,2.5146911442,2.5146911442,0,1.5126014446,2.54645810438,2.54645810438,2.54645810438,2.54645810438,2.54645810438,4.95687745028,4.95687745028,7.09268279468,7.09268279478,7.09268279478,7.09268279483,7.09268279483,7.09268279488,7.09268279488,7.09268279478,7.09268279478,7.09268279478,7.09268279478,7.0926827947108,7.0926827947108,7.09268279478,7.09268279478,7.09268279478,7.0926827947,7.0926827947,7.09268279478,7.09268279478,7.09268279473,7.092682794781,7.092682794781,7.09268279476,7.09268279476,7.09268279473,7.09268279473,7.09268279459,7.09268279459,7.09268279469,7.09268279469,7.09268279469,7.0926827948,7.0926827948,7.09268279478,9.89472097098,9.894720971,9.894720971,9.89472097096,9.89472097096,9.89472097098,9.89472097018,9.89472097018,9.89472097028,9.89472097068,9.89472097068,9.894720970709,9.894720970709,9.894720970748,9.894720970752,9.894720970752,9.89472097075,9.894720970679,9.894720970679,9.89472097001,9.89472097003,9.89472097003,9.89472097003,9.89472097008,9.894720970409,9.894720970409,9.894720970385,9.8947209704025,9.8947209703925,9.8947209703925,9.8947209703525,9.8947209703625,9.8947209703625,9.8947209703525,9.8947209703525,9.894720970209,9.8947209701,9.8947209701,9.89472097088,9.89472097088
"t20",5.96713907188,5.96713907188,4.12234681308,4.12234681308,4.12234681338,3.55484320843,3.55484320843,3.55484320848,3.55484320848,3.55484320848,3.55484320848,3.55484320848,3.55484320852,3.55484320852,2.5146911442,2.5146911442,1.5126014446,0,2.54645810438,2.54645810438,2.54645810438,2.54645810438,2.54645810438,4.95687745028,4.95687745028,7.09268279468,7.09268279478,7.09268279478,7.09268279483,7.09268279483,7.09268279488,7.09268279488,7.09268279478,7.09268279478,7.09268279478,7.09268279478,7.0926827947108,7.0926827947108,7.09268279478,7.09268279478,7.09268279478,7.0926827947,7.0926827947,7.09268279478,7.09268279478,7.09268279473,7.092682794781,7.092682794781,7.09268279476,7.09268279476,7.09268279473,7.09268279473,7.09268279459,7.09268279459,7.09268279469,7.09268279469,7.09268279469,7.0926827948,7.0926827948,7.09268279478,9.89472097098,9.894720971,9.894720971,9.89472097096,9.89472097096,9.89472097098,9.89472097018,9.89472097018,9.89472097028,9.89472097068,9.89472097068,9.894720970709,9.894720970709,9.894720970748,9.894720970752,9.894720970752,9.89472097075,9.894720970679,9.894720970679,9.89472097001,9.89472097003,9.89472097003,9.89472097003,9.89472097008,9.894720970409,9.894720970409,9.894720970385,9.8947209704025,9.8947209703925,9.8947209703925,9.8947209703525,9.8947209703625,9.8947209703625,9.8947209703525,9.8947209703525,9.894720970209,9.8947209701,9.8947209701,9.89472097088,9.89472097088
"t12",5.9671390719,5.9671390719,4.1223468131,4.1223468131,4.1223468134,3.55484320845,3.55484320845,3.5548432085,3.5548432085,3.5548432085,3.5548432085,3.5548432085,3.55484320854,3.55484320854,2.54645810418,2.54645810418,2.54645810438,2.54645810438,0,1.894899896,1.894899896,1.894899896,1.894899896,4.9568774503,4.9568774503,7.0926827947,7.0926827948,7.0926827948,7.09268279485,7.09268279485,7.0926827949,7.0926827949,7.0926827948,7.0926827948,7.0926827948,7.0926827948,7.0926827947308,7.0926827947308,7.0926827948,7.0926827948,7.0926827948,7.09268279472,7.09268279472,7.0926827948,7.0926827948,7.09268279475,7.092682794801,7.092682794801,7.09268279478,7.09268279478,7.09268279475,7.09268279475,7.09268279461,7.09268279461,7.09268279471,7.09268279471,7.09268279471,7.09268279482,7.09268279482,7.0926827948,9.894720971,9.89472097102,9.89472097102,9.89472097098,9.89472097098,9.894720971,9.8947209702,9.8947209702,9.8947209703,9.8947209707,9.8947209707,9.894720970729,9.894720970729,9.894720970768,9.894720970772,9.894720970772,9.89472097077,9.894720970699,9.894720970699,9.89472097003,9.89472097005,9.89472097005,9.89472097005,9.8947209701,9.894720970429,9.894720970429,9.894720970405,9.8947209704225,9.8947209704125,9.8947209704125,9.8947209703725,9.8947209703825,9.8947209703825,9.8947209703725,9.8947209703725,9.894720970229,9.89472097012,9.89472097012,9.8947209709,9.8947209709
"t34",5.9671390719,5.9671390719,4.1223468131,4.1223468131,4.1223468134,3.55484320845,3.55484320845,3.5548432085,3.5548432085,3.5548432085,3.5548432085,3.5548432085,3.55484320854,3.55484320854,2.54645810418,2.54645810418,2.54645810438,2.54645810438,1.894899896,0,0.89487479,0.89487479,0.89487479,4.9568774503,4.9568774503,7.0926827947,7.0926827948,7.0926827948,7.09268279485,7.09268279485,7.0926827949,7.0926827949,7.0926827948,7.0926827948,7.0926827948,7.0926827948,7.0926827947308,7.0926827947308,7.0926827948,7.0926827948,7.0926827948,7.09268279472,7.09268279472,7.0926827948,7.0926827948,7.09268279475,7.092682794801,7.092682794801,7.09268279478,7.09268279478,7.09268279475,7.09268279475,7.09268279461,7.09268279461,7.09268279471,7.09268279471,7.09268279471,7.09268279482,7.09268279482,7.0926827948,9.894720971,9.89472097102,9.89472097102,9.89472097098,9.89472097098,9.894720971,9.8947209702,9.8947209702,9.8947209703,9.8947209707,9.8947209707,9.894720970729,9.894720970729,9.894720970768,9.894720970772,9.894720970772,9.89472097077,9.894720970699,9.894720970699,9.89472097003,9.89472097005,9.89472097005,9.89472097005,9.8947209701,9.894720970429,9.894720970429,9.894720970405,9.8947209704225,9.8947209704125,9.8947209704125,9.8947209703725,9.8947209703825,9.8947209703825,9.8947209703725,9.8947209703725,9.894720970229,9.89472097012,9.89472097012,9.8947209709,9.8947209709
"t55",5.9671390719,5.9671390719,4.1223468131,4.1223468131,4.1223468134,3.55484320845,3.55484320845,3.5548432085,3.5548432085,3.5548432085,3.5548432085,3.5548432085,3.55484320854,3.55484320854,2.54645810418,2.54645810418,2.54645810438,2.54645810438,1.894899896,0.89487479,0,0.5880804994,0.5880804994,4.9568774503,4.9568774503,7.0926827947,7.0926827948,7.0926827948,7.09268279485,7.09268279485,7.0926827949,7.0926827949,7.0926827948,7.0926827948,7.0926827948,7.0926827948,7.0926827947308,7.0926827947308,7.0926827948,7.0926827948,7.0926827948,7.09268279472,7.09268279472,7.0926827948,7.0926827948,7.09268279475,7.092682794801,7.092682794801,7.09268279478,7.09268279478,7.09268279475,7.09268279475,7.09268279461,7.09268279461,7.09268279471,7.09268279471,7.09268279471,7.09268279482,7.09268279482,7.0926827948,9.894720971,9.89472097102,9.89472097102,9.89472097098,9.89472097098,9.894720971,9.8947209702,9.8947209702,9.8947209703,9.8947209707,9.8947209707,9.894720970729,9.894720970729,9.894720970768,9.894720970772,9.894720970772,9.89472097077,9.894720970699,9.894720970699,9.89472097003,9.89472097005,9.89472097005,9.89472097005,9.8947209701,9.894720970429,9.894720970429,9.894720970405,9.8947209704225,9.8947209704125,9.8947209704125,9.8947209703725,9.8947209703825,9.8947209703825,9.8947209703725,9.8947209703725,9.894720970229,9.89472097012,9.89472097012,9.8947209709,9.8947209709
"t57",5.9671390719,5.9671390719,4.1223468131,4.1223468131,4.1223468134,3.55484320845,3.55484320845,3.5548432085,3.5548432085,3.5548432085,3.5548432085,3.5548432085,3.55484320854,3.55484320854,2.54645810418,2.54645810418,2.54645810438,2.54645810438,1.894899896,0.89487479,0.5880804994,0,0.4401191492,4.9568774503,4.9568774503,7.0926827947,7.0926827948,7.0926827948,7.09268279485,7.09268279485,7.0926827949,7.0926827949,7.0926827948,7.0926827948,7.0926827948,7.0926827948,7.0926827947308,7.0926827947308,7.0926827948,7.0926827948,7.0926827948,7.09268279472,7.09268279472,7.0926827948,7.0926827948,7.09268279475,7.092682794801,7.092682794801,7.09268279478,7.09268279478,7.09268279475,7.09268279475,7.09268279461,7.09268279461,7.09268279471,7.09268279471,7.09268279471,7.09268279482,7.09268279482,7.0926827948,9.894720971,9.89472097102,9.89472097102,9.89472097098,9.89472097098,9.894720971,9.8947209702,9.8947209702,9.8947209703,9.8947209707,9.8947209707,9.894720970729,9.894720970729,9.894720970768,9.894720970772,9.894720970772,9.89472097077,9.894720970699,9.894720970699,9.89472097003,9.89472097005,9.89472097005,9.89472097005,9.8947209701,9.894720970429,9.894720970429,9.894720970405,9.8947209704225,9.8947209704125,9.8947209704125,9.8947209703725,9.8947209703825,9.8947209703825,9.8947209703725,9.8947209703725,9.894720970229,9.89472097012,9.89472097012,9.8947209709,9.8947209709
"t58",5.9671390719,5.9671390719,4.1223468131,4.1223468131,4.1223468134,3.55484320845,3.55484320845,3.5548432085,3.5548432085,3.5548432085,3.5548432085,3.5548432085,3.55484320854,3.55484320854,2.54645810418,2.54645810418,2.54645810438,2.54645810438,1.894899896,0.89487479,0.5880804994,0.4401191492,0,4.9568774503,4.9568774503,7.0926827947,7.0926827948,7.0926827948,7.09268279485,7.09268279485,7.0926827949,7.0926827949,7.0926827948,7.0926827948,7.0926827948,7.0926827948,7.0926827947308,7.0926827947308,7.0926827948,7.0926827948,7.0926827948,7.09268279472,7.09268279472,7.0926827948,7.0926827948,7.09268279475,7.092682794801,7.092682794801,7.09268279478,7.09268279478,7.09268279475,7.09268279475,7.09268279461,7.09268279461,7.09268279471,7.09268279471,7.09268279471,7.09268279482,7.09268279482,7.0926827948,9.894720971,9.89472097102,9.89472097102,9.89472097098,9.89472097098,9.894720971,9.8947209702,9.8947209702,9.8947209703,9.8947209707,9.8947209707,9.894720970729,9.894720970729,9.894720970768,9.894720970772,9.894720970772,9.89472097077,9.894720970699,9.894720970699,9.89472097003,9.89472097005,9.89472097005,9.89472097005,9.8947209701,9.894720970429,9.894720970429,9.894720970405,9.8947209704225,9.8947209704125,9.8947209704125,9.8947209703725,9.8947209703825,9.8947209703825,9.8947209703725,9.8947209703725,9.894720970229,9.89472097012,9.89472097012,9.8947209709,9.8947209709
"t2",5.9671390716,5.9671390716,4.9568774506,4.9568774506,4.9568774509,4.95687745015,4.95687745015,4.9568774502,4.9568774502,4.9568774502,4.9568774502,4.9568774502,4.95687745024,4.95687745024,4.95687745008,4.95687745008,4.95687745028,4.95687745028,4.9568774503,4.9568774503,4.9568774503,4.9568774503,4.9568774503,0,2.60192625,7.0926827944,7.0926827945,7.0926827945,7.09268279455,7.09268279455,7.0926827946,7.0926827946,7.0926827945,7.0926827945,7.0926827945,7.0926827945,7.0926827944308,7.0926827944308,7.0926827945,7.0926827945,7.0926827945,7.09268279442,7.09268279442,7.0926827945,7.0926827945,7.09268279445,7.092682794501,7.092682794501,7.09268279448,7.09268279448,7.09268279445,7.09268279445,7.09268279431,7.09268279431,7.09268279441,7.09268279441,7.09268279441,7.09268279452,7.09268279452,7.0926827945,9.8947209707,9.89472097072,9.89472097072,9.89472097068,9.89472097068,9.8947209707,9.8947209699,9.8947209699,9.89472097,9.8947209704,9.8947209704,9.894720970429,9.894720970429,9.894720970468,9.894720970472,9.894720970472,9.89472097047,9.894720970399,9.894720970399,9.89472096973,9.89472096975,9.89472096975,9.89472096975,9.8947209698,9.894720970129,9.894720970129,9.894720970105,9.8947209701225,9.8947209701125,9.8947209701125,9.8947209700725,9.8947209700825,9.8947209700825,9.8947209700725,9.8947209700725,9.894720969929,9.89472096982,9.89472096982,9.8947209706,9.8947209706
"t3",5.9671390716,5.9671390716,4.9568774506,4.9568774506,4.9568774509,4.95687745015,4.95687745015,4.9568774502,4.9568774502,4.9568774502,4.9568774502,4.9568774502,4.95687745024,4.95687745024,4.95687745008,4.95687745008,4.95687745028,4.95687745028,4.9568774503,4.9568774503,4.9568774503,4.9568774503,4.9568774503,2.60192625,0,7.0926827944,7.0926827945,7.0926827945,7.09268279455,7.09268279455,7.0926827946,7.0926827946,7.0926827945,7.0926827945,7.0926827945,7.0926827945,7.0926827944308,7.0926827944308,7.0926827945,7.0926827945,7.0926827945,7.09268279442,7.09268279442,7.0926827945,7.0926827945,7.09268279445,7.092682794501,7.092682794501,7.09268279448,7.09268279448,7.09268279445,7.09268279445,7.09268279431,7.09268279431,7.09268279441,7.09268279441,7.09268279441,7.09268279452,7.09268279452,7.0926827945,9.8947209707,9.89472097072,9.89472097072,9.89472097068,9.89472097068,9.8947209707,9.8947209699,9.8947209699,9.89472097,9.8947209704,9.8947209704,9.894720970429,9.894720970429,9.894720970468,9.894720970472,9.894720970472,9.89472097047,9.894720970399,9.894720970399,9.89472096973,9.89472096975,9.89472096975,9.89472096975,9.8947209698,9.894720970129,9.894720970129,9.894720970105,9.8947209701225,9.8947209701125,9.8947209701125,9.8947209700725,9.8947209700825,9.8947209700825,9.8947209700725,9.8947209700725,9.894720969929,9.89472096982,9.89472096982,9.8947209706,9.8947209706
"t8",7.0926827948,7.0926827948,7.092682795,7.092682795,7.0926827953,7.09268279455,7.09268279455,7.0926827946,7.0926827946,7.0926827946,7.0926827946,7.0926827946,7.09268279464,7.09268279464,7.09268279448,7.09268279448,7.09268279468,7.09268279468,7.0926827947,7.0926827947,7.0926827947,7.0926827947,7.0926827947,7.0926827944,7.0926827944,0,2.1750362241,2.1750362241,3.50695416935,3.50695416935,3.5069541694,3.5069541694,4.5379294683,4.5379294683,5.0859749747,5.0859749747,5.0859749746308,5.0859749746308,5.0859749747,5.0859749747,5.0859749747,5.08597497462,5.08597497462,5.0859749747,5.0859749747,5.08597497465,5.085974974701,5.085974974701,5.08597497468,5.08597497468,5.08597497465,5.08597497465,5.08597497451,5.08597497451,5.08597497461,5.08597497461,5.08597497461,5.08597497472,5.08597497472,5.0859749747,9.8947209709,9.89472097092,9.89472097092,9.89472097088,9.89472097088,9.8947209709,9.8947209701,9.8947209701,9.8947209702,9.8947209706,9.8947209706,9.894720970629,9.894720970629,9.894720970668,9.894720970672,9.894720970672,9.89472097067,9.894720970599,9.894720970599,9.89472096993,9.89472096995,9.89472096995,9.89472096995,9.89472097,9.894720970329,9.894720970329,9.894720970305,9.8947209703225,9.8947209703125,9.8947209703125,9.8947209702725,9.8947209702825,9.8947209702825,9.8947209702725,9.8947209702725,9.894720970129,9.89472097002,9.89472097002,9.8947209708,9.8947209708
"t47",7.0926827949,7.0926827949,7.0926827951,7.0926827951,7.0926827954,7.09268279465,7.09268279465,7.0926827947,7.0926827947,7.0926827947,7.0926827947,7.0926827947,7.09268279474,7.09268279474,7.09268279458,7.09268279458,7.09268279478,7.09268279478,7.0926827948,7.0926827948,7.0926827948,7.0926827948,7.0926827948,7.0926827945,7.0926827945,2.1750362241,0,0.7057076742,3.50695416945,3.50695416945,3.5069541695,3.5069541695,4.5379294684,4.5379294684,5.0859749748,5.0859749748,5.0859749747308,5.0859749747308,5.0859749748,5.0859749748,5.0859749748,5.08597497472,5.08597497472,5.0859749748,5.0859749748,5.08597497475,5.085974974801,5.085974974801,5.08597497478,5.08597497478,5.08597497475,5.08597497475,5.08597497461,5.08597497461,5.08597497471,5.08597497471,5.08597497471,5.08597497482,5.08597497482,5.0859749748,9.894720971,9.89472097102,9.89472097102,9.89472097098,9.89472097098,9.894720971,9.8947209702,9.8947209702,9.8947209703,9.8947209707,9.8947209707,9.894720970729,9.894720970729,9.894720970768,9.894720970772,9.894720970772,9.89472097077,9.894720970699,9.894720970699,9.89472097003,9.89472097005,9.89472097005,9.89472097005,9.8947209701,9.894720970429,9.894720970429,9.894720970405,9.8947209704225,9.8947209704125,9.8947209704125,9.8947209703725,9.8947209703825,9.8947209703825,9.8947209703725,9.8947209703725,9.894720970229,9.89472097012,9.89472097012,9.8947209709,9.8947209709
"t48",7.0926827949,7.0926827949,7.0926827951,7.0926827951,7.0926827954,7.09268279465,7.09268279465,7.0926827947,7.0926827947,7.0926827947,7.0926827947,7.0926827947,7.09268279474,7.09268279474,7.09268279458,7.09268279458,7.09268279478,7.09268279478,7.0926827948,7.0926827948,7.0926827948,7.0926827948,7.0926827948,7.0926827945,7.0926827945,2.1750362241,0.7057076742,0,3.50695416945,3.50695416945,3.5069541695,3.5069541695,4.5379294684,4.5379294684,5.0859749748,5.0859749748,5.0859749747308,5.0859749747308,5.0859749748,5.0859749748,5.0859749748,5.08597497472,5.08597497472,5.0859749748,5.0859749748,5.08597497475,5.085974974801,5.085974974801,5.08597497478,5.08597497478,5.08597497475,5.08597497475,5.08597497461,5.08597497461,5.08597497471,5.08597497471,5.08597497471,5.08597497482,5.08597497482,5.0859749748,9.894720971,9.89472097102,9.89472097102,9.89472097098,9.89472097098,9.894720971,9.8947209702,9.8947209702,9.8947209703,9.8947209707,9.8947209707,9.894720970729,9.894720970729,9.894720970768,9.894720970772,9.894720970772,9.89472097077,9.894720970699,9.894720970699,9.89472097003,9.89472097005,9.89472097005,9.89472097005,9.8947209701,9.894720970429,9.894720970429,9.894720970405,9.8947209704225,9.8947209704125,9.8947209704125,9.8947209703725,9.8947209703825,9.8947209703825,9.8947209703725,9.8947209703725,9.894720970229,9.89472097012,9.89472097012,9.8947209709,9.8947209709
