"","t17","t61","t62","t45","t39","t60","t96","t97","t102","t103","t76","t77","t21","t123","t124","t66","t101","t110","t111","t112","t113","t2","t4","t43","t44","t14","t28","t29","t114","t115","t37","t11","t82","t83","t70","t71","t49","t7","t31","t40","t41","t38","t12","t8","t32","t33","t3","t42","t106","t107","t98","t54","t26","t116","t117","t58","t59","t64","t65","t104","t105","t57","t55","t56","t126","t127","t125","t19","t118","t121","t122","t81","t34","t108","t109","t73","t87","t88","t13","t53","t67","t68","t63","t47","t48","t20","t128","t129","t23","t46","t92","t93","t78","t15","t18","t94","t95","t22","t27","t52","t99","t100","t74","t75","t69","t24","t25","t6","t9","t10","t130","t131","t89","t16","t90","t91","t72","t119","t120","t84","t132","t133","t85","t86","t79","t80","t50","t51","t30","t35","t36","t5","t1"
"t17",0,1.46671385146,1.77514346653,1.77514346653,1.20355852915,1.77514346652,1.77514346652,1.77514346652,1.77514346661,1.77514346661,1.77514346658,1.77514346658,1.77514346628,1.77514346662,1.77514346662,1.775143466618,1.775143466558,1.775143466558,1.775143466558,3.36299334889,3.36299334889,3.13248279751,4.43758123681,5.50452368851,5.80892744651,4.64842963931,5.80892744591,5.31334557551,5.80892744592,5.80892744592,5.80892744591,5.80892744631,5.80892744621,5.80892744621,5.80892744621,5.80892744621,5.80892744621,4.70250239691,5.39778523521,5.47761625435,5.80892744635,5.30622873061,4.99948811091,8.8066582301,8.8066582301,8.14793999506,6.4517851466,8.6573316407,8.80665822965,8.80665822965,8.8066582296,8.8066582296,8.6792598814,8.80665822963,8.80665822963,8.806658229666,8.806658229666,8.80665822975,8.80665822975,8.80665822969,8.80665822969,8.80665822971,8.80665822981,8.80665822981,8.806658229786,8.806658229786,8.80665822979,8.183298922239,8.806658229749,8.806658229749,8.806658229749,8.806658229739,8.80665822968,8.80665822975,8.80665822975,8.8066582297,8.8066582297,8.8066582297,7.7083642866,8.8066582297,8.806658229735,8.806658229735,8.8066582297,8.8066582302,8.28548761659,8.8066582291,8.80665822933,8.80665822933,8.791174727,8.6054934344,8.8066582295,8.8066582295,8.7877236334,8.8066582298,8.6199336083,8.8066582297,8.8066582297,8.8066582295,8.8066582297,8.8066582297,8.80665822974,8.80665822974,8.80665822978,8.68490455868,8.80665822974,8.8066582297,8.5924468202,7.2732054913,8.8066582296,7.3104739818,8.806658230025,8.806658230025,8.80665823,7.80221613119,8.80665822959,8.80665822959,8.8066582302,8.80665823022,8.80665823022,8.8066582297,8.8066582297,8.8066582297,8.74841610377,8.8066582297,8.8066582297,8.8066582297,8.42575409796,8.80665822976,8.15983841796,8.80665822966,8.80665822966,8.8066582296,6.8676569301
"t61",1.46671385146,0,0.35015456953,0.81114433753,0.35690321505,0.92848815242,0.92848815242,0.92848815242,0.92848815251,0.92848815251,1.61990134228,1.61990134228,1.79179380318,2.03706321212,2.03706321212,2.037063212118,2.037063212058,2.037063212058,2.037063212058,3.69521241735,3.69521241735,3.46470186597,4.76980030527,5.83674275697,6.14114651497,4.98064870777,6.14114651437,5.64556464397,6.14114651438,6.14114651438,6.14114651437,6.14114651477,6.14114651467,6.14114651467,6.14114651467,6.14114651467,6.14114651467,5.03472146537,5.73000430367,5.80983532281,6.14114651481,5.63844779907,5.33170717937,9.13887729856,9.13887729856,8.48015906352,6.78400421506,8.98955070916,9.13887729811,9.13887729811,9.13887729806,9.13887729806,9.01147894986,9.13887729809,9.13887729809,9.138877298126,9.138877298126,9.13887729821,9.13887729821,9.13887729815,9.13887729815,9.13887729817,9.13887729827,9.13887729827,9.138877298246,9.138877298246,9.13887729825,8.515517990699,9.138877298209,9.138877298209,9.138877298209,9.138877298199,9.13887729814,9.13887729821,9.13887729821,9.13887729816,9.13887729816,9.13887729816,8.04058335506,9.13887729816,9.138877298195,9.138877298195,9.13887729816,9.13887729866,8.61770668505,9.13887729756,9.13887729779,9.13887729779,9.12339379546,8.93771250286,9.13887729796,9.13887729796,9.11994270186,9.13887729826,8.95215267676,9.13887729816,9.13887729816,9.13887729796,9.13887729816,9.13887729816,9.1388772982,9.1388772982,9.13887729824,9.01712362714,9.1388772982,9.13887729816,8.92466588866,7.60542455976,9.13887729806,7.64269305026,9.138877298485,9.138877298485,9.13887729846,8.13443519965,9.13887729805,9.13887729805,9.13887729866,9.13887729868,9.13887729868,9.13887729816,9.13887729816,9.13887729816,9.08063517223,9.13887729816,9.13887729816,9.13887729816,8.75797316642,9.13887729822,8.49205748642,9.13887729812,9.13887729812,9.13887729806,7.19987599856
"t62",1.77514346653,0.35015456953,0,1.1195739526,0.66533283012,1.23691776749,1.23691776749,1.23691776749,1.23691776758,1.23691776758,1.92833095735,1.92833095735,2.10022341825,2.34549282719,2.34549282719,2.345492827188,2.345492827128,2.345492827128,2.345492827128,4.00364203242,4.00364203242,3.77313148104,5.07822992034,6.14517237204,6.44957613004,5.28907832284,6.44957612944,5.95399425904,6.44957612945,6.44957612945,6.44957612944,6.44957612984,6.44957612974,6.44957612974,6.44957612974,6.44957612974,6.44957612974,5.34315108044,6.03843391874,6.11826493788,6.44957612988,5.94687741414,5.64013679444,9.44730691363,9.44730691363,8.78858867859,7.09243383013,9.29798032423,9.44730691318,9.44730691318,9.44730691313,9.44730691313,9.31990856493,9.44730691316,9.44730691316,9.447306913196,9.447306913196,9.44730691328,9.44730691328,9.44730691322,9.44730691322,9.44730691324,9.44730691334,9.44730691334,9.447306913316,9.447306913316,9.44730691332,8.823947605769,9.447306913279,9.447306913279,9.447306913279,9.447306913269,9.44730691321,9.44730691328,9.44730691328,9.44730691323,9.44730691323,9.44730691323,8.34901297013,9.44730691323,9.447306913265,9.447306913265,9.44730691323,9.44730691373,8.92613630012,9.44730691263,9.44730691286,9.44730691286,9.43182341053,9.24614211793,9.44730691303,9.44730691303,9.42837231693,9.44730691333,9.26058229183,9.44730691323,9.44730691323,9.44730691303,9.44730691323,9.44730691323,9.44730691327,9.44730691327,9.44730691331,9.32555324221,9.44730691327,9.44730691323,9.23309550373,7.91385417483,9.44730691313,7.95112266533,9.447306913555,9.447306913555,9.44730691353,8.44286481472,9.44730691312,9.44730691312,9.44730691373,9.44730691375,9.44730691375,9.44730691323,9.44730691323,9.44730691323,9.3890647873,9.44730691323,9.44730691323,9.44730691323,9.06640278149,9.44730691329,8.80048710149,9.44730691319,9.44730691319,9.44730691313,7.50830561363
"t45",1.77514346653,0.81114433753,1.1195739526,0,0.66533283012,1.23691776749,1.23691776749,1.23691776749,1.23691776758,1.23691776758,1.92833095735,1.92833095735,2.10022341825,2.34549282719,2.34549282719,2.345492827188,2.345492827128,2.345492827128,2.345492827128,4.00364203242,4.00364203242,3.77313148104,5.07822992034,6.14517237204,6.44957613004,5.28907832284,6.44957612944,5.95399425904,6.44957612945,6.44957612945,6.44957612944,6.44957612984,6.44957612974,6.44957612974,6.44957612974,6.44957612974,6.44957612974,5.34315108044,6.03843391874,6.11826493788,6.44957612988,5.94687741414,5.64013679444,9.44730691363,9.44730691363,8.78858867859,7.09243383013,9.29798032423,9.44730691318,9.44730691318,9.44730691313,9.44730691313,9.31990856493,9.44730691316,9.44730691316,9.447306913196,9.447306913196,9.44730691328,9.44730691328,9.44730691322,9.44730691322,9.44730691324,9.44730691334,9.44730691334,9.447306913316,9.447306913316,9.44730691332,8.823947605769,9.447306913279,9.447306913279,9.447306913279,9.447306913269,9.44730691321,9.44730691328,9.44730691328,9.44730691323,9.44730691323,9.44730691323,8.34901297013,9.44730691323,9.447306913265,9.447306913265,9.44730691323,9.44730691373,8.92613630012,9.44730691263,9.44730691286,9.44730691286,9.43182341053,9.24614211793,9.44730691303,9.44730691303,9.42837231693,9.44730691333,9.26058229183,9.44730691323,9.44730691323,9.44730691303,9.44730691323,9.44730691323,9.44730691327,9.44730691327,9.44730691331,9.32555324221,9.44730691327,9.44730691323,9.23309550373,7.91385417483,9.44730691313,7.95112266533,9.447306913555,9.447306913555,9.44730691353,8.44286481472,9.44730691312,9.44730691312,9.44730691373,9.44730691375,9.44730691375,9.44730691323,9.44730691323,9.44730691323,9.3890647873,9.44730691323,9.44730691323,9.44730691323,9.06640278149,9.44730691329,8.80048710149,9.44730691319,9.44730691319,9.44730691313,7.50830561363
"t39",1.20355852915,0.35690321505,0.66533283012,0.66533283012,0,0.60824285223,0.60824285223,0.60824285223,0.60824285232,0.60824285232,1.35674601997,1.35674601997,1.52863848087,1.77390788981,1.77390788981,1.773907889808,1.773907889748,1.773907889748,1.773907889748,3.43205709504,3.43205709504,3.20154654366,4.50664498296,5.57358743466,5.87799119266,4.71749338546,5.87799119206,5.38240932166,5.87799119207,5.87799119207,5.87799119206,5.87799119246,5.87799119236,5.87799119236,5.87799119236,5.87799119236,5.87799119236,4.77156614306,5.46684898136,5.5466800005,5.8779911925,5.37529247676,5.06855185706,8.87572197625,8.87572197625,8.21700374121,6.52084889275,8.72639538685,8.8757219758,8.8757219758,8.87572197575,8.87572197575,8.74832362755,8.87572197578,8.87572197578,8.875721975816,8.875721975816,8.8757219759,8.8757219759,8.87572197584,8.87572197584,8.87572197586,8.87572197596,8.87572197596,8.875721975936,8.875721975936,8.87572197594,8.252362668389,8.875721975899,8.875721975899,8.875721975899,8.875721975889,8.87572197583,8.8757219759,8.8757219759,8.87572197585,8.87572197585,8.87572197585,7.77742803275,8.87572197585,8.875721975885,8.875721975885,8.87572197585,8.87572197635,8.35455136274,8.87572197525,8.87572197548,8.87572197548,8.86023847315,8.67455718055,8.87572197565,8.87572197565,8.85678737955,8.87572197595,8.68899735445,8.87572197585,8.87572197585,8.87572197565,8.87572197585,8.87572197585,8.87572197589,8.87572197589,8.87572197593,8.75396830483,8.87572197589,8.87572197585,8.66151056635,7.34226923745,8.87572197575,7.37953772795,8.875721976175,8.875721976175,8.87572197615,7.87127987734,8.87572197574,8.87572197574,8.87572197635,8.87572197637,8.87572197637,8.87572197585,8.87572197585,8.87572197585,8.81747984992,8.87572197585,8.87572197585,8.87572197585,8.49481784411,8.87572197591,8.22890216411,8.87572197581,8.87572197581,8.87572197575,6.93672067625
"t60",1.77514346652,0.92848815242,1.23691776749,1.23691776749,0.60824285223,0,0.6840322194,0.6840322194,0.68403221949,0.68403221949,1.92833095734,1.92833095734,2.10022341824,2.34549282718,2.34549282718,2.345492827178,2.345492827118,2.345492827118,2.345492827118,4.00364203241,4.00364203241,3.77313148103,5.07822992033,6.14517237203,6.44957613003,5.28907832283,6.44957612943,5.95399425903,6.44957612944,6.44957612944,6.44957612943,6.44957612983,6.44957612973,6.44957612973,6.44957612973,6.44957612973,6.44957612973,5.34315108043,6.03843391873,6.11826493787,6.44957612987,5.94687741413,5.64013679443,9.44730691362,9.44730691362,8.78858867858,7.09243383012,9.29798032422,9.44730691317,9.44730691317,9.44730691312,9.44730691312,9.31990856492,9.44730691315,9.44730691315,9.447306913186,9.447306913186,9.44730691327,9.44730691327,9.44730691321,9.44730691321,9.44730691323,9.44730691333,9.44730691333,9.447306913306,9.447306913306,9.44730691331,8.823947605759,9.447306913269,9.447306913269,9.447306913269,9.447306913259,9.4473069132,9.44730691327,9.44730691327,9.44730691322,9.44730691322,9.44730691322,8.34901297012,9.44730691322,9.447306913255,9.447306913255,9.44730691322,9.44730691372,8.92613630011,9.44730691262,9.44730691285,9.44730691285,9.43182341052,9.24614211792,9.44730691302,9.44730691302,9.42837231692,9.44730691332,9.26058229182,9.44730691322,9.44730691322,9.44730691302,9.44730691322,9.44730691322,9.44730691326,9.44730691326,9.4473069133,9.3255532422,9.44730691326,9.44730691322,9.23309550372,7.91385417482,9.44730691312,7.95112266532,9.447306913545,9.447306913545,9.44730691352,8.44286481471,9.44730691311,9.44730691311,9.44730691372,9.44730691374,9.44730691374,9.44730691322,9.44730691322,9.44730691322,9.38906478729,9.44730691322,9.44730691322,9.44730691322,9.06640278148,9.44730691328,8.80048710148,9.44730691318,9.44730691318,9.44730691312,7.50830561362
"t96",1.77514346652,0.92848815242,1.23691776749,1.23691776749,0.60824285223,0.6840322194,0,0.2142132006,0.47386877449,0.47386877449,1.92833095734,1.92833095734,2.10022341824,2.34549282718,2.34549282718,2.345492827178,2.345492827118,2.345492827118,2.345492827118,4.00364203241,4.00364203241,3.77313148103,5.07822992033,6.14517237203,6.44957613003,5.28907832283,6.44957612943,5.95399425903,6.44957612944,6.44957612944,6.44957612943,6.44957612983,6.44957612973,6.44957612973,6.44957612973,6.44957612973,6.44957612973,5.34315108043,6.03843391873,6.11826493787,6.44957612987,5.94687741413,5.64013679443,9.44730691362,9.44730691362,8.78858867858,7.09243383012,9.29798032422,9.44730691317,9.44730691317,9.44730691312,9.44730691312,9.31990856492,9.44730691315,9.44730691315,9.447306913186,9.447306913186,9.44730691327,9.44730691327,9.44730691321,9.44730691321,9.44730691323,9.44730691333,9.44730691333,9.447306913306,9.447306913306,9.44730691331,8.823947605759,9.447306913269,9.447306913269,9.447306913269,9.447306913259,9.4473069132,9.44730691327,9.44730691327,9.44730691322,9.44730691322,9.44730691322,8.34901297012,9.44730691322,9.447306913255,9.447306913255,9.44730691322,9.44730691372,8.92613630011,9.44730691262,9.44730691285,9.44730691285,9.43182341052,9.24614211792,9.44730691302,9.44730691302,9.42837231692,9.44730691332,9.26058229182,9.44730691322,9.44730691322,9.44730691302,9.44730691322,9.44730691322,9.44730691326,9.44730691326,9.4473069133,9.3255532422,9.44730691326,9.44730691322,9.23309550372,7.91385417482,9.44730691312,7.95112266532,9.447306913545,9.447306913545,9.44730691352,8.44286481471,9.44730691311,9.44730691311,9.44730691372,9.44730691374,9.44730691374,9.44730691322,9.44730691322,9.44730691322,9.38906478729,9.44730691322,9.44730691322,9.44730691322,9.06640278148,9.44730691328,8.80048710148,9.44730691318,9.44730691318,9.44730691312,7.50830561362
"t97",1.77514346652,0.92848815242,1.23691776749,1.23691776749,0.60824285223,0.6840322194,0.2142132006,0,0.47386877449,0.47386877449,1.92833095734,1.92833095734,2.10022341824,2.34549282718,2.34549282718,2.345492827178,2.345492827118,2.345492827118,2.345492827118,4.00364203241,4.00364203241,3.77313148103,5.07822992033,6.14517237203,6.44957613003,5.28907832283,6.44957612943,5.95399425903,6.44957612944,6.44957612944,6.44957612943,6.44957612983,6.44957612973,6.44957612973,6.44957612973,6.44957612973,6.44957612973,5.34315108043,6.03843391873,6.11826493787,6.44957612987,5.94687741413,5.64013679443,9.44730691362,9.44730691362,8.78858867858,7.09243383012,9.29798032422,9.44730691317,9.44730691317,9.44730691312,9.44730691312,9.31990856492,9.44730691315,9.44730691315,9.447306913186,9.447306913186,9.44730691327,9.44730691327,9.44730691321,9.44730691321,9.44730691323,9.44730691333,9.44730691333,9.447306913306,9.447306913306,9.44730691331,8.823947605759,9.447306913269,9.447306913269,9.447306913269,9.447306913259,9.4473069132,9.44730691327,9.44730691327,9.44730691322,9.44730691322,9.44730691322,8.34901297012,9.44730691322,9.447306913255,9.447306913255,9.44730691322,9.44730691372,8.92613630011,9.44730691262,9.44730691285,9.44730691285,9.43182341052,9.24614211792,9.44730691302,9.44730691302,9.42837231692,9.44730691332,9.26058229182,9.44730691322,9.44730691322,9.44730691302,9.44730691322,9.44730691322,9.44730691326,9.44730691326,9.4473069133,9.3255532422,9.44730691326,9.44730691322,9.23309550372,7.91385417482,9.44730691312,7.95112266532,9.447306913545,9.447306913545,9.44730691352,8.44286481471,9.44730691311,9.44730691311,9.44730691372,9.44730691374,9.44730691374,9.44730691322,9.44730691322,9.44730691322,9.38906478729,9.44730691322,9.44730691322,9.44730691322,9.06640278148,9.44730691328,8.80048710148,9.44730691318,9.44730691318,9.44730691312,7.50830561362
"t102",1.77514346661,0.92848815251,1.23691776758,1.23691776758,0.60824285232,0.68403221949,0.47386877449,0.47386877449,0,0.16282937558,1.92833095743,1.92833095743,2.10022341833,2.34549282727,2.34549282727,2.345492827268,2.345492827208,2.345492827208,2.345492827208,4.0036420325,4.0036420325,3.77313148112,5.07822992042,6.14517237212,6.44957613012,5.28907832292,6.44957612952,5.95399425912,6.44957612953,6.44957612953,6.44957612952,6.44957612992,6.44957612982,6.44957612982,6.44957612982,6.44957612982,6.44957612982,5.34315108052,6.03843391882,6.11826493796,6.44957612996,5.94687741422,5.64013679452,9.44730691371,9.44730691371,8.78858867867,7.09243383021,9.29798032431,9.44730691326,9.44730691326,9.44730691321,9.44730691321,9.31990856501,9.44730691324,9.44730691324,9.447306913276,9.447306913276,9.44730691336,9.44730691336,9.4473069133,9.4473069133,9.44730691332,9.44730691342,9.44730691342,9.447306913396,9.447306913396,9.4473069134,8.823947605849,9.447306913359,9.447306913359,9.447306913359,9.447306913349,9.44730691329,9.44730691336,9.44730691336,9.44730691331,9.44730691331,9.44730691331,8.34901297021,9.44730691331,9.447306913345,9.447306913345,9.44730691331,9.44730691381,8.9261363002,9.44730691271,9.44730691294,9.44730691294,9.43182341061,9.24614211801,9.44730691311,9.44730691311,9.42837231701,9.44730691341,9.26058229191,9.44730691331,9.44730691331,9.44730691311,9.44730691331,9.44730691331,9.44730691335,9.44730691335,9.44730691339,9.32555324229,9.44730691335,9.44730691331,9.23309550381,7.91385417491,9.44730691321,7.95112266541,9.447306913635,9.447306913635,9.44730691361,8.4428648148,9.4473069132,9.4473069132,9.44730691381,9.44730691383,9.44730691383,9.44730691331,9.44730691331,9.44730691331,9.38906478738,9.44730691331,9.44730691331,9.44730691331,9.06640278157,9.44730691337,8.80048710157,9.44730691327,9.44730691327,9.44730691321,7.50830561371
"t103",1.77514346661,0.92848815251,1.23691776758,1.23691776758,0.60824285232,0.68403221949,0.47386877449,0.47386877449,0.16282937558,0,1.92833095743,1.92833095743,2.10022341833,2.34549282727,2.34549282727,2.345492827268,2.345492827208,2.345492827208,2.345492827208,4.0036420325,4.0036420325,3.77313148112,5.07822992042,6.14517237212,6.44957613012,5.28907832292,6.44957612952,5.95399425912,6.44957612953,6.44957612953,6.44957612952,6.44957612992,6.44957612982,6.44957612982,6.44957612982,6.44957612982,6.44957612982,5.34315108052,6.03843391882,6.11826493796,6.44957612996,5.94687741422,5.64013679452,9.44730691371,9.44730691371,8.78858867867,7.09243383021,9.29798032431,9.44730691326,9.44730691326,9.44730691321,9.44730691321,9.31990856501,9.44730691324,9.44730691324,9.447306913276,9.447306913276,9.44730691336,9.44730691336,9.4473069133,9.4473069133,9.44730691332,9.44730691342,9.44730691342,9.447306913396,9.447306913396,9.4473069134,8.823947605849,9.447306913359,9.447306913359,9.447306913359,9.447306913349,9.44730691329,9.44730691336,9.44730691336,9.44730691331,9.44730691331,9.44730691331,8.34901297021,9.44730691331,9.447306913345,9.447306913345,9.44730691331,9.44730691381,8.9261363002,9.44730691271,9.44730691294,9.44730691294,9.43182341061,9.24614211801,9.44730691311,9.44730691311,9.42837231701,9.44730691341,9.26058229191,9.44730691331,9.44730691331,9.44730691311,9.44730691331,9.44730691331,9.44730691335,9.44730691335,9.44730691339,9.32555324229,9.44730691335,9.44730691331,9.23309550381,7.91385417491,9.44730691321,7.95112266541,9.447306913635,9.447306913635,9.44730691361,8.4428648148,9.4473069132,9.4473069132,9.44730691381,9.44730691383,9.44730691383,9.44730691331,9.44730691331,9.44730691331,9.38906478738,9.44730691331,9.44730691331,9.44730691331,9.06640278157,9.44730691337,8.80048710157,9.44730691327,9.44730691327,9.44730691321,7.50830561371
"t76",1.77514346658,1.61990134228,1.92833095735,1.92833095735,1.35674601997,1.92833095734,1.92833095734,1.92833095734,1.92833095743,1.92833095743,0,0.4732194498,2.1002234183,2.34549282724,2.34549282724,2.345492827238,2.345492827178,2.345492827178,2.345492827178,4.00364203247,4.00364203247,3.77313148109,5.07822992039,6.14517237209,6.44957613009,5.28907832289,6.44957612949,5.95399425909,6.4495761295,6.4495761295,6.44957612949,6.44957612989,6.44957612979,6.44957612979,6.44957612979,6.44957612979,6.44957612979,5.34315108049,6.03843391879,6.11826493793,6.44957612993,5.94687741419,5.64013679449,9.44730691368,9.44730691368,8.78858867864,7.09243383018,9.29798032428,9.44730691323,9.44730691323,9.44730691318,9.44730691318,9.31990856498,9.44730691321,9.44730691321,9.447306913246,9.447306913246,9.44730691333,9.44730691333,9.44730691327,9.44730691327,9.44730691329,9.44730691339,9.44730691339,9.447306913366,9.447306913366,9.44730691337,8.823947605819,9.447306913329,9.447306913329,9.447306913329,9.447306913319,9.44730691326,9.44730691333,9.44730691333,9.44730691328,9.44730691328,9.44730691328,8.34901297018,9.44730691328,9.447306913315,9.447306913315,9.44730691328,9.44730691378,8.92613630017,9.44730691268,9.44730691291,9.44730691291,9.43182341058,9.24614211798,9.44730691308,9.44730691308,9.42837231698,9.44730691338,9.26058229188,9.44730691328,9.44730691328,9.44730691308,9.44730691328,9.44730691328,9.44730691332,9.44730691332,9.44730691336,9.32555324226,9.44730691332,9.44730691328,9.23309550378,7.91385417488,9.44730691318,7.95112266538,9.447306913605,9.447306913605,9.44730691358,8.44286481477,9.44730691317,9.44730691317,9.44730691378,9.4473069138,9.4473069138,9.44730691328,9.44730691328,9.44730691328,9.38906478735,9.44730691328,9.44730691328,9.44730691328,9.06640278154,9.44730691334,8.80048710154,9.44730691324,9.44730691324,9.44730691318,7.50830561368
"t77",1.77514346658,1.61990134228,1.92833095735,1.92833095735,1.35674601997,1.92833095734,1.92833095734,1.92833095734,1.92833095743,1.92833095743,0.4732194498,0,2.1002234183,2.34549282724,2.34549282724,2.345492827238,2.345492827178,2.345492827178,2.345492827178,4.00364203247,4.00364203247,3.77313148109,5.07822992039,6.14517237209,6.44957613009,5.28907832289,6.44957612949,5.95399425909,6.4495761295,6.4495761295,6.44957612949,6.44957612989,6.44957612979,6.44957612979,6.44957612979,6.44957612979,6.44957612979,5.34315108049,6.03843391879,6.11826493793,6.44957612993,5.94687741419,5.64013679449,9.44730691368,9.44730691368,8.78858867864,7.09243383018,9.29798032428,9.44730691323,9.44730691323,9.44730691318,9.44730691318,9.31990856498,9.44730691321,9.44730691321,9.447306913246,9.447306913246,9.44730691333,9.44730691333,9.44730691327,9.44730691327,9.44730691329,9.44730691339,9.44730691339,9.447306913366,9.447306913366,9.44730691337,8.823947605819,9.447306913329,9.447306913329,9.447306913329,9.447306913319,9.44730691326,9.44730691333,9.44730691333,9.44730691328,9.44730691328,9.44730691328,8.34901297018,9.44730691328,9.447306913315,9.447306913315,9.44730691328,9.44730691378,8.92613630017,9.44730691268,9.44730691291,9.44730691291,9.43182341058,9.24614211798,9.44730691308,9.44730691308,9.42837231698,9.44730691338,9.26058229188,9.44730691328,9.44730691328,9.44730691308,9.44730691328,9.44730691328,9.44730691332,9.44730691332,9.44730691336,9.32555324226,9.44730691332,9.44730691328,9.23309550378,7.91385417488,9.44730691318,7.95112266538,9.447306913605,9.447306913605,9.44730691358,8.44286481477,9.44730691317,9.44730691317,9.44730691378,9.4473069138,9.4473069138,9.44730691328,9.44730691328,9.44730691328,9.38906478735,9.44730691328,9.44730691328,9.44730691328,9.06640278154,9.44730691334,8.80048710154,9.44730691324,9.44730691324,9.44730691318,7.50830561368
"t21",1.77514346628,1.79179380318,2.10022341825,2.10022341825,1.52863848087,2.10022341824,2.10022341824,2.10022341824,2.10022341833,2.10022341833,2.1002234183,2.1002234183,0,2.34549282694,2.34549282694,2.345492826938,2.345492826878,2.345492826878,2.345492826878,4.00364203217,4.00364203217,3.77313148079,5.07822992009,6.14517237179,6.44957612979,5.28907832259,6.44957612919,5.95399425879,6.4495761292,6.4495761292,6.44957612919,6.44957612959,6.44957612949,6.44957612949,6.44957612949,6.44957612949,6.44957612949,5.34315108019,6.03843391849,6.11826493763,6.44957612963,5.94687741389,5.64013679419,9.44730691338,9.44730691338,8.78858867834,7.09243382988,9.29798032398,9.44730691293,9.44730691293,9.44730691288,9.44730691288,9.31990856468,9.44730691291,9.44730691291,9.447306912946,9.447306912946,9.44730691303,9.44730691303,9.44730691297,9.44730691297,9.44730691299,9.44730691309,9.44730691309,9.447306913066,9.447306913066,9.44730691307,8.823947605519,9.447306913029,9.447306913029,9.447306913029,9.447306913019,9.44730691296,9.44730691303,9.44730691303,9.44730691298,9.44730691298,9.44730691298,8.34901296988,9.44730691298,9.447306913015,9.447306913015,9.44730691298,9.44730691348,8.92613629987,9.44730691238,9.44730691261,9.44730691261,9.43182341028,9.24614211768,9.44730691278,9.44730691278,9.42837231668,9.44730691308,9.26058229158,9.44730691298,9.44730691298,9.44730691278,9.44730691298,9.44730691298,9.44730691302,9.44730691302,9.44730691306,9.32555324196,9.44730691302,9.44730691298,9.23309550348,7.91385417458,9.44730691288,7.95112266508,9.447306913305,9.447306913305,9.44730691328,8.44286481447,9.44730691287,9.44730691287,9.44730691348,9.4473069135,9.4473069135,9.44730691298,9.44730691298,9.44730691298,9.38906478705,9.44730691298,9.44730691298,9.44730691298,9.06640278124,9.44730691304,8.80048710124,9.44730691294,9.44730691294,9.44730691288,7.50830561338
"t123",1.77514346662,2.03706321212,2.34549282719,2.34549282719,1.77390788981,2.34549282718,2.34549282718,2.34549282718,2.34549282727,2.34549282727,2.34549282724,2.34549282724,2.34549282694,0,0.05124480868,0.588158507078,0.588158507018,0.588158507018,0.588158507018,4.00364203251,4.00364203251,3.77313148113,5.07822992043,6.14517237213,6.44957613013,5.28907832293,6.44957612953,5.95399425913,6.44957612954,6.44957612954,6.44957612953,6.44957612993,6.44957612983,6.44957612983,6.44957612983,6.44957612983,6.44957612983,5.34315108053,6.03843391883,6.11826493797,6.44957612997,5.94687741423,5.64013679453,9.44730691372,9.44730691372,8.78858867868,7.09243383022,9.29798032432,9.44730691327,9.44730691327,9.44730691322,9.44730691322,9.31990856502,9.44730691325,9.44730691325,9.447306913286,9.447306913286,9.44730691337,9.44730691337,9.44730691331,9.44730691331,9.44730691333,9.44730691343,9.44730691343,9.447306913406,9.447306913406,9.44730691341,8.823947605859,9.447306913369,9.447306913369,9.447306913369,9.447306913359,9.4473069133,9.44730691337,9.44730691337,9.44730691332,9.44730691332,9.44730691332,8.34901297022,9.44730691332,9.447306913355,9.447306913355,9.44730691332,9.44730691382,8.92613630021,9.44730691272,9.44730691295,9.44730691295,9.43182341062,9.24614211802,9.44730691312,9.44730691312,9.42837231702,9.44730691342,9.26058229192,9.44730691332,9.44730691332,9.44730691312,9.44730691332,9.44730691332,9.44730691336,9.44730691336,9.4473069134,9.3255532423,9.44730691336,9.44730691332,9.23309550382,7.91385417492,9.44730691322,7.95112266542,9.447306913645,9.447306913645,9.44730691362,8.44286481481,9.44730691321,9.44730691321,9.44730691382,9.44730691384,9.44730691384,9.44730691332,9.44730691332,9.44730691332,9.38906478739,9.44730691332,9.44730691332,9.44730691332,9.06640278158,9.44730691338,8.80048710158,9.44730691328,9.44730691328,9.44730691322,7.50830561372
"t124",1.77514346662,2.03706321212,2.34549282719,2.34549282719,1.77390788981,2.34549282718,2.34549282718,2.34549282718,2.34549282727,2.34549282727,2.34549282724,2.34549282724,2.34549282694,0.05124480868,0,0.588158507078,0.588158507018,0.588158507018,0.588158507018,4.00364203251,4.00364203251,3.77313148113,5.07822992043,6.14517237213,6.44957613013,5.28907832293,6.44957612953,5.95399425913,6.44957612954,6.44957612954,6.44957612953,6.44957612993,6.44957612983,6.44957612983,6.44957612983,6.44957612983,6.44957612983,5.34315108053,6.03843391883,6.11826493797,6.44957612997,5.94687741423,5.64013679453,9.44730691372,9.44730691372,8.78858867868,7.09243383022,9.29798032432,9.44730691327,9.44730691327,9.44730691322,9.44730691322,9.31990856502,9.44730691325,9.44730691325,9.447306913286,9.447306913286,9.44730691337,9.44730691337,9.44730691331,9.44730691331,9.44730691333,9.44730691343,9.44730691343,9.447306913406,9.447306913406,9.44730691341,8.823947605859,9.447306913369,9.447306913369,9.447306913369,9.447306913359,9.4473069133,9.44730691337,9.44730691337,9.44730691332,9.44730691332,9.44730691332,8.34901297022,9.44730691332,9.447306913355,9.447306913355,9.44730691332,9.44730691382,8.92613630021,9.44730691272,9.44730691295,9.44730691295,9.43182341062,9.24614211802,9.44730691312,9.44730691312,9.42837231702,9.44730691342,9.26058229192,9.44730691332,9.44730691332,9.44730691312,9.44730691332,9.44730691332,9.44730691336,9.44730691336,9.4473069134,9.3255532423,9.44730691336,9.44730691332,9.23309550382,7.91385417492,9.44730691322,7.95112266542,9.447306913645,9.447306913645,9.44730691362,8.44286481481,9.44730691321,9.44730691321,9.44730691382,9.44730691384,9.44730691384,9.44730691332,9.44730691332,9.44730691332,9.38906478739,9.44730691332,9.44730691332,9.44730691332,9.06640278158,9.44730691338,8.80048710158,9.44730691328,9.44730691328,9.44730691322,7.50830561372
"t66",1.775143466618,2.037063212118,2.345492827188,2.345492827188,1.773907889808,2.345492827178,2.345492827178,2.345492827178,2.345492827268,2.345492827268,2.345492827238,2.345492827238,2.345492826938,0.588158507078,0.588158507078,0,0.57757632834,0.57757632834,0.57757632834,4.003642032508,4.003642032508,3.773131481128,5.078229920428,6.145172372128,6.449576130128,5.289078322928,6.449576129528,5.953994259128,6.449576129538,6.449576129538,6.449576129528,6.449576129928,6.449576129828,6.449576129828,6.449576129828,6.449576129828,6.449576129828,5.343151080528,6.038433918828,6.118264937968,6.449576129968,5.946877414228,5.640136794528,9.447306913718,9.447306913718,8.788588678678,7.092433830218,9.297980324318,9.447306913268,9.447306913268,9.447306913218,9.447306913218,9.319908565018,9.447306913248,9.447306913248,9.447306913284,9.447306913284,9.447306913368,9.447306913368,9.447306913308,9.447306913308,9.447306913328,9.447306913428,9.447306913428,9.447306913404,9.447306913404,9.447306913408,8.823947605857,9.447306913367,9.447306913367,9.447306913367,9.447306913357,9.447306913298,9.447306913368,9.447306913368,9.447306913318,9.447306913318,9.447306913318,8.349012970218,9.447306913318,9.447306913353,9.447306913353,9.447306913318,9.447306913818,8.926136300208,9.447306912718,9.447306912948,9.447306912948,9.431823410618,9.246142118018,9.447306913118,9.447306913118,9.428372317018,9.447306913418,9.260582291918,9.447306913318,9.447306913318,9.447306913118,9.447306913318,9.447306913318,9.447306913358,9.447306913358,9.447306913398,9.325553242298,9.447306913358,9.447306913318,9.233095503818,7.913854174918,9.447306913218,7.951122665418,9.447306913643,9.447306913643,9.447306913618,8.442864814808,9.447306913208,9.447306913208,9.447306913818,9.447306913838,9.447306913838,9.447306913318,9.447306913318,9.447306913318,9.389064787388,9.447306913318,9.447306913318,9.447306913318,9.066402781578,9.447306913378,8.800487101578,9.447306913278,9.447306913278,9.447306913218,7.508305613718
"t101",1.775143466558,2.037063212058,2.345492827128,2.345492827128,1.773907889748,2.345492827118,2.345492827118,2.345492827118,2.345492827208,2.345492827208,2.345492827178,2.345492827178,2.345492826878,0.588158507018,0.588158507018,0.57757632834,0,0.17590582528,0.17590582528,4.003642032448,4.003642032448,3.773131481068,5.078229920368,6.145172372068,6.449576130068,5.289078322868,6.449576129468,5.953994259068,6.449576129478,6.449576129478,6.449576129468,6.449576129868,6.449576129768,6.449576129768,6.449576129768,6.449576129768,6.449576129768,5.343151080468,6.038433918768,6.118264937908,6.449576129908,5.946877414168,5.640136794468,9.447306913658,9.447306913658,8.788588678618,7.092433830158,9.297980324258,9.447306913208,9.447306913208,9.447306913158,9.447306913158,9.319908564958,9.447306913188,9.447306913188,9.447306913224,9.447306913224,9.447306913308,9.447306913308,9.447306913248,9.447306913248,9.447306913268,9.447306913368,9.447306913368,9.447306913344,9.447306913344,9.447306913348,8.823947605797,9.447306913307,9.447306913307,9.447306913307,9.447306913297,9.447306913238,9.447306913308,9.447306913308,9.447306913258,9.447306913258,9.447306913258,8.349012970158,9.447306913258,9.447306913293,9.447306913293,9.447306913258,9.447306913758,8.926136300148,9.447306912658,9.447306912888,9.447306912888,9.431823410558,9.246142117958,9.447306913058,9.447306913058,9.428372316958,9.447306913358,9.260582291858,9.447306913258,9.447306913258,9.447306913058,9.447306913258,9.447306913258,9.447306913298,9.447306913298,9.447306913338,9.325553242238,9.447306913298,9.447306913258,9.233095503758,7.913854174858,9.447306913158,7.951122665358,9.447306913583,9.447306913583,9.447306913558,8.442864814748,9.447306913148,9.447306913148,9.447306913758,9.447306913778,9.447306913778,9.447306913258,9.447306913258,9.447306913258,9.389064787328,9.447306913258,9.447306913258,9.447306913258,9.066402781518,9.447306913318,8.800487101518,9.447306913218,9.447306913218,9.447306913158,7.508305613658
"t110",1.775143466558,2.037063212058,2.345492827128,2.345492827128,1.773907889748,2.345492827118,2.345492827118,2.345492827118,2.345492827208,2.345492827208,2.345492827178,2.345492827178,2.345492826878,0.588158507018,0.588158507018,0.57757632834,0.17590582528,0,0.14036575822,4.003642032448,4.003642032448,3.773131481068,5.078229920368,6.145172372068,6.449576130068,5.289078322868,6.449576129468,5.953994259068,6.449576129478,6.449576129478,6.449576129468,6.449576129868,6.449576129768,6.449576129768,6.449576129768,6.449576129768,6.449576129768,5.343151080468,6.038433918768,6.118264937908,6.449576129908,5.946877414168,5.640136794468,9.447306913658,9.447306913658,8.788588678618,7.092433830158,9.297980324258,9.447306913208,9.447306913208,9.447306913158,9.447306913158,9.319908564958,9.447306913188,9.447306913188,9.447306913224,9.447306913224,9.447306913308,9.447306913308,9.447306913248,9.447306913248,9.447306913268,9.447306913368,9.447306913368,9.447306913344,9.447306913344,9.447306913348,8.823947605797,9.447306913307,9.447306913307,9.447306913307,9.447306913297,9.447306913238,9.447306913308,9.447306913308,9.447306913258,9.447306913258,9.447306913258,8.349012970158,9.447306913258,9.447306913293,9.447306913293,9.447306913258,9.447306913758,8.926136300148,9.447306912658,9.447306912888,9.447306912888,9.431823410558,9.246142117958,9.447306913058,9.447306913058,9.428372316958,9.447306913358,9.260582291858,9.447306913258,9.447306913258,9.447306913058,9.447306913258,9.447306913258,9.447306913298,9.447306913298,9.447306913338,9.325553242238,9.447306913298,9.447306913258,9.233095503758,7.913854174858,9.447306913158,7.951122665358,9.447306913583,9.447306913583,9.447306913558,8.442864814748,9.447306913148,9.447306913148,9.447306913758,9.447306913778,9.447306913778,9.447306913258,9.447306913258,9.447306913258,9.389064787328,9.447306913258,9.447306913258,9.447306913258,9.066402781518,9.447306913318,8.800487101518,9.447306913218,9.447306913218,9.447306913158,7.508305613658
"t111",1.775143466558,2.037063212058,2.345492827128,2.345492827128,1.773907889748,2.345492827118,2.345492827118,2.345492827118,2.345492827208,2.345492827208,2.345492827178,2.345492827178,2.345492826878,0.588158507018,0.588158507018,0.57757632834,0.17590582528,0.14036575822,0,4.003642032448,4.003642032448,3.773131481068,5.078229920368,6.145172372068,6.449576130068,5.289078322868,6.449576129468,5.953994259068,6.449576129478,6.449576129478,6.449576129468,6.449576129868,6.449576129768,6.449576129768,6.449576129768,6.449576129768,6.449576129768,5.343151080468,6.038433918768,6.118264937908,6.449576129908,5.946877414168,5.640136794468,9.447306913658,9.447306913658,8.788588678618,7.092433830158,9.297980324258,9.447306913208,9.447306913208,9.447306913158,9.447306913158,9.319908564958,9.447306913188,9.447306913188,9.447306913224,9.447306913224,9.447306913308,9.447306913308,9.447306913248,9.447306913248,9.447306913268,9.447306913368,9.447306913368,9.447306913344,9.447306913344,9.447306913348,8.823947605797,9.447306913307,9.447306913307,9.447306913307,9.447306913297,9.447306913238,9.447306913308,9.447306913308,9.447306913258,9.447306913258,9.447306913258,8.349012970158,9.447306913258,9.447306913293,9.447306913293,9.447306913258,9.447306913758,8.926136300148,9.447306912658,9.447306912888,9.447306912888,9.431823410558,9.246142117958,9.447306913058,9.447306913058,9.428372316958,9.447306913358,9.260582291858,9.447306913258,9.447306913258,9.447306913058,9.447306913258,9.447306913258,9.447306913298,9.447306913298,9.447306913338,9.325553242238,9.447306913298,9.447306913258,9.233095503758,7.913854174858,9.447306913158,7.951122665358,9.447306913583,9.447306913583,9.447306913558,8.442864814748,9.447306913148,9.447306913148,9.447306913758,9.447306913778,9.447306913778,9.447306913258,9.447306913258,9.447306913258,9.389064787328,9.447306913258,9.447306913258,9.447306913258,9.066402781518,9.447306913318,8.800487101518,9.447306913218,9.447306913218,9.447306913158,7.508305613658
"t112",3.36299334889,3.69521241735,4.00364203242,4.00364203242,3.43205709504,4.00364203241,4.00364203241,4.00364203241,4.0036420325,4.0036420325,4.00364203247,4.00364203247,4.00364203217,4.00364203251,4.00364203251,4.003642032508,4.003642032448,4.003642032448,4.003642032448,0,0.13639680478,3.7731314814,5.0782299207,6.1451723724,6.4495761304,5.2890783232,6.4495761298,5.9539942594,6.44957612981,6.44957612981,6.4495761298,6.4495761302,6.4495761301,6.4495761301,6.4495761301,6.4495761301,6.4495761301,5.3431510808,6.0384339191,6.11826493824,6.44957613024,5.9468774145,5.6401367948,9.44730691399,9.44730691399,8.78858867895,7.09243383049,9.29798032459,9.44730691354,9.44730691354,9.44730691349,9.44730691349,9.31990856529,9.44730691352,9.44730691352,9.447306913556,9.447306913556,9.44730691364,9.44730691364,9.44730691358,9.44730691358,9.4473069136,9.4473069137,9.4473069137,9.447306913676,9.447306913676,9.44730691368,8.823947606129,9.447306913639,9.447306913639,9.447306913639,9.447306913629,9.44730691357,9.44730691364,9.44730691364,9.44730691359,9.44730691359,9.44730691359,8.34901297049,9.44730691359,9.447306913625,9.447306913625,9.44730691359,9.44730691409,8.92613630048,9.44730691299,9.44730691322,9.44730691322,9.43182341089,9.24614211829,9.44730691339,9.44730691339,9.42837231729,9.44730691369,9.26058229219,9.44730691359,9.44730691359,9.44730691339,9.44730691359,9.44730691359,9.44730691363,9.44730691363,9.44730691367,9.32555324257,9.44730691363,9.44730691359,9.23309550409,7.91385417519,9.44730691349,7.95112266569,9.447306913915,9.447306913915,9.44730691389,8.44286481508,9.44730691348,9.44730691348,9.44730691409,9.44730691411,9.44730691411,9.44730691359,9.44730691359,9.44730691359,9.38906478766,9.44730691359,9.44730691359,9.44730691359,9.06640278185,9.44730691365,8.80048710185,9.44730691355,9.44730691355,9.44730691349,7.50830561399
