"","t1","t8","t120","t147","t148","t113","t114","t110","t54","t55","t16","t9","t5","t11","t81","t157","t158","t159","t160","t115","t92","t91","t161","t162","t65","t47","t137","t138","t108","t109","t103","t31","t89","t118","t119","t64","t151","t152","t99","t100","t66","t67","t36","t30","t59","t136","t143","t144","t72","t116","t117","t104","t29","t139","t140","t56","t48","t46","t125","t126","t25","t134","t135","t153","t154","t87","t52","t53","t141","t142","t124","t129","t132","t133","t37","t155","t156","t93","t75","t76","t73","t163","t164","t32","t10","t12","t13","t6","t3","t2","t7","t24","t111","t112","t38","t101","t102","t68","t69","t106","t107","t39","t35","t20","t50","t51","t44","t57","t88","t97","t98","t49","t58","t82","t83","t45","t149","t150","t96","t130","t131","t123","t80","t18","t19","t78","t79","t77","t15","t14","t70","t71","t28","t26","t27","t62","t63","t94","t95","t84","t85","t86","t61","t60","t145","t146","t90","t105","t127","t128","t74","t21","t17","t22","t23","t4","t40","t41","t42","t43","t33","t34","t121","t122"
"t1",0,2.3673002096,6.068277157,6.06827715701,6.06827715701,6.06827715695,6.06827715695,6.068277157,5.4358790108,6.0682771571,3.7846929146,4.6032010727,2.6037331982,3.16278523337,5.85279550793,6.0682771572851,6.0682771572851,6.0682771572851,6.0682771572851,6.0682771573451,5.8870324007451,6.02926085653,6.06827715729,6.06827715729,5.31849754211,6.06827715757,6.06827715727,6.06827715727,6.06827715729,6.06827715729,6.06827715731,5.06395456457,6.00263575637,6.06827715757,6.06827715757,6.06827715757,6.06827715739,6.06827715739,6.06827715719,6.06827715719,5.92076193039,6.06827715719,5.61925752569,5.40760922029,5.72071129797,6.06827715731,6.06827715735,6.06827715735,5.54624385131,6.06827715777,6.06827715777,6.06827715777,3.94843913235,6.06827715725,6.06827715725,5.3020088118,6.06827715779,4.948496673991,6.06827715725,6.04884612835,6.06827715745,6.06827715711,6.06827715711,6.06827715715,6.06827715715,6.06827715711,5.09201249606,6.06827715721,6.06827715735,6.06827715735,6.06827715742,6.06827715742,6.06827715737,6.06827715737,5.15177219222,6.06827715728,6.06827715728,6.06827715732,6.06827715739,5.57207772549,6.06827715737,6.068277157301,6.068277157301,6.06827715782,2.91872867266,2.91228172747,3.88111078497,2.8585745785,1.6299505143,1.02385902,2.8603628947,6.0682771579,6.0682771571,6.0682771571,5.7281564414,6.0682771575,6.0682771575,5.65567571049,5.34126465128,6.06827715749,6.06827715749,5.46906729529,6.06827715697,4.66734092897,5.58970985076,6.06827715716,6.06827715796,5.65925729276,6.06827715766,6.06827715766,6.06827715766,6.06827715776,5.89957982356,6.06827715766,6.06827715766,6.06827715796,6.06827715778,6.06827715778,6.06827715774,6.06827715778,6.06827715778,6.06827715774,6.06827715776,3.30797799452,3.5350729658,6.068277157168,6.068277157168,5.96664197503,3.17142207817,3.74441866122,6.06827715722,5.39907694002,5.57836132102,3.98101553072,6.06827715762,5.30067500868,5.87557888838,5.72319511288,6.06827715748,6.06827715748,6.00205033148,5.56745817369,6.06827715748,6.06827715748,6.06827715744,6.06827715744,5.73160624278,6.0682771574,6.0682771574,6.0682771574,6.0682771575,3.49860484398,3.62384393998,3.91995616358,4.03960596428,2.1953553467,4.7510482799,6.068277157,5.687669924,5.3882011678,5.8565164368,5.575261786309,6.068277157109,6.068277157109
"t8",2.3673002096,0,3.970427356,3.97042735601,3.97042735601,3.97042735595,3.97042735595,3.970427356,3.3380292098,3.9704273561,1.6868431136,2.5053512717,1.031158739,3.42262662697,6.11263690153,6.3281185508851,6.3281185508851,6.3281185508851,6.3281185508851,6.3281185509451,6.1468737943451,6.28910225013,6.32811855089,6.32811855089,5.57833893571,6.32811855117,6.32811855087,6.32811855087,6.32811855089,6.32811855089,6.32811855091,5.32379595817,6.26247714997,6.32811855117,6.32811855117,6.32811855117,6.32811855099,6.32811855099,6.32811855079,6.32811855079,6.18060332399,6.32811855079,5.87909891929,5.66745061389,5.98055269157,6.32811855091,6.32811855095,6.32811855095,5.80608524491,6.32811855137,6.32811855137,6.32811855137,4.20828052595,6.32811855085,6.32811855085,5.5618502054,6.32811855139,5.208338067591,6.32811855085,6.30868752195,6.32811855105,6.32811855071,6.32811855071,6.32811855075,6.32811855075,6.32811855071,5.35185388966,6.32811855081,6.32811855095,6.32811855095,6.32811855102,6.32811855102,6.32811855097,6.32811855097,5.41161358582,6.32811855088,6.32811855088,6.32811855092,6.32811855099,5.83191911909,6.32811855097,6.328118550901,6.328118550901,6.32811855142,3.17857006626,3.17212312107,4.14095217857,3.1184159721,1.8897919079,2.5054662366,4.3419701113,7.5498843745,7.5498843737,7.5498843737,7.209763658,7.5498843741,7.5498843741,7.13728292709,6.82287186788,7.54988437409,7.54988437409,6.95067451189,7.54988437357,6.14894814557,7.07131706736,7.54988437376,7.54988437456,7.14086450936,7.54988437426,7.54988437426,7.54988437426,7.54988437436,7.38118704016,7.54988437426,7.54988437426,7.54988437456,7.54988437438,7.54988437438,7.54988437434,7.54988437438,7.54988437438,7.54988437434,7.54988437436,4.78958521112,5.0166801824,7.549884373768,7.549884373768,7.44824919163,4.65302929477,5.22602587782,7.54988437382,6.88068415662,7.05996853762,5.46262274732,7.54988437422,6.78228222528,7.35718610498,7.20480232948,7.54988437408,7.54988437408,7.48365754808,7.04906539029,7.54988437408,7.54988437408,7.54988437404,7.54988437404,7.21321345938,7.549884374,7.549884374,7.549884374,7.5498843741,4.98021206058,5.10545115658,5.40156338018,5.52121318088,3.6769625633,6.2326554965,7.5498843736,7.1692771406,6.8698083844,7.3381236534,7.056869002909,7.549884373709,7.549884373709
"t120",6.068277157,3.970427356,0,0.46334700061,0.46334700061,1.02210240735,1.02210240735,1.0221024074,1.796511132,2.4289092783,3.6191485578,5.7641913383,4.7321356864,7.12360357437,9.81361384893,10.0290954982851,10.0290954982851,10.0290954982851,10.0290954982851,10.0290954983451,9.8478507417451,9.99007919753,10.02909549829,10.02909549829,9.27931588311,10.02909549857,10.02909549827,10.02909549827,10.02909549829,10.02909549829,10.02909549831,9.02477290557,9.96345409737,10.02909549857,10.02909549857,10.02909549857,10.02909549839,10.02909549839,10.02909549819,10.02909549819,9.88158027139,10.02909549819,9.58007586669,9.36842756129,9.68152963897,10.02909549831,10.02909549835,10.02909549835,9.50706219231,10.02909549877,10.02909549877,10.02909549877,7.90925747335,10.02909549825,10.02909549825,9.2628271528,10.02909549879,8.909315014991,10.02909549825,10.00966446935,10.02909549845,10.02909549811,10.02909549811,10.02909549815,10.02909549815,10.02909549811,9.05283083706,10.02909549821,10.02909549835,10.02909549835,10.02909549842,10.02909549842,10.02909549837,10.02909549837,9.11259053322,10.02909549828,10.02909549828,10.02909549832,10.02909549839,9.53289606649,10.02909549837,10.029095498301,10.029095498301,10.02909549882,6.87954701366,6.87310006847,7.84192912597,6.8193929195,5.5907688553,6.206443184,8.0429470587,11.2508613219,11.2508613211,11.2508613211,10.9107406054,11.2508613215,11.2508613215,10.83825987449,10.52384881528,11.25086132149,11.25086132149,10.65165145929,11.25086132097,9.84992509297,10.77229401476,11.25086132116,11.25086132196,10.84184145676,11.25086132166,11.25086132166,11.25086132166,11.25086132176,11.08216398756,11.25086132166,11.25086132166,11.25086132196,11.25086132178,11.25086132178,11.25086132174,11.25086132178,11.25086132178,11.25086132174,11.25086132176,8.49056215852,8.7176571298,11.250861321168,11.250861321168,11.14922613903,8.35400624217,8.92700282522,11.25086132122,10.58166110402,10.76094548502,9.16359969472,11.25086132162,10.48325917268,11.05816305238,10.90577927688,11.25086132148,11.25086132148,11.18463449548,10.75004233769,11.25086132148,11.25086132148,11.25086132144,11.25086132144,10.91419040678,11.2508613214,11.2508613214,11.2508613214,11.2508613215,8.68118900798,8.80642810398,9.10254032758,9.22219012828,7.3779395107,9.9336324439,11.250861321,10.870254088,10.5707853318,11.0391006008,10.757845950309,11.250861321109,11.250861321109
"t147",6.06827715701,3.97042735601,0.46334700061,0,0.10556152542,1.02210240736,1.02210240736,1.02210240741,1.79651113201,2.42890927831,3.61914855781,5.76419133831,4.73213568641,7.12360357438,9.81361384894,10.0290954982951,10.0290954982951,10.0290954982951,10.0290954982951,10.0290954983551,9.8478507417551,9.99007919754,10.0290954983,10.0290954983,9.27931588312,10.02909549858,10.02909549828,10.02909549828,10.0290954983,10.0290954983,10.02909549832,9.02477290558,9.96345409738,10.02909549858,10.02909549858,10.02909549858,10.0290954984,10.0290954984,10.0290954982,10.0290954982,9.8815802714,10.0290954982,9.5800758667,9.3684275613,9.68152963898,10.02909549832,10.02909549836,10.02909549836,9.50706219232,10.02909549878,10.02909549878,10.02909549878,7.90925747336,10.02909549826,10.02909549826,9.26282715281,10.0290954988,8.909315015001,10.02909549826,10.00966446936,10.02909549846,10.02909549812,10.02909549812,10.02909549816,10.02909549816,10.02909549812,9.05283083707,10.02909549822,10.02909549836,10.02909549836,10.02909549843,10.02909549843,10.02909549838,10.02909549838,9.11259053323,10.02909549829,10.02909549829,10.02909549833,10.0290954984,9.5328960665,10.02909549838,10.029095498311,10.029095498311,10.02909549883,6.87954701367,6.87310006848,7.84192912598,6.81939291951,5.59076885531,6.20644318401,8.04294705871,11.25086132191,11.25086132111,11.25086132111,10.91074060541,11.25086132151,11.25086132151,10.8382598745,10.52384881529,11.2508613215,11.2508613215,10.6516514593,11.25086132098,9.84992509298,10.77229401477,11.25086132117,11.25086132197,10.84184145677,11.25086132167,11.25086132167,11.25086132167,11.25086132177,11.08216398757,11.25086132167,11.25086132167,11.25086132197,11.25086132179,11.25086132179,11.25086132175,11.25086132179,11.25086132179,11.25086132175,11.25086132177,8.49056215853,8.71765712981,11.250861321178,11.250861321178,11.14922613904,8.35400624218,8.92700282523,11.25086132123,10.58166110403,10.76094548503,9.16359969473,11.25086132163,10.48325917269,11.05816305239,10.90577927689,11.25086132149,11.25086132149,11.18463449549,10.7500423377,11.25086132149,11.25086132149,11.25086132145,11.25086132145,10.91419040679,11.25086132141,11.25086132141,11.25086132141,11.25086132151,8.68118900799,8.80642810399,9.10254032759,9.22219012829,7.37793951071,9.93363244391,11.25086132101,10.87025408801,10.57078533181,11.03910060081,10.757845950319,11.250861321119,11.250861321119
"t148",6.06827715701,3.97042735601,0.46334700061,0.10556152542,0,1.02210240736,1.02210240736,1.02210240741,1.79651113201,2.42890927831,3.61914855781,5.76419133831,4.73213568641,7.12360357438,9.81361384894,10.0290954982951,10.0290954982951,10.0290954982951,10.0290954982951,10.0290954983551,9.8478507417551,9.99007919754,10.0290954983,10.0290954983,9.27931588312,10.02909549858,10.02909549828,10.02909549828,10.0290954983,10.0290954983,10.02909549832,9.02477290558,9.96345409738,10.02909549858,10.02909549858,10.02909549858,10.0290954984,10.0290954984,10.0290954982,10.0290954982,9.8815802714,10.0290954982,9.5800758667,9.3684275613,9.68152963898,10.02909549832,10.02909549836,10.02909549836,9.50706219232,10.02909549878,10.02909549878,10.02909549878,7.90925747336,10.02909549826,10.02909549826,9.26282715281,10.0290954988,8.909315015001,10.02909549826,10.00966446936,10.02909549846,10.02909549812,10.02909549812,10.02909549816,10.02909549816,10.02909549812,9.05283083707,10.02909549822,10.02909549836,10.02909549836,10.02909549843,10.02909549843,10.02909549838,10.02909549838,9.11259053323,10.02909549829,10.02909549829,10.02909549833,10.0290954984,9.5328960665,10.02909549838,10.029095498311,10.029095498311,10.02909549883,6.87954701367,6.87310006848,7.84192912598,6.81939291951,5.59076885531,6.20644318401,8.04294705871,11.25086132191,11.25086132111,11.25086132111,10.91074060541,11.25086132151,11.25086132151,10.8382598745,10.52384881529,11.2508613215,11.2508613215,10.6516514593,11.25086132098,9.84992509298,10.77229401477,11.25086132117,11.25086132197,10.84184145677,11.25086132167,11.25086132167,11.25086132167,11.25086132177,11.08216398757,11.25086132167,11.25086132167,11.25086132197,11.25086132179,11.25086132179,11.25086132175,11.25086132179,11.25086132179,11.25086132175,11.25086132177,8.49056215853,8.71765712981,11.250861321178,11.250861321178,11.14922613904,8.35400624218,8.92700282523,11.25086132123,10.58166110403,10.76094548503,9.16359969473,11.25086132163,10.48325917269,11.05816305239,10.90577927689,11.25086132149,11.25086132149,11.18463449549,10.7500423377,11.25086132149,11.25086132149,11.25086132145,11.25086132145,10.91419040679,11.25086132141,11.25086132141,11.25086132141,11.25086132151,8.68118900799,8.80642810399,9.10254032759,9.22219012829,7.37793951071,9.93363244391,11.25086132101,10.87025408801,10.57078533181,11.03910060081,10.757845950319,11.250861321119,11.250861321119
"t113",6.06827715695,3.97042735595,1.02210240735,1.02210240736,1.02210240736,0,0.5150228694,0.62696862555,1.79651113195,2.42890927825,3.61914855775,5.76419133825,4.73213568635,7.12360357432,9.81361384888,10.0290954982351,10.0290954982351,10.0290954982351,10.0290954982351,10.0290954982951,9.8478507416951,9.99007919748,10.02909549824,10.02909549824,9.27931588306,10.02909549852,10.02909549822,10.02909549822,10.02909549824,10.02909549824,10.02909549826,9.02477290552,9.96345409732,10.02909549852,10.02909549852,10.02909549852,10.02909549834,10.02909549834,10.02909549814,10.02909549814,9.88158027134,10.02909549814,9.58007586664,9.36842756124,9.68152963892,10.02909549826,10.0290954983,10.0290954983,9.50706219226,10.02909549872,10.02909549872,10.02909549872,7.9092574733,10.0290954982,10.0290954982,9.26282715275,10.02909549874,8.909315014941,10.0290954982,10.0096644693,10.0290954984,10.02909549806,10.02909549806,10.0290954981,10.0290954981,10.02909549806,9.05283083701,10.02909549816,10.0290954983,10.0290954983,10.02909549837,10.02909549837,10.02909549832,10.02909549832,9.11259053317,10.02909549823,10.02909549823,10.02909549827,10.02909549834,9.53289606644,10.02909549832,10.029095498251,10.029095498251,10.02909549877,6.87954701361,6.87310006842,7.84192912592,6.81939291945,5.59076885525,6.20644318395,8.04294705865,11.25086132185,11.25086132105,11.25086132105,10.91074060535,11.25086132145,11.25086132145,10.83825987444,10.52384881523,11.25086132144,11.25086132144,10.65165145924,11.25086132092,9.84992509292,10.77229401471,11.25086132111,11.25086132191,10.84184145671,11.25086132161,11.25086132161,11.25086132161,11.25086132171,11.08216398751,11.25086132161,11.25086132161,11.25086132191,11.25086132173,11.25086132173,11.25086132169,11.25086132173,11.25086132173,11.25086132169,11.25086132171,8.49056215847,8.71765712975,11.250861321118,11.250861321118,11.14922613898,8.35400624212,8.92700282517,11.25086132117,10.58166110397,10.76094548497,9.16359969467,11.25086132157,10.48325917263,11.05816305233,10.90577927683,11.25086132143,11.25086132143,11.18463449543,10.75004233764,11.25086132143,11.25086132143,11.25086132139,11.25086132139,10.91419040673,11.25086132135,11.25086132135,11.25086132135,11.25086132145,8.68118900793,8.80642810393,9.10254032753,9.22219012823,7.37793951065,9.93363244385,11.25086132095,10.87025408795,10.57078533175,11.03910060075,10.757845950259,11.250861321059,11.250861321059
"t114",6.06827715695,3.97042735595,1.02210240735,1.02210240736,1.02210240736,0.5150228694,0,0.62696862555,1.79651113195,2.42890927825,3.61914855775,5.76419133825,4.73213568635,7.12360357432,9.81361384888,10.0290954982351,10.0290954982351,10.0290954982351,10.0290954982351,10.0290954982951,9.8478507416951,9.99007919748,10.02909549824,10.02909549824,9.27931588306,10.02909549852,10.02909549822,10.02909549822,10.02909549824,10.02909549824,10.02909549826,9.02477290552,9.96345409732,10.02909549852,10.02909549852,10.02909549852,10.02909549834,10.02909549834,10.02909549814,10.02909549814,9.88158027134,10.02909549814,9.58007586664,9.36842756124,9.68152963892,10.02909549826,10.0290954983,10.0290954983,9.50706219226,10.02909549872,10.02909549872,10.02909549872,7.9092574733,10.0290954982,10.0290954982,9.26282715275,10.02909549874,8.909315014941,10.0290954982,10.0096644693,10.0290954984,10.02909549806,10.02909549806,10.0290954981,10.0290954981,10.02909549806,9.05283083701,10.02909549816,10.0290954983,10.0290954983,10.02909549837,10.02909549837,10.02909549832,10.02909549832,9.11259053317,10.02909549823,10.02909549823,10.02909549827,10.02909549834,9.53289606644,10.02909549832,10.029095498251,10.029095498251,10.02909549877,6.87954701361,6.87310006842,7.84192912592,6.81939291945,5.59076885525,6.20644318395,8.04294705865,11.25086132185,11.25086132105,11.25086132105,10.91074060535,11.25086132145,11.25086132145,10.83825987444,10.52384881523,11.25086132144,11.25086132144,10.65165145924,11.25086132092,9.84992509292,10.77229401471,11.25086132111,11.25086132191,10.84184145671,11.25086132161,11.25086132161,11.25086132161,11.25086132171,11.08216398751,11.25086132161,11.25086132161,11.25086132191,11.25086132173,11.25086132173,11.25086132169,11.25086132173,11.25086132173,11.25086132169,11.25086132171,8.49056215847,8.71765712975,11.250861321118,11.250861321118,11.14922613898,8.35400624212,8.92700282517,11.25086132117,10.58166110397,10.76094548497,9.16359969467,11.25086132157,10.48325917263,11.05816305233,10.90577927683,11.25086132143,11.25086132143,11.18463449543,10.75004233764,11.25086132143,11.25086132143,11.25086132139,11.25086132139,10.91419040673,11.25086132135,11.25086132135,11.25086132135,11.25086132145,8.68118900793,8.80642810393,9.10254032753,9.22219012823,7.37793951065,9.93363244385,11.25086132095,10.87025408795,10.57078533175,11.03910060075,10.757845950259,11.250861321059,11.250861321059
"t110",6.068277157,3.970427356,1.0221024074,1.02210240741,1.02210240741,0.62696862555,0.62696862555,0,1.796511132,2.4289092783,3.6191485578,5.7641913383,4.7321356864,7.12360357437,9.81361384893,10.0290954982851,10.0290954982851,10.0290954982851,10.0290954982851,10.0290954983451,9.8478507417451,9.99007919753,10.02909549829,10.02909549829,9.27931588311,10.02909549857,10.02909549827,10.02909549827,10.02909549829,10.02909549829,10.02909549831,9.02477290557,9.96345409737,10.02909549857,10.02909549857,10.02909549857,10.02909549839,10.02909549839,10.02909549819,10.02909549819,9.88158027139,10.02909549819,9.58007586669,9.36842756129,9.68152963897,10.02909549831,10.02909549835,10.02909549835,9.50706219231,10.02909549877,10.02909549877,10.02909549877,7.90925747335,10.02909549825,10.02909549825,9.2628271528,10.02909549879,8.909315014991,10.02909549825,10.00966446935,10.02909549845,10.02909549811,10.02909549811,10.02909549815,10.02909549815,10.02909549811,9.05283083706,10.02909549821,10.02909549835,10.02909549835,10.02909549842,10.02909549842,10.02909549837,10.02909549837,9.11259053322,10.02909549828,10.02909549828,10.02909549832,10.02909549839,9.53289606649,10.02909549837,10.029095498301,10.029095498301,10.02909549882,6.87954701366,6.87310006847,7.84192912597,6.8193929195,5.5907688553,6.206443184,8.0429470587,11.2508613219,11.2508613211,11.2508613211,10.9107406054,11.2508613215,11.2508613215,10.83825987449,10.52384881528,11.25086132149,11.25086132149,10.65165145929,11.25086132097,9.84992509297,10.77229401476,11.25086132116,11.25086132196,10.84184145676,11.25086132166,11.25086132166,11.25086132166,11.25086132176,11.08216398756,11.25086132166,11.25086132166,11.25086132196,11.25086132178,11.25086132178,11.25086132174,11.25086132178,11.25086132178,11.25086132174,11.25086132176,8.49056215852,8.7176571298,11.250861321168,11.250861321168,11.14922613903,8.35400624217,8.92700282522,11.25086132122,10.58166110402,10.76094548502,9.16359969472,11.25086132162,10.48325917268,11.05816305238,10.90577927688,11.25086132148,11.25086132148,11.18463449548,10.75004233769,11.25086132148,11.25086132148,11.25086132144,11.25086132144,10.91419040678,11.2508613214,11.2508613214,11.2508613214,11.2508613215,8.68118900798,8.80642810398,9.10254032758,9.22219012828,7.3779395107,9.9336324439,11.250861321,10.870254088,10.5707853318,11.0391006008,10.757845950309,11.250861321109,11.250861321109
"t54",5.4358790108,3.3380292098,1.796511132,1.79651113201,1.79651113201,1.79651113195,1.79651113195,1.796511132,0,1.3321866273,2.9867504116,5.1317931921,4.0997375402,6.49120542817,9.18121570273,9.3966973520851,9.3966973520851,9.3966973520851,9.3966973520851,9.3966973521451,9.2154525955451,9.35768105133,9.39669735209,9.39669735209,8.64691773691,9.39669735237,9.39669735207,9.39669735207,9.39669735209,9.39669735209,9.39669735211,8.39237475937,9.33105595117,9.39669735237,9.39669735237,9.39669735237,9.39669735219,9.39669735219,9.39669735199,9.39669735199,9.24918212519,9.39669735199,8.94767772049,8.73602941509,9.04913149277,9.39669735211,9.39669735215,9.39669735215,8.87466404611,9.39669735257,9.39669735257,9.39669735257,7.27685932715,9.39669735205,9.39669735205,8.6304290066,9.39669735259,8.276916868791,9.39669735205,9.37726632315,9.39669735225,9.39669735191,9.39669735191,9.39669735195,9.39669735195,9.39669735191,8.42043269086,9.39669735201,9.39669735215,9.39669735215,9.39669735222,9.39669735222,9.39669735217,9.39669735217,8.48019238702,9.39669735208,9.39669735208,9.39669735212,9.39669735219,8.90049792029,9.39669735217,9.396697352101,9.396697352101,9.39669735262,6.24714886746,6.24070192227,7.20953097977,6.1869947733,4.9583707091,5.5740450378,7.4105489125,10.6184631757,10.6184631749,10.6184631749,10.2783424592,10.6184631753,10.6184631753,10.20586172829,9.89145066908,10.61846317529,10.61846317529,10.01925331309,10.61846317477,9.21752694677,10.13989586856,10.61846317496,10.61846317576,10.20944331056,10.61846317546,10.61846317546,10.61846317546,10.61846317556,10.44976584136,10.61846317546,10.61846317546,10.61846317576,10.61846317558,10.61846317558,10.61846317554,10.61846317558,10.61846317558,10.61846317554,10.61846317556,7.85816401232,8.0852589836,10.618463174968,10.618463174968,10.51682799283,7.72160809597,8.29460467902,10.61846317502,9.94926295782,10.12854733882,8.53120154852,10.61846317542,9.85086102648,10.42576490618,10.27338113068,10.61846317528,10.61846317528,10.55223634928,10.11764419149,10.61846317528,10.61846317528,10.61846317524,10.61846317524,10.28179226058,10.6184631752,10.6184631752,10.6184631752,10.6184631753,8.04879086178,8.17402995778,8.47014218138,8.58979198208,6.7455413645,9.3012342977,10.6184631748,10.2378559418,9.9383871856,10.4067024546,10.125447804109,10.618463174909,10.618463174909
"t55",6.0682771571,3.9704273561,2.4289092783,2.42890927831,2.42890927831,2.42890927825,2.42890927825,2.4289092783,1.3321866273,0,3.6191485579,5.7641913384,4.7321356865,7.12360357447,9.81361384903,10.0290954983851,10.0290954983851,10.0290954983851,10.0290954983851,10.0290954984451,9.8478507418451,9.99007919763,10.02909549839,10.02909549839,9.27931588321,10.02909549867,10.02909549837,10.02909549837,10.02909549839,10.02909549839,10.02909549841,9.02477290567,9.96345409747,10.02909549867,10.02909549867,10.02909549867,10.02909549849,10.02909549849,10.02909549829,10.02909549829,9.88158027149,10.02909549829,9.58007586679,9.36842756139,9.68152963907,10.02909549841,10.02909549845,10.02909549845,9.50706219241,10.02909549887,10.02909549887,10.02909549887,7.90925747345,10.02909549835,10.02909549835,9.2628271529,10.02909549889,8.909315015091,10.02909549835,10.00966446945,10.02909549855,10.02909549821,10.02909549821,10.02909549825,10.02909549825,10.02909549821,9.05283083716,10.02909549831,10.02909549845,10.02909549845,10.02909549852,10.02909549852,10.02909549847,10.02909549847,9.11259053332,10.02909549838,10.02909549838,10.02909549842,10.02909549849,9.53289606659,10.02909549847,10.029095498401,10.029095498401,10.02909549892,6.87954701376,6.87310006857,7.84192912607,6.8193929196,5.5907688554,6.2064431841,8.0429470588,11.250861322,11.2508613212,11.2508613212,10.9107406055,11.2508613216,11.2508613216,10.83825987459,10.52384881538,11.25086132159,11.25086132159,10.65165145939,11.25086132107,9.84992509307,10.77229401486,11.25086132126,11.25086132206,10.84184145686,11.25086132176,11.25086132176,11.25086132176,11.25086132186,11.08216398766,11.25086132176,11.25086132176,11.25086132206,11.25086132188,11.25086132188,11.25086132184,11.25086132188,11.25086132188,11.25086132184,11.25086132186,8.49056215862,8.7176571299,11.250861321268,11.250861321268,11.14922613913,8.35400624227,8.92700282532,11.25086132132,10.58166110412,10.76094548512,9.16359969482,11.25086132172,10.48325917278,11.05816305248,10.90577927698,11.25086132158,11.25086132158,11.18463449558,10.75004233779,11.25086132158,11.25086132158,11.25086132154,11.25086132154,10.91419040688,11.2508613215,11.2508613215,11.2508613215,11.2508613216,8.68118900808,8.80642810408,9.10254032768,9.22219012838,7.3779395108,9.933632444,11.2508613211,10.8702540881,10.5707853319,11.0391006009,10.757845950409,11.250861321209,11.250861321209
"t16",3.7846929146,1.6868431136,3.6191485578,3.61914855781,3.61914855781,3.61914855775,3.61914855775,3.6191485578,2.9867504116,3.6191485579,0,3.4806070959,2.448551444,4.84001933197,7.53002960653,7.7455112558851,7.7455112558851,7.7455112558851,7.7455112558851,7.7455112559451,7.5642664993451,7.70649495513,7.74551125589,7.74551125589,6.99573164071,7.74551125617,7.74551125587,7.74551125587,7.74551125589,7.74551125589,7.74551125591,6.74118866317,7.67986985497,7.74551125617,7.74551125617,7.74551125617,7.74551125599,7.74551125599,7.74551125579,7.74551125579,7.59799602899,7.74551125579,7.29649162429,7.08484331889,7.39794539657,7.74551125591,7.74551125595,7.74551125595,7.22347794991,7.74551125637,7.74551125637,7.74551125637,5.62567323095,7.74551125585,7.74551125585,6.9792429104,7.74551125639,6.625730772591,7.74551125585,7.72608022695,7.74551125605,7.74551125571,7.74551125571,7.74551125575,7.74551125575,7.74551125571,6.76924659466,7.74551125581,7.74551125595,7.74551125595,7.74551125602,7.74551125602,7.74551125597,7.74551125597,6.82900629082,7.74551125588,7.74551125588,7.74551125592,7.74551125599,7.24931182409,7.74551125597,7.745511255901,7.745511255901,7.74551125642,4.59596277126,4.58951582607,5.55834488357,4.5358086771,3.3071846129,3.9228589416,5.7593628163,8.9672770795,8.9672770787,8.9672770787,8.627156363,8.9672770791,8.9672770791,8.55467563209,8.24026457288,8.96727707909,8.96727707909,8.36806721689,8.96727707857,7.56634085057,8.48870977236,8.96727707876,8.96727707956,8.55825721436,8.96727707926,8.96727707926,8.96727707926,8.96727707936,8.79857974516,8.96727707926,8.96727707926,8.96727707956,8.96727707938,8.96727707938,8.96727707934,8.96727707938,8.96727707938,8.96727707934,8.96727707936,6.20697791612,6.4340728874,8.967277078768,8.967277078768,8.86564189663,6.07042199977,6.64341858282,8.96727707882,8.29807686162,8.47736124262,6.88001545232,8.96727707922,8.19967493028,8.77457880998,8.62219503448,8.96727707908,8.96727707908,8.90105025308,8.46645809529,8.96727707908,8.96727707908,8.96727707904,8.96727707904,8.63060616438,8.967277079,8.967277079,8.967277079,8.9672770791,6.39760476558,6.52284386158,6.81895608518,6.93860588588,5.0943552683,7.6500482015,8.9672770786,8.5866698456,8.2872010894,8.7555163584,8.474261707909,8.967277078709,8.967277078709
"t9",4.6032010727,2.5053512717,5.7641913383,5.76419133831,5.76419133831,5.76419133825,5.76419133825,5.7641913383,5.1317931921,5.7641913384,3.4806070959,0,3.2670596021,5.65852749007,8.34853776463,8.5640194139851,8.5640194139851,8.5640194139851,8.5640194139851,8.5640194140451,8.3827746574451,8.52500311323,8.56401941399,8.56401941399,7.81423979881,8.56401941427,8.56401941397,8.56401941397,8.56401941399,8.56401941399,8.56401941401,7.55969682127,8.49837801307,8.56401941427,8.56401941427,8.56401941427,8.56401941409,8.56401941409,8.56401941389,8.56401941389,8.41650418709,8.56401941389,8.11499978239,7.90335147699,8.21645355467,8.56401941401,8.56401941405,8.56401941405,8.04198610801,8.56401941447,8.56401941447,8.56401941447,6.44418138905,8.56401941395,8.56401941395,7.7977510685,8.56401941449,7.444238930691,8.56401941395,8.54458838505,8.56401941415,8.56401941381,8.56401941381,8.56401941385,8.56401941385,8.56401941381,7.58775475276,8.56401941391,8.56401941405,8.56401941405,8.56401941412,8.56401941412,8.56401941407,8.56401941407,7.64751444892,8.56401941398,8.56401941398,8.56401941402,8.56401941409,8.06781998219,8.56401941407,8.564019414001,8.564019414001,8.56401941452,5.41447092936,5.40802398417,6.37685304167,5.3543168352,4.125692771,4.7413670997,6.5778709744,9.7857852376,9.7857852368,9.7857852368,9.4456645211,9.7857852372,9.7857852372,9.37318379019,9.05877273098,9.78578523719,9.78578523719,9.18657537499,9.78578523667,8.38484900867,9.30721793046,9.78578523686,9.78578523766,9.37676537246,9.78578523736,9.78578523736,9.78578523736,9.78578523746,9.61708790326,9.78578523736,9.78578523736,9.78578523766,9.78578523748,9.78578523748,9.78578523744,9.78578523748,9.78578523748,9.78578523744,9.78578523746,7.02548607422,7.2525810455,9.785785236868,9.785785236868,9.68415005473,6.88893015787,7.46192674092,9.78578523692,9.11658501972,9.29586940072,7.69852361042,9.78578523732,9.01818308838,9.59308696808,9.44070319258,9.78578523718,9.78578523718,9.71955841118,9.28496625339,9.78578523718,9.78578523718,9.78578523714,9.78578523714,9.44911432248,9.7857852371,9.7857852371,9.7857852371,9.7857852372,7.21611292368,7.34135201968,7.63746424328,7.75711404398,5.9128634264,8.4685563596,9.7857852367,9.4051780037,9.1057092475,9.5740245165,9.292769866009,9.785785236809,9.785785236809
"t5",2.6037331982,1.031158739,4.7321356864,4.73213568641,4.73213568641,4.73213568635,4.73213568635,4.7321356864,4.0997375402,4.7321356865,2.448551444,3.2670596021,0,3.65905961557,6.34906989013,6.5645515394851,6.5645515394851,6.5645515394851,6.5645515394851,6.5645515395451,6.3833067829451,6.52553523873,6.56455153949,6.56455153949,5.81477192431,6.56455153977,6.56455153947,6.56455153947,6.56455153949,6.56455153949,6.56455153951,5.56022894677,6.49891013857,6.56455153977,6.56455153977,6.56455153977,6.56455153959,6.56455153959,6.56455153939,6.56455153939,6.41703631259,6.56455153939,6.11553190789,5.90388360249,6.21698568017,6.56455153951,6.56455153955,6.56455153955,6.04251823351,6.56455153997,6.56455153997,6.56455153997,4.44471351455,6.56455153945,6.56455153945,5.798283194,6.56455153999,5.444771056191,6.56455153945,6.54512051055,6.56455153965,6.56455153931,6.56455153931,6.56455153935,6.56455153935,6.56455153931,5.58828687826,6.56455153941,6.56455153955,6.56455153955,6.56455153962,6.56455153962,6.56455153957,6.56455153957,5.64804657442,6.56455153948,6.56455153948,6.56455153952,6.56455153959,6.06835210769,6.56455153957,6.564551539501,6.564551539501,6.56455154002,3.41500305486,3.40855610967,4.37738516717,3.3548489607,2.1262248965,2.7418992252,4.5784030999,7.7863173631,7.7863173623,7.7863173623,7.4461966466,7.7863173627,7.7863173627,7.37371591569,7.05930485648,7.78631736269,7.78631736269,7.18710750049,7.78631736217,6.38538113417,7.30775005596,7.78631736236,7.78631736316,7.37729749796,7.78631736286,7.78631736286,7.78631736286,7.78631736296,7.61762002876,7.78631736286,7.78631736286,7.78631736316,7.78631736298,7.78631736298,7.78631736294,7.78631736298,7.78631736298,7.78631736294,7.78631736296,5.02601819972,5.253113171,7.786317362368,7.786317362368,7.68468218023,4.88946228337,5.46245886642,7.78631736242,7.11711714522,7.29640152622,5.69905573592,7.78631736282,7.01871521388,7.59361909358,7.44123531808,7.78631736268,7.78631736268,7.72009053668,7.28549837889,7.78631736268,7.78631736268,7.78631736264,7.78631736264,7.44964644798,7.7863173626,7.7863173626,7.7863173626,7.7863173627,5.21664504918,5.34188414518,5.63799636878,5.75764616948,3.9133955519,6.4690884851,7.7863173622,7.4057101292,7.106241373,7.574556642,7.293301991509,7.786317362309,7.786317362309
"t11",3.16278523337,3.42262662697,7.12360357437,7.12360357438,7.12360357438,7.12360357432,7.12360357432,7.12360357437,6.49120542817,7.12360357447,4.84001933197,5.65852749007,3.65905961557,0,3.42371987316,3.6392015225151,3.6392015225151,3.6392015225151,3.6392015225151,3.6392015225751,3.4579567659751,3.60018522176,3.63920152252,3.63920152252,2.88942190734,3.6392015228,3.6392015225,3.6392015225,3.63920152252,3.63920152252,3.63920152254,2.6348789298,3.5735601216,3.6392015228,3.6392015228,3.6392015228,3.63920152262,3.63920152262,3.63920152242,3.63920152242,3.49168629562,3.63920152242,3.19018189092,2.97853358552,3.2916356632,3.63920152254,3.63920152258,3.63920152258,3.11716821654,5.0386719176,5.0386719176,5.0386719176,2.91883389218,5.03867191708,5.03867191708,4.27240357163,5.03867191762,3.918891433821,5.03867191708,5.01924088818,5.03867191728,5.03867191694,5.03867191694,5.03867191698,5.03867191698,5.03867191694,4.06240725589,5.03867191704,5.03867191718,5.03867191718,5.03867191725,5.03867191725,5.0386719172,5.0386719172,4.12216695205,5.03867191711,5.03867191711,5.03867191715,5.03867191722,4.54247248532,5.0386719172,5.038671917131,5.038671917131,5.03867191765,1.88912343249,1.8826764873,2.8515055448,1.93185615727,1.99334561267,3.30095126037,5.13745513507,8.34536939827,8.34536939747,8.34536939747,8.00524868177,8.34536939787,8.34536939787,7.93276795086,7.61835689165,8.34536939786,8.34536939786,7.74615953566,8.34536939734,6.94443316934,7.86680209113,8.34536939753,8.34536939833,7.93634953313,8.34536939803,8.34536939803,8.34536939803,8.34536939813,8.17667206393,8.34536939803,8.34536939803,8.34536939833,8.34536939815,8.34536939815,8.34536939811,8.34536939815,8.34536939815,8.34536939811,8.34536939813,5.58507023489,5.81216520617,8.345369397538,8.345369397538,8.2437342154,5.44851431854,6.02151090159,8.34536939759,7.67616918039,7.85545356139,6.25810777109,8.34536939799,7.57776724905,8.15267112875,8.00028735325,8.34536939785,8.34536939785,8.27914257185,7.84455041406,8.34536939785,8.34536939785,8.34536939781,8.34536939781,8.00869848315,8.34536939777,8.34536939777,8.34536939777,8.34536939787,5.77569708435,5.90093618035,6.19704840395,6.31669820465,4.47244758707,7.02814052027,8.34536939737,7.96476216437,7.66529340817,8.13360867717,7.852354026679,8.345369397479,8.345369397479
"t81",5.85279550793,6.11263690153,9.81361384893,9.81361384894,9.81361384894,9.81361384888,9.81361384888,9.81361384893,9.18121570273,9.81361384903,7.53002960653,8.34853776463,6.34906989013,3.42371987316,0,1.0875253779551,1.0875253779551,1.0875253779551,1.0875253779551,1.0875253780151,0.9062806214151,1.0485090772,1.40975837176,1.40975837176,0.7307675431,2.77887545996,2.77887545966,2.77887545966,2.77887545968,2.77887545968,2.7788754597,2.90191681936,4.93883808716,5.00447948836,5.00447948836,5.00447948836,5.00447948818,5.00447948818,5.00447948798,5.00447948798,4.85696426118,5.00447948798,4.55545985648,4.34381155108,4.65691362876,5.0044794881,5.00447948814,5.00447948814,4.4824461821,7.72868219216,7.72868219216,7.72868219216,5.60884416674,7.72868219164,7.72868219164,6.96241384619,7.72868219218,6.608901708381,7.72868219164,7.70925116274,7.72868219184,7.7286821915,7.7286821915,7.72868219154,7.72868219154,7.7286821915,6.75241753045,7.7286821916,7.72868219174,7.72868219174,7.72868219181,7.72868219181,7.72868219176,7.72868219176,6.81217722661,7.72868219167,7.72868219167,7.72868219171,7.72868219178,7.23248275988,7.72868219176,7.728682191691,7.728682191691,7.72868219221,4.57913370705,4.57268676186,5.54151581936,4.62186643183,4.68335588723,5.99096153493,7.82746540963,11.03537967283,11.03537967203,11.03537967203,10.69525895633,11.03537967243,11.03537967243,10.62277822542,10.30836716621,11.03537967242,11.03537967242,10.43616981022,11.0353796719,9.6344434439,10.55681236569,11.03537967209,11.03537967289,10.62635980769,11.03537967259,11.03537967259,11.03537967259,11.03537967269,10.86668233849,11.03537967259,11.03537967259,11.03537967289,11.03537967271,11.03537967271,11.03537967267,11.03537967271,11.03537967271,11.03537967267,11.03537967269,8.27508050945,8.50217548073,11.035379672098,11.035379672098,10.93374448996,8.1385245931,8.71152117615,11.03537967215,10.36617945495,10.54546383595,8.94811804565,11.03537967255,10.26777752361,10.84268140331,10.69029762781,11.03537967241,11.03537967241,10.96915284641,10.53456068862,11.03537967241,11.03537967241,11.03537967237,11.03537967237,10.69870875771,11.03537967233,11.03537967233,11.03537967233,11.03537967243,8.46570735891,8.59094645491,8.88705867851,9.00670847921,7.16245786163,9.71815079483,11.03537967193,10.65477243893,10.35530368273,10.82361895173,10.542364301239,11.035379672039,11.035379672039
"t157",6.0682771572851,6.3281185508851,10.0290954982851,10.0290954982951,10.0290954982951,10.0290954982351,10.0290954982351,10.0290954982851,9.3966973520851,10.0290954983851,7.7455112558851,8.5640194139851,6.5645515394851,3.6392015225151,1.0875253779551,0,0.05758760244,0.11496728488,0.11496728488,0.51241447594,0.83608410274,0.9789719829551,1.6252400211151,1.6252400211151,0.9462491924551,2.9943571093151,2.9943571090151,2.9943571090151,2.9943571090351,2.9943571090351,2.9943571090551,3.1173984687151,5.1543197365151,5.2199611377151,5.2199611377151,5.2199611377151,5.2199611375351,5.2199611375351,5.2199611373351,5.2199611373351,5.0724459105351,5.2199611373351,4.7709415058351,4.5592932004351,4.8723952781151,5.2199611374551,5.2199611374951,5.2199611374951,4.6979278314551,7.9441638415151,7.9441638415151,7.9441638415151,5.8243258160951,7.9441638409951,7.9441638409951,7.1778954955451,7.9441638415351,6.8243833577361,7.9441638409951,7.9247328120951,7.9441638411951,7.9441638408551,7.9441638408551,7.9441638408951,7.9441638408951,7.9441638408551,6.9678991798051,7.9441638409551,7.9441638410951,7.9441638410951,7.9441638411651,7.9441638411651,7.9441638411151,7.9441638411151,7.0276588759651,7.9441638410251,7.9441638410251,7.9441638410651,7.9441638411351,7.4479644092351,7.9441638411151,7.9441638410461,7.9441638410461,7.9441638415651,4.7946153564051,4.7881684112151,5.7569974687151,4.8373480811851,4.8988375365851,6.2064431842851,8.0429470589851,11.2508613221851,11.2508613213851,11.2508613213851,10.9107406056851,11.2508613217851,11.2508613217851,10.8382598747751,10.5238488155651,11.2508613217751,11.2508613217751,10.6516514595751,11.2508613212551,9.8499250932551,10.7722940150451,11.2508613214451,11.2508613222451,10.8418414570451,11.2508613219451,11.2508613219451,11.2508613219451,11.2508613220451,11.0821639878451,11.2508613219451,11.2508613219451,11.2508613222451,11.2508613220651,11.2508613220651,11.2508613220251,11.2508613220651,11.2508613220651,11.2508613220251,11.2508613220451,8.4905621588051,8.7176571300851,11.2508613214531,11.2508613214531,11.1492261393151,8.3540062424551,8.9270028255051,11.2508613215051,10.5816611043051,10.7609454853051,9.1635996950051,11.2508613219051,10.4832591729651,11.0581630526651,10.9057792771651,11.2508613217651,11.2508613217651,11.1846344957651,10.7500423379751,11.2508613217651,11.2508613217651,11.2508613217251,11.2508613217251,10.9141904070651,11.2508613216851,11.2508613216851,11.2508613216851,11.2508613217851,8.6811890082651,8.8064281042651,9.1025403278651,9.2221901285651,7.3779395109851,9.9336324441851,11.2508613212851,10.8702540882851,10.5707853320851,11.0391006010851,10.7578459505941,11.2508613213941,11.2508613213941
