"","t92","t93","t74","t94","t95","t43","t77","t78","t37","t8","t7","t42","t48","t59","t60","t27","t28","t46","t51","t52","t4","t5","t18","t45","t131","t132","t53","t54","t133","t140","t141","t75","t76","t41","t61","t62","t47","t112","t113","t6","t13","t14","t82","t123","t124","t16","t49","t50","t110","t111","t12","t9","t55","t127","t128","t69","t119","t120","t106","t107","t11","t67","t68","t20","t72","t108","t109","t97","t98","t99","t129","t130","t125","t126","t29","t30","t34","t80","t81","t44","t114","t115","t117","t118","t136","t137","t40","t138","t139","t83","t64","t91","t134","t135","t17","t31","t32","t102","t103","t96","t15","t22","t57","t58","t70","t71","t33","t79","t84","t104","t105","t2","t65","t66","t116","t121","t122","t3","t1","t87","t88","t73","t56","t35","t19","t25","t26","t38","t39","t21","t10","t85","t86","t63","t36","t89","t90","t100","t101","t23","t24"
"t92",0,0.578404608,1.0851168534,1.6930254369,1.45495665459,4.54752593468,4.60715348058,4.60715348058,4.6071534809,4.6071534805,3.6112409189,7.3813832143,6.5570278568,7.38138321435,7.38138321435,7.381383214241,7.381383214241,6.49982601559,6.96539761937,7.38138321437,7.38138321468,5.41323155326,6.52125932998,7.38138321468,7.38138321471,7.38138321471,7.38138321458,7.38138321458,7.38138321455,7.38138321455,7.38138321455,7.38138321458,7.38138321458,6.49172986463,7.38138321432,7.36926071652,7.38138321432,7.38138321438,7.38138321438,6.0075179908,7.3813832151,7.38138321486,7.38138321446,7.38138321451,7.38138321451,6.03531241217,7.38138321467,6.77771377597,7.38138321437,7.38138321437,5.90473379337,5.69843956365,6.60037641875,7.38138321461,7.38138321461,7.38138321463,7.38138321459,7.38138321459,7.38138321466,7.38138321466,7.02485736127,7.38138321457,7.16566536277,6.96417089537,7.3813832143,7.38138321431,7.38138321431,7.3813832143,7.25255087382,7.3813832146,7.38138321463,7.38138321463,7.38138321465,7.38138321465,7.38138321473,7.38138321473,6.4419067911,7.3813832147,7.01379344509,7.38138321466,7.38138321466,7.38138321466,7.38138321466,7.38138321466,7.3813832146,7.3813832146,7.38138321467,7.38138321473,7.38138321473,7.09619512977,7.38138321467,7.15157598658,7.38138321474,7.38138321474,6.6637896898,6.24890357309,6.4571577782,7.38138321454,7.38138321454,7.3813832146,7.38138321469,7.21052576229,7.38138321469,7.38138321469,7.38138321469,7.38138321469,7.38138321479,7.38138321499,7.38138321497,7.38138321497,7.38138321497,5.494529343,7.10010304672,7.38138321492,7.38138321492,7.38138321493,7.38138321493,5.11804660225,4.75042177722,7.0946649482,7.38138321482,7.38138321482,6.69762050173,7.38138321502,7.30831575042,7.38138321508,6.99503491748,7.24258399005,7.38138321475,6.6944151188,6.2780915289,7.397023323269,7.083513539719,7.397023323269,7.397023323769,7.397023323739,7.397023323739,7.397023323769,7.397023323769,6.751745816269,7.397023323569
"t93",0.578404608,0,1.0851168534,1.6930254369,1.45495665459,4.54752593468,4.60715348058,4.60715348058,4.6071534809,4.6071534805,3.6112409189,7.3813832143,6.5570278568,7.38138321435,7.38138321435,7.381383214241,7.381383214241,6.49982601559,6.96539761937,7.38138321437,7.38138321468,5.41323155326,6.52125932998,7.38138321468,7.38138321471,7.38138321471,7.38138321458,7.38138321458,7.38138321455,7.38138321455,7.38138321455,7.38138321458,7.38138321458,6.49172986463,7.38138321432,7.36926071652,7.38138321432,7.38138321438,7.38138321438,6.0075179908,7.3813832151,7.38138321486,7.38138321446,7.38138321451,7.38138321451,6.03531241217,7.38138321467,6.77771377597,7.38138321437,7.38138321437,5.90473379337,5.69843956365,6.60037641875,7.38138321461,7.38138321461,7.38138321463,7.38138321459,7.38138321459,7.38138321466,7.38138321466,7.02485736127,7.38138321457,7.16566536277,6.96417089537,7.3813832143,7.38138321431,7.38138321431,7.3813832143,7.25255087382,7.3813832146,7.38138321463,7.38138321463,7.38138321465,7.38138321465,7.38138321473,7.38138321473,6.4419067911,7.3813832147,7.01379344509,7.38138321466,7.38138321466,7.38138321466,7.38138321466,7.38138321466,7.3813832146,7.3813832146,7.38138321467,7.38138321473,7.38138321473,7.09619512977,7.38138321467,7.15157598658,7.38138321474,7.38138321474,6.6637896898,6.24890357309,6.4571577782,7.38138321454,7.38138321454,7.3813832146,7.38138321469,7.21052576229,7.38138321469,7.38138321469,7.38138321469,7.38138321469,7.38138321479,7.38138321499,7.38138321497,7.38138321497,7.38138321497,5.494529343,7.10010304672,7.38138321492,7.38138321492,7.38138321493,7.38138321493,5.11804660225,4.75042177722,7.0946649482,7.38138321482,7.38138321482,6.69762050173,7.38138321502,7.30831575042,7.38138321508,6.99503491748,7.24258399005,7.38138321475,6.6944151188,6.2780915289,7.397023323269,7.083513539719,7.397023323269,7.397023323769,7.397023323739,7.397023323739,7.397023323769,7.397023323769,6.751745816269,7.397023323569
"t74",1.0851168534,1.0851168534,0,1.6930254369,1.45495665459,4.54752593468,4.60715348058,4.60715348058,4.6071534809,4.6071534805,3.6112409189,7.3813832143,6.5570278568,7.38138321435,7.38138321435,7.381383214241,7.381383214241,6.49982601559,6.96539761937,7.38138321437,7.38138321468,5.41323155326,6.52125932998,7.38138321468,7.38138321471,7.38138321471,7.38138321458,7.38138321458,7.38138321455,7.38138321455,7.38138321455,7.38138321458,7.38138321458,6.49172986463,7.38138321432,7.36926071652,7.38138321432,7.38138321438,7.38138321438,6.0075179908,7.3813832151,7.38138321486,7.38138321446,7.38138321451,7.38138321451,6.03531241217,7.38138321467,6.77771377597,7.38138321437,7.38138321437,5.90473379337,5.69843956365,6.60037641875,7.38138321461,7.38138321461,7.38138321463,7.38138321459,7.38138321459,7.38138321466,7.38138321466,7.02485736127,7.38138321457,7.16566536277,6.96417089537,7.3813832143,7.38138321431,7.38138321431,7.3813832143,7.25255087382,7.3813832146,7.38138321463,7.38138321463,7.38138321465,7.38138321465,7.38138321473,7.38138321473,6.4419067911,7.3813832147,7.01379344509,7.38138321466,7.38138321466,7.38138321466,7.38138321466,7.38138321466,7.3813832146,7.3813832146,7.38138321467,7.38138321473,7.38138321473,7.09619512977,7.38138321467,7.15157598658,7.38138321474,7.38138321474,6.6637896898,6.24890357309,6.4571577782,7.38138321454,7.38138321454,7.3813832146,7.38138321469,7.21052576229,7.38138321469,7.38138321469,7.38138321469,7.38138321469,7.38138321479,7.38138321499,7.38138321497,7.38138321497,7.38138321497,5.494529343,7.10010304672,7.38138321492,7.38138321492,7.38138321493,7.38138321493,5.11804660225,4.75042177722,7.0946649482,7.38138321482,7.38138321482,6.69762050173,7.38138321502,7.30831575042,7.38138321508,6.99503491748,7.24258399005,7.38138321475,6.6944151188,6.2780915289,7.397023323269,7.083513539719,7.397023323269,7.397023323769,7.397023323739,7.397023323739,7.397023323769,7.397023323769,6.751745816269,7.397023323569
"t94",1.6930254369,1.6930254369,1.6930254369,0,0.27376641409,4.54752593478,4.60715348068,4.60715348068,4.607153481,4.6071534806,3.611240919,7.3813832144,6.5570278569,7.38138321445,7.38138321445,7.381383214341,7.381383214341,6.49982601569,6.96539761947,7.38138321447,7.38138321478,5.41323155336,6.52125933008,7.38138321478,7.38138321481,7.38138321481,7.38138321468,7.38138321468,7.38138321465,7.38138321465,7.38138321465,7.38138321468,7.38138321468,6.49172986473,7.38138321442,7.36926071662,7.38138321442,7.38138321448,7.38138321448,6.0075179909,7.3813832152,7.38138321496,7.38138321456,7.38138321461,7.38138321461,6.03531241227,7.38138321477,6.77771377607,7.38138321447,7.38138321447,5.90473379347,5.69843956375,6.60037641885,7.38138321471,7.38138321471,7.38138321473,7.38138321469,7.38138321469,7.38138321476,7.38138321476,7.02485736137,7.38138321467,7.16566536287,6.96417089547,7.3813832144,7.38138321441,7.38138321441,7.3813832144,7.25255087392,7.3813832147,7.38138321473,7.38138321473,7.38138321475,7.38138321475,7.38138321483,7.38138321483,6.4419067912,7.3813832148,7.01379344519,7.38138321476,7.38138321476,7.38138321476,7.38138321476,7.38138321476,7.3813832147,7.3813832147,7.38138321477,7.38138321483,7.38138321483,7.09619512987,7.38138321477,7.15157598668,7.38138321484,7.38138321484,6.6637896899,6.24890357319,6.4571577783,7.38138321464,7.38138321464,7.3813832147,7.38138321479,7.21052576239,7.38138321479,7.38138321479,7.38138321479,7.38138321479,7.38138321489,7.38138321509,7.38138321507,7.38138321507,7.38138321507,5.4945293431,7.10010304682,7.38138321502,7.38138321502,7.38138321503,7.38138321503,5.11804660235,4.75042177732,7.0946649483,7.38138321492,7.38138321492,6.69762050183,7.38138321512,7.30831575052,7.38138321518,6.99503491758,7.24258399015,7.38138321485,6.6944151189,6.278091529,7.397023323369,7.083513539819,7.397023323369,7.397023323869,7.397023323839,7.397023323839,7.397023323869,7.397023323869,6.751745816369,7.397023323669
"t95",1.45495665459,1.45495665459,1.45495665459,0.27376641409,0,4.30945715247,4.36908469837,4.36908469837,4.36908469869,4.36908469829,3.37317213669,7.14331443209,6.31895907459,7.14331443214,7.14331443214,7.143314432031,7.143314432031,6.26175723338,6.72732883716,7.14331443216,7.14331443247,5.17516277105,6.28319054777,7.14331443247,7.1433144325,7.1433144325,7.14331443237,7.14331443237,7.14331443234,7.14331443234,7.14331443234,7.14331443237,7.14331443237,6.25366108242,7.14331443211,7.13119193431,7.14331443211,7.14331443217,7.14331443217,5.76944920859,7.14331443289,7.14331443265,7.14331443225,7.1433144323,7.1433144323,5.79724362996,7.14331443246,6.53964499376,7.14331443216,7.14331443216,5.66666501116,5.46037078144,6.36230763654,7.1433144324,7.1433144324,7.14331443242,7.14331443238,7.14331443238,7.14331443245,7.14331443245,6.78678857906,7.14331443236,6.92759658056,6.72610211316,7.14331443209,7.1433144321,7.1433144321,7.14331443209,7.01448209161,7.14331443239,7.14331443242,7.14331443242,7.14331443244,7.14331443244,7.14331443252,7.14331443252,6.20383800889,7.14331443249,6.77572466288,7.14331443245,7.14331443245,7.14331443245,7.14331443245,7.14331443245,7.14331443239,7.14331443239,7.14331443246,7.14331443252,7.14331443252,6.85812634756,7.14331443246,6.91350720437,7.14331443253,7.14331443253,6.42572090759,6.01083479088,6.21908899599,7.14331443233,7.14331443233,7.14331443239,7.14331443248,6.97245698008,7.14331443248,7.14331443248,7.14331443248,7.14331443248,7.14331443258,7.14331443278,7.14331443276,7.14331443276,7.14331443276,5.25646056079,6.86203426451,7.14331443271,7.14331443271,7.14331443272,7.14331443272,4.87997782004,4.51235299501,6.85659616599,7.14331443261,7.14331443261,6.45955171952,7.14331443281,7.07024696821,7.14331443287,6.75696613527,7.00451520784,7.14331443254,6.45634633659,6.04002274669,7.158954541059,6.845444757509,7.158954541059,7.158954541559,7.158954541529,7.158954541529,7.158954541559,7.158954541559,6.513677034059,7.158954541359
"t43",4.54752593468,4.54752593468,4.54752593468,4.54752593478,4.30945715247,0,1.8118670037,1.8118670037,1.97132299778,3.43240548818,2.69796824858,7.32175566818,6.49740031068,7.32175566823,7.32175566823,7.321755668121,7.321755668121,6.44019846947,6.90577007325,7.32175566825,7.32175566856,5.35360400714,6.46163178386,7.32175566856,7.32175566859,7.32175566859,7.32175566846,7.32175566846,7.32175566843,7.32175566843,7.32175566843,7.32175566846,7.32175566846,6.43210231851,7.3217556682,7.3096331704,7.3217556682,7.32175566826,7.32175566826,5.94789044468,7.32175566898,7.32175566874,7.32175566834,7.32175566839,7.32175566839,5.97568486605,7.32175566855,6.71808622985,7.32175566825,7.32175566825,5.84510624725,5.63881201753,6.54074887263,7.32175566849,7.32175566849,7.32175566851,7.32175566847,7.32175566847,7.32175566854,7.32175566854,6.96522981515,7.32175566845,7.10603781665,6.90454334925,7.32175566818,7.32175566819,7.32175566819,7.32175566818,7.1929233277,7.32175566848,7.32175566851,7.32175566851,7.32175566853,7.32175566853,7.32175566861,7.32175566861,6.38227924498,7.32175566858,6.95416589897,7.32175566854,7.32175566854,7.32175566854,7.32175566854,7.32175566854,7.32175566848,7.32175566848,7.32175566855,7.32175566861,7.32175566861,7.03656758365,7.32175566855,7.09194844046,7.32175566862,7.32175566862,6.60416214368,6.18927602697,6.39753023208,7.32175566842,7.32175566842,7.32175566848,7.32175566857,7.15089821617,7.32175566857,7.32175566857,7.32175566857,7.32175566857,7.32175566867,7.32175566887,7.32175566885,7.32175566885,7.32175566885,5.43490179688,7.0404755006,7.3217556688,7.3217556688,7.32175566881,7.32175566881,5.05841905613,4.6907942311,7.03503740208,7.3217556687,7.3217556687,6.63799295561,7.3217556689,7.2486882043,7.32175566896,6.93540737136,7.18295644393,7.32175566863,6.63478757268,6.21846398278,7.337395777149,7.023885993599,7.337395777149,7.337395777649,7.337395777619,7.337395777619,7.337395777649,7.337395777649,6.692118270149,7.337395777449
"t77",4.60715348058,4.60715348058,4.60715348058,4.60715348068,4.36908469837,1.8118670037,0,0.9742241784,2.03095054368,3.49203303408,2.75759579448,7.38138321408,6.55702785658,7.38138321413,7.38138321413,7.381383214021,7.381383214021,6.49982601537,6.96539761915,7.38138321415,7.38138321446,5.41323155304,6.52125932976,7.38138321446,7.38138321449,7.38138321449,7.38138321436,7.38138321436,7.38138321433,7.38138321433,7.38138321433,7.38138321436,7.38138321436,6.49172986441,7.3813832141,7.3692607163,7.3813832141,7.38138321416,7.38138321416,6.00751799058,7.38138321488,7.38138321464,7.38138321424,7.38138321429,7.38138321429,6.03531241195,7.38138321445,6.77771377575,7.38138321415,7.38138321415,5.90473379315,5.69843956343,6.60037641853,7.38138321439,7.38138321439,7.38138321441,7.38138321437,7.38138321437,7.38138321444,7.38138321444,7.02485736105,7.38138321435,7.16566536255,6.96417089515,7.38138321408,7.38138321409,7.38138321409,7.38138321408,7.2525508736,7.38138321438,7.38138321441,7.38138321441,7.38138321443,7.38138321443,7.38138321451,7.38138321451,6.44190679088,7.38138321448,7.01379344487,7.38138321444,7.38138321444,7.38138321444,7.38138321444,7.38138321444,7.38138321438,7.38138321438,7.38138321445,7.38138321451,7.38138321451,7.09619512955,7.38138321445,7.15157598636,7.38138321452,7.38138321452,6.66378968958,6.24890357287,6.45715777798,7.38138321432,7.38138321432,7.38138321438,7.38138321447,7.21052576207,7.38138321447,7.38138321447,7.38138321447,7.38138321447,7.38138321457,7.38138321477,7.38138321475,7.38138321475,7.38138321475,5.49452934278,7.1001030465,7.3813832147,7.3813832147,7.38138321471,7.38138321471,5.11804660203,4.750421777,7.09466494798,7.3813832146,7.3813832146,6.69762050151,7.3813832148,7.3083157502,7.38138321486,6.99503491726,7.24258398983,7.38138321453,6.69441511858,6.27809152868,7.397023323049,7.083513539499,7.397023323049,7.397023323549,7.397023323519,7.397023323519,7.397023323549,7.397023323549,6.751745816049,7.397023323349
"t78",4.60715348058,4.60715348058,4.60715348058,4.60715348068,4.36908469837,1.8118670037,0.9742241784,0,2.03095054368,3.49203303408,2.75759579448,7.38138321408,6.55702785658,7.38138321413,7.38138321413,7.381383214021,7.381383214021,6.49982601537,6.96539761915,7.38138321415,7.38138321446,5.41323155304,6.52125932976,7.38138321446,7.38138321449,7.38138321449,7.38138321436,7.38138321436,7.38138321433,7.38138321433,7.38138321433,7.38138321436,7.38138321436,6.49172986441,7.3813832141,7.3692607163,7.3813832141,7.38138321416,7.38138321416,6.00751799058,7.38138321488,7.38138321464,7.38138321424,7.38138321429,7.38138321429,6.03531241195,7.38138321445,6.77771377575,7.38138321415,7.38138321415,5.90473379315,5.69843956343,6.60037641853,7.38138321439,7.38138321439,7.38138321441,7.38138321437,7.38138321437,7.38138321444,7.38138321444,7.02485736105,7.38138321435,7.16566536255,6.96417089515,7.38138321408,7.38138321409,7.38138321409,7.38138321408,7.2525508736,7.38138321438,7.38138321441,7.38138321441,7.38138321443,7.38138321443,7.38138321451,7.38138321451,6.44190679088,7.38138321448,7.01379344487,7.38138321444,7.38138321444,7.38138321444,7.38138321444,7.38138321444,7.38138321438,7.38138321438,7.38138321445,7.38138321451,7.38138321451,7.09619512955,7.38138321445,7.15157598636,7.38138321452,7.38138321452,6.66378968958,6.24890357287,6.45715777798,7.38138321432,7.38138321432,7.38138321438,7.38138321447,7.21052576207,7.38138321447,7.38138321447,7.38138321447,7.38138321447,7.38138321457,7.38138321477,7.38138321475,7.38138321475,7.38138321475,5.49452934278,7.1001030465,7.3813832147,7.3813832147,7.38138321471,7.38138321471,5.11804660203,4.750421777,7.09466494798,7.3813832146,7.3813832146,6.69762050151,7.3813832148,7.3083157502,7.38138321486,6.99503491726,7.24258398983,7.38138321453,6.69441511858,6.27809152868,7.397023323049,7.083513539499,7.397023323049,7.397023323549,7.397023323519,7.397023323519,7.397023323549,7.397023323549,6.751745816049,7.397023323349
"t37",4.6071534809,4.6071534809,4.6071534809,4.607153481,4.36908469869,1.97132299778,2.03095054368,2.03095054368,0,3.4920330344,2.7575957948,7.3813832144,6.5570278569,7.38138321445,7.38138321445,7.381383214341,7.381383214341,6.49982601569,6.96539761947,7.38138321447,7.38138321478,5.41323155336,6.52125933008,7.38138321478,7.38138321481,7.38138321481,7.38138321468,7.38138321468,7.38138321465,7.38138321465,7.38138321465,7.38138321468,7.38138321468,6.49172986473,7.38138321442,7.36926071662,7.38138321442,7.38138321448,7.38138321448,6.0075179909,7.3813832152,7.38138321496,7.38138321456,7.38138321461,7.38138321461,6.03531241227,7.38138321477,6.77771377607,7.38138321447,7.38138321447,5.90473379347,5.69843956375,6.60037641885,7.38138321471,7.38138321471,7.38138321473,7.38138321469,7.38138321469,7.38138321476,7.38138321476,7.02485736137,7.38138321467,7.16566536287,6.96417089547,7.3813832144,7.38138321441,7.38138321441,7.3813832144,7.25255087392,7.3813832147,7.38138321473,7.38138321473,7.38138321475,7.38138321475,7.38138321483,7.38138321483,6.4419067912,7.3813832148,7.01379344519,7.38138321476,7.38138321476,7.38138321476,7.38138321476,7.38138321476,7.3813832147,7.3813832147,7.38138321477,7.38138321483,7.38138321483,7.09619512987,7.38138321477,7.15157598668,7.38138321484,7.38138321484,6.6637896899,6.24890357319,6.4571577783,7.38138321464,7.38138321464,7.3813832147,7.38138321479,7.21052576239,7.38138321479,7.38138321479,7.38138321479,7.38138321479,7.38138321489,7.38138321509,7.38138321507,7.38138321507,7.38138321507,5.4945293431,7.10010304682,7.38138321502,7.38138321502,7.38138321503,7.38138321503,5.11804660235,4.75042177732,7.0946649483,7.38138321492,7.38138321492,6.69762050183,7.38138321512,7.30831575052,7.38138321518,6.99503491758,7.24258399015,7.38138321485,6.6944151189,6.278091529,7.397023323369,7.083513539819,7.397023323369,7.397023323869,7.397023323839,7.397023323839,7.397023323869,7.397023323869,6.751745816369,7.397023323669
"t8",4.6071534805,4.6071534805,4.6071534805,4.6071534806,4.36908469829,3.43240548818,3.49203303408,3.49203303408,3.4920330344,0,2.7575957944,7.381383214,6.5570278565,7.38138321405,7.38138321405,7.381383213941,7.381383213941,6.49982601529,6.96539761907,7.38138321407,7.38138321438,5.41323155296,6.52125932968,7.38138321438,7.38138321441,7.38138321441,7.38138321428,7.38138321428,7.38138321425,7.38138321425,7.38138321425,7.38138321428,7.38138321428,6.49172986433,7.38138321402,7.36926071622,7.38138321402,7.38138321408,7.38138321408,6.0075179905,7.3813832148,7.38138321456,7.38138321416,7.38138321421,7.38138321421,6.03531241187,7.38138321437,6.77771377567,7.38138321407,7.38138321407,5.90473379307,5.69843956335,6.60037641845,7.38138321431,7.38138321431,7.38138321433,7.38138321429,7.38138321429,7.38138321436,7.38138321436,7.02485736097,7.38138321427,7.16566536247,6.96417089507,7.381383214,7.38138321401,7.38138321401,7.381383214,7.25255087352,7.3813832143,7.38138321433,7.38138321433,7.38138321435,7.38138321435,7.38138321443,7.38138321443,6.4419067908,7.3813832144,7.01379344479,7.38138321436,7.38138321436,7.38138321436,7.38138321436,7.38138321436,7.3813832143,7.3813832143,7.38138321437,7.38138321443,7.38138321443,7.09619512947,7.38138321437,7.15157598628,7.38138321444,7.38138321444,6.6637896895,6.24890357279,6.4571577779,7.38138321424,7.38138321424,7.3813832143,7.38138321439,7.21052576199,7.38138321439,7.38138321439,7.38138321439,7.38138321439,7.38138321449,7.38138321469,7.38138321467,7.38138321467,7.38138321467,5.4945293427,7.10010304642,7.38138321462,7.38138321462,7.38138321463,7.38138321463,5.11804660195,4.75042177692,7.0946649479,7.38138321452,7.38138321452,6.69762050143,7.38138321472,7.30831575012,7.38138321478,6.99503491718,7.24258398975,7.38138321445,6.6944151185,6.2780915286,7.397023322969,7.083513539419,7.397023322969,7.397023323469,7.397023323439,7.397023323439,7.397023323469,7.397023323469,6.751745815969,7.397023323269
"t7",3.6112409189,3.6112409189,3.6112409189,3.611240919,3.37317213669,2.69796824858,2.75759579448,2.75759579448,2.7575957948,2.7575957944,0,6.3854706524,5.5611152949,6.38547065245,6.38547065245,6.385470652341,6.385470652341,5.50391345369,5.96948505747,6.38547065247,6.38547065278,4.41731899136,5.52534676808,6.38547065278,6.38547065281,6.38547065281,6.38547065268,6.38547065268,6.38547065265,6.38547065265,6.38547065265,6.38547065268,6.38547065268,5.49581730273,6.38547065242,6.37334815462,6.38547065242,6.38547065248,6.38547065248,5.0116054289,6.3854706532,6.38547065296,6.38547065256,6.38547065261,6.38547065261,5.03939985027,6.38547065277,5.78180121407,6.38547065247,6.38547065247,4.90882123147,4.70252700175,5.60446385685,6.38547065271,6.38547065271,6.38547065273,6.38547065269,6.38547065269,6.38547065276,6.38547065276,6.02894479937,6.38547065267,6.16975280087,5.96825833347,6.3854706524,6.38547065241,6.38547065241,6.3854706524,6.25663831192,6.3854706527,6.38547065273,6.38547065273,6.38547065275,6.38547065275,6.38547065283,6.38547065283,5.4459942292,6.3854706528,6.01788088319,6.38547065276,6.38547065276,6.38547065276,6.38547065276,6.38547065276,6.3854706527,6.3854706527,6.38547065277,6.38547065283,6.38547065283,6.10028256787,6.38547065277,6.15566342468,6.38547065284,6.38547065284,5.6678771279,5.25299101119,5.4612452163,6.38547065264,6.38547065264,6.3854706527,6.38547065279,6.21461320039,6.38547065279,6.38547065279,6.38547065279,6.38547065279,6.38547065289,6.38547065309,6.38547065307,6.38547065307,6.38547065307,4.4986167811,6.10419048482,6.38547065302,6.38547065302,6.38547065303,6.38547065303,4.12213404035,3.75450921532,6.0987523863,6.38547065292,6.38547065292,5.70170793983,6.38547065312,6.31240318852,6.38547065318,5.99912235558,6.24667142815,6.38547065285,5.6985025569,5.282178967,6.401110761369,6.087600977819,6.401110761369,6.401110761869,6.401110761839,6.401110761839,6.401110761869,6.401110761869,5.755833254369,6.401110761669
"t42",7.3813832143,7.3813832143,7.3813832143,7.3813832144,7.14331443209,7.32175566818,7.38138321408,7.38138321408,7.3813832144,7.381383214,6.3854706524,0,1.0616182737,1.88597363125,1.88597363125,2.403018266141,2.403018266141,2.30998977349,2.77556137727,3.19154697227,6.04732578458,4.07917412316,5.18720189988,6.04732578458,6.04732578461,6.04732578461,6.04732578448,6.04732578448,6.04732578445,6.04732578445,6.04732578445,6.04732578448,6.04732578448,5.15767243453,6.04732578422,6.03520328642,6.04732578422,6.04732578428,6.04732578428,4.6734605607,6.047325785,6.04732578476,6.04732578436,6.04732578441,6.04732578441,5.48307132267,6.82914212517,6.22547268647,6.82914212487,6.82914212487,5.35249270387,5.14619847415,6.04813532925,6.82914212511,6.82914212511,6.82914212513,6.82914212509,6.82914212509,6.82914212516,6.82914212516,6.47261627177,6.82914212507,6.61342427327,6.41192980587,6.8291421248,6.82914212481,6.82914212481,6.8291421248,6.70030978432,6.8291421251,6.82914212513,6.82914212513,6.82914212515,6.82914212515,6.82914212523,6.82914212523,5.8896657016,6.8291421252,6.46155235559,6.82914212516,6.82914212516,6.82914212516,6.82914212516,6.82914212516,6.8291421251,6.8291421251,6.82914212517,6.82914212523,6.82914212523,6.54395404027,6.82914212517,6.59933489708,6.82914212524,6.82914212524,6.1115486003,5.69666248359,5.9049166887,6.82914212504,6.82914212504,6.8291421251,6.82914212519,6.65828467279,6.82914212519,6.82914212519,6.82914212519,6.82914212519,6.82914212529,6.82914212549,6.82914212547,6.82914212547,6.82914212547,4.9422882535,6.54786195722,6.82914212542,6.82914212542,6.82914212543,6.82914212543,4.56580551275,4.19818068772,6.5424238587,6.82914212532,6.82914212532,6.14537941223,6.82914212552,6.75607466092,6.82914212558,6.44279382798,6.69034290055,6.82914212525,6.1421740293,5.7258504394,7.397023322769,7.083513539219,7.397023322769,7.397023323269,7.397023323239,7.397023323239,7.397023323269,7.397023323269,6.751745815769,7.397023323069
"t48",6.5570278568,6.5570278568,6.5570278568,6.5570278569,6.31895907459,6.49740031068,6.55702785658,6.55702785658,6.5570278569,6.5570278565,5.5611152949,1.0616182737,0,0.94830749625,0.94830749625,1.578662908641,1.578662908641,1.48563441599,1.95120601977,2.36719161477,5.22297042708,3.25481876566,4.36284654238,5.22297042708,5.22297042711,5.22297042711,5.22297042698,5.22297042698,5.22297042695,5.22297042695,5.22297042695,5.22297042698,5.22297042698,4.33331707703,5.22297042672,5.21084792892,5.22297042672,5.22297042678,5.22297042678,3.8491052032,5.2229704275,5.22297042726,5.22297042686,5.22297042691,5.22297042691,4.65871596517,6.00478676767,5.40111732897,6.00478676737,6.00478676737,4.52813734637,4.32184311665,5.22377997175,6.00478676761,6.00478676761,6.00478676763,6.00478676759,6.00478676759,6.00478676766,6.00478676766,5.64826091427,6.00478676757,5.78906891577,5.58757444837,6.0047867673,6.00478676731,6.00478676731,6.0047867673,5.87595442682,6.0047867676,6.00478676763,6.00478676763,6.00478676765,6.00478676765,6.00478676773,6.00478676773,5.0653103441,6.0047867677,5.63719699809,6.00478676766,6.00478676766,6.00478676766,6.00478676766,6.00478676766,6.0047867676,6.0047867676,6.00478676767,6.00478676773,6.00478676773,5.71959868277,6.00478676767,5.77497953958,6.00478676774,6.00478676774,5.2871932428,4.87230712609,5.0805613312,6.00478676754,6.00478676754,6.0047867676,6.00478676769,5.83392931529,6.00478676769,6.00478676769,6.00478676769,6.00478676769,6.00478676779,6.00478676799,6.00478676797,6.00478676797,6.00478676797,4.117932896,5.72350659972,6.00478676792,6.00478676792,6.00478676793,6.00478676793,3.74145015525,3.37382533022,5.7180685012,6.00478676782,6.00478676782,5.32102405473,6.00478676802,5.93171930342,6.00478676808,5.61843847048,5.86598754305,6.00478676775,5.3178186718,4.9014950819,6.572667965269,6.259158181719,6.572667965269,6.572667965769,6.572667965739,6.572667965739,6.572667965769,6.572667965769,5.927390458269,6.572667965569
"t59",7.38138321435,7.38138321435,7.38138321435,7.38138321445,7.14331443214,7.32175566823,7.38138321413,7.38138321413,7.38138321445,7.38138321405,6.38547065245,1.88597363125,0.94830749625,0,1.4767672106,2.403018266191,2.403018266191,2.30998977354,2.77556137732,3.19154697232,6.04732578463,4.07917412321,5.18720189993,6.04732578463,6.04732578466,6.04732578466,6.04732578453,6.04732578453,6.0473257845,6.0473257845,6.0473257845,6.04732578453,6.04732578453,5.15767243458,6.04732578427,6.03520328647,6.04732578427,6.04732578433,6.04732578433,4.67346056075,6.04732578505,6.04732578481,6.04732578441,6.04732578446,6.04732578446,5.48307132272,6.82914212522,6.22547268652,6.82914212492,6.82914212492,5.35249270392,5.1461984742,6.0481353293,6.82914212516,6.82914212516,6.82914212518,6.82914212514,6.82914212514,6.82914212521,6.82914212521,6.47261627182,6.82914212512,6.61342427332,6.41192980592,6.82914212485,6.82914212486,6.82914212486,6.82914212485,6.70030978437,6.82914212515,6.82914212518,6.82914212518,6.8291421252,6.8291421252,6.82914212528,6.82914212528,5.88966570165,6.82914212525,6.46155235564,6.82914212521,6.82914212521,6.82914212521,6.82914212521,6.82914212521,6.82914212515,6.82914212515,6.82914212522,6.82914212528,6.82914212528,6.54395404032,6.82914212522,6.59933489713,6.82914212529,6.82914212529,6.11154860035,5.69666248364,5.90491668875,6.82914212509,6.82914212509,6.82914212515,6.82914212524,6.65828467284,6.82914212524,6.82914212524,6.82914212524,6.82914212524,6.82914212534,6.82914212554,6.82914212552,6.82914212552,6.82914212552,4.94228825355,6.54786195727,6.82914212547,6.82914212547,6.82914212548,6.82914212548,4.5658055128,4.19818068777,6.54242385875,6.82914212537,6.82914212537,6.14537941228,6.82914212557,6.75607466097,6.82914212563,6.44279382803,6.6903429006,6.8291421253,6.14217402935,5.72585043945,7.397023322819,7.083513539269,7.397023322819,7.397023323319,7.397023323289,7.397023323289,7.397023323319,7.397023323319,6.751745815819,7.397023323119
"t60",7.38138321435,7.38138321435,7.38138321435,7.38138321445,7.14331443214,7.32175566823,7.38138321413,7.38138321413,7.38138321445,7.38138321405,6.38547065245,1.88597363125,0.94830749625,1.4767672106,0,2.403018266191,2.403018266191,2.30998977354,2.77556137732,3.19154697232,6.04732578463,4.07917412321,5.18720189993,6.04732578463,6.04732578466,6.04732578466,6.04732578453,6.04732578453,6.0473257845,6.0473257845,6.0473257845,6.04732578453,6.04732578453,5.15767243458,6.04732578427,6.03520328647,6.04732578427,6.04732578433,6.04732578433,4.67346056075,6.04732578505,6.04732578481,6.04732578441,6.04732578446,6.04732578446,5.48307132272,6.82914212522,6.22547268652,6.82914212492,6.82914212492,5.35249270392,5.1461984742,6.0481353293,6.82914212516,6.82914212516,6.82914212518,6.82914212514,6.82914212514,6.82914212521,6.82914212521,6.47261627182,6.82914212512,6.61342427332,6.41192980592,6.82914212485,6.82914212486,6.82914212486,6.82914212485,6.70030978437,6.82914212515,6.82914212518,6.82914212518,6.8291421252,6.8291421252,6.82914212528,6.82914212528,5.88966570165,6.82914212525,6.46155235564,6.82914212521,6.82914212521,6.82914212521,6.82914212521,6.82914212521,6.82914212515,6.82914212515,6.82914212522,6.82914212528,6.82914212528,6.54395404032,6.82914212522,6.59933489713,6.82914212529,6.82914212529,6.11154860035,5.69666248364,5.90491668875,6.82914212509,6.82914212509,6.82914212515,6.82914212524,6.65828467284,6.82914212524,6.82914212524,6.82914212524,6.82914212524,6.82914212534,6.82914212554,6.82914212552,6.82914212552,6.82914212552,4.94228825355,6.54786195727,6.82914212547,6.82914212547,6.82914212548,6.82914212548,4.5658055128,4.19818068777,6.54242385875,6.82914212537,6.82914212537,6.14537941228,6.82914212557,6.75607466097,6.82914212563,6.44279382803,6.6903429006,6.8291421253,6.14217402935,5.72585043945,7.397023322819,7.083513539269,7.397023322819,7.397023323319,7.397023323289,7.397023323289,7.397023323319,7.397023323319,6.751745815819,7.397023323119
"t27",7.381383214241,7.381383214241,7.381383214241,7.381383214341,7.143314432031,7.321755668121,7.381383214021,7.381383214021,7.381383214341,7.381383213941,6.385470652341,2.403018266141,1.578662908641,2.403018266191,2.403018266191,0,2.383180396,2.309989773431,2.775561377211,3.191546972211,6.047325784521,4.079174123101,5.187201899821,6.047325784521,6.047325784551,6.047325784551,6.047325784421,6.047325784421,6.047325784391,6.047325784391,6.047325784391,6.047325784421,6.047325784421,5.157672434471,6.047325784161,6.035203286361,6.047325784161,6.047325784221,6.047325784221,4.673460560641,6.047325784941,6.047325784701,6.047325784301,6.047325784351,6.047325784351,5.483071322611,6.829142125111,6.225472686411,6.829142124811,6.829142124811,5.352492703811,5.146198474091,6.048135329191,6.829142125051,6.829142125051,6.829142125071,6.829142125031,6.829142125031,6.829142125101,6.829142125101,6.472616271711,6.829142125011,6.613424273211,6.411929805811,6.829142124741,6.829142124751,6.829142124751,6.829142124741,6.700309784261,6.829142125041,6.829142125071,6.829142125071,6.829142125091,6.829142125091,6.829142125171,6.829142125171,5.889665701541,6.829142125141,6.461552355531,6.829142125101,6.829142125101,6.829142125101,6.829142125101,6.829142125101,6.829142125041,6.829142125041,6.829142125111,6.829142125171,6.829142125171,6.543954040211,6.829142125111,6.599334897021,6.829142125181,6.829142125181,6.111548600241,5.696662483531,5.904916688641,6.829142124981,6.829142124981,6.829142125041,6.829142125131,6.658284672731,6.829142125131,6.829142125131,6.829142125131,6.829142125131,6.829142125231,6.829142125431,6.829142125411,6.829142125411,6.829142125411,4.942288253441,6.547861957161,6.829142125361,6.829142125361,6.829142125371,6.829142125371,4.565805512691,4.198180687661,6.542423858641,6.829142125261,6.829142125261,6.145379412171,6.829142125461,6.756074660861,6.829142125521,6.442793827921,6.690342900491,6.829142125191,6.142174029241,5.725850439341,7.39702332271,7.08351353916,7.39702332271,7.39702332321,7.39702332318,7.39702332318,7.39702332321,7.39702332321,6.75174581571,7.39702332301
"t28",7.381383214241,7.381383214241,7.381383214241,7.381383214341,7.143314432031,7.321755668121,7.381383214021,7.381383214021,7.381383214341,7.381383213941,6.385470652341,2.403018266141,1.578662908641,2.403018266191,2.403018266191,2.383180396,0,2.309989773431,2.775561377211,3.191546972211,6.047325784521,4.079174123101,5.187201899821,6.047325784521,6.047325784551,6.047325784551,6.047325784421,6.047325784421,6.047325784391,6.047325784391,6.047325784391,6.047325784421,6.047325784421,5.157672434471,6.047325784161,6.035203286361,6.047325784161,6.047325784221,6.047325784221,4.673460560641,6.047325784941,6.047325784701,6.047325784301,6.047325784351,6.047325784351,5.483071322611,6.829142125111,6.225472686411,6.829142124811,6.829142124811,5.352492703811,5.146198474091,6.048135329191,6.829142125051,6.829142125051,6.829142125071,6.829142125031,6.829142125031,6.829142125101,6.829142125101,6.472616271711,6.829142125011,6.613424273211,6.411929805811,6.829142124741,6.829142124751,6.829142124751,6.829142124741,6.700309784261,6.829142125041,6.829142125071,6.829142125071,6.829142125091,6.829142125091,6.829142125171,6.829142125171,5.889665701541,6.829142125141,6.461552355531,6.829142125101,6.829142125101,6.829142125101,6.829142125101,6.829142125101,6.829142125041,6.829142125041,6.829142125111,6.829142125171,6.829142125171,6.543954040211,6.829142125111,6.599334897021,6.829142125181,6.829142125181,6.111548600241,5.696662483531,5.904916688641,6.829142124981,6.829142124981,6.829142125041,6.829142125131,6.658284672731,6.829142125131,6.829142125131,6.829142125131,6.829142125131,6.829142125231,6.829142125431,6.829142125411,6.829142125411,6.829142125411,4.942288253441,6.547861957161,6.829142125361,6.829142125361,6.829142125371,6.829142125371,4.565805512691,4.198180687661,6.542423858641,6.829142125261,6.829142125261,6.145379412171,6.829142125461,6.756074660861,6.829142125521,6.442793827921,6.690342900491,6.829142125191,6.142174029241,5.725850439341,7.39702332271,7.08351353916,7.39702332271,7.39702332321,7.39702332318,7.39702332318,7.39702332321,7.39702332321,6.75174581571,7.39702332301
"t46",6.49982601559,6.49982601559,6.49982601559,6.49982601569,6.26175723338,6.44019846947,6.49982601537,6.49982601537,6.49982601569,6.49982601529,5.50391345369,2.30998977349,1.48563441599,2.30998977354,2.30998977354,2.309989773431,2.309989773431,0,0.50419969336,0.92018528836,5.16576858587,3.19761692445,4.30564470117,5.16576858587,5.1657685859,5.1657685859,5.16576858577,5.16576858577,5.16576858574,5.16576858574,5.16576858574,5.16576858577,5.16576858577,4.27611523582,5.16576858551,5.15364608771,5.16576858551,5.16576858557,5.16576858557,3.79190336199,5.16576858629,5.16576858605,5.16576858565,5.1657685857,5.1657685857,4.60151412396,5.94758492646,5.34391548776,5.94758492616,5.94758492616,4.47093550516,4.26464127544,5.16657813054,5.9475849264,5.9475849264,5.94758492642,5.94758492638,5.94758492638,5.94758492645,5.94758492645,5.59105907306,5.94758492636,5.73186707456,5.53037260716,5.94758492609,5.9475849261,5.9475849261,5.94758492609,5.81875258561,5.94758492639,5.94758492642,5.94758492642,5.94758492644,5.94758492644,5.94758492652,5.94758492652,5.00810850289,5.94758492649,5.57999515688,5.94758492645,5.94758492645,5.94758492645,5.94758492645,5.94758492645,5.94758492639,5.94758492639,5.94758492646,5.94758492652,5.94758492652,5.66239684156,5.94758492646,5.71777769837,5.94758492653,5.94758492653,5.22999140159,4.81510528488,5.02335948999,5.94758492633,5.94758492633,5.94758492639,5.94758492648,5.77672747408,5.94758492648,5.94758492648,5.94758492648,5.94758492648,5.94758492658,5.94758492678,5.94758492676,5.94758492676,5.94758492676,4.06073105479,5.66630475851,5.94758492671,5.94758492671,5.94758492672,5.94758492672,3.68424831404,3.31662348901,5.66086665999,5.94758492661,5.94758492661,5.26382221352,5.94758492681,5.87451746221,5.94758492687,5.56123662927,5.80878570184,5.94758492654,5.26061683059,4.84429324069,6.515466124059,6.201956340509,6.515466124059,6.515466124559,6.515466124529,6.515466124529,6.515466124559,6.515466124559,5.870188617059,6.515466124359
"t51",6.96539761937,6.96539761937,6.96539761937,6.96539761947,6.72732883716,6.90577007325,6.96539761915,6.96539761915,6.96539761947,6.96539761907,5.96948505747,2.77556137727,1.95120601977,2.77556137732,2.77556137732,2.775561377211,2.775561377211,0.50419969336,0,1.2659290024,5.63134018965,3.66318852823,4.77121630495,5.63134018965,5.63134018968,5.63134018968,5.63134018955,5.63134018955,5.63134018952,5.63134018952,5.63134018952,5.63134018955,5.63134018955,4.7416868396,5.63134018929,5.61921769149,5.63134018929,5.63134018935,5.63134018935,4.25747496577,5.63134019007,5.63134018983,5.63134018943,5.63134018948,5.63134018948,5.06708572774,6.41315653024,5.80948709154,6.41315652994,6.41315652994,4.93650710894,4.73021287922,5.63214973432,6.41315653018,6.41315653018,6.4131565302,6.41315653016,6.41315653016,6.41315653023,6.41315653023,6.05663067684,6.41315653014,6.19743867834,5.99594421094,6.41315652987,6.41315652988,6.41315652988,6.41315652987,6.28432418939,6.41315653017,6.4131565302,6.4131565302,6.41315653022,6.41315653022,6.4131565303,6.4131565303,5.47368010667,6.41315653027,6.04556676066,6.41315653023,6.41315653023,6.41315653023,6.41315653023,6.41315653023,6.41315653017,6.41315653017,6.41315653024,6.4131565303,6.4131565303,6.12796844534,6.41315653024,6.18334930215,6.41315653031,6.41315653031,5.69556300537,5.28067688866,5.48893109377,6.41315653011,6.41315653011,6.41315653017,6.41315653026,6.24229907786,6.41315653026,6.41315653026,6.41315653026,6.41315653026,6.41315653036,6.41315653056,6.41315653054,6.41315653054,6.41315653054,4.52630265857,6.13187636229,6.41315653049,6.41315653049,6.4131565305,6.4131565305,4.14981991782,3.78219509279,6.12643826377,6.41315653039,6.41315653039,5.7293938173,6.41315653059,6.34008906599,6.41315653065,6.02680823305,6.27435730562,6.41315653032,5.72618843437,5.30986484447,6.981037727839,6.667527944289,6.981037727839,6.981037728339,6.981037728309,6.981037728309,6.981037728339,6.981037728339,6.335760220839,6.981037728139
