"","t22","t93","t94","t42","t43","t69","t77","t78","t38","t39","t27","t32","t33","t60","t61","t7","t53","t72","t73","t11","t48","t49","t44","t47","t91","t92","t57","t65","t66","t58","t59","t83","t84","t8","t9","t19","t20","t6","t71","t97","t98","t54","t16","t17","t23","t51","t52","t67","t68","t89","t90","t86","t29","t28","t45","t46","t85","t95","t96","t3","t2","t12","t13","t25","t26","t1","t55","t56","t62","t79","t80","t36","t37","t18","t14","t81","t82","t74","t50","t21","t75","t76","t70","t99","t100","t87","t88","t10","t34","t35","t30","t31","t63","t64","t15","t4","t5","t40","t41","t24"
"t22",0,1.68097356397,1.68097356397,2.339437834,2.33943783392,2.33943783392,2.33943783395,2.33943783395,2.339437833998,2.339437833998,2.3394378339,2.339437833939,2.339437833939,2.33943783384,2.33943783384,2.747128152,2.7471281523,2.7471281523,2.7471281523,3.0851908236,3.0851908237,3.0851908237,3.0851908237,3.0851908238,3.08519082377,3.08519082377,3.08519082379,3.08519082383,3.08519082383,3.08519082379,3.08519082379,5.60167500016,5.60167500016,5.60167500044,5.60167500044,5.60167500016,5.60167500016,5.60167499996,5.60167500026,5.60167500022,5.60167500022,5.60167500026,5.60167500018,5.60167500018,5.60167500019,5.60167500019,5.60167500019,5.601675000187,5.601675000187,5.60167500017,5.60167500017,5.601675000187,5.601675000187,5.60167500016,5.60167500016,5.60167500016,5.60167500046,5.60167500049,5.60167500049,5.60167499986,5.60167500046,5.60167499963,5.60167499963,5.60167500006,5.60167500006,5.60167499986,5.60167500026,5.60167500026,8.4127455688,8.4127455689,8.4127455689,8.4127455692,8.4127455692,8.4127455692,8.412745568819,8.412745569149,8.412745569149,8.412745569129,8.412745569129,8.412745569129,8.412745569165,8.412745569165,8.412745569155,8.412745569145,8.412745569145,8.412745569055,8.412745569055,8.412745569055,8.412745569109,8.412745569109,8.4127455692,8.4127455692,8.4127455692,8.4127455692,8.4127455691,8.4127455688,8.4127455688,8.412745569,8.412745569,8.412745569
"t93",1.68097356397,0,0.10438996434,2.33943783397,2.33943783389,2.33943783389,2.33943783392,2.33943783392,2.339437833968,2.339437833968,2.33943783387,2.339437833909,2.339437833909,2.33943783381,2.33943783381,2.74712815197,2.74712815227,2.74712815227,2.74712815227,3.08519082357,3.08519082367,3.08519082367,3.08519082367,3.08519082377,3.08519082374,3.08519082374,3.08519082376,3.0851908238,3.0851908238,3.08519082376,3.08519082376,5.60167500013,5.60167500013,5.60167500041,5.60167500041,5.60167500013,5.60167500013,5.60167499993,5.60167500023,5.60167500019,5.60167500019,5.60167500023,5.60167500015,5.60167500015,5.60167500016,5.60167500016,5.60167500016,5.601675000157,5.601675000157,5.60167500014,5.60167500014,5.601675000157,5.601675000157,5.60167500013,5.60167500013,5.60167500013,5.60167500043,5.60167500046,5.60167500046,5.60167499983,5.60167500043,5.6016749996,5.6016749996,5.60167500003,5.60167500003,5.60167499983,5.60167500023,5.60167500023,8.41274556877,8.41274556887,8.41274556887,8.41274556917,8.41274556917,8.41274556917,8.412745568789,8.412745569119,8.412745569119,8.412745569099,8.412745569099,8.412745569099,8.412745569135,8.412745569135,8.412745569125,8.412745569115,8.412745569115,8.412745569025,8.412745569025,8.412745569025,8.412745569079,8.412745569079,8.41274556917,8.41274556917,8.41274556917,8.41274556917,8.41274556907,8.41274556877,8.41274556877,8.41274556897,8.41274556897,8.41274556897
"t94",1.68097356397,0.10438996434,0,2.33943783397,2.33943783389,2.33943783389,2.33943783392,2.33943783392,2.339437833968,2.339437833968,2.33943783387,2.339437833909,2.339437833909,2.33943783381,2.33943783381,2.74712815197,2.74712815227,2.74712815227,2.74712815227,3.08519082357,3.08519082367,3.08519082367,3.08519082367,3.08519082377,3.08519082374,3.08519082374,3.08519082376,3.0851908238,3.0851908238,3.08519082376,3.08519082376,5.60167500013,5.60167500013,5.60167500041,5.60167500041,5.60167500013,5.60167500013,5.60167499993,5.60167500023,5.60167500019,5.60167500019,5.60167500023,5.60167500015,5.60167500015,5.60167500016,5.60167500016,5.60167500016,5.601675000157,5.601675000157,5.60167500014,5.60167500014,5.601675000157,5.601675000157,5.60167500013,5.60167500013,5.60167500013,5.60167500043,5.60167500046,5.60167500046,5.60167499983,5.60167500043,5.6016749996,5.6016749996,5.60167500003,5.60167500003,5.60167499983,5.60167500023,5.60167500023,8.41274556877,8.41274556887,8.41274556887,8.41274556917,8.41274556917,8.41274556917,8.412745568789,8.412745569119,8.412745569119,8.412745569099,8.412745569099,8.412745569099,8.412745569135,8.412745569135,8.412745569125,8.412745569115,8.412745569115,8.412745569025,8.412745569025,8.412745569025,8.412745569079,8.412745569079,8.41274556917,8.41274556917,8.41274556917,8.41274556917,8.41274556907,8.41274556877,8.41274556877,8.41274556897,8.41274556897,8.41274556897
"t42",2.339437834,2.33943783397,2.33943783397,0,1.05043751852,1.05043751852,1.05043751855,1.05043751855,1.084982258998,1.084982258998,1.7900291401,1.790029140139,1.790029140139,1.79002914004,1.79002914004,2.747128152,2.7471281523,2.7471281523,2.7471281523,3.0851908236,3.0851908237,3.0851908237,3.0851908237,3.0851908238,3.08519082377,3.08519082377,3.08519082379,3.08519082383,3.08519082383,3.08519082379,3.08519082379,5.60167500016,5.60167500016,5.60167500044,5.60167500044,5.60167500016,5.60167500016,5.60167499996,5.60167500026,5.60167500022,5.60167500022,5.60167500026,5.60167500018,5.60167500018,5.60167500019,5.60167500019,5.60167500019,5.601675000187,5.601675000187,5.60167500017,5.60167500017,5.601675000187,5.601675000187,5.60167500016,5.60167500016,5.60167500016,5.60167500046,5.60167500049,5.60167500049,5.60167499986,5.60167500046,5.60167499963,5.60167499963,5.60167500006,5.60167500006,5.60167499986,5.60167500026,5.60167500026,8.4127455688,8.4127455689,8.4127455689,8.4127455692,8.4127455692,8.4127455692,8.412745568819,8.412745569149,8.412745569149,8.412745569129,8.412745569129,8.412745569129,8.412745569165,8.412745569165,8.412745569155,8.412745569145,8.412745569145,8.412745569055,8.412745569055,8.412745569055,8.412745569109,8.412745569109,8.4127455692,8.4127455692,8.4127455692,8.4127455692,8.4127455691,8.4127455688,8.4127455688,8.412745569,8.412745569,8.412745569
"t43",2.33943783392,2.33943783389,2.33943783389,1.05043751852,0,0.9501758254,0.95017582543,0.95017582543,1.084982258918,1.084982258918,1.79002914002,1.790029140059,1.790029140059,1.79002913996,1.79002913996,2.74712815192,2.74712815222,2.74712815222,2.74712815222,3.08519082352,3.08519082362,3.08519082362,3.08519082362,3.08519082372,3.08519082369,3.08519082369,3.08519082371,3.08519082375,3.08519082375,3.08519082371,3.08519082371,5.60167500008,5.60167500008,5.60167500036,5.60167500036,5.60167500008,5.60167500008,5.60167499988,5.60167500018,5.60167500014,5.60167500014,5.60167500018,5.6016750001,5.6016750001,5.60167500011,5.60167500011,5.60167500011,5.601675000107,5.601675000107,5.60167500009,5.60167500009,5.601675000107,5.601675000107,5.60167500008,5.60167500008,5.60167500008,5.60167500038,5.60167500041,5.60167500041,5.60167499978,5.60167500038,5.60167499955,5.60167499955,5.60167499998,5.60167499998,5.60167499978,5.60167500018,5.60167500018,8.41274556872,8.41274556882,8.41274556882,8.41274556912,8.41274556912,8.41274556912,8.412745568739,8.412745569069,8.412745569069,8.412745569049,8.412745569049,8.412745569049,8.412745569085,8.412745569085,8.412745569075,8.412745569065,8.412745569065,8.412745568975,8.412745568975,8.412745568975,8.412745569029,8.412745569029,8.41274556912,8.41274556912,8.41274556912,8.41274556912,8.41274556902,8.41274556872,8.41274556872,8.41274556892,8.41274556892,8.41274556892
"t69",2.33943783392,2.33943783389,2.33943783389,1.05043751852,0.9501758254,0,0.44624236503,0.44624236503,1.084982258918,1.084982258918,1.79002914002,1.790029140059,1.790029140059,1.79002913996,1.79002913996,2.74712815192,2.74712815222,2.74712815222,2.74712815222,3.08519082352,3.08519082362,3.08519082362,3.08519082362,3.08519082372,3.08519082369,3.08519082369,3.08519082371,3.08519082375,3.08519082375,3.08519082371,3.08519082371,5.60167500008,5.60167500008,5.60167500036,5.60167500036,5.60167500008,5.60167500008,5.60167499988,5.60167500018,5.60167500014,5.60167500014,5.60167500018,5.6016750001,5.6016750001,5.60167500011,5.60167500011,5.60167500011,5.601675000107,5.601675000107,5.60167500009,5.60167500009,5.601675000107,5.601675000107,5.60167500008,5.60167500008,5.60167500008,5.60167500038,5.60167500041,5.60167500041,5.60167499978,5.60167500038,5.60167499955,5.60167499955,5.60167499998,5.60167499998,5.60167499978,5.60167500018,5.60167500018,8.41274556872,8.41274556882,8.41274556882,8.41274556912,8.41274556912,8.41274556912,8.412745568739,8.412745569069,8.412745569069,8.412745569049,8.412745569049,8.412745569049,8.412745569085,8.412745569085,8.412745569075,8.412745569065,8.412745569065,8.412745568975,8.412745568975,8.412745568975,8.412745569029,8.412745569029,8.41274556912,8.41274556912,8.41274556912,8.41274556912,8.41274556902,8.41274556872,8.41274556872,8.41274556892,8.41274556892,8.41274556892
"t77",2.33943783395,2.33943783392,2.33943783392,1.05043751855,0.95017582543,0.44624236503,0,0.320623476,1.084982258948,1.084982258948,1.79002914005,1.790029140089,1.790029140089,1.79002913999,1.79002913999,2.74712815195,2.74712815225,2.74712815225,2.74712815225,3.08519082355,3.08519082365,3.08519082365,3.08519082365,3.08519082375,3.08519082372,3.08519082372,3.08519082374,3.08519082378,3.08519082378,3.08519082374,3.08519082374,5.60167500011,5.60167500011,5.60167500039,5.60167500039,5.60167500011,5.60167500011,5.60167499991,5.60167500021,5.60167500017,5.60167500017,5.60167500021,5.60167500013,5.60167500013,5.60167500014,5.60167500014,5.60167500014,5.601675000137,5.601675000137,5.60167500012,5.60167500012,5.601675000137,5.601675000137,5.60167500011,5.60167500011,5.60167500011,5.60167500041,5.60167500044,5.60167500044,5.60167499981,5.60167500041,5.60167499958,5.60167499958,5.60167500001,5.60167500001,5.60167499981,5.60167500021,5.60167500021,8.41274556875,8.41274556885,8.41274556885,8.41274556915,8.41274556915,8.41274556915,8.412745568769,8.412745569099,8.412745569099,8.412745569079,8.412745569079,8.412745569079,8.412745569115,8.412745569115,8.412745569105,8.412745569095,8.412745569095,8.412745569005,8.412745569005,8.412745569005,8.412745569059,8.412745569059,8.41274556915,8.41274556915,8.41274556915,8.41274556915,8.41274556905,8.41274556875,8.41274556875,8.41274556895,8.41274556895,8.41274556895
"t78",2.33943783395,2.33943783392,2.33943783392,1.05043751855,0.95017582543,0.44624236503,0.320623476,0,1.084982258948,1.084982258948,1.79002914005,1.790029140089,1.790029140089,1.79002913999,1.79002913999,2.74712815195,2.74712815225,2.74712815225,2.74712815225,3.08519082355,3.08519082365,3.08519082365,3.08519082365,3.08519082375,3.08519082372,3.08519082372,3.08519082374,3.08519082378,3.08519082378,3.08519082374,3.08519082374,5.60167500011,5.60167500011,5.60167500039,5.60167500039,5.60167500011,5.60167500011,5.60167499991,5.60167500021,5.60167500017,5.60167500017,5.60167500021,5.60167500013,5.60167500013,5.60167500014,5.60167500014,5.60167500014,5.601675000137,5.601675000137,5.60167500012,5.60167500012,5.601675000137,5.601675000137,5.60167500011,5.60167500011,5.60167500011,5.60167500041,5.60167500044,5.60167500044,5.60167499981,5.60167500041,5.60167499958,5.60167499958,5.60167500001,5.60167500001,5.60167499981,5.60167500021,5.60167500021,8.41274556875,8.41274556885,8.41274556885,8.41274556915,8.41274556915,8.41274556915,8.412745568769,8.412745569099,8.412745569099,8.412745569079,8.412745569079,8.412745569079,8.412745569115,8.412745569115,8.412745569105,8.412745569095,8.412745569095,8.412745569005,8.412745569005,8.412745569005,8.412745569059,8.412745569059,8.41274556915,8.41274556915,8.41274556915,8.41274556915,8.41274556905,8.41274556875,8.41274556875,8.41274556895,8.41274556895,8.41274556895
"t38",2.339437833998,2.339437833968,2.339437833968,1.084982258998,1.084982258918,1.084982258918,1.084982258948,1.084982258948,0,1.070252389,1.790029140098,1.790029140137,1.790029140137,1.790029140038,1.790029140038,2.747128151998,2.747128152298,2.747128152298,2.747128152298,3.085190823598,3.085190823698,3.085190823698,3.085190823698,3.085190823798,3.085190823768,3.085190823768,3.085190823788,3.085190823828,3.085190823828,3.085190823788,3.085190823788,5.601675000158,5.601675000158,5.601675000438,5.601675000438,5.601675000158,5.601675000158,5.601674999958,5.601675000258,5.601675000218,5.601675000218,5.601675000258,5.601675000178,5.601675000178,5.601675000188,5.601675000188,5.601675000188,5.601675000185,5.601675000185,5.601675000168,5.601675000168,5.601675000185,5.601675000185,5.601675000158,5.601675000158,5.601675000158,5.601675000458,5.601675000488,5.601675000488,5.601674999858,5.601675000458,5.601674999628,5.601674999628,5.601675000058,5.601675000058,5.601674999858,5.601675000258,5.601675000258,8.412745568798,8.412745568898,8.412745568898,8.412745569198,8.412745569198,8.412745569198,8.412745568817,8.412745569147,8.412745569147,8.412745569127,8.412745569127,8.412745569127,8.412745569163,8.412745569163,8.412745569153,8.412745569143,8.412745569143,8.412745569053,8.412745569053,8.412745569053,8.412745569107,8.412745569107,8.412745569198,8.412745569198,8.412745569198,8.412745569198,8.412745569098,8.412745568798,8.412745568798,8.412745568998,8.412745568998,8.412745568998
"t39",2.339437833998,2.339437833968,2.339437833968,1.084982258998,1.084982258918,1.084982258918,1.084982258948,1.084982258948,1.070252389,0,1.790029140098,1.790029140137,1.790029140137,1.790029140038,1.790029140038,2.747128151998,2.747128152298,2.747128152298,2.747128152298,3.085190823598,3.085190823698,3.085190823698,3.085190823698,3.085190823798,3.085190823768,3.085190823768,3.085190823788,3.085190823828,3.085190823828,3.085190823788,3.085190823788,5.601675000158,5.601675000158,5.601675000438,5.601675000438,5.601675000158,5.601675000158,5.601674999958,5.601675000258,5.601675000218,5.601675000218,5.601675000258,5.601675000178,5.601675000178,5.601675000188,5.601675000188,5.601675000188,5.601675000185,5.601675000185,5.601675000168,5.601675000168,5.601675000185,5.601675000185,5.601675000158,5.601675000158,5.601675000158,5.601675000458,5.601675000488,5.601675000488,5.601674999858,5.601675000458,5.601674999628,5.601674999628,5.601675000058,5.601675000058,5.601674999858,5.601675000258,5.601675000258,8.412745568798,8.412745568898,8.412745568898,8.412745569198,8.412745569198,8.412745569198,8.412745568817,8.412745569147,8.412745569147,8.412745569127,8.412745569127,8.412745569127,8.412745569163,8.412745569163,8.412745569153,8.412745569143,8.412745569143,8.412745569053,8.412745569053,8.412745569053,8.412745569107,8.412745569107,8.412745569198,8.412745569198,8.412745569198,8.412745569198,8.412745569098,8.412745568798,8.412745568798,8.412745568998,8.412745568998,8.412745568998
"t27",2.3394378339,2.33943783387,2.33943783387,1.7900291401,1.79002914002,1.79002914002,1.79002914005,1.79002914005,1.790029140098,1.790029140098,0,1.429724623239,1.429724623239,1.42972462314,1.42972462314,2.7471281519,2.7471281522,2.7471281522,2.7471281522,3.0851908235,3.0851908236,3.0851908236,3.0851908236,3.0851908237,3.08519082367,3.08519082367,3.08519082369,3.08519082373,3.08519082373,3.08519082369,3.08519082369,5.60167500006,5.60167500006,5.60167500034,5.60167500034,5.60167500006,5.60167500006,5.60167499986,5.60167500016,5.60167500012,5.60167500012,5.60167500016,5.60167500008,5.60167500008,5.60167500009,5.60167500009,5.60167500009,5.601675000087,5.601675000087,5.60167500007,5.60167500007,5.601675000087,5.601675000087,5.60167500006,5.60167500006,5.60167500006,5.60167500036,5.60167500039,5.60167500039,5.60167499976,5.60167500036,5.60167499953,5.60167499953,5.60167499996,5.60167499996,5.60167499976,5.60167500016,5.60167500016,8.4127455687,8.4127455688,8.4127455688,8.4127455691,8.4127455691,8.4127455691,8.412745568719,8.412745569049,8.412745569049,8.412745569029,8.412745569029,8.412745569029,8.412745569065,8.412745569065,8.412745569055,8.412745569045,8.412745569045,8.412745568955,8.412745568955,8.412745568955,8.412745569009,8.412745569009,8.4127455691,8.4127455691,8.4127455691,8.4127455691,8.412745569,8.4127455687,8.4127455687,8.4127455689,8.4127455689,8.4127455689
"t32",2.339437833939,2.339437833909,2.339437833909,1.790029140139,1.790029140059,1.790029140059,1.790029140089,1.790029140089,1.790029140137,1.790029140137,1.429724623239,0,1.2383117088,1.246756754699,1.246756754699,2.747128151939,2.747128152239,2.747128152239,2.747128152239,3.085190823539,3.085190823639,3.085190823639,3.085190823639,3.085190823739,3.085190823709,3.085190823709,3.085190823729,3.085190823769,3.085190823769,3.085190823729,3.085190823729,5.601675000099,5.601675000099,5.601675000379,5.601675000379,5.601675000099,5.601675000099,5.601674999899,5.601675000199,5.601675000159,5.601675000159,5.601675000199,5.601675000119,5.601675000119,5.601675000129,5.601675000129,5.601675000129,5.601675000126,5.601675000126,5.601675000109,5.601675000109,5.601675000126,5.601675000126,5.601675000099,5.601675000099,5.601675000099,5.601675000399,5.601675000429,5.601675000429,5.601674999799,5.601675000399,5.601674999569,5.601674999569,5.601674999999,5.601674999999,5.601674999799,5.601675000199,5.601675000199,8.412745568739,8.412745568839,8.412745568839,8.412745569139,8.412745569139,8.412745569139,8.412745568758,8.412745569088,8.412745569088,8.412745569068,8.412745569068,8.412745569068,8.412745569104,8.412745569104,8.412745569094,8.412745569084,8.412745569084,8.412745568994,8.412745568994,8.412745568994,8.412745569048,8.412745569048,8.412745569139,8.412745569139,8.412745569139,8.412745569139,8.412745569039,8.412745568739,8.412745568739,8.412745568939,8.412745568939,8.412745568939
"t33",2.339437833939,2.339437833909,2.339437833909,1.790029140139,1.790029140059,1.790029140059,1.790029140089,1.790029140089,1.790029140137,1.790029140137,1.429724623239,1.2383117088,0,1.246756754699,1.246756754699,2.747128151939,2.747128152239,2.747128152239,2.747128152239,3.085190823539,3.085190823639,3.085190823639,3.085190823639,3.085190823739,3.085190823709,3.085190823709,3.085190823729,3.085190823769,3.085190823769,3.085190823729,3.085190823729,5.601675000099,5.601675000099,5.601675000379,5.601675000379,5.601675000099,5.601675000099,5.601674999899,5.601675000199,5.601675000159,5.601675000159,5.601675000199,5.601675000119,5.601675000119,5.601675000129,5.601675000129,5.601675000129,5.601675000126,5.601675000126,5.601675000109,5.601675000109,5.601675000126,5.601675000126,5.601675000099,5.601675000099,5.601675000099,5.601675000399,5.601675000429,5.601675000429,5.601674999799,5.601675000399,5.601674999569,5.601674999569,5.601674999999,5.601674999999,5.601674999799,5.601675000199,5.601675000199,8.412745568739,8.412745568839,8.412745568839,8.412745569139,8.412745569139,8.412745569139,8.412745568758,8.412745569088,8.412745569088,8.412745569068,8.412745569068,8.412745569068,8.412745569104,8.412745569104,8.412745569094,8.412745569084,8.412745569084,8.412745568994,8.412745568994,8.412745568994,8.412745569048,8.412745569048,8.412745569139,8.412745569139,8.412745569139,8.412745569139,8.412745569039,8.412745568739,8.412745568739,8.412745568939,8.412745568939,8.412745568939
"t60",2.33943783384,2.33943783381,2.33943783381,1.79002914004,1.79002913996,1.79002913996,1.79002913999,1.79002913999,1.790029140038,1.790029140038,1.42972462314,1.246756754699,1.246756754699,0,0.5610349356,2.74712815184,2.74712815214,2.74712815214,2.74712815214,3.08519082344,3.08519082354,3.08519082354,3.08519082354,3.08519082364,3.08519082361,3.08519082361,3.08519082363,3.08519082367,3.08519082367,3.08519082363,3.08519082363,5.601675,5.601675,5.60167500028,5.60167500028,5.601675,5.601675,5.6016749998,5.6016750001,5.60167500006,5.60167500006,5.6016750001,5.60167500002,5.60167500002,5.60167500003,5.60167500003,5.60167500003,5.601675000027,5.601675000027,5.60167500001,5.60167500001,5.601675000027,5.601675000027,5.601675,5.601675,5.601675,5.6016750003,5.60167500033,5.60167500033,5.6016749997,5.6016750003,5.60167499947,5.60167499947,5.6016749999,5.6016749999,5.6016749997,5.6016750001,5.6016750001,8.41274556864,8.41274556874,8.41274556874,8.41274556904,8.41274556904,8.41274556904,8.412745568659,8.412745568989,8.412745568989,8.412745568969,8.412745568969,8.412745568969,8.412745569005,8.412745569005,8.412745568995,8.412745568985,8.412745568985,8.412745568895,8.412745568895,8.412745568895,8.412745568949,8.412745568949,8.41274556904,8.41274556904,8.41274556904,8.41274556904,8.41274556894,8.41274556864,8.41274556864,8.41274556884,8.41274556884,8.41274556884
"t61",2.33943783384,2.33943783381,2.33943783381,1.79002914004,1.79002913996,1.79002913996,1.79002913999,1.79002913999,1.790029140038,1.790029140038,1.42972462314,1.246756754699,1.246756754699,0.5610349356,0,2.74712815184,2.74712815214,2.74712815214,2.74712815214,3.08519082344,3.08519082354,3.08519082354,3.08519082354,3.08519082364,3.08519082361,3.08519082361,3.08519082363,3.08519082367,3.08519082367,3.08519082363,3.08519082363,5.601675,5.601675,5.60167500028,5.60167500028,5.601675,5.601675,5.6016749998,5.6016750001,5.60167500006,5.60167500006,5.6016750001,5.60167500002,5.60167500002,5.60167500003,5.60167500003,5.60167500003,5.601675000027,5.601675000027,5.60167500001,5.60167500001,5.601675000027,5.601675000027,5.601675,5.601675,5.601675,5.6016750003,5.60167500033,5.60167500033,5.6016749997,5.6016750003,5.60167499947,5.60167499947,5.6016749999,5.6016749999,5.6016749997,5.6016750001,5.6016750001,8.41274556864,8.41274556874,8.41274556874,8.41274556904,8.41274556904,8.41274556904,8.412745568659,8.412745568989,8.412745568989,8.412745568969,8.412745568969,8.412745568969,8.412745569005,8.412745569005,8.412745568995,8.412745568985,8.412745568985,8.412745568895,8.412745568895,8.412745568895,8.412745568949,8.412745568949,8.41274556904,8.41274556904,8.41274556904,8.41274556904,8.41274556894,8.41274556864,8.41274556864,8.41274556884,8.41274556884,8.41274556884
"t7",2.747128152,2.74712815197,2.74712815197,2.747128152,2.74712815192,2.74712815192,2.74712815195,2.74712815195,2.747128151998,2.747128151998,2.7471281519,2.747128151939,2.747128151939,2.74712815184,2.74712815184,0,2.5029358823,2.5029358823,2.5029358823,3.0851908232,3.0851908233,3.0851908233,3.0851908233,3.0851908234,3.08519082337,3.08519082337,3.08519082339,3.08519082343,3.08519082343,3.08519082339,3.08519082339,5.60167499976,5.60167499976,5.60167500004,5.60167500004,5.60167499976,5.60167499976,5.60167499956,5.60167499986,5.60167499982,5.60167499982,5.60167499986,5.60167499978,5.60167499978,5.60167499979,5.60167499979,5.60167499979,5.601674999787,5.601674999787,5.60167499977,5.60167499977,5.601674999787,5.601674999787,5.60167499976,5.60167499976,5.60167499976,5.60167500006,5.60167500009,5.60167500009,5.60167499946,5.60167500006,5.60167499923,5.60167499923,5.60167499966,5.60167499966,5.60167499946,5.60167499986,5.60167499986,8.4127455684,8.4127455685,8.4127455685,8.4127455688,8.4127455688,8.4127455688,8.412745568419,8.412745568749,8.412745568749,8.412745568729,8.412745568729,8.412745568729,8.412745568765,8.412745568765,8.412745568755,8.412745568745,8.412745568745,8.412745568655,8.412745568655,8.412745568655,8.412745568709,8.412745568709,8.4127455688,8.4127455688,8.4127455688,8.4127455688,8.4127455687,8.4127455684,8.4127455684,8.4127455686,8.4127455686,8.4127455686
"t53",2.7471281523,2.74712815227,2.74712815227,2.7471281523,2.74712815222,2.74712815222,2.74712815225,2.74712815225,2.747128152298,2.747128152298,2.7471281522,2.747128152239,2.747128152239,2.74712815214,2.74712815214,2.5029358823,0,0.6048749444,0.6048749444,3.0851908235,3.0851908236,3.0851908236,3.0851908236,3.0851908237,3.08519082367,3.08519082367,3.08519082369,3.08519082373,3.08519082373,3.08519082369,3.08519082369,5.60167500006,5.60167500006,5.60167500034,5.60167500034,5.60167500006,5.60167500006,5.60167499986,5.60167500016,5.60167500012,5.60167500012,5.60167500016,5.60167500008,5.60167500008,5.60167500009,5.60167500009,5.60167500009,5.601675000087,5.601675000087,5.60167500007,5.60167500007,5.601675000087,5.601675000087,5.60167500006,5.60167500006,5.60167500006,5.60167500036,5.60167500039,5.60167500039,5.60167499976,5.60167500036,5.60167499953,5.60167499953,5.60167499996,5.60167499996,5.60167499976,5.60167500016,5.60167500016,8.4127455687,8.4127455688,8.4127455688,8.4127455691,8.4127455691,8.4127455691,8.412745568719,8.412745569049,8.412745569049,8.412745569029,8.412745569029,8.412745569029,8.412745569065,8.412745569065,8.412745569055,8.412745569045,8.412745569045,8.412745568955,8.412745568955,8.412745568955,8.412745569009,8.412745569009,8.4127455691,8.4127455691,8.4127455691,8.4127455691,8.412745569,8.4127455687,8.4127455687,8.4127455689,8.4127455689,8.4127455689
"t72",2.7471281523,2.74712815227,2.74712815227,2.7471281523,2.74712815222,2.74712815222,2.74712815225,2.74712815225,2.747128152298,2.747128152298,2.7471281522,2.747128152239,2.747128152239,2.74712815214,2.74712815214,2.5029358823,0.6048749444,0,0.3652739706,3.0851908235,3.0851908236,3.0851908236,3.0851908236,3.0851908237,3.08519082367,3.08519082367,3.08519082369,3.08519082373,3.08519082373,3.08519082369,3.08519082369,5.60167500006,5.60167500006,5.60167500034,5.60167500034,5.60167500006,5.60167500006,5.60167499986,5.60167500016,5.60167500012,5.60167500012,5.60167500016,5.60167500008,5.60167500008,5.60167500009,5.60167500009,5.60167500009,5.601675000087,5.601675000087,5.60167500007,5.60167500007,5.601675000087,5.601675000087,5.60167500006,5.60167500006,5.60167500006,5.60167500036,5.60167500039,5.60167500039,5.60167499976,5.60167500036,5.60167499953,5.60167499953,5.60167499996,5.60167499996,5.60167499976,5.60167500016,5.60167500016,8.4127455687,8.4127455688,8.4127455688,8.4127455691,8.4127455691,8.4127455691,8.412745568719,8.412745569049,8.412745569049,8.412745569029,8.412745569029,8.412745569029,8.412745569065,8.412745569065,8.412745569055,8.412745569045,8.412745569045,8.412745568955,8.412745568955,8.412745568955,8.412745569009,8.412745569009,8.4127455691,8.4127455691,8.4127455691,8.4127455691,8.412745569,8.4127455687,8.4127455687,8.4127455689,8.4127455689,8.4127455689
"t73",2.7471281523,2.74712815227,2.74712815227,2.7471281523,2.74712815222,2.74712815222,2.74712815225,2.74712815225,2.747128152298,2.747128152298,2.7471281522,2.747128152239,2.747128152239,2.74712815214,2.74712815214,2.5029358823,0.6048749444,0.3652739706,0,3.0851908235,3.0851908236,3.0851908236,3.0851908236,3.0851908237,3.08519082367,3.08519082367,3.08519082369,3.08519082373,3.08519082373,3.08519082369,3.08519082369,5.60167500006,5.60167500006,5.60167500034,5.60167500034,5.60167500006,5.60167500006,5.60167499986,5.60167500016,5.60167500012,5.60167500012,5.60167500016,5.60167500008,5.60167500008,5.60167500009,5.60167500009,5.60167500009,5.601675000087,5.601675000087,5.60167500007,5.60167500007,5.601675000087,5.601675000087,5.60167500006,5.60167500006,5.60167500006,5.60167500036,5.60167500039,5.60167500039,5.60167499976,5.60167500036,5.60167499953,5.60167499953,5.60167499996,5.60167499996,5.60167499976,5.60167500016,5.60167500016,8.4127455687,8.4127455688,8.4127455688,8.4127455691,8.4127455691,8.4127455691,8.412745568719,8.412745569049,8.412745569049,8.412745569029,8.412745569029,8.412745569029,8.412745569065,8.412745569065,8.412745569055,8.412745569045,8.412745569045,8.412745568955,8.412745568955,8.412745568955,8.412745569009,8.412745569009,8.4127455691,8.4127455691,8.4127455691,8.4127455691,8.412745569,8.4127455687,8.4127455687,8.4127455689,8.4127455689,8.4127455689
"t11",3.0851908236,3.08519082357,3.08519082357,3.0851908236,3.08519082352,3.08519082352,3.08519082355,3.08519082355,3.085190823598,3.085190823598,3.0851908235,3.085190823539,3.085190823539,3.08519082344,3.08519082344,3.0851908232,3.0851908235,3.0851908235,3.0851908235,0,2.0659561821,2.0659561821,2.0659561821,2.0659561822,2.06595618217,2.06595618217,2.06595618219,2.06595618223,2.06595618223,2.06595618219,2.06595618219,5.60167499996,5.60167499996,5.60167500024,5.60167500024,5.60167499996,5.60167499996,5.60167499976,5.60167500006,5.60167500002,5.60167500002,5.60167500006,5.60167499998,5.60167499998,5.60167499999,5.60167499999,5.60167499999,5.601674999987,5.601674999987,5.60167499997,5.60167499997,5.601674999987,5.601674999987,5.60167499996,5.60167499996,5.60167499996,5.60167500026,5.60167500029,5.60167500029,5.60167499966,5.60167500026,5.60167499943,5.60167499943,5.60167499986,5.60167499986,5.60167499966,5.60167500006,5.60167500006,8.4127455686,8.4127455687,8.4127455687,8.412745569,8.412745569,8.412745569,8.412745568619,8.412745568949,8.412745568949,8.412745568929,8.412745568929,8.412745568929,8.412745568965,8.412745568965,8.412745568955,8.412745568945,8.412745568945,8.412745568855,8.412745568855,8.412745568855,8.412745568909,8.412745568909,8.412745569,8.412745569,8.412745569,8.412745569,8.4127455689,8.4127455686,8.4127455686,8.4127455688,8.4127455688,8.4127455688
"t48",3.0851908237,3.08519082367,3.08519082367,3.0851908237,3.08519082362,3.08519082362,3.08519082365,3.08519082365,3.085190823698,3.085190823698,3.0851908236,3.085190823639,3.085190823639,3.08519082354,3.08519082354,3.0851908233,3.0851908236,3.0851908236,3.0851908236,2.0659561821,0,0.7179248134,0.8283264406,1.4517255815,1.45172558147,1.45172558147,1.45172558149,1.45172558153,1.45172558153,1.45172558149,1.45172558149,5.60167500006,5.60167500006,5.60167500034,5.60167500034,5.60167500006,5.60167500006,5.60167499986,5.60167500016,5.60167500012,5.60167500012,5.60167500016,5.60167500008,5.60167500008,5.60167500009,5.60167500009,5.60167500009,5.601675000087,5.601675000087,5.60167500007,5.60167500007,5.601675000087,5.601675000087,5.60167500006,5.60167500006,5.60167500006,5.60167500036,5.60167500039,5.60167500039,5.60167499976,5.60167500036,5.60167499953,5.60167499953,5.60167499996,5.60167499996,5.60167499976,5.60167500016,5.60167500016,8.4127455687,8.4127455688,8.4127455688,8.4127455691,8.4127455691,8.4127455691,8.412745568719,8.412745569049,8.412745569049,8.412745569029,8.412745569029,8.412745569029,8.412745569065,8.412745569065,8.412745569055,8.412745569045,8.412745569045,8.412745568955,8.412745568955,8.412745568955,8.412745569009,8.412745569009,8.4127455691,8.4127455691,8.4127455691,8.4127455691,8.412745569,8.4127455687,8.4127455687,8.4127455689,8.4127455689,8.4127455689
"t49",3.0851908237,3.08519082367,3.08519082367,3.0851908237,3.08519082362,3.08519082362,3.08519082365,3.08519082365,3.085190823698,3.085190823698,3.0851908236,3.085190823639,3.085190823639,3.08519082354,3.08519082354,3.0851908233,3.0851908236,3.0851908236,3.0851908236,2.0659561821,0.7179248134,0,0.8283264406,1.4517255815,1.45172558147,1.45172558147,1.45172558149,1.45172558153,1.45172558153,1.45172558149,1.45172558149,5.60167500006,5.60167500006,5.60167500034,5.60167500034,5.60167500006,5.60167500006,5.60167499986,5.60167500016,5.60167500012,5.60167500012,5.60167500016,5.60167500008,5.60167500008,5.60167500009,5.60167500009,5.60167500009,5.601675000087,5.601675000087,5.60167500007,5.60167500007,5.601675000087,5.601675000087,5.60167500006,5.60167500006,5.60167500006,5.60167500036,5.60167500039,5.60167500039,5.60167499976,5.60167500036,5.60167499953,5.60167499953,5.60167499996,5.60167499996,5.60167499976,5.60167500016,5.60167500016,8.4127455687,8.4127455688,8.4127455688,8.4127455691,8.4127455691,8.4127455691,8.412745568719,8.412745569049,8.412745569049,8.412745569029,8.412745569029,8.412745569029,8.412745569065,8.412745569065,8.412745569055,8.412745569045,8.412745569045,8.412745568955,8.412745568955,8.412745568955,8.412745569009,8.412745569009,8.4127455691,8.4127455691,8.4127455691,8.4127455691,8.412745569,8.4127455687,8.4127455687,8.4127455689,8.4127455689,8.4127455689
"t44",3.0851908237,3.08519082367,3.08519082367,3.0851908237,3.08519082362,3.08519082362,3.08519082365,3.08519082365,3.085190823698,3.085190823698,3.0851908236,3.085190823639,3.085190823639,3.08519082354,3.08519082354,3.0851908233,3.0851908236,3.0851908236,3.0851908236,2.0659561821,0.8283264406,0.8283264406,0,1.4517255815,1.45172558147,1.45172558147,1.45172558149,1.45172558153,1.45172558153,1.45172558149,1.45172558149,5.60167500006,5.60167500006,5.60167500034,5.60167500034,5.60167500006,5.60167500006,5.60167499986,5.60167500016,5.60167500012,5.60167500012,5.60167500016,5.60167500008,5.60167500008,5.60167500009,5.60167500009,5.60167500009,5.601675000087,5.601675000087,5.60167500007,5.60167500007,5.601675000087,5.601675000087,5.60167500006,5.60167500006,5.60167500006,5.60167500036,5.60167500039,5.60167500039,5.60167499976,5.60167500036,5.60167499953,5.60167499953,5.60167499996,5.60167499996,5.60167499976,5.60167500016,5.60167500016,8.4127455687,8.4127455688,8.4127455688,8.4127455691,8.4127455691,8.4127455691,8.412745568719,8.412745569049,8.412745569049,8.412745569029,8.412745569029,8.412745569029,8.412745569065,8.412745569065,8.412745569055,8.412745569045,8.412745569045,8.412745568955,8.412745568955,8.412745568955,8.412745569009,8.412745569009,8.4127455691,8.4127455691,8.4127455691,8.4127455691,8.412745569,8.4127455687,8.4127455687,8.4127455689,8.4127455689,8.4127455689
"t47",3.0851908238,3.08519082377,3.08519082377,3.0851908238,3.08519082372,3.08519082372,3.08519082375,3.08519082375,3.085190823798,3.085190823798,3.0851908237,3.085190823739,3.085190823739,3.08519082364,3.08519082364,3.0851908234,3.0851908237,3.0851908237,3.0851908237,2.0659561822,1.4517255815,1.4517255815,1.4517255815,0,0.78882944997,0.78882944997,1.09265725119,1.09265725123,1.09265725123,1.09265725119,1.09265725119,5.60167500016,5.60167500016,5.60167500044,5.60167500044,5.60167500016,5.60167500016,5.60167499996,5.60167500026,5.60167500022,5.60167500022,5.60167500026,5.60167500018,5.60167500018,5.60167500019,5.60167500019,5.60167500019,5.601675000187,5.601675000187,5.60167500017,5.60167500017,5.601675000187,5.601675000187,5.60167500016,5.60167500016,5.60167500016,5.60167500046,5.60167500049,5.60167500049,5.60167499986,5.60167500046,5.60167499963,5.60167499963,5.60167500006,5.60167500006,5.60167499986,5.60167500026,5.60167500026,8.4127455688,8.4127455689,8.4127455689,8.4127455692,8.4127455692,8.4127455692,8.412745568819,8.412745569149,8.412745569149,8.412745569129,8.412745569129,8.412745569129,8.412745569165,8.412745569165,8.412745569155,8.412745569145,8.412745569145,8.412745569055,8.412745569055,8.412745569055,8.412745569109,8.412745569109,8.4127455692,8.4127455692,8.4127455692,8.4127455692,8.4127455691,8.4127455688,8.4127455688,8.412745569,8.412745569,8.412745569
"t91",3.08519082377,3.08519082374,3.08519082374,3.08519082377,3.08519082369,3.08519082369,3.08519082372,3.08519082372,3.085190823768,3.085190823768,3.08519082367,3.085190823709,3.085190823709,3.08519082361,3.08519082361,3.08519082337,3.08519082367,3.08519082367,3.08519082367,2.06595618217,1.45172558147,1.45172558147,1.45172558147,0.78882944997,0,0.16139356134,1.09265725116,1.0926572512,1.0926572512,1.09265725116,1.09265725116,5.60167500013,5.60167500013,5.60167500041,5.60167500041,5.60167500013,5.60167500013,5.60167499993,5.60167500023,5.60167500019,5.60167500019,5.60167500023,5.60167500015,5.60167500015,5.60167500016,5.60167500016,5.60167500016,5.601675000157,5.601675000157,5.60167500014,5.60167500014,5.601675000157,5.601675000157,5.60167500013,5.60167500013,5.60167500013,5.60167500043,5.60167500046,5.60167500046,5.60167499983,5.60167500043,5.6016749996,5.6016749996,5.60167500003,5.60167500003,5.60167499983,5.60167500023,5.60167500023,8.41274556877,8.41274556887,8.41274556887,8.41274556917,8.41274556917,8.41274556917,8.412745568789,8.412745569119,8.412745569119,8.412745569099,8.412745569099,8.412745569099,8.412745569135,8.412745569135,8.412745569125,8.412745569115,8.412745569115,8.412745569025,8.412745569025,8.412745569025,8.412745569079,8.412745569079,8.41274556917,8.41274556917,8.41274556917,8.41274556917,8.41274556907,8.41274556877,8.41274556877,8.41274556897,8.41274556897,8.41274556897
"t92",3.08519082377,3.08519082374,3.08519082374,3.08519082377,3.08519082369,3.08519082369,3.08519082372,3.08519082372,3.085190823768,3.085190823768,3.08519082367,3.085190823709,3.085190823709,3.08519082361,3.08519082361,3.08519082337,3.08519082367,3.08519082367,3.08519082367,2.06595618217,1.45172558147,1.45172558147,1.45172558147,0.78882944997,0.16139356134,0,1.09265725116,1.0926572512,1.0926572512,1.09265725116,1.09265725116,5.60167500013,5.60167500013,5.60167500041,5.60167500041,5.60167500013,5.60167500013,5.60167499993,5.60167500023,5.60167500019,5.60167500019,5.60167500023,5.60167500015,5.60167500015,5.60167500016,5.60167500016,5.60167500016,5.601675000157,5.601675000157,5.60167500014,5.60167500014,5.601675000157,5.601675000157,5.60167500013,5.60167500013,5.60167500013,5.60167500043,5.60167500046,5.60167500046,5.60167499983,5.60167500043,5.6016749996,5.6016749996,5.60167500003,5.60167500003,5.60167499983,5.60167500023,5.60167500023,8.41274556877,8.41274556887,8.41274556887,8.41274556917,8.41274556917,8.41274556917,8.412745568789,8.412745569119,8.412745569119,8.412745569099,8.412745569099,8.412745569099,8.412745569135,8.412745569135,8.412745569125,8.412745569115,8.412745569115,8.412745569025,8.412745569025,8.412745569025,8.412745569079,8.412745569079,8.41274556917,8.41274556917,8.41274556917,8.41274556917,8.41274556907,8.41274556877,8.41274556877,8.41274556897,8.41274556897,8.41274556897
"t57",3.08519082379,3.08519082376,3.08519082376,3.08519082379,3.08519082371,3.08519082371,3.08519082374,3.08519082374,3.085190823788,3.085190823788,3.08519082369,3.085190823729,3.085190823729,3.08519082363,3.08519082363,3.08519082339,3.08519082369,3.08519082369,3.08519082369,2.06595618219,1.45172558149,1.45172558149,1.45172558149,1.09265725119,1.09265725116,1.09265725116,0,0.57328714244,0.57328714244,0.75013750038,0.75013750038,5.60167500015,5.60167500015,5.60167500043,5.60167500043,5.60167500015,5.60167500015,5.60167499995,5.60167500025,5.60167500021,5.60167500021,5.60167500025,5.60167500017,5.60167500017,5.60167500018,5.60167500018,5.60167500018,5.601675000177,5.601675000177,5.60167500016,5.60167500016,5.601675000177,5.601675000177,5.60167500015,5.60167500015,5.60167500015,5.60167500045,5.60167500048,5.60167500048,5.60167499985,5.60167500045,5.60167499962,5.60167499962,5.60167500005,5.60167500005,5.60167499985,5.60167500025,5.60167500025,8.41274556879,8.41274556889,8.41274556889,8.41274556919,8.41274556919,8.41274556919,8.412745568809,8.412745569139,8.412745569139,8.412745569119,8.412745569119,8.412745569119,8.412745569155,8.412745569155,8.412745569145,8.412745569135,8.412745569135,8.412745569045,8.412745569045,8.412745569045,8.412745569099,8.412745569099,8.41274556919,8.41274556919,8.41274556919,8.41274556919,8.41274556909,8.41274556879,8.41274556879,8.41274556899,8.41274556899,8.41274556899
