"","t3","t104","t105","t85","t27","t28","t24","t17","t41","t96","t97","t31","t26","t38","t39","t6","t7","t66","t67","t45","t18","t16","t64","t72","t98","t99","t134","t135","t1","t32","t33","t48","t49","t65","t69","t70","t56","t57","t30","t19","t77","t124","t125","t73","t74","t91","t111","t112","t62","t36","t37","t2","t4","t23","t116","t117","t115","t106","t89","t34","t132","t133","t40","t10","t126","t127","t87","t88","t11","t9","t8","t13","t107","t108","t42","t130","t131","t43","t44","t75","t76","t101","t113","t114","t92","t93","t22","t50","t51","t21","t83","t84","t12","t78","t128","t129","t68","t63","t52","t53","t46","t81","t82","t55","t25","t58","t59","t71","t102","t103","t47","t122","t123","t54","t20","t86","t94","t95","t79","t118","t119","t100","t90","t120","t121","t15","t14","t80","t109","t110","t35","t29","t60","t61","t5"
"t3",0,3.01493655588,3.01493655588,3.01493655578,3.67740215161,3.65916980641,4.54996690548,5.76568324418,6.82562121478,6.82562121478,6.82562121478,6.82562121468,6.15812006338,6.82562121478,6.82562121478,4.71614547268,5.34114232928,6.8256212147,6.7598239491,6.8256212148,5.6977003016,6.82562121428,6.82562121436,6.82562121443,6.82562121443,6.82562121443,6.82562121438,6.82562121438,4.02282849788,6.8256212155,5.8454525899,6.82562121548,6.26030633708,6.82562121548,6.825621215561,6.419470510911,6.82562121554,6.82562121554,5.81001563208,5.67890574207,6.82562121568,6.82562121572,6.82562121572,6.82562121575,6.82562121575,6.82562121571,6.82562121571,6.82562121571,6.82562121567,6.04570529293,6.82562121567,4.22037728567,4.41550396417,5.90249877644,6.8256212152071,6.8256212152071,6.82562121525,6.75332609434,6.82562121524,6.82562121524,6.82562121522,6.82562121522,6.82562121524,5.31931523234,6.82562121535,6.82562121535,6.825621215356,6.825621215356,5.43511353605,6.64260983676,6.82562121555,6.82562121517,6.82562121537,6.82562121537,6.82562121537,6.82562121525,6.82562121525,6.82562121477,6.48136997027,6.82562121527,6.82562121527,6.82562121517,6.82562121521,6.82562121521,6.82562121517,6.82562121517,6.81594008097,6.82562121527,6.25566983647,6.14975467882,6.82562121522,6.82562121522,5.70056106552,6.825621215213,6.825621215223,6.825621215223,6.825621215293,6.825621215233,6.825621215243,6.825621215243,6.825621215243,6.825621215243,6.825621215243,6.825621215243,5.9071647087075,6.8256212152075,6.8256212152075,6.8256212152675,6.8256212152675,6.8256212152675,6.6850936879675,6.8256212152675,6.8256212152675,6.8256212152675,6.82562121523,6.8256212153,6.82562121526,6.82562121526,6.73164895342,6.82562121532,6.82562121532,6.82562121522,6.82562121522,6.82562121532,6.82562121532,5.43673616775,6.82562121538,6.82562121528,6.82562121528,6.82562121528,6.82562121528,6.82562121598,6.79637168578,6.27456764182,5.45364365988
"t104",3.01493655588,0,0.4382973558,0.6658804575,6.56887599133,6.55064364613,7.4414407452,8.6571570839,9.7170950545,9.7170950545,9.7170950545,9.7170950544,9.0495939031,9.7170950545,9.7170950545,7.6076193124,8.232616169,9.71709505442,9.65129778882,9.71709505452,8.58917414132,9.717095054,9.71709505408,9.71709505415,9.71709505415,9.71709505415,9.7170950541,9.7170950541,6.9143023376,9.71709505522,8.73692642962,9.7170950552,9.1517801768,9.7170950552,9.717095055281,9.310944350631,9.71709505526,9.71709505526,8.7014894718,8.57037958179,9.7170950554,9.71709505544,9.71709505544,9.71709505547,9.71709505547,9.71709505543,9.71709505543,9.71709505543,9.71709505539,8.93717913265,9.71709505539,7.11185112539,7.30697780389,8.79397261616,9.7170950549271,9.7170950549271,9.71709505497,9.64479993406,9.71709505496,9.71709505496,9.71709505494,9.71709505494,9.71709505496,8.21078907206,9.71709505507,9.71709505507,9.717095055076,9.717095055076,8.32658737577,9.53408367648,9.71709505527,9.71709505489,9.71709505509,9.71709505509,9.71709505509,9.71709505497,9.71709505497,9.71709505449,9.37284380999,9.71709505499,9.71709505499,9.71709505489,9.71709505493,9.71709505493,9.71709505489,9.71709505489,9.70741392069,9.71709505499,9.14714367619,9.04122851854,9.71709505494,9.71709505494,8.59203490524,9.717095054933,9.717095054943,9.717095054943,9.717095055013,9.717095054953,9.717095054963,9.717095054963,9.717095054963,9.717095054963,9.717095054963,9.717095054963,8.7986385484275,9.7170950549275,9.7170950549275,9.7170950549875,9.7170950549875,9.7170950549875,9.5765675276875,9.7170950549875,9.7170950549875,9.7170950549875,9.71709505495,9.71709505502,9.71709505498,9.71709505498,9.62312279314,9.71709505504,9.71709505504,9.71709505494,9.71709505494,9.71709505504,9.71709505504,8.32821000747,9.7170950551,9.717095055,9.717095055,9.717095055,9.717095055,9.7170950557,9.6878455255,9.16604148154,8.3451174996
"t105",3.01493655588,0.4382973558,0,0.6658804575,6.56887599133,6.55064364613,7.4414407452,8.6571570839,9.7170950545,9.7170950545,9.7170950545,9.7170950544,9.0495939031,9.7170950545,9.7170950545,7.6076193124,8.232616169,9.71709505442,9.65129778882,9.71709505452,8.58917414132,9.717095054,9.71709505408,9.71709505415,9.71709505415,9.71709505415,9.7170950541,9.7170950541,6.9143023376,9.71709505522,8.73692642962,9.7170950552,9.1517801768,9.7170950552,9.717095055281,9.310944350631,9.71709505526,9.71709505526,8.7014894718,8.57037958179,9.7170950554,9.71709505544,9.71709505544,9.71709505547,9.71709505547,9.71709505543,9.71709505543,9.71709505543,9.71709505539,8.93717913265,9.71709505539,7.11185112539,7.30697780389,8.79397261616,9.7170950549271,9.7170950549271,9.71709505497,9.64479993406,9.71709505496,9.71709505496,9.71709505494,9.71709505494,9.71709505496,8.21078907206,9.71709505507,9.71709505507,9.717095055076,9.717095055076,8.32658737577,9.53408367648,9.71709505527,9.71709505489,9.71709505509,9.71709505509,9.71709505509,9.71709505497,9.71709505497,9.71709505449,9.37284380999,9.71709505499,9.71709505499,9.71709505489,9.71709505493,9.71709505493,9.71709505489,9.71709505489,9.70741392069,9.71709505499,9.14714367619,9.04122851854,9.71709505494,9.71709505494,8.59203490524,9.717095054933,9.717095054943,9.717095054943,9.717095055013,9.717095054953,9.717095054963,9.717095054963,9.717095054963,9.717095054963,9.717095054963,9.717095054963,8.7986385484275,9.7170950549275,9.7170950549275,9.7170950549875,9.7170950549875,9.7170950549875,9.5765675276875,9.7170950549875,9.7170950549875,9.7170950549875,9.71709505495,9.71709505502,9.71709505498,9.71709505498,9.62312279314,9.71709505504,9.71709505504,9.71709505494,9.71709505494,9.71709505504,9.71709505504,8.32821000747,9.7170950551,9.717095055,9.717095055,9.717095055,9.717095055,9.7170950557,9.6878455255,9.16604148154,8.3451174996
"t85",3.01493655578,0.6658804575,0.6658804575,0,6.56887599123,6.55064364603,7.4414407451,8.6571570838,9.7170950544,9.7170950544,9.7170950544,9.7170950543,9.049593903,9.7170950544,9.7170950544,7.6076193123,8.2326161689,9.71709505432,9.65129778872,9.71709505442,8.58917414122,9.7170950539,9.71709505398,9.71709505405,9.71709505405,9.71709505405,9.717095054,9.717095054,6.9143023375,9.71709505512,8.73692642952,9.7170950551,9.1517801767,9.7170950551,9.717095055181,9.310944350531,9.71709505516,9.71709505516,8.7014894717,8.57037958169,9.7170950553,9.71709505534,9.71709505534,9.71709505537,9.71709505537,9.71709505533,9.71709505533,9.71709505533,9.71709505529,8.93717913255,9.71709505529,7.11185112529,7.30697780379,8.79397261606,9.7170950548271,9.7170950548271,9.71709505487,9.64479993396,9.71709505486,9.71709505486,9.71709505484,9.71709505484,9.71709505486,8.21078907196,9.71709505497,9.71709505497,9.717095054976,9.717095054976,8.32658737567,9.53408367638,9.71709505517,9.71709505479,9.71709505499,9.71709505499,9.71709505499,9.71709505487,9.71709505487,9.71709505439,9.37284380989,9.71709505489,9.71709505489,9.71709505479,9.71709505483,9.71709505483,9.71709505479,9.71709505479,9.70741392059,9.71709505489,9.14714367609,9.04122851844,9.71709505484,9.71709505484,8.59203490514,9.717095054833,9.717095054843,9.717095054843,9.717095054913,9.717095054853,9.717095054863,9.717095054863,9.717095054863,9.717095054863,9.717095054863,9.717095054863,8.7986385483275,9.7170950548275,9.7170950548275,9.7170950548875,9.7170950548875,9.7170950548875,9.5765675275875,9.7170950548875,9.7170950548875,9.7170950548875,9.71709505485,9.71709505492,9.71709505488,9.71709505488,9.62312279304,9.71709505494,9.71709505494,9.71709505484,9.71709505484,9.71709505494,9.71709505494,8.32821000737,9.717095055,9.7170950549,9.7170950549,9.7170950549,9.7170950549,9.7170950556,9.6878455254,9.16604148144,8.3451174995
"t27",3.67740215161,6.56887599133,6.56887599133,6.56887599123,0,0.4528543882,1.46724193613,7.78459233083,8.84453030143,8.84453030143,8.84453030143,8.84453030133,8.17702915003,8.84453030143,8.84453030143,6.73505455933,7.36005141593,8.84453030135,8.77873303575,8.84453030145,7.71660938825,8.84453030093,8.84453030101,8.84453030108,8.84453030108,8.84453030108,8.84453030103,8.84453030103,6.04173758453,8.84453030215,7.86436167655,8.84453030213,8.27921542373,8.84453030213,8.844530302211,8.438379597561,8.84453030219,8.84453030219,7.82892471873,7.69781482872,8.84453030233,8.84453030237,8.84453030237,8.8445303024,8.8445303024,8.84453030236,8.84453030236,8.84453030236,8.84453030232,8.06461437958,8.84453030232,6.23928637232,6.43441305082,7.92140786309,8.8445303018571,8.8445303018571,8.8445303019,8.77223518099,8.84453030189,8.84453030189,8.84453030187,8.84453030187,8.84453030189,7.33822431899,8.844530302,8.844530302,8.844530302006,8.844530302006,7.4540226227,8.66151892341,8.8445303022,8.84453030182,8.84453030202,8.84453030202,8.84453030202,8.8445303019,8.8445303019,8.84453030142,8.50027905692,8.84453030192,8.84453030192,8.84453030182,8.84453030186,8.84453030186,8.84453030182,8.84453030182,8.83484916762,8.84453030192,8.27457892312,8.16866376547,8.84453030187,8.84453030187,7.71947015217,8.844530301863,8.844530301873,8.844530301873,8.844530301943,8.844530301883,8.844530301893,8.844530301893,8.844530301893,8.844530301893,8.844530301893,8.844530301893,7.9260737953575,8.8445303018575,8.8445303018575,8.8445303019175,8.8445303019175,8.8445303019175,8.7040027746175,8.8445303019175,8.8445303019175,8.8445303019175,8.84453030188,8.84453030195,8.84453030191,8.84453030191,8.75055804007,8.84453030197,8.84453030197,8.84453030187,8.84453030187,8.84453030197,8.84453030197,7.4556452544,8.84453030203,8.84453030193,8.84453030193,8.84453030193,8.84453030193,8.84453030263,8.81528077243,8.29347672847,7.47255274653
"t28",3.65916980641,6.55064364613,6.55064364613,6.55064364603,0.4528543882,0,1.44900959093,7.76635998563,8.82629795623,8.82629795623,8.82629795623,8.82629795613,8.15879680483,8.82629795623,8.82629795623,6.71682221413,7.34181907073,8.82629795615,8.76050069055,8.82629795625,7.69837704305,8.82629795573,8.82629795581,8.82629795588,8.82629795588,8.82629795588,8.82629795583,8.82629795583,6.02350523933,8.82629795695,7.84612933135,8.82629795693,8.26098307853,8.82629795693,8.826297957011,8.420147252361,8.82629795699,8.82629795699,7.81069237353,7.67958248352,8.82629795713,8.82629795717,8.82629795717,8.8262979572,8.8262979572,8.82629795716,8.82629795716,8.82629795716,8.82629795712,8.04638203438,8.82629795712,6.22105402712,6.41618070562,7.90317551789,8.8262979566571,8.8262979566571,8.8262979567,8.75400283579,8.82629795669,8.82629795669,8.82629795667,8.82629795667,8.82629795669,7.31999197379,8.8262979568,8.8262979568,8.826297956806,8.826297956806,7.4357902775,8.64328657821,8.826297957,8.82629795662,8.82629795682,8.82629795682,8.82629795682,8.8262979567,8.8262979567,8.82629795622,8.48204671172,8.82629795672,8.82629795672,8.82629795662,8.82629795666,8.82629795666,8.82629795662,8.82629795662,8.81661682242,8.82629795672,8.25634657792,8.15043142027,8.82629795667,8.82629795667,7.70123780697,8.826297956663,8.826297956673,8.826297956673,8.826297956743,8.826297956683,8.826297956693,8.826297956693,8.826297956693,8.826297956693,8.826297956693,8.826297956693,7.9078414501575,8.8262979566575,8.8262979566575,8.8262979567175,8.8262979567175,8.8262979567175,8.6857704294175,8.8262979567175,8.8262979567175,8.8262979567175,8.82629795668,8.82629795675,8.82629795671,8.82629795671,8.73232569487,8.82629795677,8.82629795677,8.82629795667,8.82629795667,8.82629795677,8.82629795677,7.4374129092,8.82629795683,8.82629795673,8.82629795673,8.82629795673,8.82629795673,8.82629795743,8.79704842723,8.27524438327,7.45432040133
"t24",4.54996690548,7.4414407452,7.4414407452,7.4414407451,1.46724193613,1.44900959093,0,8.6571570847,9.7170950553,9.7170950553,9.7170950553,9.7170950552,9.0495939039,9.7170950553,9.7170950553,7.6076193132,8.2326161698,9.71709505522,9.65129778962,9.71709505532,8.58917414212,9.7170950548,9.71709505488,9.71709505495,9.71709505495,9.71709505495,9.7170950549,9.7170950549,6.9143023384,9.71709505602,8.73692643042,9.717095056,9.1517801776,9.717095056,9.717095056081,9.310944351431,9.71709505606,9.71709505606,8.7014894726,8.57037958259,9.7170950562,9.71709505624,9.71709505624,9.71709505627,9.71709505627,9.71709505623,9.71709505623,9.71709505623,9.71709505619,8.93717913345,9.71709505619,7.11185112619,7.30697780469,8.79397261696,9.7170950557271,9.7170950557271,9.71709505577,9.64479993486,9.71709505576,9.71709505576,9.71709505574,9.71709505574,9.71709505576,8.21078907286,9.71709505587,9.71709505587,9.717095055876,9.717095055876,8.32658737657,9.53408367728,9.71709505607,9.71709505569,9.71709505589,9.71709505589,9.71709505589,9.71709505577,9.71709505577,9.71709505529,9.37284381079,9.71709505579,9.71709505579,9.71709505569,9.71709505573,9.71709505573,9.71709505569,9.71709505569,9.70741392149,9.71709505579,9.14714367699,9.04122851934,9.71709505574,9.71709505574,8.59203490604,9.717095055733,9.717095055743,9.717095055743,9.717095055813,9.717095055753,9.717095055763,9.717095055763,9.717095055763,9.717095055763,9.717095055763,9.717095055763,8.7986385492275,9.7170950557275,9.7170950557275,9.7170950557875,9.7170950557875,9.7170950557875,9.5765675284875,9.7170950557875,9.7170950557875,9.7170950557875,9.71709505575,9.71709505582,9.71709505578,9.71709505578,9.62312279394,9.71709505584,9.71709505584,9.71709505574,9.71709505574,9.71709505584,9.71709505584,8.32821000827,9.7170950559,9.7170950558,9.7170950558,9.7170950558,9.7170950558,9.7170950565,9.6878455263,9.16604148234,8.3451175004
"t17",5.76568324418,8.6571570839,8.6571570839,8.6571570838,7.78459233083,7.76635998563,8.6571570847,0,1.8467871216,1.8467871216,1.8467871216,1.8467871215,2.443404289,3.1109054404,3.1109054404,1.5279916303,2.1529884869,3.63746737232,3.57167010672,3.63746737242,2.50954645922,3.6374673719,3.63746737198,3.63746737205,3.63746737205,3.63746737205,3.637467372,3.637467372,3.1816491755,6.91745826872,5.93728964312,6.9174582687,6.3521433903,6.9174582687,6.917458268781,6.511307564131,6.91745826876,6.91745826876,5.9018526853,5.77074279529,6.9174582689,6.91745826894,6.91745826894,6.91745826897,6.91745826897,6.91745826893,6.91745826893,6.91745826893,6.91745826889,6.13754234615,6.91745826889,4.31221433889,4.50734101739,5.99433582966,6.9174582684271,6.9174582684271,6.91745826847,6.84516314756,6.91745826846,6.91745826846,6.91745826844,6.91745826844,6.91745826846,5.41115228556,6.91745826857,6.91745826857,6.917458268576,6.917458268576,5.52695058927,6.73444688998,6.91745826877,6.91745826839,6.91745826859,6.91745826859,6.91745826859,6.91745826847,6.91745826847,6.91745826799,6.57320702349,6.91745826849,6.91745826849,6.91745826839,6.91745826843,6.91745826843,6.91745826839,6.91745826839,6.90777713419,6.91745826849,6.34750688969,6.24159173204,6.91745826844,6.91745826844,5.79239811874,6.917458268433,6.917458268443,6.917458268443,6.917458268513,6.917458268453,6.917458268463,6.917458268463,6.917458268463,6.917458268463,6.917458268463,6.917458268463,5.9990017619275,6.9174582684275,6.9174582684275,6.9174582684875,6.9174582684875,6.9174582684875,6.7769307411875,6.9174582684875,6.9174582684875,6.9174582684875,6.91745826845,6.91745826852,6.91745826848,6.91745826848,6.82348600664,6.91745826854,6.91745826854,6.91745826844,6.91745826844,6.91745826854,6.91745826854,5.52857322097,6.9174582686,6.9174582685,6.9174582685,6.9174582685,6.9174582685,6.9174582692,6.888208739,6.36640469504,5.5454807131
"t41",6.82562121478,9.7170950545,9.7170950545,9.7170950544,8.84453030143,8.82629795623,9.7170950553,1.8467871216,0,1.6547781808,1.6547781808,2.0416893901,3.5033422596,4.170843411,4.170843411,2.5879296009,3.2129264575,4.69740534292,4.63160807732,4.69740534302,3.56948442982,4.6974053425,4.69740534258,4.69740534265,4.69740534265,4.69740534265,4.6974053426,4.6974053426,4.2415871461,7.97739623932,6.99722761372,7.9773962393,7.4120813609,7.9773962393,7.977396239381,7.571245534731,7.97739623936,7.97739623936,6.9617906559,6.83068076589,7.9773962395,7.97739623954,7.97739623954,7.97739623957,7.97739623957,7.97739623953,7.97739623953,7.97739623953,7.97739623949,7.19748031675,7.97739623949,5.37215230949,5.56727898799,7.05427380026,7.9773962390271,7.9773962390271,7.97739623907,7.90510111816,7.97739623906,7.97739623906,7.97739623904,7.97739623904,7.97739623906,6.47109025616,7.97739623917,7.97739623917,7.977396239176,7.977396239176,6.58688855987,7.79438486058,7.97739623937,7.97739623899,7.97739623919,7.97739623919,7.97739623919,7.97739623907,7.97739623907,7.97739623859,7.63314499409,7.97739623909,7.97739623909,7.97739623899,7.97739623903,7.97739623903,7.97739623899,7.97739623899,7.96771510479,7.97739623909,7.40744486029,7.30152970264,7.97739623904,7.97739623904,6.85233608934,7.977396239033,7.977396239043,7.977396239043,7.977396239113,7.977396239053,7.977396239063,7.977396239063,7.977396239063,7.977396239063,7.977396239063,7.977396239063,7.0589397325275,7.9773962390275,7.9773962390275,7.9773962390875,7.9773962390875,7.9773962390875,7.8368687117875,7.9773962390875,7.9773962390875,7.9773962390875,7.97739623905,7.97739623912,7.97739623908,7.97739623908,7.88342397724,7.97739623914,7.97739623914,7.97739623904,7.97739623904,7.97739623914,7.97739623914,6.58851119157,7.9773962392,7.9773962391,7.9773962391,7.9773962391,7.9773962391,7.9773962398,7.9481467096,7.42634266564,6.6054186837
"t96",6.82562121478,9.7170950545,9.7170950545,9.7170950544,8.84453030143,8.82629795623,9.7170950553,1.8467871216,1.6547781808,0,0.5181571246,2.0416893901,3.5033422596,4.170843411,4.170843411,2.5879296009,3.2129264575,4.69740534292,4.63160807732,4.69740534302,3.56948442982,4.6974053425,4.69740534258,4.69740534265,4.69740534265,4.69740534265,4.6974053426,4.6974053426,4.2415871461,7.97739623932,6.99722761372,7.9773962393,7.4120813609,7.9773962393,7.977396239381,7.571245534731,7.97739623936,7.97739623936,6.9617906559,6.83068076589,7.9773962395,7.97739623954,7.97739623954,7.97739623957,7.97739623957,7.97739623953,7.97739623953,7.97739623953,7.97739623949,7.19748031675,7.97739623949,5.37215230949,5.56727898799,7.05427380026,7.9773962390271,7.9773962390271,7.97739623907,7.90510111816,7.97739623906,7.97739623906,7.97739623904,7.97739623904,7.97739623906,6.47109025616,7.97739623917,7.97739623917,7.977396239176,7.977396239176,6.58688855987,7.79438486058,7.97739623937,7.97739623899,7.97739623919,7.97739623919,7.97739623919,7.97739623907,7.97739623907,7.97739623859,7.63314499409,7.97739623909,7.97739623909,7.97739623899,7.97739623903,7.97739623903,7.97739623899,7.97739623899,7.96771510479,7.97739623909,7.40744486029,7.30152970264,7.97739623904,7.97739623904,6.85233608934,7.977396239033,7.977396239043,7.977396239043,7.977396239113,7.977396239053,7.977396239063,7.977396239063,7.977396239063,7.977396239063,7.977396239063,7.977396239063,7.0589397325275,7.9773962390275,7.9773962390275,7.9773962390875,7.9773962390875,7.9773962390875,7.8368687117875,7.9773962390875,7.9773962390875,7.9773962390875,7.97739623905,7.97739623912,7.97739623908,7.97739623908,7.88342397724,7.97739623914,7.97739623914,7.97739623904,7.97739623904,7.97739623914,7.97739623914,6.58851119157,7.9773962392,7.9773962391,7.9773962391,7.9773962391,7.9773962391,7.9773962398,7.9481467096,7.42634266564,6.6054186837
"t97",6.82562121478,9.7170950545,9.7170950545,9.7170950544,8.84453030143,8.82629795623,9.7170950553,1.8467871216,1.6547781808,0.5181571246,0,2.0416893901,3.5033422596,4.170843411,4.170843411,2.5879296009,3.2129264575,4.69740534292,4.63160807732,4.69740534302,3.56948442982,4.6974053425,4.69740534258,4.69740534265,4.69740534265,4.69740534265,4.6974053426,4.6974053426,4.2415871461,7.97739623932,6.99722761372,7.9773962393,7.4120813609,7.9773962393,7.977396239381,7.571245534731,7.97739623936,7.97739623936,6.9617906559,6.83068076589,7.9773962395,7.97739623954,7.97739623954,7.97739623957,7.97739623957,7.97739623953,7.97739623953,7.97739623953,7.97739623949,7.19748031675,7.97739623949,5.37215230949,5.56727898799,7.05427380026,7.9773962390271,7.9773962390271,7.97739623907,7.90510111816,7.97739623906,7.97739623906,7.97739623904,7.97739623904,7.97739623906,6.47109025616,7.97739623917,7.97739623917,7.977396239176,7.977396239176,6.58688855987,7.79438486058,7.97739623937,7.97739623899,7.97739623919,7.97739623919,7.97739623919,7.97739623907,7.97739623907,7.97739623859,7.63314499409,7.97739623909,7.97739623909,7.97739623899,7.97739623903,7.97739623903,7.97739623899,7.97739623899,7.96771510479,7.97739623909,7.40744486029,7.30152970264,7.97739623904,7.97739623904,6.85233608934,7.977396239033,7.977396239043,7.977396239043,7.977396239113,7.977396239053,7.977396239063,7.977396239063,7.977396239063,7.977396239063,7.977396239063,7.977396239063,7.0589397325275,7.9773962390275,7.9773962390275,7.9773962390875,7.9773962390875,7.9773962390875,7.8368687117875,7.9773962390875,7.9773962390875,7.9773962390875,7.97739623905,7.97739623912,7.97739623908,7.97739623908,7.88342397724,7.97739623914,7.97739623914,7.97739623904,7.97739623904,7.97739623914,7.97739623914,6.58851119157,7.9773962392,7.9773962391,7.9773962391,7.9773962391,7.9773962391,7.9773962398,7.9481467096,7.42634266564,6.6054186837
"t31",6.82562121468,9.7170950544,9.7170950544,9.7170950543,8.84453030133,8.82629795613,9.7170950552,1.8467871215,2.0416893901,2.0416893901,2.0416893901,0,3.5033422595,4.1708434109,4.1708434109,2.5879296008,3.2129264574,4.69740534282,4.63160807722,4.69740534292,3.56948442972,4.6974053424,4.69740534248,4.69740534255,4.69740534255,4.69740534255,4.6974053425,4.6974053425,4.241587146,7.97739623922,6.99722761362,7.9773962392,7.4120813608,7.9773962392,7.977396239281,7.571245534631,7.97739623926,7.97739623926,6.9617906558,6.83068076579,7.9773962394,7.97739623944,7.97739623944,7.97739623947,7.97739623947,7.97739623943,7.97739623943,7.97739623943,7.97739623939,7.19748031665,7.97739623939,5.37215230939,5.56727898789,7.05427380016,7.9773962389271,7.9773962389271,7.97739623897,7.90510111806,7.97739623896,7.97739623896,7.97739623894,7.97739623894,7.97739623896,6.47109025606,7.97739623907,7.97739623907,7.977396239076,7.977396239076,6.58688855977,7.79438486048,7.97739623927,7.97739623889,7.97739623909,7.97739623909,7.97739623909,7.97739623897,7.97739623897,7.97739623849,7.63314499399,7.97739623899,7.97739623899,7.97739623889,7.97739623893,7.97739623893,7.97739623889,7.97739623889,7.96771510469,7.97739623899,7.40744486019,7.30152970254,7.97739623894,7.97739623894,6.85233608924,7.977396238933,7.977396238943,7.977396238943,7.977396239013,7.977396238953,7.977396238963,7.977396238963,7.977396238963,7.977396238963,7.977396238963,7.977396238963,7.0589397324275,7.9773962389275,7.9773962389275,7.9773962389875,7.9773962389875,7.9773962389875,7.8368687116875,7.9773962389875,7.9773962389875,7.9773962389875,7.97739623895,7.97739623902,7.97739623898,7.97739623898,7.88342397714,7.97739623904,7.97739623904,7.97739623894,7.97739623894,7.97739623904,7.97739623904,6.58851119147,7.9773962391,7.977396239,7.977396239,7.977396239,7.977396239,7.9773962397,7.9481467095,7.42634266554,6.6054186836
"t26",6.15812006338,9.0495939031,9.0495939031,9.049593903,8.17702915003,8.15879680483,9.0495939039,2.443404289,3.5033422596,3.5033422596,3.5033422596,3.5033422595,0,1.5614246154,1.5614246154,1.9204284495,2.5454253061,4.02990419152,3.96410692592,4.02990419162,2.90198327842,4.0299041911,4.02990419118,4.02990419125,4.02990419125,4.02990419125,4.0299041912,4.0299041912,3.5740859947,7.30989508792,6.32972646232,7.3098950879,6.7445802095,7.3098950879,7.309895087981,6.903744383331,7.30989508796,7.30989508796,6.2942895045,6.16317961449,7.3098950881,7.30989508814,7.30989508814,7.30989508817,7.30989508817,7.30989508813,7.30989508813,7.30989508813,7.30989508809,6.52997916535,7.30989508809,4.70465115809,4.89977783659,6.38677264886,7.3098950876271,7.3098950876271,7.30989508767,7.23759996676,7.30989508766,7.30989508766,7.30989508764,7.30989508764,7.30989508766,5.80358910476,7.30989508777,7.30989508777,7.309895087776,7.309895087776,5.91938740847,7.12688370918,7.30989508797,7.30989508759,7.30989508779,7.30989508779,7.30989508779,7.30989508767,7.30989508767,7.30989508719,6.96564384269,7.30989508769,7.30989508769,7.30989508759,7.30989508763,7.30989508763,7.30989508759,7.30989508759,7.30021395339,7.30989508769,6.73994370889,6.63402855124,7.30989508764,7.30989508764,6.18483493794,7.309895087633,7.309895087643,7.309895087643,7.309895087713,7.309895087653,7.309895087663,7.309895087663,7.309895087663,7.309895087663,7.309895087663,7.309895087663,6.3914385811275,7.3098950876275,7.3098950876275,7.3098950876875,7.3098950876875,7.3098950876875,7.1693675603875,7.3098950876875,7.3098950876875,7.3098950876875,7.30989508765,7.30989508772,7.30989508768,7.30989508768,7.21592282584,7.30989508774,7.30989508774,7.30989508764,7.30989508764,7.30989508774,7.30989508774,5.92101004017,7.3098950878,7.3098950877,7.3098950877,7.3098950877,7.3098950877,7.3098950884,7.2806455582,6.75884151424,5.9379175323
"t38",6.82562121478,9.7170950545,9.7170950545,9.7170950544,8.84453030143,8.82629795623,9.7170950553,3.1109054404,4.170843411,4.170843411,4.170843411,4.1708434109,1.5614246154,0,1.7023426146,2.5879296009,3.2129264575,4.69740534292,4.63160807732,4.69740534302,3.56948442982,4.6974053425,4.69740534258,4.69740534265,4.69740534265,4.69740534265,4.6974053426,4.6974053426,4.2415871461,7.97739623932,6.99722761372,7.9773962393,7.4120813609,7.9773962393,7.977396239381,7.571245534731,7.97739623936,7.97739623936,6.9617906559,6.83068076589,7.9773962395,7.97739623954,7.97739623954,7.97739623957,7.97739623957,7.97739623953,7.97739623953,7.97739623953,7.97739623949,7.19748031675,7.97739623949,5.37215230949,5.56727898799,7.05427380026,7.9773962390271,7.9773962390271,7.97739623907,7.90510111816,7.97739623906,7.97739623906,7.97739623904,7.97739623904,7.97739623906,6.47109025616,7.97739623917,7.97739623917,7.977396239176,7.977396239176,6.58688855987,7.79438486058,7.97739623937,7.97739623899,7.97739623919,7.97739623919,7.97739623919,7.97739623907,7.97739623907,7.97739623859,7.63314499409,7.97739623909,7.97739623909,7.97739623899,7.97739623903,7.97739623903,7.97739623899,7.97739623899,7.96771510479,7.97739623909,7.40744486029,7.30152970264,7.97739623904,7.97739623904,6.85233608934,7.977396239033,7.977396239043,7.977396239043,7.977396239113,7.977396239053,7.977396239063,7.977396239063,7.977396239063,7.977396239063,7.977396239063,7.977396239063,7.0589397325275,7.9773962390275,7.9773962390275,7.9773962390875,7.9773962390875,7.9773962390875,7.8368687117875,7.9773962390875,7.9773962390875,7.9773962390875,7.97739623905,7.97739623912,7.97739623908,7.97739623908,7.88342397724,7.97739623914,7.97739623914,7.97739623904,7.97739623904,7.97739623914,7.97739623914,6.58851119157,7.9773962392,7.9773962391,7.9773962391,7.9773962391,7.9773962391,7.9773962398,7.9481467096,7.42634266564,6.6054186837
"t39",6.82562121478,9.7170950545,9.7170950545,9.7170950544,8.84453030143,8.82629795623,9.7170950553,3.1109054404,4.170843411,4.170843411,4.170843411,4.1708434109,1.5614246154,1.7023426146,0,2.5879296009,3.2129264575,4.69740534292,4.63160807732,4.69740534302,3.56948442982,4.6974053425,4.69740534258,4.69740534265,4.69740534265,4.69740534265,4.6974053426,4.6974053426,4.2415871461,7.97739623932,6.99722761372,7.9773962393,7.4120813609,7.9773962393,7.977396239381,7.571245534731,7.97739623936,7.97739623936,6.9617906559,6.83068076589,7.9773962395,7.97739623954,7.97739623954,7.97739623957,7.97739623957,7.97739623953,7.97739623953,7.97739623953,7.97739623949,7.19748031675,7.97739623949,5.37215230949,5.56727898799,7.05427380026,7.9773962390271,7.9773962390271,7.97739623907,7.90510111816,7.97739623906,7.97739623906,7.97739623904,7.97739623904,7.97739623906,6.47109025616,7.97739623917,7.97739623917,7.977396239176,7.977396239176,6.58688855987,7.79438486058,7.97739623937,7.97739623899,7.97739623919,7.97739623919,7.97739623919,7.97739623907,7.97739623907,7.97739623859,7.63314499409,7.97739623909,7.97739623909,7.97739623899,7.97739623903,7.97739623903,7.97739623899,7.97739623899,7.96771510479,7.97739623909,7.40744486029,7.30152970264,7.97739623904,7.97739623904,6.85233608934,7.977396239033,7.977396239043,7.977396239043,7.977396239113,7.977396239053,7.977396239063,7.977396239063,7.977396239063,7.977396239063,7.977396239063,7.977396239063,7.0589397325275,7.9773962390275,7.9773962390275,7.9773962390875,7.9773962390875,7.9773962390875,7.8368687117875,7.9773962390875,7.9773962390875,7.9773962390875,7.97739623905,7.97739623912,7.97739623908,7.97739623908,7.88342397724,7.97739623914,7.97739623914,7.97739623904,7.97739623904,7.97739623914,7.97739623914,6.58851119157,7.9773962392,7.9773962391,7.9773962391,7.9773962391,7.9773962391,7.9773962398,7.9481467096,7.42634266564,6.6054186837
"t6",4.71614547268,7.6076193124,7.6076193124,7.6076193123,6.73505455933,6.71682221413,7.6076193132,1.5279916303,2.5879296009,2.5879296009,2.5879296009,2.5879296008,1.9204284495,2.5879296009,2.5879296009,0,0.8440059152,2.32848480062,2.26268753502,2.32848480072,1.20056388752,2.3284848002,2.32848480028,2.32848480035,2.32848480035,2.32848480035,2.3284848003,2.3284848003,2.132111404,5.86792049722,4.88775187162,5.8679204972,5.3026056188,5.8679204972,5.867920497281,5.461769792631,5.86792049726,5.86792049726,4.8523149138,4.72120502379,5.8679204974,5.86792049744,5.86792049744,5.86792049747,5.86792049747,5.86792049743,5.86792049743,5.86792049743,5.86792049739,5.08800457465,5.86792049739,3.26267656739,3.45780324589,4.94479805816,5.8679204969271,5.8679204969271,5.86792049697,5.79562537606,5.86792049696,5.86792049696,5.86792049694,5.86792049694,5.86792049696,4.36161451406,5.86792049707,5.86792049707,5.867920497076,5.867920497076,4.47741281777,5.68490911848,5.86792049727,5.86792049689,5.86792049709,5.86792049709,5.86792049709,5.86792049697,5.86792049697,5.86792049649,5.52366925199,5.86792049699,5.86792049699,5.86792049689,5.86792049693,5.86792049693,5.86792049689,5.86792049689,5.85823936269,5.86792049699,5.29796911819,5.19205396054,5.86792049694,5.86792049694,4.74286034724,5.867920496933,5.867920496943,5.867920496943,5.867920497013,5.867920496953,5.867920496963,5.867920496963,5.867920496963,5.867920496963,5.867920496963,5.867920496963,4.9494639904275,5.8679204969275,5.8679204969275,5.8679204969875,5.8679204969875,5.8679204969875,5.7273929696875,5.8679204969875,5.8679204969875,5.8679204969875,5.86792049695,5.86792049702,5.86792049698,5.86792049698,5.77394823514,5.86792049704,5.86792049704,5.86792049694,5.86792049694,5.86792049704,5.86792049704,4.47903544947,5.8679204971,5.867920497,5.867920497,5.867920497,5.867920497,5.8679204977,5.8386709675,5.31686692354,4.4959429416
"t7",5.34114232928,8.232616169,8.232616169,8.2326161689,7.36005141593,7.34181907073,8.2326161698,2.1529884869,3.2129264575,3.2129264575,3.2129264575,3.2129264574,2.5454253061,3.2129264575,3.2129264575,0.8440059152,0,2.69287635542,2.62707908982,2.69287635552,1.56495544232,2.692876355,2.69287635508,2.69287635515,2.69287635515,2.69287635515,2.6928763551,2.6928763551,2.7571082606,6.49291735382,5.51274872822,6.4929173538,5.9276024754,6.4929173538,6.492917353881,6.086766649231,6.49291735386,6.49291735386,5.4773117704,5.34620188039,6.492917354,6.49291735404,6.49291735404,6.49291735407,6.49291735407,6.49291735403,6.49291735403,6.49291735403,6.49291735399,5.71300143125,6.49291735399,3.88767342399,4.08280010249,5.56979491476,6.4929173535271,6.4929173535271,6.49291735357,6.42062223266,6.49291735356,6.49291735356,6.49291735354,6.49291735354,6.49291735356,4.98661137066,6.49291735367,6.49291735367,6.492917353676,6.492917353676,5.10240967437,6.30990597508,6.49291735387,6.49291735349,6.49291735369,6.49291735369,6.49291735369,6.49291735357,6.49291735357,6.49291735309,6.14866610859,6.49291735359,6.49291735359,6.49291735349,6.49291735353,6.49291735353,6.49291735349,6.49291735349,6.48323621929,6.49291735359,5.92296597479,5.81705081714,6.49291735354,6.49291735354,5.36785720384,6.492917353533,6.492917353543,6.492917353543,6.492917353613,6.492917353553,6.492917353563,6.492917353563,6.492917353563,6.492917353563,6.492917353563,6.492917353563,5.5744608470275,6.4929173535275,6.4929173535275,6.4929173535875,6.4929173535875,6.4929173535875,6.3523898262875,6.4929173535875,6.4929173535875,6.4929173535875,6.49291735355,6.49291735362,6.49291735358,6.49291735358,6.39894509174,6.49291735364,6.49291735364,6.49291735354,6.49291735354,6.49291735364,6.49291735364,5.10403230607,6.4929173537,6.4929173536,6.4929173536,6.4929173536,6.4929173536,6.4929173543,6.4636678241,5.94186378014,5.1209397982
"t66",6.8256212147,9.71709505442,9.71709505442,9.71709505432,8.84453030135,8.82629795615,9.71709505522,3.63746737232,4.69740534292,4.69740534292,4.69740534292,4.69740534282,4.02990419152,4.69740534292,4.69740534292,2.32848480062,2.69287635542,0,0.8626844402,1.4888042197,1.7630458771,2.95023907642,3.6669994315,3.66699943157,3.66699943157,3.66699943157,3.66699943152,3.66699943152,4.24158714602,7.97739623924,6.99722761364,7.97739623922,7.41208136082,7.97739623922,7.977396239301,7.571245534651,7.97739623928,7.97739623928,6.96179065582,6.83068076581,7.97739623942,7.97739623946,7.97739623946,7.97739623949,7.97739623949,7.97739623945,7.97739623945,7.97739623945,7.97739623941,7.19748031667,7.97739623941,5.37215230941,5.56727898791,7.05427380018,7.9773962389471,7.9773962389471,7.97739623899,7.90510111808,7.97739623898,7.97739623898,7.97739623896,7.97739623896,7.97739623898,6.47109025608,7.97739623909,7.97739623909,7.977396239096,7.977396239096,6.58688855979,7.7943848605,7.97739623929,7.97739623891,7.97739623911,7.97739623911,7.97739623911,7.97739623899,7.97739623899,7.97739623851,7.63314499401,7.97739623901,7.97739623901,7.97739623891,7.97739623895,7.97739623895,7.97739623891,7.97739623891,7.96771510471,7.97739623901,7.40744486021,7.30152970256,7.97739623896,7.97739623896,6.85233608926,7.977396238953,7.977396238963,7.977396238963,7.977396239033,7.977396238973,7.977396238983,7.977396238983,7.977396238983,7.977396238983,7.977396238983,7.977396238983,7.0589397324475,7.9773962389475,7.9773962389475,7.9773962390075,7.9773962390075,7.9773962390075,7.8368687117075,7.9773962390075,7.9773962390075,7.9773962390075,7.97739623897,7.97739623904,7.977396239,7.977396239,7.88342397716,7.97739623906,7.97739623906,7.97739623896,7.97739623896,7.97739623906,7.97739623906,6.58851119149,7.97739623912,7.97739623902,7.97739623902,7.97739623902,7.97739623902,7.97739623972,7.94814670952,7.42634266556,6.60541868362
"t67",6.7598239491,9.65129778882,9.65129778882,9.65129778872,8.77873303575,8.76050069055,9.65129778962,3.57167010672,4.63160807732,4.63160807732,4.63160807732,4.63160807722,3.96410692592,4.63160807732,4.63160807732,2.26268753502,2.62707908982,0.8626844402,0,1.4230069541,1.6972486115,2.88444181082,3.6012021659,3.60120216597,3.60120216597,3.60120216597,3.60120216592,3.60120216592,4.17578988042,7.91159897364,6.93143034804,7.91159897362,7.34628409522,7.91159897362,7.911598973701,7.505448269051,7.91159897368,7.91159897368,6.89599339022,6.76488350021,7.91159897382,7.91159897386,7.91159897386,7.91159897389,7.91159897389,7.91159897385,7.91159897385,7.91159897385,7.91159897381,7.13168305107,7.91159897381,5.30635504381,5.50148172231,6.98847653458,7.9115989733471,7.9115989733471,7.91159897339,7.83930385248,7.91159897338,7.91159897338,7.91159897336,7.91159897336,7.91159897338,6.40529299048,7.91159897349,7.91159897349,7.911598973496,7.911598973496,6.52109129419,7.7285875949,7.91159897369,7.91159897331,7.91159897351,7.91159897351,7.91159897351,7.91159897339,7.91159897339,7.91159897291,7.56734772841,7.91159897341,7.91159897341,7.91159897331,7.91159897335,7.91159897335,7.91159897331,7.91159897331,7.90191783911,7.91159897341,7.34164759461,7.23573243696,7.91159897336,7.91159897336,6.78653882366,7.911598973353,7.911598973363,7.911598973363,7.911598973433,7.911598973373,7.911598973383,7.911598973383,7.911598973383,7.911598973383,7.911598973383,7.911598973383,6.9931424668475,7.9115989733475,7.9115989733475,7.9115989734075,7.9115989734075,7.9115989734075,7.7710714461075,7.9115989734075,7.9115989734075,7.9115989734075,7.91159897337,7.91159897344,7.9115989734,7.9115989734,7.81762671156,7.91159897346,7.91159897346,7.91159897336,7.91159897336,7.91159897346,7.91159897346,6.52271392589,7.91159897352,7.91159897342,7.91159897342,7.91159897342,7.91159897342,7.91159897412,7.88234944392,7.36054539996,6.53962141802
"t45",6.8256212148,9.71709505452,9.71709505452,9.71709505442,8.84453030145,8.82629795625,9.71709505532,3.63746737242,4.69740534302,4.69740534302,4.69740534302,4.69740534292,4.02990419162,4.69740534302,4.69740534302,2.32848480072,2.69287635552,1.4888042197,1.4230069541,0,1.7630458772,2.95023907652,3.6669994316,3.66699943167,3.66699943167,3.66699943167,3.66699943162,3.66699943162,4.24158714612,7.97739623934,6.99722761374,7.97739623932,7.41208136092,7.97739623932,7.977396239401,7.571245534751,7.97739623938,7.97739623938,6.96179065592,6.83068076591,7.97739623952,7.97739623956,7.97739623956,7.97739623959,7.97739623959,7.97739623955,7.97739623955,7.97739623955,7.97739623951,7.19748031677,7.97739623951,5.37215230951,5.56727898801,7.05427380028,7.9773962390471,7.9773962390471,7.97739623909,7.90510111818,7.97739623908,7.97739623908,7.97739623906,7.97739623906,7.97739623908,6.47109025618,7.97739623919,7.97739623919,7.977396239196,7.977396239196,6.58688855989,7.7943848606,7.97739623939,7.97739623901,7.97739623921,7.97739623921,7.97739623921,7.97739623909,7.97739623909,7.97739623861,7.63314499411,7.97739623911,7.97739623911,7.97739623901,7.97739623905,7.97739623905,7.97739623901,7.97739623901,7.96771510481,7.97739623911,7.40744486031,7.30152970266,7.97739623906,7.97739623906,6.85233608936,7.977396239053,7.977396239063,7.977396239063,7.977396239133,7.977396239073,7.977396239083,7.977396239083,7.977396239083,7.977396239083,7.977396239083,7.977396239083,7.0589397325475,7.9773962390475,7.9773962390475,7.9773962391075,7.9773962391075,7.9773962391075,7.8368687118075,7.9773962391075,7.9773962391075,7.9773962391075,7.97739623907,7.97739623914,7.9773962391,7.9773962391,7.88342397726,7.97739623916,7.97739623916,7.97739623906,7.97739623906,7.97739623916,7.97739623916,6.58851119159,7.97739623922,7.97739623912,7.97739623912,7.97739623912,7.97739623912,7.97739623982,7.94814670962,7.42634266566,6.60541868372
