"","t3","t31","t69","t70","t46","t132","t133","t119","t124","t125","t44","t60","t98","t99","t32","t21","t9","t4","t13","t20","t106","t107","t28","t29","t8","t117","t118","t83","t6","t10","t18","t47","t48","t22","t53","t54","t41","t42","t136","t137","t56","t30","t72","t73","t57","t58","t40","t138","t139","t38","t39","t19","t113","t114","t82","t100","t101","t62","t27","t68","t102","t103","t71","t140","t141","t67","t122","t123","t76","t110","t111","t12","t7","t15","t16","t14","t5","t11","t61","t126","t127","t25","t26","t17","t84","t108","t109","t80","t85","t90","t91","t55","t86","t87","t66","t65","t63","t96","t97","t77","t78","t92","t93","t134","t135","t33","t34","t51","t52","t88","t89","t23","t24","t104","t105","t49","t50","t128","t129","t81","t79","t59","t115","t116","t75","t94","t95","t120","t121","t43","t45","t64","t130","t131","t112","t74","t35","t36","t37","t1","t2"
"t3",0,5.3599511792,6.3630446192,6.3630446192,6.36304461914,6.36304461918,6.36304461918,6.36304461914,6.33212755738,6.3630446192,6.36304461919,6.3630446191,6.2801117282,6.3630446191,6.3630446189,6.0656170522,4.8429621002,2.80539067099,3.44889895589,6.37456144579,6.44371414139,6.44371414139,6.31549095659,6.44371414159,3.82183932839,6.44371414209,6.44371414209,6.44371414209,5.00395103829,4.12208906819,6.44371414149,5.85507591659,6.44371414169,5.13593755709,6.44371414181,5.87997921101,6.44371414191,6.44371414191,6.443714141652,6.443714141652,6.44371414171,5.58200606919,6.20562352469,6.44371414179,6.44371414129,6.44371414129,6.27339583859,6.443714141589,6.443714141589,6.44371414159,5.46703485698,5.89311899809,6.44371414179,6.44371414179,6.44371414169,6.44371414179,6.44371414179,6.44371414179,5.50076984479,6.44371414119,6.44371414119,6.44371414119,6.44371414119,6.4437141412031,6.4437141412031,6.44371414119,6.4437141412,6.4437141412,6.44371414113,6.40612889319,6.44371414119,3.86537405389,3.50149179809,5.57188760039,5.38317235739,4.16501635419,2.94305216759,3.30994727329,6.44371414179,6.4437141418,6.4437141418,5.00029804484,6.44371414159,4.64764439173,6.44371414143,6.44371414143,6.44371414143,6.44371414173,6.44371414176,6.44371414175,6.44371414175,6.44371414193,6.44371414199,6.44371414199,6.44371414189,6.44371414193,6.44371414183,6.44371414183,6.44371414183,6.44371414193,6.44371414193,6.33395037953,6.44371414193,6.44371414183,6.44371414183,6.44371414133,6.05413764803,6.06812903669,6.44371414179,6.44371414183,6.44371414183,4.85473610277,5.73787781832,6.44371414222,6.44371414222,6.44371414177,6.44371414177,6.44371414214,6.44371414214,6.44371414215,6.44371414217,6.23645283479,6.44371414179,6.44371414179,6.44371414179,6.44371414172,6.44371414172,6.44371414182,6.44371414182,6.44371414179,6.44371414179,6.44371414179,6.4437141418,6.4437141418,6.44371414183,6.44371414183,6.44371414159,6.44371414142,5.53167767882,2.71641320139,2.27283493359
"t31",5.3599511792,0,1.4779091326,1.4779091326,1.47790913254,1.47790913258,1.47790913258,1.47790913254,1.44699207078,1.4779091326,1.47790913259,2.1696026331,2.0866697422,2.1696026331,2.1696026329,2.461350609,4.070554067,7.38298423579,8.02649252069,10.95215501059,11.02130770619,11.02130770619,10.89308452139,11.02130770639,8.39943289319,11.02130770689,11.02130770689,11.02130770689,9.58154460309,8.69968263299,11.02130770629,10.43266948139,11.02130770649,9.71353112189,11.02130770661,10.45757277581,11.02130770671,11.02130770671,11.021307706452,11.021307706452,11.02130770651,10.15959963399,10.78321708949,11.02130770659,11.02130770609,11.02130770609,10.85098940339,11.021307706389,11.021307706389,11.02130770639,10.04462842178,10.47071256289,11.02130770659,11.02130770659,11.02130770649,11.02130770659,11.02130770659,11.02130770659,10.07836340959,11.02130770599,11.02130770599,11.02130770599,11.02130770599,11.0213077060031,11.0213077060031,11.02130770599,11.021307706,11.021307706,11.02130770593,10.98372245799,11.02130770599,8.44296761869,8.07908536289,10.14948116519,9.96076592219,8.74260991899,7.52064573239,7.88754083809,11.02130770659,11.0213077066,11.0213077066,9.57789160964,11.02130770639,9.22523795653,11.02130770623,11.02130770623,11.02130770623,11.02130770653,11.02130770656,11.02130770655,11.02130770655,11.02130770673,11.02130770679,11.02130770679,11.02130770669,11.02130770673,11.02130770663,11.02130770663,11.02130770663,11.02130770673,11.02130770673,10.91154394433,11.02130770673,11.02130770663,11.02130770663,11.02130770613,10.63173121283,10.64572260149,11.02130770659,11.02130770663,11.02130770663,9.43232966757,10.31547138312,11.02130770702,11.02130770702,11.02130770657,11.02130770657,11.02130770694,11.02130770694,11.02130770695,11.02130770697,10.81404639959,11.02130770659,11.02130770659,11.02130770659,11.02130770652,11.02130770652,11.02130770662,11.02130770662,11.02130770659,11.02130770659,11.02130770659,11.0213077066,11.0213077066,11.02130770663,11.02130770663,11.02130770639,11.02130770622,10.10927124362,7.29400676619,6.85042849839
"t69",6.3630446192,1.4779091326,0,0.8858584058,1.74634436314,1.74634436318,1.74634436318,1.74634436314,1.94576516098,1.9766822228,1.97668222279,3.1726960731,3.0897631822,3.1726960731,3.1726960729,3.464444049,5.073647507,8.38607767579,9.02958596069,11.95524845059,12.02440114619,12.02440114619,11.89617796139,12.02440114639,9.40252633319,12.02440114689,12.02440114689,12.02440114689,10.58463804309,9.70277607299,12.02440114629,11.43576292139,12.02440114649,10.71662456189,12.02440114661,11.46066621581,12.02440114671,12.02440114671,12.024401146452,12.024401146452,12.02440114651,11.16269307399,11.78631052949,12.02440114659,12.02440114609,12.02440114609,11.85408284339,12.024401146389,12.024401146389,12.02440114639,11.04772186178,11.47380600289,12.02440114659,12.02440114659,12.02440114649,12.02440114659,12.02440114659,12.02440114659,11.08145684959,12.02440114599,12.02440114599,12.02440114599,12.02440114599,12.0244011460031,12.0244011460031,12.02440114599,12.024401146,12.024401146,12.02440114593,11.98681589799,12.02440114599,9.44606105869,9.08217880289,11.15257460519,10.96385936219,9.74570335899,8.52373917239,8.89063427809,12.02440114659,12.0244011466,12.0244011466,10.58098504964,12.02440114639,10.22833139653,12.02440114623,12.02440114623,12.02440114623,12.02440114653,12.02440114656,12.02440114655,12.02440114655,12.02440114673,12.02440114679,12.02440114679,12.02440114669,12.02440114673,12.02440114663,12.02440114663,12.02440114663,12.02440114673,12.02440114673,11.91463738433,12.02440114673,12.02440114663,12.02440114663,12.02440114613,11.63482465283,11.64881604149,12.02440114659,12.02440114663,12.02440114663,10.43542310757,11.31856482312,12.02440114702,12.02440114702,12.02440114657,12.02440114657,12.02440114694,12.02440114694,12.02440114695,12.02440114697,11.81713983959,12.02440114659,12.02440114659,12.02440114659,12.02440114652,12.02440114652,12.02440114662,12.02440114662,12.02440114659,12.02440114659,12.02440114659,12.0244011466,12.0244011466,12.02440114663,12.02440114663,12.02440114639,12.02440114622,11.11236468362,8.29710020619,7.85352193839
"t70",6.3630446192,1.4779091326,0.8858584058,0,1.74634436314,1.74634436318,1.74634436318,1.74634436314,1.94576516098,1.9766822228,1.97668222279,3.1726960731,3.0897631822,3.1726960731,3.1726960729,3.464444049,5.073647507,8.38607767579,9.02958596069,11.95524845059,12.02440114619,12.02440114619,11.89617796139,12.02440114639,9.40252633319,12.02440114689,12.02440114689,12.02440114689,10.58463804309,9.70277607299,12.02440114629,11.43576292139,12.02440114649,10.71662456189,12.02440114661,11.46066621581,12.02440114671,12.02440114671,12.024401146452,12.024401146452,12.02440114651,11.16269307399,11.78631052949,12.02440114659,12.02440114609,12.02440114609,11.85408284339,12.024401146389,12.024401146389,12.02440114639,11.04772186178,11.47380600289,12.02440114659,12.02440114659,12.02440114649,12.02440114659,12.02440114659,12.02440114659,11.08145684959,12.02440114599,12.02440114599,12.02440114599,12.02440114599,12.0244011460031,12.0244011460031,12.02440114599,12.024401146,12.024401146,12.02440114593,11.98681589799,12.02440114599,9.44606105869,9.08217880289,11.15257460519,10.96385936219,9.74570335899,8.52373917239,8.89063427809,12.02440114659,12.0244011466,12.0244011466,10.58098504964,12.02440114639,10.22833139653,12.02440114623,12.02440114623,12.02440114623,12.02440114653,12.02440114656,12.02440114655,12.02440114655,12.02440114673,12.02440114679,12.02440114679,12.02440114669,12.02440114673,12.02440114663,12.02440114663,12.02440114663,12.02440114673,12.02440114673,11.91463738433,12.02440114673,12.02440114663,12.02440114663,12.02440114613,11.63482465283,11.64881604149,12.02440114659,12.02440114663,12.02440114663,10.43542310757,11.31856482312,12.02440114702,12.02440114702,12.02440114657,12.02440114657,12.02440114694,12.02440114694,12.02440114695,12.02440114697,11.81713983959,12.02440114659,12.02440114659,12.02440114659,12.02440114652,12.02440114652,12.02440114662,12.02440114662,12.02440114659,12.02440114659,12.02440114659,12.0244011466,12.0244011466,12.02440114663,12.02440114663,12.02440114639,12.02440114622,11.11236468362,8.29710020619,7.85352193839
"t46",6.36304461914,1.47790913254,1.74634436314,1.74634436314,0,1.71986839904,1.71986839904,1.719868399,1.94576516092,1.97668222274,1.97668222273,3.17269607304,3.08976318214,3.17269607304,3.17269607284,3.46444404894,5.07364750694,8.38607767573,9.02958596063,11.95524845053,12.02440114613,12.02440114613,11.89617796133,12.02440114633,9.40252633313,12.02440114683,12.02440114683,12.02440114683,10.58463804303,9.70277607293,12.02440114623,11.43576292133,12.02440114643,10.71662456183,12.02440114655,11.46066621575,12.02440114665,12.02440114665,12.024401146392,12.024401146392,12.02440114645,11.16269307393,11.78631052943,12.02440114653,12.02440114603,12.02440114603,11.85408284333,12.024401146329,12.024401146329,12.02440114633,11.04772186172,11.47380600283,12.02440114653,12.02440114653,12.02440114643,12.02440114653,12.02440114653,12.02440114653,11.08145684953,12.02440114593,12.02440114593,12.02440114593,12.02440114593,12.0244011459431,12.0244011459431,12.02440114593,12.02440114594,12.02440114594,12.02440114587,11.98681589793,12.02440114593,9.44606105863,9.08217880283,11.15257460513,10.96385936213,9.74570335893,8.52373917233,8.89063427803,12.02440114653,12.02440114654,12.02440114654,10.58098504958,12.02440114633,10.22833139647,12.02440114617,12.02440114617,12.02440114617,12.02440114647,12.0244011465,12.02440114649,12.02440114649,12.02440114667,12.02440114673,12.02440114673,12.02440114663,12.02440114667,12.02440114657,12.02440114657,12.02440114657,12.02440114667,12.02440114667,11.91463738427,12.02440114667,12.02440114657,12.02440114657,12.02440114607,11.63482465277,11.64881604143,12.02440114653,12.02440114657,12.02440114657,10.43542310751,11.31856482306,12.02440114696,12.02440114696,12.02440114651,12.02440114651,12.02440114688,12.02440114688,12.02440114689,12.02440114691,11.81713983953,12.02440114653,12.02440114653,12.02440114653,12.02440114646,12.02440114646,12.02440114656,12.02440114656,12.02440114653,12.02440114653,12.02440114653,12.02440114654,12.02440114654,12.02440114657,12.02440114657,12.02440114633,12.02440114616,11.11236468356,8.29710020613,7.85352193833
"t132",6.36304461918,1.47790913258,1.74634436318,1.74634436318,1.71986839904,0,0.10965700768,0.21812860124,1.94576516096,1.97668222278,1.97668222277,3.17269607308,3.08976318218,3.17269607308,3.17269607288,3.46444404898,5.07364750698,8.38607767577,9.02958596067,11.95524845057,12.02440114617,12.02440114617,11.89617796137,12.02440114637,9.40252633317,12.02440114687,12.02440114687,12.02440114687,10.58463804307,9.70277607297,12.02440114627,11.43576292137,12.02440114647,10.71662456187,12.02440114659,11.46066621579,12.02440114669,12.02440114669,12.024401146432,12.024401146432,12.02440114649,11.16269307397,11.78631052947,12.02440114657,12.02440114607,12.02440114607,11.85408284337,12.024401146369,12.024401146369,12.02440114637,11.04772186176,11.47380600287,12.02440114657,12.02440114657,12.02440114647,12.02440114657,12.02440114657,12.02440114657,11.08145684957,12.02440114597,12.02440114597,12.02440114597,12.02440114597,12.0244011459831,12.0244011459831,12.02440114597,12.02440114598,12.02440114598,12.02440114591,11.98681589797,12.02440114597,9.44606105867,9.08217880287,11.15257460517,10.96385936217,9.74570335897,8.52373917237,8.89063427807,12.02440114657,12.02440114658,12.02440114658,10.58098504962,12.02440114637,10.22833139651,12.02440114621,12.02440114621,12.02440114621,12.02440114651,12.02440114654,12.02440114653,12.02440114653,12.02440114671,12.02440114677,12.02440114677,12.02440114667,12.02440114671,12.02440114661,12.02440114661,12.02440114661,12.02440114671,12.02440114671,11.91463738431,12.02440114671,12.02440114661,12.02440114661,12.02440114611,11.63482465281,11.64881604147,12.02440114657,12.02440114661,12.02440114661,10.43542310755,11.3185648231,12.024401147,12.024401147,12.02440114655,12.02440114655,12.02440114692,12.02440114692,12.02440114693,12.02440114695,11.81713983957,12.02440114657,12.02440114657,12.02440114657,12.0244011465,12.0244011465,12.0244011466,12.0244011466,12.02440114657,12.02440114657,12.02440114657,12.02440114658,12.02440114658,12.02440114661,12.02440114661,12.02440114637,12.0244011462,11.1123646836,8.29710020617,7.85352193837
"t133",6.36304461918,1.47790913258,1.74634436318,1.74634436318,1.71986839904,0.10965700768,0,0.21812860124,1.94576516096,1.97668222278,1.97668222277,3.17269607308,3.08976318218,3.17269607308,3.17269607288,3.46444404898,5.07364750698,8.38607767577,9.02958596067,11.95524845057,12.02440114617,12.02440114617,11.89617796137,12.02440114637,9.40252633317,12.02440114687,12.02440114687,12.02440114687,10.58463804307,9.70277607297,12.02440114627,11.43576292137,12.02440114647,10.71662456187,12.02440114659,11.46066621579,12.02440114669,12.02440114669,12.024401146432,12.024401146432,12.02440114649,11.16269307397,11.78631052947,12.02440114657,12.02440114607,12.02440114607,11.85408284337,12.024401146369,12.024401146369,12.02440114637,11.04772186176,11.47380600287,12.02440114657,12.02440114657,12.02440114647,12.02440114657,12.02440114657,12.02440114657,11.08145684957,12.02440114597,12.02440114597,12.02440114597,12.02440114597,12.0244011459831,12.0244011459831,12.02440114597,12.02440114598,12.02440114598,12.02440114591,11.98681589797,12.02440114597,9.44606105867,9.08217880287,11.15257460517,10.96385936217,9.74570335897,8.52373917237,8.89063427807,12.02440114657,12.02440114658,12.02440114658,10.58098504962,12.02440114637,10.22833139651,12.02440114621,12.02440114621,12.02440114621,12.02440114651,12.02440114654,12.02440114653,12.02440114653,12.02440114671,12.02440114677,12.02440114677,12.02440114667,12.02440114671,12.02440114661,12.02440114661,12.02440114661,12.02440114671,12.02440114671,11.91463738431,12.02440114671,12.02440114661,12.02440114661,12.02440114611,11.63482465281,11.64881604147,12.02440114657,12.02440114661,12.02440114661,10.43542310755,11.3185648231,12.024401147,12.024401147,12.02440114655,12.02440114655,12.02440114692,12.02440114692,12.02440114693,12.02440114695,11.81713983957,12.02440114657,12.02440114657,12.02440114657,12.0244011465,12.0244011465,12.0244011466,12.0244011466,12.02440114657,12.02440114657,12.02440114657,12.02440114658,12.02440114658,12.02440114661,12.02440114661,12.02440114637,12.0244011462,11.1123646836,8.29710020617,7.85352193837
"t119",6.36304461914,1.47790913254,1.74634436314,1.74634436314,1.719868399,0.21812860124,0.21812860124,0,1.94576516092,1.97668222274,1.97668222273,3.17269607304,3.08976318214,3.17269607304,3.17269607284,3.46444404894,5.07364750694,8.38607767573,9.02958596063,11.95524845053,12.02440114613,12.02440114613,11.89617796133,12.02440114633,9.40252633313,12.02440114683,12.02440114683,12.02440114683,10.58463804303,9.70277607293,12.02440114623,11.43576292133,12.02440114643,10.71662456183,12.02440114655,11.46066621575,12.02440114665,12.02440114665,12.024401146392,12.024401146392,12.02440114645,11.16269307393,11.78631052943,12.02440114653,12.02440114603,12.02440114603,11.85408284333,12.024401146329,12.024401146329,12.02440114633,11.04772186172,11.47380600283,12.02440114653,12.02440114653,12.02440114643,12.02440114653,12.02440114653,12.02440114653,11.08145684953,12.02440114593,12.02440114593,12.02440114593,12.02440114593,12.0244011459431,12.0244011459431,12.02440114593,12.02440114594,12.02440114594,12.02440114587,11.98681589793,12.02440114593,9.44606105863,9.08217880283,11.15257460513,10.96385936213,9.74570335893,8.52373917233,8.89063427803,12.02440114653,12.02440114654,12.02440114654,10.58098504958,12.02440114633,10.22833139647,12.02440114617,12.02440114617,12.02440114617,12.02440114647,12.0244011465,12.02440114649,12.02440114649,12.02440114667,12.02440114673,12.02440114673,12.02440114663,12.02440114667,12.02440114657,12.02440114657,12.02440114657,12.02440114667,12.02440114667,11.91463738427,12.02440114667,12.02440114657,12.02440114657,12.02440114607,11.63482465277,11.64881604143,12.02440114653,12.02440114657,12.02440114657,10.43542310751,11.31856482306,12.02440114696,12.02440114696,12.02440114651,12.02440114651,12.02440114688,12.02440114688,12.02440114689,12.02440114691,11.81713983953,12.02440114653,12.02440114653,12.02440114653,12.02440114646,12.02440114646,12.02440114656,12.02440114656,12.02440114653,12.02440114653,12.02440114653,12.02440114654,12.02440114654,12.02440114657,12.02440114657,12.02440114633,12.02440114616,11.11236468356,8.29710020613,7.85352193833
"t124",6.33212755738,1.44699207078,1.94576516098,1.94576516098,1.94576516092,1.94576516096,1.94576516096,1.94576516092,0,0.1476848286,1.83453337539,3.14177901128,3.05884612038,3.14177901128,3.14177901108,3.43352698718,5.04273044518,8.35516061397,8.99866889887,11.92433138877,11.99348408437,11.99348408437,11.86526089957,11.99348408457,9.37160927137,11.99348408507,11.99348408507,11.99348408507,10.55372098127,9.67185901117,11.99348408447,11.40484585957,11.99348408467,10.68570750007,11.99348408479,11.42974915399,11.99348408489,11.99348408489,11.993484084632,11.993484084632,11.99348408469,11.13177601217,11.75539346767,11.99348408477,11.99348408427,11.99348408427,11.82316578157,11.993484084569,11.993484084569,11.99348408457,11.01680479996,11.44288894107,11.99348408477,11.99348408477,11.99348408467,11.99348408477,11.99348408477,11.99348408477,11.05053978777,11.99348408417,11.99348408417,11.99348408417,11.99348408417,11.9934840841831,11.9934840841831,11.99348408417,11.99348408418,11.99348408418,11.99348408411,11.95589883617,11.99348408417,9.41514399687,9.05126174107,11.12165754337,10.93294230037,9.71478629717,8.49282211057,8.85971721627,11.99348408477,11.99348408478,11.99348408478,10.55006798782,11.99348408457,10.19741433471,11.99348408441,11.99348408441,11.99348408441,11.99348408471,11.99348408474,11.99348408473,11.99348408473,11.99348408491,11.99348408497,11.99348408497,11.99348408487,11.99348408491,11.99348408481,11.99348408481,11.99348408481,11.99348408491,11.99348408491,11.88372032251,11.99348408491,11.99348408481,11.99348408481,11.99348408431,11.60390759101,11.61789897967,11.99348408477,11.99348408481,11.99348408481,10.40450604575,11.2876477613,11.9934840852,11.9934840852,11.99348408475,11.99348408475,11.99348408512,11.99348408512,11.99348408513,11.99348408515,11.78622277777,11.99348408477,11.99348408477,11.99348408477,11.9934840847,11.9934840847,11.9934840848,11.9934840848,11.99348408477,11.99348408477,11.99348408477,11.99348408478,11.99348408478,11.99348408481,11.99348408481,11.99348408457,11.9934840844,11.0814476218,8.26618314437,7.82260487657
"t125",6.3630446192,1.4779091326,1.9766822228,1.9766822228,1.97668222274,1.97668222278,1.97668222278,1.97668222274,0.1476848286,0,1.86545043721,3.1726960731,3.0897631822,3.1726960731,3.1726960729,3.464444049,5.073647507,8.38607767579,9.02958596069,11.95524845059,12.02440114619,12.02440114619,11.89617796139,12.02440114639,9.40252633319,12.02440114689,12.02440114689,12.02440114689,10.58463804309,9.70277607299,12.02440114629,11.43576292139,12.02440114649,10.71662456189,12.02440114661,11.46066621581,12.02440114671,12.02440114671,12.024401146452,12.024401146452,12.02440114651,11.16269307399,11.78631052949,12.02440114659,12.02440114609,12.02440114609,11.85408284339,12.024401146389,12.024401146389,12.02440114639,11.04772186178,11.47380600289,12.02440114659,12.02440114659,12.02440114649,12.02440114659,12.02440114659,12.02440114659,11.08145684959,12.02440114599,12.02440114599,12.02440114599,12.02440114599,12.0244011460031,12.0244011460031,12.02440114599,12.024401146,12.024401146,12.02440114593,11.98681589799,12.02440114599,9.44606105869,9.08217880289,11.15257460519,10.96385936219,9.74570335899,8.52373917239,8.89063427809,12.02440114659,12.0244011466,12.0244011466,10.58098504964,12.02440114639,10.22833139653,12.02440114623,12.02440114623,12.02440114623,12.02440114653,12.02440114656,12.02440114655,12.02440114655,12.02440114673,12.02440114679,12.02440114679,12.02440114669,12.02440114673,12.02440114663,12.02440114663,12.02440114663,12.02440114673,12.02440114673,11.91463738433,12.02440114673,12.02440114663,12.02440114663,12.02440114613,11.63482465283,11.64881604149,12.02440114659,12.02440114663,12.02440114663,10.43542310757,11.31856482312,12.02440114702,12.02440114702,12.02440114657,12.02440114657,12.02440114694,12.02440114694,12.02440114695,12.02440114697,11.81713983959,12.02440114659,12.02440114659,12.02440114659,12.02440114652,12.02440114652,12.02440114662,12.02440114662,12.02440114659,12.02440114659,12.02440114659,12.0244011466,12.0244011466,12.02440114663,12.02440114663,12.02440114639,12.02440114622,11.11236468362,8.29710020619,7.85352193839
"t44",6.36304461919,1.47790913259,1.97668222279,1.97668222279,1.97668222273,1.97668222277,1.97668222277,1.97668222273,1.83453337539,1.86545043721,0,3.17269607309,3.08976318219,3.17269607309,3.17269607289,3.46444404899,5.07364750699,8.38607767578,9.02958596068,11.95524845058,12.02440114618,12.02440114618,11.89617796138,12.02440114638,9.40252633318,12.02440114688,12.02440114688,12.02440114688,10.58463804308,9.70277607298,12.02440114628,11.43576292138,12.02440114648,10.71662456188,12.0244011466,11.4606662158,12.0244011467,12.0244011467,12.024401146442,12.024401146442,12.0244011465,11.16269307398,11.78631052948,12.02440114658,12.02440114608,12.02440114608,11.85408284338,12.024401146379,12.024401146379,12.02440114638,11.04772186177,11.47380600288,12.02440114658,12.02440114658,12.02440114648,12.02440114658,12.02440114658,12.02440114658,11.08145684958,12.02440114598,12.02440114598,12.02440114598,12.02440114598,12.0244011459931,12.0244011459931,12.02440114598,12.02440114599,12.02440114599,12.02440114592,11.98681589798,12.02440114598,9.44606105868,9.08217880288,11.15257460518,10.96385936218,9.74570335898,8.52373917238,8.89063427808,12.02440114658,12.02440114659,12.02440114659,10.58098504963,12.02440114638,10.22833139652,12.02440114622,12.02440114622,12.02440114622,12.02440114652,12.02440114655,12.02440114654,12.02440114654,12.02440114672,12.02440114678,12.02440114678,12.02440114668,12.02440114672,12.02440114662,12.02440114662,12.02440114662,12.02440114672,12.02440114672,11.91463738432,12.02440114672,12.02440114662,12.02440114662,12.02440114612,11.63482465282,11.64881604148,12.02440114658,12.02440114662,12.02440114662,10.43542310756,11.31856482311,12.02440114701,12.02440114701,12.02440114656,12.02440114656,12.02440114693,12.02440114693,12.02440114694,12.02440114696,11.81713983958,12.02440114658,12.02440114658,12.02440114658,12.02440114651,12.02440114651,12.02440114661,12.02440114661,12.02440114658,12.02440114658,12.02440114658,12.02440114659,12.02440114659,12.02440114662,12.02440114662,12.02440114638,12.02440114621,11.11236468361,8.29710020618,7.85352193838
"t60",6.3630446191,2.1696026331,3.1726960731,3.1726960731,3.17269607304,3.17269607308,3.17269607308,3.17269607304,3.14177901128,3.1726960731,3.17269607309,0,1.3318389681,1.414771859,2.3961923242,3.4644440489,5.0736475069,8.38607767569,9.02958596059,11.95524845049,12.02440114609,12.02440114609,11.89617796129,12.02440114629,9.40252633309,12.02440114679,12.02440114679,12.02440114679,10.58463804299,9.70277607289,12.02440114619,11.43576292129,12.02440114639,10.71662456179,12.02440114651,11.46066621571,12.02440114661,12.02440114661,12.024401146352,12.024401146352,12.02440114641,11.16269307389,11.78631052939,12.02440114649,12.02440114599,12.02440114599,11.85408284329,12.024401146289,12.024401146289,12.02440114629,11.04772186168,11.47380600279,12.02440114649,12.02440114649,12.02440114639,12.02440114649,12.02440114649,12.02440114649,11.08145684949,12.02440114589,12.02440114589,12.02440114589,12.02440114589,12.0244011459031,12.0244011459031,12.02440114589,12.0244011459,12.0244011459,12.02440114583,11.98681589789,12.02440114589,9.44606105859,9.08217880279,11.15257460509,10.96385936209,9.74570335889,8.52373917229,8.89063427799,12.02440114649,12.0244011465,12.0244011465,10.58098504954,12.02440114629,10.22833139643,12.02440114613,12.02440114613,12.02440114613,12.02440114643,12.02440114646,12.02440114645,12.02440114645,12.02440114663,12.02440114669,12.02440114669,12.02440114659,12.02440114663,12.02440114653,12.02440114653,12.02440114653,12.02440114663,12.02440114663,11.91463738423,12.02440114663,12.02440114653,12.02440114653,12.02440114603,11.63482465273,11.64881604139,12.02440114649,12.02440114653,12.02440114653,10.43542310747,11.31856482302,12.02440114692,12.02440114692,12.02440114647,12.02440114647,12.02440114684,12.02440114684,12.02440114685,12.02440114687,11.81713983949,12.02440114649,12.02440114649,12.02440114649,12.02440114642,12.02440114642,12.02440114652,12.02440114652,12.02440114649,12.02440114649,12.02440114649,12.0244011465,12.0244011465,12.02440114653,12.02440114653,12.02440114629,12.02440114612,11.11236468352,8.29710020609,7.85352193829
"t98",6.2801117282,2.0866697422,3.0897631822,3.0897631822,3.08976318214,3.08976318218,3.08976318218,3.08976318214,3.05884612038,3.0897631822,3.08976318219,1.3318389681,0,0.3268612785,2.3132594333,3.381511158,4.990714616,8.30314478479,8.94665306969,11.87231555959,11.94146825519,11.94146825519,11.81324507039,11.94146825539,9.31959344219,11.94146825589,11.94146825589,11.94146825589,10.50170515209,9.61984318199,11.94146825529,11.35283003039,11.94146825549,10.63369167089,11.94146825561,11.37773332481,11.94146825571,11.94146825571,11.941468255452,11.941468255452,11.94146825551,11.07976018299,11.70337763849,11.94146825559,11.94146825509,11.94146825509,11.77114995239,11.941468255389,11.941468255389,11.94146825539,10.96478897078,11.39087311189,11.94146825559,11.94146825559,11.94146825549,11.94146825559,11.94146825559,11.94146825559,10.99852395859,11.94146825499,11.94146825499,11.94146825499,11.94146825499,11.9414682550031,11.9414682550031,11.94146825499,11.941468255,11.941468255,11.94146825493,11.90388300699,11.94146825499,9.36312816769,8.99924591189,11.06964171419,10.88092647119,9.66277046799,8.44080628139,8.80770138709,11.94146825559,11.9414682556,11.9414682556,10.49805215864,11.94146825539,10.14539850553,11.94146825523,11.94146825523,11.94146825523,11.94146825553,11.94146825556,11.94146825555,11.94146825555,11.94146825573,11.94146825579,11.94146825579,11.94146825569,11.94146825573,11.94146825563,11.94146825563,11.94146825563,11.94146825573,11.94146825573,11.83170449333,11.94146825573,11.94146825563,11.94146825563,11.94146825513,11.55189176183,11.56588315049,11.94146825559,11.94146825563,11.94146825563,10.35249021657,11.23563193212,11.94146825602,11.94146825602,11.94146825557,11.94146825557,11.94146825594,11.94146825594,11.94146825595,11.94146825597,11.73420694859,11.94146825559,11.94146825559,11.94146825559,11.94146825552,11.94146825552,11.94146825562,11.94146825562,11.94146825559,11.94146825559,11.94146825559,11.9414682556,11.9414682556,11.94146825563,11.94146825563,11.94146825539,11.94146825522,11.02943179262,8.21416731519,7.77058904739
"t99",6.3630446191,2.1696026331,3.1726960731,3.1726960731,3.17269607304,3.17269607308,3.17269607308,3.17269607304,3.14177901128,3.1726960731,3.17269607309,1.414771859,0.3268612785,0,2.3961923242,3.4644440489,5.0736475069,8.38607767569,9.02958596059,11.95524845049,12.02440114609,12.02440114609,11.89617796129,12.02440114629,9.40252633309,12.02440114679,12.02440114679,12.02440114679,10.58463804299,9.70277607289,12.02440114619,11.43576292129,12.02440114639,10.71662456179,12.02440114651,11.46066621571,12.02440114661,12.02440114661,12.024401146352,12.024401146352,12.02440114641,11.16269307389,11.78631052939,12.02440114649,12.02440114599,12.02440114599,11.85408284329,12.024401146289,12.024401146289,12.02440114629,11.04772186168,11.47380600279,12.02440114649,12.02440114649,12.02440114639,12.02440114649,12.02440114649,12.02440114649,11.08145684949,12.02440114589,12.02440114589,12.02440114589,12.02440114589,12.0244011459031,12.0244011459031,12.02440114589,12.0244011459,12.0244011459,12.02440114583,11.98681589789,12.02440114589,9.44606105859,9.08217880279,11.15257460509,10.96385936209,9.74570335889,8.52373917229,8.89063427799,12.02440114649,12.0244011465,12.0244011465,10.58098504954,12.02440114629,10.22833139643,12.02440114613,12.02440114613,12.02440114613,12.02440114643,12.02440114646,12.02440114645,12.02440114645,12.02440114663,12.02440114669,12.02440114669,12.02440114659,12.02440114663,12.02440114653,12.02440114653,12.02440114653,12.02440114663,12.02440114663,11.91463738423,12.02440114663,12.02440114653,12.02440114653,12.02440114603,11.63482465273,11.64881604139,12.02440114649,12.02440114653,12.02440114653,10.43542310747,11.31856482302,12.02440114692,12.02440114692,12.02440114647,12.02440114647,12.02440114684,12.02440114684,12.02440114685,12.02440114687,11.81713983949,12.02440114649,12.02440114649,12.02440114649,12.02440114642,12.02440114642,12.02440114652,12.02440114652,12.02440114649,12.02440114649,12.02440114649,12.0244011465,12.0244011465,12.02440114653,12.02440114653,12.02440114629,12.02440114612,11.11236468352,8.29710020609,7.85352193829
"t32",6.3630446189,2.1696026329,3.1726960729,3.1726960729,3.17269607284,3.17269607288,3.17269607288,3.17269607284,3.14177901108,3.1726960729,3.17269607289,2.3961923242,2.3132594333,2.3961923242,0,3.4644440487,5.0736475067,8.38607767549,9.02958596039,11.95524845029,12.02440114589,12.02440114589,11.89617796109,12.02440114609,9.40252633289,12.02440114659,12.02440114659,12.02440114659,10.58463804279,9.70277607269,12.02440114599,11.43576292109,12.02440114619,10.71662456159,12.02440114631,11.46066621551,12.02440114641,12.02440114641,12.024401146152,12.024401146152,12.02440114621,11.16269307369,11.78631052919,12.02440114629,12.02440114579,12.02440114579,11.85408284309,12.024401146089,12.024401146089,12.02440114609,11.04772186148,11.47380600259,12.02440114629,12.02440114629,12.02440114619,12.02440114629,12.02440114629,12.02440114629,11.08145684929,12.02440114569,12.02440114569,12.02440114569,12.02440114569,12.0244011457031,12.0244011457031,12.02440114569,12.0244011457,12.0244011457,12.02440114563,11.98681589769,12.02440114569,9.44606105839,9.08217880259,11.15257460489,10.96385936189,9.74570335869,8.52373917209,8.89063427779,12.02440114629,12.0244011463,12.0244011463,10.58098504934,12.02440114609,10.22833139623,12.02440114593,12.02440114593,12.02440114593,12.02440114623,12.02440114626,12.02440114625,12.02440114625,12.02440114643,12.02440114649,12.02440114649,12.02440114639,12.02440114643,12.02440114633,12.02440114633,12.02440114633,12.02440114643,12.02440114643,11.91463738403,12.02440114643,12.02440114633,12.02440114633,12.02440114583,11.63482465253,11.64881604119,12.02440114629,12.02440114633,12.02440114633,10.43542310727,11.31856482282,12.02440114672,12.02440114672,12.02440114627,12.02440114627,12.02440114664,12.02440114664,12.02440114665,12.02440114667,11.81713983929,12.02440114629,12.02440114629,12.02440114629,12.02440114622,12.02440114622,12.02440114632,12.02440114632,12.02440114629,12.02440114629,12.02440114629,12.0244011463,12.0244011463,12.02440114633,12.02440114633,12.02440114609,12.02440114592,11.11236468332,8.29710020589,7.85352193809
"t21",6.0656170522,2.461350609,3.464444049,3.464444049,3.46444404894,3.46444404898,3.46444404898,3.46444404894,3.43352698718,3.464444049,3.46444404899,3.4644440489,3.381511158,3.4644440489,3.4644440487,0,4.77621994,8.08865010879,8.73215839369,11.65782088359,11.72697357919,11.72697357919,11.59875039439,11.72697357939,9.10509876619,11.72697357989,11.72697357989,11.72697357989,10.28721047609,9.40534850599,11.72697357929,11.13833535439,11.72697357949,10.41919699489,11.72697357961,11.16323864881,11.72697357971,11.72697357971,11.726973579452,11.726973579452,11.72697357951,10.86526550699,11.48888296249,11.72697357959,11.72697357909,11.72697357909,11.55665527639,11.726973579389,11.726973579389,11.72697357939,10.75029429478,11.17637843589,11.72697357959,11.72697357959,11.72697357949,11.72697357959,11.72697357959,11.72697357959,10.78402928259,11.72697357899,11.72697357899,11.72697357899,11.72697357899,11.7269735790031,11.7269735790031,11.72697357899,11.726973579,11.726973579,11.72697357893,11.68938833099,11.72697357899,9.14863349169,8.78475123589,10.85514703819,10.66643179519,9.44827579199,8.22631160539,8.59320671109,11.72697357959,11.7269735796,11.7269735796,10.28355748264,11.72697357939,9.93090382953,11.72697357923,11.72697357923,11.72697357923,11.72697357953,11.72697357956,11.72697357955,11.72697357955,11.72697357973,11.72697357979,11.72697357979,11.72697357969,11.72697357973,11.72697357963,11.72697357963,11.72697357963,11.72697357973,11.72697357973,11.61720981733,11.72697357973,11.72697357963,11.72697357963,11.72697357913,11.33739708583,11.35138847449,11.72697357959,11.72697357963,11.72697357963,10.13799554057,11.02113725612,11.72697358002,11.72697358002,11.72697357957,11.72697357957,11.72697357994,11.72697357994,11.72697357995,11.72697357997,11.51971227259,11.72697357959,11.72697357959,11.72697357959,11.72697357952,11.72697357952,11.72697357962,11.72697357962,11.72697357959,11.72697357959,11.72697357959,11.7269735796,11.7269735796,11.72697357963,11.72697357963,11.72697357939,11.72697357922,10.81493711662,7.99967263919,7.55609437139
"t9",4.8429621002,4.070554067,5.073647507,5.073647507,5.07364750694,5.07364750698,5.07364750698,5.07364750694,5.04273044518,5.073647507,5.07364750699,5.0736475069,4.990714616,5.0736475069,5.0736475067,4.77621994,0,6.86599515679,7.50950344169,10.43516593159,10.50431862719,10.50431862719,10.37609544239,10.50431862739,7.88244381419,10.50431862789,10.50431862789,10.50431862789,9.06455552409,8.18269355399,10.50431862729,9.91568040239,10.50431862749,9.19654204289,10.50431862761,9.94058369681,10.50431862771,10.50431862771,10.504318627452,10.504318627452,10.50431862751,9.64261055499,10.26622801049,10.50431862759,10.50431862709,10.50431862709,10.33400032439,10.504318627389,10.504318627389,10.50431862739,9.52763934278,9.95372348389,10.50431862759,10.50431862759,10.50431862749,10.50431862759,10.50431862759,10.50431862759,9.56137433059,10.50431862699,10.50431862699,10.50431862699,10.50431862699,10.5043186270031,10.5043186270031,10.50431862699,10.504318627,10.504318627,10.50431862693,10.46673337899,10.50431862699,7.92597853969,7.56209628389,9.63249208619,9.44377684319,8.22562083999,7.00365665339,7.37055175909,10.50431862759,10.5043186276,10.5043186276,9.06090253064,10.50431862739,8.70824887753,10.50431862723,10.50431862723,10.50431862723,10.50431862753,10.50431862756,10.50431862755,10.50431862755,10.50431862773,10.50431862779,10.50431862779,10.50431862769,10.50431862773,10.50431862763,10.50431862763,10.50431862763,10.50431862773,10.50431862773,10.39455486533,10.50431862773,10.50431862763,10.50431862763,10.50431862713,10.11474213383,10.12873352249,10.50431862759,10.50431862763,10.50431862763,8.91534058857,9.79848230412,10.50431862802,10.50431862802,10.50431862757,10.50431862757,10.50431862794,10.50431862794,10.50431862795,10.50431862797,10.29705732059,10.50431862759,10.50431862759,10.50431862759,10.50431862752,10.50431862752,10.50431862762,10.50431862762,10.50431862759,10.50431862759,10.50431862759,10.5043186276,10.5043186276,10.50431862763,10.50431862763,10.50431862739,10.50431862722,9.59228216462,6.77701768719,6.33343941939
"t4",2.80539067099,7.38298423579,8.38607767579,8.38607767579,8.38607767573,8.38607767577,8.38607767577,8.38607767573,8.35516061397,8.38607767579,8.38607767578,8.38607767569,8.30314478479,8.38607767569,8.38607767549,8.08865010879,6.86599515679,0,1.4561405503,4.3818030402,4.4509557358,4.4509557358,4.322732551,4.450955736,1.8290809228,4.4509557365,4.4509557365,4.4509557365,3.0111926327,2.1293306626,4.4509557359,3.862317511,4.4509557361,3.1431791515,4.45095573622,3.88722080542,4.45095573632,4.45095573632,4.450955736062,4.450955736062,4.45095573612,3.5892476636,4.2128651191,4.4509557362,4.4509557357,4.4509557357,4.280637433,4.450955735999,4.450955735999,4.450955736,3.47427645139,5.7558821209,6.3064772646,6.3064772646,6.3064772645,6.3064772646,6.3064772646,6.3064772646,5.3635329676,6.306477264,6.306477264,6.306477264,6.306477264,6.3064772640131,6.3064772640131,6.306477264,6.30647726401,6.30647726401,6.30647726394,6.268892016,6.306477264,3.7281371767,3.7976989787,5.868094781,5.679379538,4.4612235348,3.2392593482,3.6061544539,6.7399213224,6.73992132241,6.73992132241,5.29650522545,6.7399213222,4.94385157234,6.73992132204,6.73992132204,6.73992132204,6.73992132234,6.73992132237,6.73992132236,6.73992132236,6.73992132254,6.7399213226,6.7399213226,6.7399213225,6.73992132254,6.73992132244,6.73992132244,6.73992132244,6.73992132254,6.73992132254,6.63015756014,6.73992132254,6.73992132244,6.73992132244,6.73992132194,6.35034482864,6.3643362173,6.7399213224,6.73992132244,6.73992132244,5.15094328338,6.03408499893,6.73992132283,6.73992132283,6.73992132238,6.73992132238,6.73992132275,6.73992132275,6.73992132276,6.73992132278,6.5326600154,6.7399213224,6.7399213224,6.7399213224,6.73992132233,6.73992132233,6.73992132243,6.73992132243,6.7399213224,6.7399213224,6.7399213224,6.73992132241,6.73992132241,6.73992132244,6.73992132244,6.7399213222,6.73992132203,5.82788485943,4.6587767348,4.215198467
"t13",3.44889895589,8.02649252069,9.02958596069,9.02958596069,9.02958596063,9.02958596067,9.02958596067,9.02958596063,8.99866889887,9.02958596069,9.02958596068,9.02958596059,8.94665306969,9.02958596059,9.02958596039,8.73215839369,7.50950344169,1.4561405503,0,3.3051167281,3.3742694237,3.3742694237,3.2460462389,3.3742694239,1.4303062541,4.2978399182,4.2978399182,4.2978399182,3.3495288748,2.4676669047,4.789291978,4.2006537531,4.7892919782,3.4815153936,4.78929197832,4.22555704752,4.78929197842,4.78929197842,4.789291978162,4.789291978162,4.78929197822,3.9275839057,4.5512013612,4.7892919783,4.7892919778,4.7892919778,4.6189736751,4.789291978099,4.789291978099,4.7892919781,3.81261269349,6.3993904058,6.9499855495,6.9499855495,6.9499855494,6.9499855495,6.9499855495,6.9499855495,6.0070412525,6.9499855489,6.9499855489,6.9499855489,6.9499855489,6.9499855489131,6.9499855489131,6.9499855489,6.94998554891,6.94998554891,6.94998554884,6.9124003009,6.9499855489,4.3716454616,4.4412072636,6.5116030659,6.3228878229,5.1047318197,3.8827676331,4.2496627388,7.3834296073,7.38342960731,7.38342960731,5.94001351035,7.3834296071,5.58735985724,7.38342960694,7.38342960694,7.38342960694,7.38342960724,7.38342960727,7.38342960726,7.38342960726,7.38342960744,7.3834296075,7.3834296075,7.3834296074,7.38342960744,7.38342960734,7.38342960734,7.38342960734,7.38342960744,7.38342960744,7.27366584504,7.38342960744,7.38342960734,7.38342960734,7.38342960684,6.99385311354,7.0078445022,7.3834296073,7.38342960734,7.38342960734,5.79445156828,6.67759328383,7.38342960773,7.38342960773,7.38342960728,7.38342960728,7.38342960765,7.38342960765,7.38342960766,7.38342960768,7.1761683003,7.3834296073,7.3834296073,7.3834296073,7.38342960723,7.38342960723,7.38342960733,7.38342960733,7.3834296073,7.3834296073,7.3834296073,7.38342960731,7.38342960731,7.38342960734,7.38342960734,7.3834296071,7.38342960693,6.47139314433,5.3022850197,4.8587067519
