"","t1","t43","t58","t73","t74","t17","t13","t69","t67","t68","t32","t23","t34","t15","t9","t8","t29","t30","t22","t2","t20","t93","t94","t11","t41","t42","t10","t35","t37","t38","t4","t7","t75","t79","t80","t49","t50","t12","t81","t82","t54","t55","t31","t45","t46","t83","t84","t78","t71","t72","t18","t14","t25","t70","t99","t100","t89","t90","t26","t65","t66","t57","t56","t5","t40","t16","t59","t60","t6","t95","t96","t33","t51","t97","t98","t21","t87","t88","t44","t52","t53","t85","t86","t27","t28","t63","t64","t39","t3","t24","t61","t62","t36","t76","t77","t91","t92","t19","t47","t48"
"t1",0,0.5016935776,0.56198841184,0.561988411841,0.561988411841,0.56198841181,0.927543550576,0.927543550586,0.927543550576,0.927543550576,0.927543550586,0.927543550586,0.927543550626,0.927543550626,0.927543550586,0.927543550646,0.927543550606,0.927543550606,0.927543550596,0.927543550646,1.93405000261,1.93405000261,1.93405000261,1.93405000258,1.93405000261,1.93405000261,1.9340500026,1.93405000266,1.934050002661,1.934050002661,1.934050002656,1.934050002604,1.934050002674,1.934050002674,1.934050002674,1.934050002586,1.934050002586,1.934050002667,1.934050002627,1.934050002627,1.93405000261,1.93405000261,1.93405000263,1.93405000263,1.93405000263,1.934050002661,1.934050002661,1.934050002657,1.934050002624,1.934050002624,1.934050002634,1.934050002604,1.934050002624,1.934050002624,1.93405000262556,1.93405000262556,1.934050002622,1.934050002622,1.934050002624,1.9340500025911,1.9340500025911,1.9340500025911,1.934050002594,1.934050002594,1.934050002594,1.93405000256,1.93405000259,1.93405000259,1.93405000264,1.93405000266,1.93405000266,1.93405000263,1.93405000263,1.9340500026283,1.9340500026283,1.93405000264,1.934050002642,1.934050002642,1.93405000264,1.93405000268,1.93405000268,1.934050002682,1.934050002682,1.934050002647,1.934050002647,1.934050002637,1.934050002637,1.934050002647,1.934050002597,1.934050002657,1.934050002657,1.934050002657,1.934050002647,1.934050002655,1.934050002655,1.934050002647,1.934050002647,1.934050002647,1.934050002677,1.934050002677
"t43",0.5016935776,0,0.56198841184,0.561988411841,0.561988411841,0.56198841181,0.927543550576,0.927543550586,0.927543550576,0.927543550576,0.927543550586,0.927543550586,0.927543550626,0.927543550626,0.927543550586,0.927543550646,0.927543550606,0.927543550606,0.927543550596,0.927543550646,1.93405000261,1.93405000261,1.93405000261,1.93405000258,1.93405000261,1.93405000261,1.9340500026,1.93405000266,1.934050002661,1.934050002661,1.934050002656,1.934050002604,1.934050002674,1.934050002674,1.934050002674,1.934050002586,1.934050002586,1.934050002667,1.934050002627,1.934050002627,1.93405000261,1.93405000261,1.93405000263,1.93405000263,1.93405000263,1.934050002661,1.934050002661,1.934050002657,1.934050002624,1.934050002624,1.934050002634,1.934050002604,1.934050002624,1.934050002624,1.93405000262556,1.93405000262556,1.934050002622,1.934050002622,1.934050002624,1.9340500025911,1.9340500025911,1.9340500025911,1.934050002594,1.934050002594,1.934050002594,1.93405000256,1.93405000259,1.93405000259,1.93405000264,1.93405000266,1.93405000266,1.93405000263,1.93405000263,1.9340500026283,1.9340500026283,1.93405000264,1.934050002642,1.934050002642,1.93405000264,1.93405000268,1.93405000268,1.934050002682,1.934050002682,1.934050002647,1.934050002647,1.934050002637,1.934050002637,1.934050002647,1.934050002597,1.934050002657,1.934050002657,1.934050002657,1.934050002647,1.934050002655,1.934050002655,1.934050002647,1.934050002647,1.934050002647,1.934050002677,1.934050002677
"t58",0.56198841184,0.56198841184,0,0.046375945061,0.046375945061,0.21270468823,0.927543550596,0.927543550606,0.927543550596,0.927543550596,0.927543550606,0.927543550606,0.927543550646,0.927543550646,0.927543550606,0.927543550666,0.927543550626,0.927543550626,0.927543550616,0.927543550666,1.93405000263,1.93405000263,1.93405000263,1.9340500026,1.93405000263,1.93405000263,1.93405000262,1.93405000268,1.934050002681,1.934050002681,1.934050002676,1.934050002624,1.934050002694,1.934050002694,1.934050002694,1.934050002606,1.934050002606,1.934050002687,1.934050002647,1.934050002647,1.93405000263,1.93405000263,1.93405000265,1.93405000265,1.93405000265,1.934050002681,1.934050002681,1.934050002677,1.934050002644,1.934050002644,1.934050002654,1.934050002624,1.934050002644,1.934050002644,1.93405000264556,1.93405000264556,1.934050002642,1.934050002642,1.934050002644,1.9340500026111,1.9340500026111,1.9340500026111,1.934050002614,1.934050002614,1.934050002614,1.93405000258,1.93405000261,1.93405000261,1.93405000266,1.93405000268,1.93405000268,1.93405000265,1.93405000265,1.9340500026483,1.9340500026483,1.93405000266,1.934050002662,1.934050002662,1.93405000266,1.9340500027,1.9340500027,1.934050002702,1.934050002702,1.934050002667,1.934050002667,1.934050002657,1.934050002657,1.934050002667,1.934050002617,1.934050002677,1.934050002677,1.934050002677,1.934050002667,1.934050002675,1.934050002675,1.934050002667,1.934050002667,1.934050002667,1.934050002697,1.934050002697
"t73",0.561988411841,0.561988411841,0.046375945061,0,0.02755498876,0.212704688231,0.927543550597,0.927543550607,0.927543550597,0.927543550597,0.927543550607,0.927543550607,0.927543550647,0.927543550647,0.927543550607,0.927543550667,0.927543550627,0.927543550627,0.927543550617,0.927543550667,1.934050002631,1.934050002631,1.934050002631,1.934050002601,1.934050002631,1.934050002631,1.934050002621,1.934050002681,1.934050002682,1.934050002682,1.934050002677,1.934050002625,1.934050002695,1.934050002695,1.934050002695,1.934050002607,1.934050002607,1.934050002688,1.934050002648,1.934050002648,1.934050002631,1.934050002631,1.934050002651,1.934050002651,1.934050002651,1.934050002682,1.934050002682,1.934050002678,1.934050002645,1.934050002645,1.934050002655,1.934050002625,1.934050002645,1.934050002645,1.93405000264656,1.93405000264656,1.934050002643,1.934050002643,1.934050002645,1.9340500026121,1.9340500026121,1.9340500026121,1.934050002615,1.934050002615,1.934050002615,1.934050002581,1.934050002611,1.934050002611,1.934050002661,1.934050002681,1.934050002681,1.934050002651,1.934050002651,1.9340500026493,1.9340500026493,1.934050002661,1.934050002663,1.934050002663,1.934050002661,1.934050002701,1.934050002701,1.934050002703,1.934050002703,1.934050002668,1.934050002668,1.934050002658,1.934050002658,1.934050002668,1.934050002618,1.934050002678,1.934050002678,1.934050002678,1.934050002668,1.934050002676,1.934050002676,1.934050002668,1.934050002668,1.934050002668,1.934050002698,1.934050002698
"t74",0.561988411841,0.561988411841,0.046375945061,0.02755498876,0,0.212704688231,0.927543550597,0.927543550607,0.927543550597,0.927543550597,0.927543550607,0.927543550607,0.927543550647,0.927543550647,0.927543550607,0.927543550667,0.927543550627,0.927543550627,0.927543550617,0.927543550667,1.934050002631,1.934050002631,1.934050002631,1.934050002601,1.934050002631,1.934050002631,1.934050002621,1.934050002681,1.934050002682,1.934050002682,1.934050002677,1.934050002625,1.934050002695,1.934050002695,1.934050002695,1.934050002607,1.934050002607,1.934050002688,1.934050002648,1.934050002648,1.934050002631,1.934050002631,1.934050002651,1.934050002651,1.934050002651,1.934050002682,1.934050002682,1.934050002678,1.934050002645,1.934050002645,1.934050002655,1.934050002625,1.934050002645,1.934050002645,1.93405000264656,1.93405000264656,1.934050002643,1.934050002643,1.934050002645,1.9340500026121,1.9340500026121,1.9340500026121,1.934050002615,1.934050002615,1.934050002615,1.934050002581,1.934050002611,1.934050002611,1.934050002661,1.934050002681,1.934050002681,1.934050002651,1.934050002651,1.9340500026493,1.9340500026493,1.934050002661,1.934050002663,1.934050002663,1.934050002661,1.934050002701,1.934050002701,1.934050002703,1.934050002703,1.934050002668,1.934050002668,1.934050002658,1.934050002658,1.934050002668,1.934050002618,1.934050002678,1.934050002678,1.934050002678,1.934050002668,1.934050002676,1.934050002676,1.934050002668,1.934050002668,1.934050002668,1.934050002698,1.934050002698
"t17",0.56198841181,0.56198841181,0.21270468823,0.212704688231,0.212704688231,0,0.927543550566,0.927543550576,0.927543550566,0.927543550566,0.927543550576,0.927543550576,0.927543550616,0.927543550616,0.927543550576,0.927543550636,0.927543550596,0.927543550596,0.927543550586,0.927543550636,1.9340500026,1.9340500026,1.9340500026,1.93405000257,1.9340500026,1.9340500026,1.93405000259,1.93405000265,1.934050002651,1.934050002651,1.934050002646,1.934050002594,1.934050002664,1.934050002664,1.934050002664,1.934050002576,1.934050002576,1.934050002657,1.934050002617,1.934050002617,1.9340500026,1.9340500026,1.93405000262,1.93405000262,1.93405000262,1.934050002651,1.934050002651,1.934050002647,1.934050002614,1.934050002614,1.934050002624,1.934050002594,1.934050002614,1.934050002614,1.93405000261556,1.93405000261556,1.934050002612,1.934050002612,1.934050002614,1.9340500025811,1.9340500025811,1.9340500025811,1.934050002584,1.934050002584,1.934050002584,1.93405000255,1.93405000258,1.93405000258,1.93405000263,1.93405000265,1.93405000265,1.93405000262,1.93405000262,1.9340500026183,1.9340500026183,1.93405000263,1.934050002632,1.934050002632,1.93405000263,1.93405000267,1.93405000267,1.934050002672,1.934050002672,1.934050002637,1.934050002637,1.934050002627,1.934050002627,1.934050002637,1.934050002587,1.934050002647,1.934050002647,1.934050002647,1.934050002637,1.934050002645,1.934050002645,1.934050002637,1.934050002637,1.934050002637,1.934050002667,1.934050002667
"t13",0.927543550576,0.927543550576,0.927543550596,0.927543550597,0.927543550597,0.927543550566,0,0.24989084701,0.249890847,0.249890847,0.24989084701,0.24989084701,0.34838245791,0.34838245791,0.34838245787,0.64269334733,0.64269334729,0.64269334729,0.64269334728,0.91351945693,1.934050002566,1.934050002566,1.934050002566,1.934050002536,1.934050002566,1.934050002566,1.934050002556,1.934050002616,1.934050002617,1.934050002617,1.934050002612,1.93405000256,1.93405000263,1.93405000263,1.93405000263,1.934050002542,1.934050002542,1.934050002623,1.934050002583,1.934050002583,1.934050002566,1.934050002566,1.934050002586,1.934050002586,1.934050002586,1.934050002617,1.934050002617,1.934050002613,1.93405000258,1.93405000258,1.93405000259,1.93405000256,1.93405000258,1.93405000258,1.93405000258156,1.93405000258156,1.934050002578,1.934050002578,1.93405000258,1.9340500025471,1.9340500025471,1.9340500025471,1.93405000255,1.93405000255,1.93405000255,1.934050002516,1.934050002546,1.934050002546,1.934050002596,1.934050002616,1.934050002616,1.934050002586,1.934050002586,1.9340500025843,1.9340500025843,1.934050002596,1.934050002598,1.934050002598,1.934050002596,1.934050002636,1.934050002636,1.934050002638,1.934050002638,1.934050002603,1.934050002603,1.934050002593,1.934050002593,1.934050002603,1.934050002553,1.934050002613,1.934050002613,1.934050002613,1.934050002603,1.934050002611,1.934050002611,1.934050002603,1.934050002603,1.934050002603,1.934050002633,1.934050002633
"t69",0.927543550586,0.927543550586,0.927543550606,0.927543550607,0.927543550607,0.927543550576,0.24989084701,0,0.08217118607,0.08217118607,0.13080682702,0.17700641858,0.34838245792,0.34838245792,0.34838245788,0.64269334734,0.6426933473,0.6426933473,0.64269334729,0.91351945694,1.934050002576,1.934050002576,1.934050002576,1.934050002546,1.934050002576,1.934050002576,1.934050002566,1.934050002626,1.934050002627,1.934050002627,1.934050002622,1.93405000257,1.93405000264,1.93405000264,1.93405000264,1.934050002552,1.934050002552,1.934050002633,1.934050002593,1.934050002593,1.934050002576,1.934050002576,1.934050002596,1.934050002596,1.934050002596,1.934050002627,1.934050002627,1.934050002623,1.93405000259,1.93405000259,1.9340500026,1.93405000257,1.93405000259,1.93405000259,1.93405000259156,1.93405000259156,1.934050002588,1.934050002588,1.93405000259,1.9340500025571,1.9340500025571,1.9340500025571,1.93405000256,1.93405000256,1.93405000256,1.934050002526,1.934050002556,1.934050002556,1.934050002606,1.934050002626,1.934050002626,1.934050002596,1.934050002596,1.9340500025943,1.9340500025943,1.934050002606,1.934050002608,1.934050002608,1.934050002606,1.934050002646,1.934050002646,1.934050002648,1.934050002648,1.934050002613,1.934050002613,1.934050002603,1.934050002603,1.934050002613,1.934050002563,1.934050002623,1.934050002623,1.934050002623,1.934050002613,1.934050002621,1.934050002621,1.934050002613,1.934050002613,1.934050002613,1.934050002643,1.934050002643
"t67",0.927543550576,0.927543550576,0.927543550596,0.927543550597,0.927543550597,0.927543550566,0.249890847,0.08217118607,0,0.03663467852,0.13080682701,0.17700641857,0.34838245791,0.34838245791,0.34838245787,0.64269334733,0.64269334729,0.64269334729,0.64269334728,0.91351945693,1.934050002566,1.934050002566,1.934050002566,1.934050002536,1.934050002566,1.934050002566,1.934050002556,1.934050002616,1.934050002617,1.934050002617,1.934050002612,1.93405000256,1.93405000263,1.93405000263,1.93405000263,1.934050002542,1.934050002542,1.934050002623,1.934050002583,1.934050002583,1.934050002566,1.934050002566,1.934050002586,1.934050002586,1.934050002586,1.934050002617,1.934050002617,1.934050002613,1.93405000258,1.93405000258,1.93405000259,1.93405000256,1.93405000258,1.93405000258,1.93405000258156,1.93405000258156,1.934050002578,1.934050002578,1.93405000258,1.9340500025471,1.9340500025471,1.9340500025471,1.93405000255,1.93405000255,1.93405000255,1.934050002516,1.934050002546,1.934050002546,1.934050002596,1.934050002616,1.934050002616,1.934050002586,1.934050002586,1.9340500025843,1.9340500025843,1.934050002596,1.934050002598,1.934050002598,1.934050002596,1.934050002636,1.934050002636,1.934050002638,1.934050002638,1.934050002603,1.934050002603,1.934050002593,1.934050002593,1.934050002603,1.934050002553,1.934050002613,1.934050002613,1.934050002613,1.934050002603,1.934050002611,1.934050002611,1.934050002603,1.934050002603,1.934050002603,1.934050002633,1.934050002633
"t68",0.927543550576,0.927543550576,0.927543550596,0.927543550597,0.927543550597,0.927543550566,0.249890847,0.08217118607,0.03663467852,0,0.13080682701,0.17700641857,0.34838245791,0.34838245791,0.34838245787,0.64269334733,0.64269334729,0.64269334729,0.64269334728,0.91351945693,1.934050002566,1.934050002566,1.934050002566,1.934050002536,1.934050002566,1.934050002566,1.934050002556,1.934050002616,1.934050002617,1.934050002617,1.934050002612,1.93405000256,1.93405000263,1.93405000263,1.93405000263,1.934050002542,1.934050002542,1.934050002623,1.934050002583,1.934050002583,1.934050002566,1.934050002566,1.934050002586,1.934050002586,1.934050002586,1.934050002617,1.934050002617,1.934050002613,1.93405000258,1.93405000258,1.93405000259,1.93405000256,1.93405000258,1.93405000258,1.93405000258156,1.93405000258156,1.934050002578,1.934050002578,1.93405000258,1.9340500025471,1.9340500025471,1.9340500025471,1.93405000255,1.93405000255,1.93405000255,1.934050002516,1.934050002546,1.934050002546,1.934050002596,1.934050002616,1.934050002616,1.934050002586,1.934050002586,1.9340500025843,1.9340500025843,1.934050002596,1.934050002598,1.934050002598,1.934050002596,1.934050002636,1.934050002636,1.934050002638,1.934050002638,1.934050002603,1.934050002603,1.934050002593,1.934050002593,1.934050002603,1.934050002553,1.934050002613,1.934050002613,1.934050002613,1.934050002603,1.934050002611,1.934050002611,1.934050002603,1.934050002603,1.934050002603,1.934050002633,1.934050002633
"t32",0.927543550586,0.927543550586,0.927543550606,0.927543550607,0.927543550607,0.927543550576,0.24989084701,0.13080682702,0.13080682701,0.13080682701,0,0.17700641858,0.34838245792,0.34838245792,0.34838245788,0.64269334734,0.6426933473,0.6426933473,0.64269334729,0.91351945694,1.934050002576,1.934050002576,1.934050002576,1.934050002546,1.934050002576,1.934050002576,1.934050002566,1.934050002626,1.934050002627,1.934050002627,1.934050002622,1.93405000257,1.93405000264,1.93405000264,1.93405000264,1.934050002552,1.934050002552,1.934050002633,1.934050002593,1.934050002593,1.934050002576,1.934050002576,1.934050002596,1.934050002596,1.934050002596,1.934050002627,1.934050002627,1.934050002623,1.93405000259,1.93405000259,1.9340500026,1.93405000257,1.93405000259,1.93405000259,1.93405000259156,1.93405000259156,1.934050002588,1.934050002588,1.93405000259,1.9340500025571,1.9340500025571,1.9340500025571,1.93405000256,1.93405000256,1.93405000256,1.934050002526,1.934050002556,1.934050002556,1.934050002606,1.934050002626,1.934050002626,1.934050002596,1.934050002596,1.9340500025943,1.9340500025943,1.934050002606,1.934050002608,1.934050002608,1.934050002606,1.934050002646,1.934050002646,1.934050002648,1.934050002648,1.934050002613,1.934050002613,1.934050002603,1.934050002603,1.934050002613,1.934050002563,1.934050002623,1.934050002623,1.934050002623,1.934050002613,1.934050002621,1.934050002621,1.934050002613,1.934050002613,1.934050002613,1.934050002643,1.934050002643
"t23",0.927543550586,0.927543550586,0.927543550606,0.927543550607,0.927543550607,0.927543550576,0.24989084701,0.17700641858,0.17700641857,0.17700641857,0.17700641858,0,0.34838245792,0.34838245792,0.34838245788,0.64269334734,0.6426933473,0.6426933473,0.64269334729,0.91351945694,1.934050002576,1.934050002576,1.934050002576,1.934050002546,1.934050002576,1.934050002576,1.934050002566,1.934050002626,1.934050002627,1.934050002627,1.934050002622,1.93405000257,1.93405000264,1.93405000264,1.93405000264,1.934050002552,1.934050002552,1.934050002633,1.934050002593,1.934050002593,1.934050002576,1.934050002576,1.934050002596,1.934050002596,1.934050002596,1.934050002627,1.934050002627,1.934050002623,1.93405000259,1.93405000259,1.9340500026,1.93405000257,1.93405000259,1.93405000259,1.93405000259156,1.93405000259156,1.934050002588,1.934050002588,1.93405000259,1.9340500025571,1.9340500025571,1.9340500025571,1.93405000256,1.93405000256,1.93405000256,1.934050002526,1.934050002556,1.934050002556,1.934050002606,1.934050002626,1.934050002626,1.934050002596,1.934050002596,1.9340500025943,1.9340500025943,1.934050002606,1.934050002608,1.934050002608,1.934050002606,1.934050002646,1.934050002646,1.934050002648,1.934050002648,1.934050002613,1.934050002613,1.934050002603,1.934050002603,1.934050002613,1.934050002563,1.934050002623,1.934050002623,1.934050002623,1.934050002613,1.934050002621,1.934050002621,1.934050002613,1.934050002613,1.934050002613,1.934050002643,1.934050002643
"t34",0.927543550626,0.927543550626,0.927543550646,0.927543550647,0.927543550647,0.927543550616,0.34838245791,0.34838245792,0.34838245791,0.34838245791,0.34838245792,0.34838245792,0,0.2239302402,0.26720580964,0.64269334738,0.64269334734,0.64269334734,0.64269334733,0.91351945698,1.934050002616,1.934050002616,1.934050002616,1.934050002586,1.934050002616,1.934050002616,1.934050002606,1.934050002666,1.934050002667,1.934050002667,1.934050002662,1.93405000261,1.93405000268,1.93405000268,1.93405000268,1.934050002592,1.934050002592,1.934050002673,1.934050002633,1.934050002633,1.934050002616,1.934050002616,1.934050002636,1.934050002636,1.934050002636,1.934050002667,1.934050002667,1.934050002663,1.93405000263,1.93405000263,1.93405000264,1.93405000261,1.93405000263,1.93405000263,1.93405000263156,1.93405000263156,1.934050002628,1.934050002628,1.93405000263,1.9340500025971,1.9340500025971,1.9340500025971,1.9340500026,1.9340500026,1.9340500026,1.934050002566,1.934050002596,1.934050002596,1.934050002646,1.934050002666,1.934050002666,1.934050002636,1.934050002636,1.9340500026343,1.9340500026343,1.934050002646,1.934050002648,1.934050002648,1.934050002646,1.934050002686,1.934050002686,1.934050002688,1.934050002688,1.934050002653,1.934050002653,1.934050002643,1.934050002643,1.934050002653,1.934050002603,1.934050002663,1.934050002663,1.934050002663,1.934050002653,1.934050002661,1.934050002661,1.934050002653,1.934050002653,1.934050002653,1.934050002683,1.934050002683
"t15",0.927543550626,0.927543550626,0.927543550646,0.927543550647,0.927543550647,0.927543550616,0.34838245791,0.34838245792,0.34838245791,0.34838245791,0.34838245792,0.34838245792,0.2239302402,0,0.26720580964,0.64269334738,0.64269334734,0.64269334734,0.64269334733,0.91351945698,1.934050002616,1.934050002616,1.934050002616,1.934050002586,1.934050002616,1.934050002616,1.934050002606,1.934050002666,1.934050002667,1.934050002667,1.934050002662,1.93405000261,1.93405000268,1.93405000268,1.93405000268,1.934050002592,1.934050002592,1.934050002673,1.934050002633,1.934050002633,1.934050002616,1.934050002616,1.934050002636,1.934050002636,1.934050002636,1.934050002667,1.934050002667,1.934050002663,1.93405000263,1.93405000263,1.93405000264,1.93405000261,1.93405000263,1.93405000263,1.93405000263156,1.93405000263156,1.934050002628,1.934050002628,1.93405000263,1.9340500025971,1.9340500025971,1.9340500025971,1.9340500026,1.9340500026,1.9340500026,1.934050002566,1.934050002596,1.934050002596,1.934050002646,1.934050002666,1.934050002666,1.934050002636,1.934050002636,1.9340500026343,1.9340500026343,1.934050002646,1.934050002648,1.934050002648,1.934050002646,1.934050002686,1.934050002686,1.934050002688,1.934050002688,1.934050002653,1.934050002653,1.934050002643,1.934050002643,1.934050002653,1.934050002603,1.934050002663,1.934050002663,1.934050002663,1.934050002653,1.934050002661,1.934050002661,1.934050002653,1.934050002653,1.934050002653,1.934050002683,1.934050002683
"t9",0.927543550586,0.927543550586,0.927543550606,0.927543550607,0.927543550607,0.927543550576,0.34838245787,0.34838245788,0.34838245787,0.34838245787,0.34838245788,0.34838245788,0.26720580964,0.26720580964,0,0.64269334734,0.6426933473,0.6426933473,0.64269334729,0.91351945694,1.934050002576,1.934050002576,1.934050002576,1.934050002546,1.934050002576,1.934050002576,1.934050002566,1.934050002626,1.934050002627,1.934050002627,1.934050002622,1.93405000257,1.93405000264,1.93405000264,1.93405000264,1.934050002552,1.934050002552,1.934050002633,1.934050002593,1.934050002593,1.934050002576,1.934050002576,1.934050002596,1.934050002596,1.934050002596,1.934050002627,1.934050002627,1.934050002623,1.93405000259,1.93405000259,1.9340500026,1.93405000257,1.93405000259,1.93405000259,1.93405000259156,1.93405000259156,1.934050002588,1.934050002588,1.93405000259,1.9340500025571,1.9340500025571,1.9340500025571,1.93405000256,1.93405000256,1.93405000256,1.934050002526,1.934050002556,1.934050002556,1.934050002606,1.934050002626,1.934050002626,1.934050002596,1.934050002596,1.9340500025943,1.9340500025943,1.934050002606,1.934050002608,1.934050002608,1.934050002606,1.934050002646,1.934050002646,1.934050002648,1.934050002648,1.934050002613,1.934050002613,1.934050002603,1.934050002603,1.934050002613,1.934050002563,1.934050002623,1.934050002623,1.934050002623,1.934050002613,1.934050002621,1.934050002621,1.934050002613,1.934050002613,1.934050002613,1.934050002643,1.934050002643
"t8",0.927543550646,0.927543550646,0.927543550666,0.927543550667,0.927543550667,0.927543550636,0.64269334733,0.64269334734,0.64269334733,0.64269334733,0.64269334734,0.64269334734,0.64269334738,0.64269334738,0.64269334734,0,0.28299754816,0.28299754816,0.28299754815,0.913519457,1.934050002636,1.934050002636,1.934050002636,1.934050002606,1.934050002636,1.934050002636,1.934050002626,1.934050002686,1.934050002687,1.934050002687,1.934050002682,1.93405000263,1.9340500027,1.9340500027,1.9340500027,1.934050002612,1.934050002612,1.934050002693,1.934050002653,1.934050002653,1.934050002636,1.934050002636,1.934050002656,1.934050002656,1.934050002656,1.934050002687,1.934050002687,1.934050002683,1.93405000265,1.93405000265,1.93405000266,1.93405000263,1.93405000265,1.93405000265,1.93405000265156,1.93405000265156,1.934050002648,1.934050002648,1.93405000265,1.9340500026171,1.9340500026171,1.9340500026171,1.93405000262,1.93405000262,1.93405000262,1.934050002586,1.934050002616,1.934050002616,1.934050002666,1.934050002686,1.934050002686,1.934050002656,1.934050002656,1.9340500026543,1.9340500026543,1.934050002666,1.934050002668,1.934050002668,1.934050002666,1.934050002706,1.934050002706,1.934050002708,1.934050002708,1.934050002673,1.934050002673,1.934050002663,1.934050002663,1.934050002673,1.934050002623,1.934050002683,1.934050002683,1.934050002683,1.934050002673,1.934050002681,1.934050002681,1.934050002673,1.934050002673,1.934050002673,1.934050002703,1.934050002703
"t29",0.927543550606,0.927543550606,0.927543550626,0.927543550627,0.927543550627,0.927543550596,0.64269334729,0.6426933473,0.64269334729,0.64269334729,0.6426933473,0.6426933473,0.64269334734,0.64269334734,0.6426933473,0.28299754816,0,0.14441028562,0.18031774327,0.91351945696,1.934050002596,1.934050002596,1.934050002596,1.934050002566,1.934050002596,1.934050002596,1.934050002586,1.934050002646,1.934050002647,1.934050002647,1.934050002642,1.93405000259,1.93405000266,1.93405000266,1.93405000266,1.934050002572,1.934050002572,1.934050002653,1.934050002613,1.934050002613,1.934050002596,1.934050002596,1.934050002616,1.934050002616,1.934050002616,1.934050002647,1.934050002647,1.934050002643,1.93405000261,1.93405000261,1.93405000262,1.93405000259,1.93405000261,1.93405000261,1.93405000261156,1.93405000261156,1.934050002608,1.934050002608,1.93405000261,1.9340500025771,1.9340500025771,1.9340500025771,1.93405000258,1.93405000258,1.93405000258,1.934050002546,1.934050002576,1.934050002576,1.934050002626,1.934050002646,1.934050002646,1.934050002616,1.934050002616,1.9340500026143,1.9340500026143,1.934050002626,1.934050002628,1.934050002628,1.934050002626,1.934050002666,1.934050002666,1.934050002668,1.934050002668,1.934050002633,1.934050002633,1.934050002623,1.934050002623,1.934050002633,1.934050002583,1.934050002643,1.934050002643,1.934050002643,1.934050002633,1.934050002641,1.934050002641,1.934050002633,1.934050002633,1.934050002633,1.934050002663,1.934050002663
"t30",0.927543550606,0.927543550606,0.927543550626,0.927543550627,0.927543550627,0.927543550596,0.64269334729,0.6426933473,0.64269334729,0.64269334729,0.6426933473,0.6426933473,0.64269334734,0.64269334734,0.6426933473,0.28299754816,0.14441028562,0,0.18031774327,0.91351945696,1.934050002596,1.934050002596,1.934050002596,1.934050002566,1.934050002596,1.934050002596,1.934050002586,1.934050002646,1.934050002647,1.934050002647,1.934050002642,1.93405000259,1.93405000266,1.93405000266,1.93405000266,1.934050002572,1.934050002572,1.934050002653,1.934050002613,1.934050002613,1.934050002596,1.934050002596,1.934050002616,1.934050002616,1.934050002616,1.934050002647,1.934050002647,1.934050002643,1.93405000261,1.93405000261,1.93405000262,1.93405000259,1.93405000261,1.93405000261,1.93405000261156,1.93405000261156,1.934050002608,1.934050002608,1.93405000261,1.9340500025771,1.9340500025771,1.9340500025771,1.93405000258,1.93405000258,1.93405000258,1.934050002546,1.934050002576,1.934050002576,1.934050002626,1.934050002646,1.934050002646,1.934050002616,1.934050002616,1.9340500026143,1.9340500026143,1.934050002626,1.934050002628,1.934050002628,1.934050002626,1.934050002666,1.934050002666,1.934050002668,1.934050002668,1.934050002633,1.934050002633,1.934050002623,1.934050002623,1.934050002633,1.934050002583,1.934050002643,1.934050002643,1.934050002643,1.934050002633,1.934050002641,1.934050002641,1.934050002633,1.934050002633,1.934050002633,1.934050002663,1.934050002663
"t22",0.927543550596,0.927543550596,0.927543550616,0.927543550617,0.927543550617,0.927543550586,0.64269334728,0.64269334729,0.64269334728,0.64269334728,0.64269334729,0.64269334729,0.64269334733,0.64269334733,0.64269334729,0.28299754815,0.18031774327,0.18031774327,0,0.91351945695,1.934050002586,1.934050002586,1.934050002586,1.934050002556,1.934050002586,1.934050002586,1.934050002576,1.934050002636,1.934050002637,1.934050002637,1.934050002632,1.93405000258,1.93405000265,1.93405000265,1.93405000265,1.934050002562,1.934050002562,1.934050002643,1.934050002603,1.934050002603,1.934050002586,1.934050002586,1.934050002606,1.934050002606,1.934050002606,1.934050002637,1.934050002637,1.934050002633,1.9340500026,1.9340500026,1.93405000261,1.93405000258,1.9340500026,1.9340500026,1.93405000260156,1.93405000260156,1.934050002598,1.934050002598,1.9340500026,1.9340500025671,1.9340500025671,1.9340500025671,1.93405000257,1.93405000257,1.93405000257,1.934050002536,1.934050002566,1.934050002566,1.934050002616,1.934050002636,1.934050002636,1.934050002606,1.934050002606,1.9340500026043,1.9340500026043,1.934050002616,1.934050002618,1.934050002618,1.934050002616,1.934050002656,1.934050002656,1.934050002658,1.934050002658,1.934050002623,1.934050002623,1.934050002613,1.934050002613,1.934050002623,1.934050002573,1.934050002633,1.934050002633,1.934050002633,1.934050002623,1.934050002631,1.934050002631,1.934050002623,1.934050002623,1.934050002623,1.934050002653,1.934050002653
"t2",0.927543550646,0.927543550646,0.927543550666,0.927543550667,0.927543550667,0.927543550636,0.91351945693,0.91351945694,0.91351945693,0.91351945693,0.91351945694,0.91351945694,0.91351945698,0.91351945698,0.91351945694,0.913519457,0.91351945696,0.91351945696,0.91351945695,0,1.934050002636,1.934050002636,1.934050002636,1.934050002606,1.934050002636,1.934050002636,1.934050002626,1.934050002686,1.934050002687,1.934050002687,1.934050002682,1.93405000263,1.9340500027,1.9340500027,1.9340500027,1.934050002612,1.934050002612,1.934050002693,1.934050002653,1.934050002653,1.934050002636,1.934050002636,1.934050002656,1.934050002656,1.934050002656,1.934050002687,1.934050002687,1.934050002683,1.93405000265,1.93405000265,1.93405000266,1.93405000263,1.93405000265,1.93405000265,1.93405000265156,1.93405000265156,1.934050002648,1.934050002648,1.93405000265,1.9340500026171,1.9340500026171,1.9340500026171,1.93405000262,1.93405000262,1.93405000262,1.934050002586,1.934050002616,1.934050002616,1.934050002666,1.934050002686,1.934050002686,1.934050002656,1.934050002656,1.9340500026543,1.9340500026543,1.934050002666,1.934050002668,1.934050002668,1.934050002666,1.934050002706,1.934050002706,1.934050002708,1.934050002708,1.934050002673,1.934050002673,1.934050002663,1.934050002663,1.934050002673,1.934050002623,1.934050002683,1.934050002683,1.934050002683,1.934050002673,1.934050002681,1.934050002681,1.934050002673,1.934050002673,1.934050002673,1.934050002703,1.934050002703
"t20",1.93405000261,1.93405000261,1.93405000263,1.934050002631,1.934050002631,1.9340500026,1.934050002566,1.934050002576,1.934050002566,1.934050002566,1.934050002576,1.934050002576,1.934050002616,1.934050002616,1.934050002576,1.934050002636,1.934050002596,1.934050002596,1.934050002586,1.934050002636,0,0.18751701514,0.18751701514,0.26032505123,0.33819750716,0.33819750716,0.33819750715,0.74933242441,0.749332424411,0.749332424411,0.749332424406,0.749332424354,0.749332424424,0.749332424424,0.749332424424,0.749332424336,0.749332424336,0.749332424417,0.749332424377,0.749332424377,0.74933242436,0.74933242436,0.74933242438,0.74933242438,0.74933242438,0.749332424411,0.749332424411,0.749332424407,0.749332424374,0.749332424374,0.749332424384,0.749332424354,0.749332424374,0.749332424374,0.749332424375564,0.749332424375564,0.749332424372,0.749332424372,0.749332424374,0.7493324243411,0.7493324243411,0.7493324243411,0.749332424344,0.749332424344,0.749332424344,0.74933242431,0.74933242434,0.74933242434,0.74933242439,0.74933242441,0.74933242441,1.74016938458,1.74016938458,1.7401693845783,1.7401693845783,1.74016938459,1.740169384592,1.740169384592,1.74016938459,1.74016938463,1.74016938463,1.740169384632,1.740169384632,1.740169384597,1.740169384597,1.740169384587,1.740169384587,1.740169384597,1.740169384547,1.740169384607,1.740169384607,1.740169384607,1.740169384597,1.740169384605,1.740169384605,1.740169384597,1.740169384597,1.740169384597,1.740169384627,1.740169384627
"t93",1.93405000261,1.93405000261,1.93405000263,1.934050002631,1.934050002631,1.9340500026,1.934050002566,1.934050002576,1.934050002566,1.934050002566,1.934050002576,1.934050002576,1.934050002616,1.934050002616,1.934050002576,1.934050002636,1.934050002596,1.934050002596,1.934050002586,1.934050002636,0.18751701514,0,0.0043932451,0.26032505123,0.33819750716,0.33819750716,0.33819750715,0.74933242441,0.749332424411,0.749332424411,0.749332424406,0.749332424354,0.749332424424,0.749332424424,0.749332424424,0.749332424336,0.749332424336,0.749332424417,0.749332424377,0.749332424377,0.74933242436,0.74933242436,0.74933242438,0.74933242438,0.74933242438,0.749332424411,0.749332424411,0.749332424407,0.749332424374,0.749332424374,0.749332424384,0.749332424354,0.749332424374,0.749332424374,0.749332424375564,0.749332424375564,0.749332424372,0.749332424372,0.749332424374,0.7493324243411,0.7493324243411,0.7493324243411,0.749332424344,0.749332424344,0.749332424344,0.74933242431,0.74933242434,0.74933242434,0.74933242439,0.74933242441,0.74933242441,1.74016938458,1.74016938458,1.7401693845783,1.7401693845783,1.74016938459,1.740169384592,1.740169384592,1.74016938459,1.74016938463,1.74016938463,1.740169384632,1.740169384632,1.740169384597,1.740169384597,1.740169384587,1.740169384587,1.740169384597,1.740169384547,1.740169384607,1.740169384607,1.740169384607,1.740169384597,1.740169384605,1.740169384605,1.740169384597,1.740169384597,1.740169384597,1.740169384627,1.740169384627
"t94",1.93405000261,1.93405000261,1.93405000263,1.934050002631,1.934050002631,1.9340500026,1.934050002566,1.934050002576,1.934050002566,1.934050002566,1.934050002576,1.934050002576,1.934050002616,1.934050002616,1.934050002576,1.934050002636,1.934050002596,1.934050002596,1.934050002586,1.934050002636,0.18751701514,0.0043932451,0,0.26032505123,0.33819750716,0.33819750716,0.33819750715,0.74933242441,0.749332424411,0.749332424411,0.749332424406,0.749332424354,0.749332424424,0.749332424424,0.749332424424,0.749332424336,0.749332424336,0.749332424417,0.749332424377,0.749332424377,0.74933242436,0.74933242436,0.74933242438,0.74933242438,0.74933242438,0.749332424411,0.749332424411,0.749332424407,0.749332424374,0.749332424374,0.749332424384,0.749332424354,0.749332424374,0.749332424374,0.749332424375564,0.749332424375564,0.749332424372,0.749332424372,0.749332424374,0.7493324243411,0.7493324243411,0.7493324243411,0.749332424344,0.749332424344,0.749332424344,0.74933242431,0.74933242434,0.74933242434,0.74933242439,0.74933242441,0.74933242441,1.74016938458,1.74016938458,1.7401693845783,1.7401693845783,1.74016938459,1.740169384592,1.740169384592,1.74016938459,1.74016938463,1.74016938463,1.740169384632,1.740169384632,1.740169384597,1.740169384597,1.740169384587,1.740169384587,1.740169384597,1.740169384547,1.740169384607,1.740169384607,1.740169384607,1.740169384597,1.740169384605,1.740169384605,1.740169384597,1.740169384597,1.740169384597,1.740169384627,1.740169384627
"t11",1.93405000258,1.93405000258,1.9340500026,1.934050002601,1.934050002601,1.93405000257,1.934050002536,1.934050002546,1.934050002536,1.934050002536,1.934050002546,1.934050002546,1.934050002586,1.934050002586,1.934050002546,1.934050002606,1.934050002566,1.934050002566,1.934050002556,1.934050002606,0.26032505123,0.26032505123,0.26032505123,0,0.33819750713,0.33819750713,0.33819750712,0.74933242438,0.749332424381,0.749332424381,0.749332424376,0.749332424324,0.749332424394,0.749332424394,0.749332424394,0.749332424306,0.749332424306,0.749332424387,0.749332424347,0.749332424347,0.74933242433,0.74933242433,0.74933242435,0.74933242435,0.74933242435,0.749332424381,0.749332424381,0.749332424377,0.749332424344,0.749332424344,0.749332424354,0.749332424324,0.749332424344,0.749332424344,0.749332424345564,0.749332424345564,0.749332424342,0.749332424342,0.749332424344,0.7493324243111,0.7493324243111,0.7493324243111,0.749332424314,0.749332424314,0.749332424314,0.74933242428,0.74933242431,0.74933242431,0.74933242436,0.74933242438,0.74933242438,1.74016938455,1.74016938455,1.7401693845483,1.7401693845483,1.74016938456,1.740169384562,1.740169384562,1.74016938456,1.7401693846,1.7401693846,1.740169384602,1.740169384602,1.740169384567,1.740169384567,1.740169384557,1.740169384557,1.740169384567,1.740169384517,1.740169384577,1.740169384577,1.740169384577,1.740169384567,1.740169384575,1.740169384575,1.740169384567,1.740169384567,1.740169384567,1.740169384597,1.740169384597
"t41",1.93405000261,1.93405000261,1.93405000263,1.934050002631,1.934050002631,1.9340500026,1.934050002566,1.934050002576,1.934050002566,1.934050002566,1.934050002576,1.934050002576,1.934050002616,1.934050002616,1.934050002576,1.934050002636,1.934050002596,1.934050002596,1.934050002586,1.934050002636,0.33819750716,0.33819750716,0.33819750716,0.33819750713,0,0.1028878775,0.26255477821,0.74933242441,0.749332424411,0.749332424411,0.749332424406,0.749332424354,0.749332424424,0.749332424424,0.749332424424,0.749332424336,0.749332424336,0.749332424417,0.749332424377,0.749332424377,0.74933242436,0.74933242436,0.74933242438,0.74933242438,0.74933242438,0.749332424411,0.749332424411,0.749332424407,0.749332424374,0.749332424374,0.749332424384,0.749332424354,0.749332424374,0.749332424374,0.749332424375564,0.749332424375564,0.749332424372,0.749332424372,0.749332424374,0.7493324243411,0.7493324243411,0.7493324243411,0.749332424344,0.749332424344,0.749332424344,0.74933242431,0.74933242434,0.74933242434,0.74933242439,0.74933242441,0.74933242441,1.74016938458,1.74016938458,1.7401693845783,1.7401693845783,1.74016938459,1.740169384592,1.740169384592,1.74016938459,1.74016938463,1.74016938463,1.740169384632,1.740169384632,1.740169384597,1.740169384597,1.740169384587,1.740169384587,1.740169384597,1.740169384547,1.740169384607,1.740169384607,1.740169384607,1.740169384597,1.740169384605,1.740169384605,1.740169384597,1.740169384597,1.740169384597,1.740169384627,1.740169384627
"t42",1.93405000261,1.93405000261,1.93405000263,1.934050002631,1.934050002631,1.9340500026,1.934050002566,1.934050002576,1.934050002566,1.934050002566,1.934050002576,1.934050002576,1.934050002616,1.934050002616,1.934050002576,1.934050002636,1.934050002596,1.934050002596,1.934050002586,1.934050002636,0.33819750716,0.33819750716,0.33819750716,0.33819750713,0.1028878775,0,0.26255477821,0.74933242441,0.749332424411,0.749332424411,0.749332424406,0.749332424354,0.749332424424,0.749332424424,0.749332424424,0.749332424336,0.749332424336,0.749332424417,0.749332424377,0.749332424377,0.74933242436,0.74933242436,0.74933242438,0.74933242438,0.74933242438,0.749332424411,0.749332424411,0.749332424407,0.749332424374,0.749332424374,0.749332424384,0.749332424354,0.749332424374,0.749332424374,0.749332424375564,0.749332424375564,0.749332424372,0.749332424372,0.749332424374,0.7493324243411,0.7493324243411,0.7493324243411,0.749332424344,0.749332424344,0.749332424344,0.74933242431,0.74933242434,0.74933242434,0.74933242439,0.74933242441,0.74933242441,1.74016938458,1.74016938458,1.7401693845783,1.7401693845783,1.74016938459,1.740169384592,1.740169384592,1.74016938459,1.74016938463,1.74016938463,1.740169384632,1.740169384632,1.740169384597,1.740169384597,1.740169384587,1.740169384587,1.740169384597,1.740169384547,1.740169384607,1.740169384607,1.740169384607,1.740169384597,1.740169384605,1.740169384605,1.740169384597,1.740169384597,1.740169384597,1.740169384627,1.740169384627
