"","t2","t30","t65","t66","t8","t67","t68","t34","t45","t46","t15","t77","t78","t70","t128","t129","t33","t83","t84","t69","t97","t98","t7","t18","t19","t93","t94","t80","t63","t64","t52","t53","t4","t5","t38","t39","t32","t11","t25","t113","t114","t36","t40","t41","t23","t28","t57","t58","t48","t49","t109","t110","t117","t118","t24","t16","t17","t22","t55","t115","t116","t76","t13","t14","t3","t21","t111","t112","t99","t100","t56","t9","t10","t27","t35","t122","t123","t89","t90","t6","t126","t127","t85","t59","t86","t103","t104","t72","t73","t43","t81","t105","t106","t54","t37","t42","t120","t121","t82","t1","t29","t31","t60","t61","t50","t51","t44","t12","t20","t101","t102","t71","t62","t47","t87","t88","t107","t108","t79","t26","t95","t96","t74","t75","t124","t125","t119","t91","t92"
"t2",0,4.9559569608,5.5405405811,5.08327952768,3.5622517748,5.5405405814,5.5405405814,5.3043230392,6.6789951042,6.6789951042,6.6789951035,6.6789951037,6.6789951037,6.6789951038,6.67899510378,6.67899510378,6.6789951036,6.678995103764,6.678995103764,6.264781064514,6.6789951037,6.6789951037,4.4779651802,5.85465479,6.6789951027,6.6789951028,6.6789951028,6.6789951028,6.678995103,6.678995103,6.67899510296,6.67899510296,5.13518348579,7.86990291729,7.90446697673,7.21277449317,7.90446697653,6.17579805273,6.60158003018,7.90446697699,7.90446697699,7.90446697663,7.90446697663,7.90446697663,7.44180755873,7.04820391105,7.90446697665,7.90446697665,7.90446697669,7.90446697669,7.90446697668,7.90446697668,7.90446697687,7.90446697687,6.68699428935,7.90446697653,7.90446697653,7.70342624731,7.90446697671,7.90446697679,7.90446697679,7.90446697671,7.90446697719,7.90446697719,6.16863253279,7.90446697655,7.90446697655,7.90446697655,7.90446697729,7.90446697729,7.90446697719,7.90446697669,5.797760028788,7.90446697729,7.53686527729,7.90446697689,7.90446697689,7.90446697689,7.81498941669,7.90446697639,7.90446697608,7.90446697608,7.77212015654,7.90446697614,7.90446697614,7.90446697604,7.90446697604,7.90446697614,7.90446697614,7.90446697604,7.90446697604,7.90446697604,7.90446697604,7.90446697604,7.44637248894,7.90446697614,7.90446697619,7.90446697619,7.77708674344,3.459828859394,8.9399156801,7.8646957832927,8.5388523388627,8.9399156797627,8.93991567978,8.90518827298,8.93991567979,7.694081028,8.9399156801,8.9399156793,8.9399156793,8.9399156793,8.9399156793,8.9399156793,8.9399156796,8.9399156796,8.9399156796,8.9399156796,8.9399156796,8.93991567922,8.93991567962,8.93991567962,8.93991567962,8.93991567962,8.93991567963,8.93991567963,8.93991567964,8.9399156796,8.9399156796
"t30",4.9559569608,0,1.7902485181,1.33298746468,3.9284177958,5.9067066024,5.9067066024,5.6704890602,8.341173693,8.341173693,8.3411736923,8.3411736925,8.3411736925,8.3411736926,8.34117369258,8.34117369258,8.3411736924,8.341173692564,8.341173692564,7.926959653314,8.3411736925,8.3411736925,6.140143769,7.5168333788,8.3411736915,8.3411736916,8.3411736916,8.3411736916,8.3411736918,8.3411736918,8.34117369176,8.34117369176,6.79736207459,9.53208150609,9.56664556553,8.87495308197,9.56664556533,7.83797664153,8.26375861898,9.56664556579,9.56664556579,9.56664556543,9.56664556543,9.56664556543,9.10398614753,8.71038249985,9.56664556545,9.56664556545,9.56664556549,9.56664556549,9.56664556548,9.56664556548,9.56664556567,9.56664556567,8.34917287815,9.56664556533,9.56664556533,9.36560483611,9.56664556551,9.56664556559,9.56664556559,9.56664556551,9.56664556599,9.56664556599,7.83081112159,9.56664556535,9.56664556535,9.56664556535,9.56664556609,9.56664556609,9.56664556599,9.56664556549,7.459938617588,9.56664556609,9.19904386609,9.56664556569,9.56664556569,9.56664556569,9.47716800549,9.56664556519,9.56664556488,9.56664556488,9.43429874534,9.56664556494,9.56664556494,9.56664556484,9.56664556484,9.56664556494,9.56664556494,9.56664556484,9.56664556484,9.56664556484,9.56664556484,9.56664556484,9.10855107774,9.56664556494,9.56664556499,9.56664556499,9.43926533224,5.122007448194,10.6020942689,9.5268743720927,10.2010309276627,10.6020942685627,10.60209426858,10.56736686178,10.60209426859,9.3562596168,10.6020942689,10.6020942681,10.6020942681,10.6020942681,10.6020942681,10.6020942681,10.6020942684,10.6020942684,10.6020942684,10.6020942684,10.6020942684,10.60209426802,10.60209426842,10.60209426842,10.60209426842,10.60209426842,10.60209426843,10.60209426843,10.60209426844,10.6020942684,10.6020942684
"t65",5.5405405811,1.7902485181,0,0.50606039458,4.5130014161,6.4912902227,6.4912902227,6.2550726805,8.9257573133,8.9257573133,8.9257573126,8.9257573128,8.9257573128,8.9257573129,8.92575731288,8.92575731288,8.9257573127,8.925757312864,8.925757312864,8.511543273614,8.9257573128,8.9257573128,6.7247273893,8.1014169991,8.9257573118,8.9257573119,8.9257573119,8.9257573119,8.9257573121,8.9257573121,8.92575731206,8.92575731206,7.38194569489,10.11666512639,10.15122918583,9.45953670227,10.15122918563,8.42256026183,8.84834223928,10.15122918609,10.15122918609,10.15122918573,10.15122918573,10.15122918573,9.68856976783,9.29496612015,10.15122918575,10.15122918575,10.15122918579,10.15122918579,10.15122918578,10.15122918578,10.15122918597,10.15122918597,8.93375649845,10.15122918563,10.15122918563,9.95018845641,10.15122918581,10.15122918589,10.15122918589,10.15122918581,10.15122918629,10.15122918629,8.41539474189,10.15122918565,10.15122918565,10.15122918565,10.15122918639,10.15122918639,10.15122918629,10.15122918579,8.044522237888,10.15122918639,9.78362748639,10.15122918599,10.15122918599,10.15122918599,10.06175162579,10.15122918549,10.15122918518,10.15122918518,10.01888236564,10.15122918524,10.15122918524,10.15122918514,10.15122918514,10.15122918524,10.15122918524,10.15122918514,10.15122918514,10.15122918514,10.15122918514,10.15122918514,9.69313469804,10.15122918524,10.15122918529,10.15122918529,10.02384895254,5.706591068494,11.1866778892,10.1114579923927,10.7856145479627,11.1866778888627,11.18667788888,11.15195048208,11.18667788889,9.9408432371,11.1866778892,11.1866778884,11.1866778884,11.1866778884,11.1866778884,11.1866778884,11.1866778887,11.1866778887,11.1866778887,11.1866778887,11.1866778887,11.18667788832,11.18667788872,11.18667788872,11.18667788872,11.18667788872,11.18667788873,11.18667788873,11.18667788874,11.1866778887,11.1866778887
"t66",5.08327952768,1.33298746468,0.50606039458,0,4.05574036268,6.03402916928,6.03402916928,5.79781162708,8.46849625988,8.46849625988,8.46849625918,8.46849625938,8.46849625938,8.46849625948,8.46849625946,8.46849625946,8.46849625928,8.468496259444,8.468496259444,8.054282220194,8.46849625938,8.46849625938,6.26746633588,7.64415594568,8.46849625838,8.46849625848,8.46849625848,8.46849625848,8.46849625868,8.46849625868,8.46849625864,8.46849625864,6.92468464147,9.65940407297,9.69396813241,9.00227564885,9.69396813221,7.96529920841,8.39108118586,9.69396813267,9.69396813267,9.69396813231,9.69396813231,9.69396813231,9.23130871441,8.83770506673,9.69396813233,9.69396813233,9.69396813237,9.69396813237,9.69396813236,9.69396813236,9.69396813255,9.69396813255,8.47649544503,9.69396813221,9.69396813221,9.49292740299,9.69396813239,9.69396813247,9.69396813247,9.69396813239,9.69396813287,9.69396813287,7.95813368847,9.69396813223,9.69396813223,9.69396813223,9.69396813297,9.69396813297,9.69396813287,9.69396813237,7.587261184468,9.69396813297,9.32636643297,9.69396813257,9.69396813257,9.69396813257,9.60449057237,9.69396813207,9.69396813176,9.69396813176,9.56162131222,9.69396813182,9.69396813182,9.69396813172,9.69396813172,9.69396813182,9.69396813182,9.69396813172,9.69396813172,9.69396813172,9.69396813172,9.69396813172,9.23587364462,9.69396813182,9.69396813187,9.69396813187,9.56658789912,5.249330015074,10.72941683578,9.6541969389727,10.3283534945427,10.7294168354427,10.72941683546,10.69468942866,10.72941683547,9.48358218368,10.72941683578,10.72941683498,10.72941683498,10.72941683498,10.72941683498,10.72941683498,10.72941683528,10.72941683528,10.72941683528,10.72941683528,10.72941683528,10.7294168349,10.7294168353,10.7294168353,10.7294168353,10.7294168353,10.72941683531,10.72941683531,10.72941683532,10.72941683528,10.72941683528
"t8",3.5622517748,3.9284177958,4.5130014161,4.05574036268,0,2.4633462664,2.4633462664,2.2271287242,6.947468507,6.947468507,6.9474685063,6.9474685065,6.9474685065,6.9474685066,6.94746850658,6.94746850658,6.9474685064,6.947468506564,6.947468506564,6.533254467314,6.9474685065,6.9474685065,4.746438583,6.1231281928,6.9474685055,6.9474685056,6.9474685056,6.9474685056,6.9474685058,6.9474685058,6.94746850576,6.94746850576,5.40365688859,8.13837632009,8.17294037953,7.48124789597,8.17294037933,6.44427145553,6.87005343298,8.17294037979,8.17294037979,8.17294037943,8.17294037943,8.17294037943,7.71028096153,7.31667731385,8.17294037945,8.17294037945,8.17294037949,8.17294037949,8.17294037948,8.17294037948,8.17294037967,8.17294037967,6.95546769215,8.17294037933,8.17294037933,7.97189965011,8.17294037951,8.17294037959,8.17294037959,8.17294037951,8.17294037999,8.17294037999,6.43710593559,8.17294037935,8.17294037935,8.17294037935,8.17294038009,8.17294038009,8.17294037999,8.17294037949,6.066233431588,8.17294038009,7.80533868009,8.17294037969,8.17294037969,8.17294037969,8.08346281949,8.17294037919,8.17294037888,8.17294037888,8.04059355934,8.17294037894,8.17294037894,8.17294037884,8.17294037884,8.17294037894,8.17294037894,8.17294037884,8.17294037884,8.17294037884,8.17294037884,8.17294037884,7.71484589174,8.17294037894,8.17294037899,8.17294037899,8.04556014624,3.728302262194,9.2083890829,8.1331691860927,8.8073257416627,9.2083890825627,9.20838908258,9.17366167578,9.20838908259,7.9625544308,9.2083890829,9.2083890821,9.2083890821,9.2083890821,9.2083890821,9.2083890821,9.2083890824,9.2083890824,9.2083890824,9.2083890824,9.2083890824,9.20838908202,9.20838908242,9.20838908242,9.20838908242,9.20838908242,9.20838908243,9.20838908243,9.20838908244,9.2083890824,9.2083890824
"t67",5.5405405814,5.9067066024,6.4912902227,6.03402916928,2.4633462664,0,0.8839470966,1.6535414088,8.9257573136,8.9257573136,8.9257573129,8.9257573131,8.9257573131,8.9257573132,8.92575731318,8.92575731318,8.925757313,8.925757313164,8.925757313164,8.511543273914,8.9257573131,8.9257573131,6.7247273896,8.1014169994,8.9257573121,8.9257573122,8.9257573122,8.9257573122,8.9257573124,8.9257573124,8.92575731236,8.92575731236,7.38194569519,10.11666512669,10.15122918613,9.45953670257,10.15122918593,8.42256026213,8.84834223958,10.15122918639,10.15122918639,10.15122918603,10.15122918603,10.15122918603,9.68856976813,9.29496612045,10.15122918605,10.15122918605,10.15122918609,10.15122918609,10.15122918608,10.15122918608,10.15122918627,10.15122918627,8.93375649875,10.15122918593,10.15122918593,9.95018845671,10.15122918611,10.15122918619,10.15122918619,10.15122918611,10.15122918659,10.15122918659,8.41539474219,10.15122918595,10.15122918595,10.15122918595,10.15122918669,10.15122918669,10.15122918659,10.15122918609,8.044522238188,10.15122918669,9.78362748669,10.15122918629,10.15122918629,10.15122918629,10.06175162609,10.15122918579,10.15122918548,10.15122918548,10.01888236594,10.15122918554,10.15122918554,10.15122918544,10.15122918544,10.15122918554,10.15122918554,10.15122918544,10.15122918544,10.15122918544,10.15122918544,10.15122918544,9.69313469834,10.15122918554,10.15122918559,10.15122918559,10.02384895284,5.706591068794,11.1866778895,10.1114579926927,10.7856145482627,11.1866778891627,11.18667788918,11.15195048238,11.18667788919,9.9408432374,11.1866778895,11.1866778887,11.1866778887,11.1866778887,11.1866778887,11.1866778887,11.186677889,11.186677889,11.186677889,11.186677889,11.186677889,11.18667788862,11.18667788902,11.18667788902,11.18667788902,11.18667788902,11.18667788903,11.18667788903,11.18667788904,11.186677889,11.186677889
"t68",5.5405405814,5.9067066024,6.4912902227,6.03402916928,2.4633462664,0.8839470966,0,1.6535414088,8.9257573136,8.9257573136,8.9257573129,8.9257573131,8.9257573131,8.9257573132,8.92575731318,8.92575731318,8.925757313,8.925757313164,8.925757313164,8.511543273914,8.9257573131,8.9257573131,6.7247273896,8.1014169994,8.9257573121,8.9257573122,8.9257573122,8.9257573122,8.9257573124,8.9257573124,8.92575731236,8.92575731236,7.38194569519,10.11666512669,10.15122918613,9.45953670257,10.15122918593,8.42256026213,8.84834223958,10.15122918639,10.15122918639,10.15122918603,10.15122918603,10.15122918603,9.68856976813,9.29496612045,10.15122918605,10.15122918605,10.15122918609,10.15122918609,10.15122918608,10.15122918608,10.15122918627,10.15122918627,8.93375649875,10.15122918593,10.15122918593,9.95018845671,10.15122918611,10.15122918619,10.15122918619,10.15122918611,10.15122918659,10.15122918659,8.41539474219,10.15122918595,10.15122918595,10.15122918595,10.15122918669,10.15122918669,10.15122918659,10.15122918609,8.044522238188,10.15122918669,9.78362748669,10.15122918629,10.15122918629,10.15122918629,10.06175162609,10.15122918579,10.15122918548,10.15122918548,10.01888236594,10.15122918554,10.15122918554,10.15122918544,10.15122918544,10.15122918554,10.15122918554,10.15122918544,10.15122918544,10.15122918544,10.15122918544,10.15122918544,9.69313469834,10.15122918554,10.15122918559,10.15122918559,10.02384895284,5.706591068794,11.1866778895,10.1114579926927,10.7856145482627,11.1866778891627,11.18667788918,11.15195048238,11.18667788919,9.9408432374,11.1866778895,11.1866778887,11.1866778887,11.1866778887,11.1866778887,11.1866778887,11.186677889,11.186677889,11.186677889,11.186677889,11.186677889,11.18667788862,11.18667788902,11.18667788902,11.18667788902,11.18667788902,11.18667788903,11.18667788903,11.18667788904,11.186677889,11.186677889
"t34",5.3043230392,5.6704890602,6.2550726805,5.79781162708,2.2271287242,1.6535414088,1.6535414088,0,8.6895397714,8.6895397714,8.6895397707,8.6895397709,8.6895397709,8.689539771,8.68953977098,8.68953977098,8.6895397708,8.689539770964,8.689539770964,8.275325731714,8.6895397709,8.6895397709,6.4885098474,7.8651994572,8.6895397699,8.68953977,8.68953977,8.68953977,8.6895397702,8.6895397702,8.68953977016,8.68953977016,7.14572815299,9.88044758449,9.91501164393,9.22331916037,9.91501164373,8.18634271993,8.61212469738,9.91501164419,9.91501164419,9.91501164383,9.91501164383,9.91501164383,9.45235222593,9.05874857825,9.91501164385,9.91501164385,9.91501164389,9.91501164389,9.91501164388,9.91501164388,9.91501164407,9.91501164407,8.69753895655,9.91501164373,9.91501164373,9.71397091451,9.91501164391,9.91501164399,9.91501164399,9.91501164391,9.91501164439,9.91501164439,8.17917719999,9.91501164375,9.91501164375,9.91501164375,9.91501164449,9.91501164449,9.91501164439,9.91501164389,7.808304695988,9.91501164449,9.54740994449,9.91501164409,9.91501164409,9.91501164409,9.82553408389,9.91501164359,9.91501164328,9.91501164328,9.78266482374,9.91501164334,9.91501164334,9.91501164324,9.91501164324,9.91501164334,9.91501164334,9.91501164324,9.91501164324,9.91501164324,9.91501164324,9.91501164324,9.45691715614,9.91501164334,9.91501164339,9.91501164339,9.78763141064,5.470373526594,10.9504603473,9.8752404504927,10.5493970060627,10.9504603469627,10.95046034698,10.91573294018,10.95046034699,9.7046256952,10.9504603473,10.9504603465,10.9504603465,10.9504603465,10.9504603465,10.9504603465,10.9504603468,10.9504603468,10.9504603468,10.9504603468,10.9504603468,10.95046034642,10.95046034682,10.95046034682,10.95046034682,10.95046034682,10.95046034683,10.95046034683,10.95046034684,10.9504603468,10.9504603468
"t45",6.6789951042,8.341173693,8.9257573133,8.46849625988,6.947468507,8.9257573136,8.9257573136,8.6895397714,0,1.306613659,4.9956414103,4.9956414105,4.9956414105,4.9956414106,4.99564141058,4.99564141058,4.9956414104,4.995641410564,4.995641410564,4.581427371314,4.9956414105,4.9956414105,2.794611487,6.4533102868,7.2776505995,7.2776505996,7.2776505996,7.2776505996,7.2776505998,7.2776505998,7.27765059976,7.27765059976,7.38194569579,10.11666512729,10.15122918673,9.45953670317,10.15122918653,8.42256026273,8.84834224018,10.15122918699,10.15122918699,10.15122918663,10.15122918663,10.15122918663,9.68856976873,9.29496612105,10.15122918665,10.15122918665,10.15122918669,10.15122918669,10.15122918668,10.15122918668,10.15122918687,10.15122918687,8.93375649935,10.15122918653,10.15122918653,9.95018845731,10.15122918671,10.15122918679,10.15122918679,10.15122918671,10.15122918719,10.15122918719,8.41539474279,10.15122918655,10.15122918655,10.15122918655,10.15122918729,10.15122918729,10.15122918719,10.15122918669,8.044522238788,10.15122918729,9.78362748729,10.15122918689,10.15122918689,10.15122918689,10.06175162669,10.15122918639,10.15122918608,10.15122918608,10.01888236654,10.15122918614,10.15122918614,10.15122918604,10.15122918604,10.15122918614,10.15122918614,10.15122918604,10.15122918604,10.15122918604,10.15122918604,10.15122918604,9.69313469894,10.15122918614,10.15122918619,10.15122918619,10.02384895344,5.706591069394,11.1866778901,10.1114579932927,10.7856145488627,11.1866778897627,11.18667788978,11.15195048298,11.18667788979,9.940843238,11.1866778901,11.1866778893,11.1866778893,11.1866778893,11.1866778893,11.1866778893,11.1866778896,11.1866778896,11.1866778896,11.1866778896,11.1866778896,11.18667788922,11.18667788962,11.18667788962,11.18667788962,11.18667788962,11.18667788963,11.18667788963,11.18667788964,11.1866778896,11.1866778896
"t46",6.6789951042,8.341173693,8.9257573133,8.46849625988,6.947468507,8.9257573136,8.9257573136,8.6895397714,1.306613659,0,4.9956414103,4.9956414105,4.9956414105,4.9956414106,4.99564141058,4.99564141058,4.9956414104,4.995641410564,4.995641410564,4.581427371314,4.9956414105,4.9956414105,2.794611487,6.4533102868,7.2776505995,7.2776505996,7.2776505996,7.2776505996,7.2776505998,7.2776505998,7.27765059976,7.27765059976,7.38194569579,10.11666512729,10.15122918673,9.45953670317,10.15122918653,8.42256026273,8.84834224018,10.15122918699,10.15122918699,10.15122918663,10.15122918663,10.15122918663,9.68856976873,9.29496612105,10.15122918665,10.15122918665,10.15122918669,10.15122918669,10.15122918668,10.15122918668,10.15122918687,10.15122918687,8.93375649935,10.15122918653,10.15122918653,9.95018845731,10.15122918671,10.15122918679,10.15122918679,10.15122918671,10.15122918719,10.15122918719,8.41539474279,10.15122918655,10.15122918655,10.15122918655,10.15122918729,10.15122918729,10.15122918719,10.15122918669,8.044522238788,10.15122918729,9.78362748729,10.15122918689,10.15122918689,10.15122918689,10.06175162669,10.15122918639,10.15122918608,10.15122918608,10.01888236654,10.15122918614,10.15122918614,10.15122918604,10.15122918604,10.15122918614,10.15122918614,10.15122918604,10.15122918604,10.15122918604,10.15122918604,10.15122918604,9.69313469894,10.15122918614,10.15122918619,10.15122918619,10.02384895344,5.706591069394,11.1866778901,10.1114579932927,10.7856145488627,11.1866778897627,11.18667788978,11.15195048298,11.18667788979,9.940843238,11.1866778901,11.1866778893,11.1866778893,11.1866778893,11.1866778893,11.1866778893,11.1866778896,11.1866778896,11.1866778896,11.1866778896,11.1866778896,11.18667788922,11.18667788962,11.18667788962,11.18667788962,11.18667788962,11.18667788963,11.18667788963,11.18667788964,11.1866778896,11.1866778896
"t15",6.6789951035,8.3411736923,8.9257573126,8.46849625918,6.9474685063,8.9257573129,8.9257573129,8.6895397707,4.9956414103,4.9956414103,0,3.5381557122,3.5381557122,3.5381557123,3.53815571228,3.53815571228,3.8293091631,3.829309163264,3.829309163264,3.415095124014,3.8293091632,3.8293091632,2.4549543515,6.4533102861,7.2776505988,7.2776505989,7.2776505989,7.2776505989,7.2776505991,7.2776505991,7.27765059906,7.27765059906,7.38194569509,10.11666512659,10.15122918603,9.45953670247,10.15122918583,8.42256026203,8.84834223948,10.15122918629,10.15122918629,10.15122918593,10.15122918593,10.15122918593,9.68856976803,9.29496612035,10.15122918595,10.15122918595,10.15122918599,10.15122918599,10.15122918598,10.15122918598,10.15122918617,10.15122918617,8.93375649865,10.15122918583,10.15122918583,9.95018845661,10.15122918601,10.15122918609,10.15122918609,10.15122918601,10.15122918649,10.15122918649,8.41539474209,10.15122918585,10.15122918585,10.15122918585,10.15122918659,10.15122918659,10.15122918649,10.15122918599,8.044522238088,10.15122918659,9.78362748659,10.15122918619,10.15122918619,10.15122918619,10.06175162599,10.15122918569,10.15122918538,10.15122918538,10.01888236584,10.15122918544,10.15122918544,10.15122918534,10.15122918534,10.15122918544,10.15122918544,10.15122918534,10.15122918534,10.15122918534,10.15122918534,10.15122918534,9.69313469824,10.15122918544,10.15122918549,10.15122918549,10.02384895274,5.706591068694,11.1866778894,10.1114579925927,10.7856145481627,11.1866778890627,11.18667788908,11.15195048228,11.18667788909,9.9408432373,11.1866778894,11.1866778886,11.1866778886,11.1866778886,11.1866778886,11.1866778886,11.1866778889,11.1866778889,11.1866778889,11.1866778889,11.1866778889,11.18667788852,11.18667788892,11.18667788892,11.18667788892,11.18667788892,11.18667788893,11.18667788893,11.18667788894,11.1866778889,11.1866778889
"t77",6.6789951037,8.3411736925,8.9257573128,8.46849625938,6.9474685065,8.9257573131,8.9257573131,8.6895397709,4.9956414105,4.9956414105,3.5381557122,0,0.6866957732,1.3887272345,1.38872723448,1.38872723448,3.8293091633,3.829309163464,3.829309163464,3.415095124214,3.8293091634,3.8293091634,2.4549543517,6.4533102863,7.277650599,7.2776505991,7.2776505991,7.2776505991,7.2776505993,7.2776505993,7.27765059926,7.27765059926,7.38194569529,10.11666512679,10.15122918623,9.45953670267,10.15122918603,8.42256026223,8.84834223968,10.15122918649,10.15122918649,10.15122918613,10.15122918613,10.15122918613,9.68856976823,9.29496612055,10.15122918615,10.15122918615,10.15122918619,10.15122918619,10.15122918618,10.15122918618,10.15122918637,10.15122918637,8.93375649885,10.15122918603,10.15122918603,9.95018845681,10.15122918621,10.15122918629,10.15122918629,10.15122918621,10.15122918669,10.15122918669,8.41539474229,10.15122918605,10.15122918605,10.15122918605,10.15122918679,10.15122918679,10.15122918669,10.15122918619,8.044522238288,10.15122918679,9.78362748679,10.15122918639,10.15122918639,10.15122918639,10.06175162619,10.15122918589,10.15122918558,10.15122918558,10.01888236604,10.15122918564,10.15122918564,10.15122918554,10.15122918554,10.15122918564,10.15122918564,10.15122918554,10.15122918554,10.15122918554,10.15122918554,10.15122918554,9.69313469844,10.15122918564,10.15122918569,10.15122918569,10.02384895294,5.706591068894,11.1866778896,10.1114579927927,10.7856145483627,11.1866778892627,11.18667788928,11.15195048248,11.18667788929,9.9408432375,11.1866778896,11.1866778888,11.1866778888,11.1866778888,11.1866778888,11.1866778888,11.1866778891,11.1866778891,11.1866778891,11.1866778891,11.1866778891,11.18667788872,11.18667788912,11.18667788912,11.18667788912,11.18667788912,11.18667788913,11.18667788913,11.18667788914,11.1866778891,11.1866778891
"t78",6.6789951037,8.3411736925,8.9257573128,8.46849625938,6.9474685065,8.9257573131,8.9257573131,8.6895397709,4.9956414105,4.9956414105,3.5381557122,0.6866957732,0,1.3887272345,1.38872723448,1.38872723448,3.8293091633,3.829309163464,3.829309163464,3.415095124214,3.8293091634,3.8293091634,2.4549543517,6.4533102863,7.277650599,7.2776505991,7.2776505991,7.2776505991,7.2776505993,7.2776505993,7.27765059926,7.27765059926,7.38194569529,10.11666512679,10.15122918623,9.45953670267,10.15122918603,8.42256026223,8.84834223968,10.15122918649,10.15122918649,10.15122918613,10.15122918613,10.15122918613,9.68856976823,9.29496612055,10.15122918615,10.15122918615,10.15122918619,10.15122918619,10.15122918618,10.15122918618,10.15122918637,10.15122918637,8.93375649885,10.15122918603,10.15122918603,9.95018845681,10.15122918621,10.15122918629,10.15122918629,10.15122918621,10.15122918669,10.15122918669,8.41539474229,10.15122918605,10.15122918605,10.15122918605,10.15122918679,10.15122918679,10.15122918669,10.15122918619,8.044522238288,10.15122918679,9.78362748679,10.15122918639,10.15122918639,10.15122918639,10.06175162619,10.15122918589,10.15122918558,10.15122918558,10.01888236604,10.15122918564,10.15122918564,10.15122918554,10.15122918554,10.15122918564,10.15122918564,10.15122918554,10.15122918554,10.15122918554,10.15122918554,10.15122918554,9.69313469844,10.15122918564,10.15122918569,10.15122918569,10.02384895294,5.706591068894,11.1866778896,10.1114579927927,10.7856145483627,11.1866778892627,11.18667788928,11.15195048248,11.18667788929,9.9408432375,11.1866778896,11.1866778888,11.1866778888,11.1866778888,11.1866778888,11.1866778888,11.1866778891,11.1866778891,11.1866778891,11.1866778891,11.1866778891,11.18667788872,11.18667788912,11.18667788912,11.18667788912,11.18667788912,11.18667788913,11.18667788913,11.18667788914,11.1866778891,11.1866778891
"t70",6.6789951038,8.3411736926,8.9257573129,8.46849625948,6.9474685066,8.9257573132,8.9257573132,8.689539771,4.9956414106,4.9956414106,3.5381557123,1.3887272345,1.3887272345,0,0.75225253438,0.75225253438,3.8293091634,3.829309163564,3.829309163564,3.415095124314,3.8293091635,3.8293091635,2.4549543518,6.4533102864,7.2776505991,7.2776505992,7.2776505992,7.2776505992,7.2776505994,7.2776505994,7.27765059936,7.27765059936,7.38194569539,10.11666512689,10.15122918633,9.45953670277,10.15122918613,8.42256026233,8.84834223978,10.15122918659,10.15122918659,10.15122918623,10.15122918623,10.15122918623,9.68856976833,9.29496612065,10.15122918625,10.15122918625,10.15122918629,10.15122918629,10.15122918628,10.15122918628,10.15122918647,10.15122918647,8.93375649895,10.15122918613,10.15122918613,9.95018845691,10.15122918631,10.15122918639,10.15122918639,10.15122918631,10.15122918679,10.15122918679,8.41539474239,10.15122918615,10.15122918615,10.15122918615,10.15122918689,10.15122918689,10.15122918679,10.15122918629,8.044522238388,10.15122918689,9.78362748689,10.15122918649,10.15122918649,10.15122918649,10.06175162629,10.15122918599,10.15122918568,10.15122918568,10.01888236614,10.15122918574,10.15122918574,10.15122918564,10.15122918564,10.15122918574,10.15122918574,10.15122918564,10.15122918564,10.15122918564,10.15122918564,10.15122918564,9.69313469854,10.15122918574,10.15122918579,10.15122918579,10.02384895304,5.706591068994,11.1866778897,10.1114579928927,10.7856145484627,11.1866778893627,11.18667788938,11.15195048258,11.18667788939,9.9408432376,11.1866778897,11.1866778889,11.1866778889,11.1866778889,11.1866778889,11.1866778889,11.1866778892,11.1866778892,11.1866778892,11.1866778892,11.1866778892,11.18667788882,11.18667788922,11.18667788922,11.18667788922,11.18667788922,11.18667788923,11.18667788923,11.18667788924,11.1866778892,11.1866778892
"t128",6.67899510378,8.34117369258,8.92575731288,8.46849625946,6.94746850658,8.92575731318,8.92575731318,8.68953977098,4.99564141058,4.99564141058,3.53815571228,1.38872723448,1.38872723448,0.75225253438,0,0.00824063416,3.82930916338,3.829309163544,3.829309163544,3.415095124294,3.82930916348,3.82930916348,2.45495435178,6.45331028638,7.27765059908,7.27765059918,7.27765059918,7.27765059918,7.27765059938,7.27765059938,7.27765059934,7.27765059934,7.38194569537,10.11666512687,10.15122918631,9.45953670275,10.15122918611,8.42256026231,8.84834223976,10.15122918657,10.15122918657,10.15122918621,10.15122918621,10.15122918621,9.68856976831,9.29496612063,10.15122918623,10.15122918623,10.15122918627,10.15122918627,10.15122918626,10.15122918626,10.15122918645,10.15122918645,8.93375649893,10.15122918611,10.15122918611,9.95018845689,10.15122918629,10.15122918637,10.15122918637,10.15122918629,10.15122918677,10.15122918677,8.41539474237,10.15122918613,10.15122918613,10.15122918613,10.15122918687,10.15122918687,10.15122918677,10.15122918627,8.044522238368,10.15122918687,9.78362748687,10.15122918647,10.15122918647,10.15122918647,10.06175162627,10.15122918597,10.15122918566,10.15122918566,10.01888236612,10.15122918572,10.15122918572,10.15122918562,10.15122918562,10.15122918572,10.15122918572,10.15122918562,10.15122918562,10.15122918562,10.15122918562,10.15122918562,9.69313469852,10.15122918572,10.15122918577,10.15122918577,10.02384895302,5.706591068974,11.18667788968,10.1114579928727,10.7856145484427,11.1866778893427,11.18667788936,11.15195048256,11.18667788937,9.94084323758,11.18667788968,11.18667788888,11.18667788888,11.18667788888,11.18667788888,11.18667788888,11.18667788918,11.18667788918,11.18667788918,11.18667788918,11.18667788918,11.1866778888,11.1866778892,11.1866778892,11.1866778892,11.1866778892,11.18667788921,11.18667788921,11.18667788922,11.18667788918,11.18667788918
"t129",6.67899510378,8.34117369258,8.92575731288,8.46849625946,6.94746850658,8.92575731318,8.92575731318,8.68953977098,4.99564141058,4.99564141058,3.53815571228,1.38872723448,1.38872723448,0.75225253438,0.00824063416,0,3.82930916338,3.829309163544,3.829309163544,3.415095124294,3.82930916348,3.82930916348,2.45495435178,6.45331028638,7.27765059908,7.27765059918,7.27765059918,7.27765059918,7.27765059938,7.27765059938,7.27765059934,7.27765059934,7.38194569537,10.11666512687,10.15122918631,9.45953670275,10.15122918611,8.42256026231,8.84834223976,10.15122918657,10.15122918657,10.15122918621,10.15122918621,10.15122918621,9.68856976831,9.29496612063,10.15122918623,10.15122918623,10.15122918627,10.15122918627,10.15122918626,10.15122918626,10.15122918645,10.15122918645,8.93375649893,10.15122918611,10.15122918611,9.95018845689,10.15122918629,10.15122918637,10.15122918637,10.15122918629,10.15122918677,10.15122918677,8.41539474237,10.15122918613,10.15122918613,10.15122918613,10.15122918687,10.15122918687,10.15122918677,10.15122918627,8.044522238368,10.15122918687,9.78362748687,10.15122918647,10.15122918647,10.15122918647,10.06175162627,10.15122918597,10.15122918566,10.15122918566,10.01888236612,10.15122918572,10.15122918572,10.15122918562,10.15122918562,10.15122918572,10.15122918572,10.15122918562,10.15122918562,10.15122918562,10.15122918562,10.15122918562,9.69313469852,10.15122918572,10.15122918577,10.15122918577,10.02384895302,5.706591068974,11.18667788968,10.1114579928727,10.7856145484427,11.1866778893427,11.18667788936,11.15195048256,11.18667788937,9.94084323758,11.18667788968,11.18667788888,11.18667788888,11.18667788888,11.18667788888,11.18667788888,11.18667788918,11.18667788918,11.18667788918,11.18667788918,11.18667788918,11.1866778888,11.1866778892,11.1866778892,11.1866778892,11.1866778892,11.18667788921,11.18667788921,11.18667788922,11.18667788918,11.18667788918
"t33",6.6789951036,8.3411736924,8.9257573127,8.46849625928,6.9474685064,8.925757313,8.925757313,8.6895397708,4.9956414104,4.9956414104,3.8293091631,3.8293091633,3.8293091633,3.8293091634,3.82930916338,3.82930916338,0,2.016945070164,2.016945070164,1.602731030914,2.0169450701,2.0169450701,2.4549543516,6.4533102862,7.2776505989,7.277650599,7.277650599,7.277650599,7.2776505992,7.2776505992,7.27765059916,7.27765059916,7.38194569519,10.11666512669,10.15122918613,9.45953670257,10.15122918593,8.42256026213,8.84834223958,10.15122918639,10.15122918639,10.15122918603,10.15122918603,10.15122918603,9.68856976813,9.29496612045,10.15122918605,10.15122918605,10.15122918609,10.15122918609,10.15122918608,10.15122918608,10.15122918627,10.15122918627,8.93375649875,10.15122918593,10.15122918593,9.95018845671,10.15122918611,10.15122918619,10.15122918619,10.15122918611,10.15122918659,10.15122918659,8.41539474219,10.15122918595,10.15122918595,10.15122918595,10.15122918669,10.15122918669,10.15122918659,10.15122918609,8.044522238188,10.15122918669,9.78362748669,10.15122918629,10.15122918629,10.15122918629,10.06175162609,10.15122918579,10.15122918548,10.15122918548,10.01888236594,10.15122918554,10.15122918554,10.15122918544,10.15122918544,10.15122918554,10.15122918554,10.15122918544,10.15122918544,10.15122918544,10.15122918544,10.15122918544,9.69313469834,10.15122918554,10.15122918559,10.15122918559,10.02384895284,5.706591068794,11.1866778895,10.1114579926927,10.7856145482627,11.1866778891627,11.18667788918,11.15195048238,11.18667788919,9.9408432374,11.1866778895,11.1866778887,11.1866778887,11.1866778887,11.1866778887,11.1866778887,11.186677889,11.186677889,11.186677889,11.186677889,11.186677889,11.18667788862,11.18667788902,11.18667788902,11.18667788902,11.18667788902,11.18667788903,11.18667788903,11.18667788904,11.186677889,11.186677889
"t83",6.678995103764,8.341173692564,8.925757312864,8.468496259444,6.947468506564,8.925757313164,8.925757313164,8.689539770964,4.995641410564,4.995641410564,3.829309163264,3.829309163464,3.829309163464,3.829309163564,3.829309163544,3.829309163544,2.016945070164,0,0.5122111274,0.45292201095,0.874222468464,0.874222468464,2.454954351764,6.453310286364,7.277650599064,7.277650599164,7.277650599164,7.277650599164,7.277650599364,7.277650599364,7.277650599324,7.277650599324,7.381945695354,10.116665126854,10.151229186294,9.459536702734,10.151229186094,8.422560262294,8.848342239744,10.151229186554,10.151229186554,10.151229186194,10.151229186194,10.151229186194,9.688569768294,9.294966120614,10.151229186214,10.151229186214,10.151229186254,10.151229186254,10.151229186244,10.151229186244,10.151229186434,10.151229186434,8.933756498914,10.151229186094,10.151229186094,9.950188456874,10.151229186274,10.151229186354,10.151229186354,10.151229186274,10.151229186754,10.151229186754,8.415394742354,10.151229186114,10.151229186114,10.151229186114,10.151229186854,10.151229186854,10.151229186754,10.151229186254,8.044522238352,10.151229186854,9.783627486854,10.151229186454,10.151229186454,10.151229186454,10.061751626254,10.151229185954,10.151229185644,10.151229185644,10.018882366104,10.151229185704,10.151229185704,10.151229185604,10.151229185604,10.151229185704,10.151229185704,10.151229185604,10.151229185604,10.151229185604,10.151229185604,10.151229185604,9.693134698504,10.151229185704,10.151229185754,10.151229185754,10.023848953004,5.706591068958,11.186677889664,10.1114579928567,10.7856145484267,11.1866778893267,11.186677889344,11.151950482544,11.186677889354,9.940843237564,11.186677889664,11.186677888864,11.186677888864,11.186677888864,11.186677888864,11.186677888864,11.186677889164,11.186677889164,11.186677889164,11.186677889164,11.186677889164,11.186677888784,11.186677889184,11.186677889184,11.186677889184,11.186677889184,11.186677889194,11.186677889194,11.186677889204,11.186677889164,11.186677889164
"t84",6.678995103764,8.341173692564,8.925757312864,8.468496259444,6.947468506564,8.925757313164,8.925757313164,8.689539770964,4.995641410564,4.995641410564,3.829309163264,3.829309163464,3.829309163464,3.829309163564,3.829309163544,3.829309163544,2.016945070164,0.5122111274,0,0.45292201095,0.874222468464,0.874222468464,2.454954351764,6.453310286364,7.277650599064,7.277650599164,7.277650599164,7.277650599164,7.277650599364,7.277650599364,7.277650599324,7.277650599324,7.381945695354,10.116665126854,10.151229186294,9.459536702734,10.151229186094,8.422560262294,8.848342239744,10.151229186554,10.151229186554,10.151229186194,10.151229186194,10.151229186194,9.688569768294,9.294966120614,10.151229186214,10.151229186214,10.151229186254,10.151229186254,10.151229186244,10.151229186244,10.151229186434,10.151229186434,8.933756498914,10.151229186094,10.151229186094,9.950188456874,10.151229186274,10.151229186354,10.151229186354,10.151229186274,10.151229186754,10.151229186754,8.415394742354,10.151229186114,10.151229186114,10.151229186114,10.151229186854,10.151229186854,10.151229186754,10.151229186254,8.044522238352,10.151229186854,9.783627486854,10.151229186454,10.151229186454,10.151229186454,10.061751626254,10.151229185954,10.151229185644,10.151229185644,10.018882366104,10.151229185704,10.151229185704,10.151229185604,10.151229185604,10.151229185704,10.151229185704,10.151229185604,10.151229185604,10.151229185604,10.151229185604,10.151229185604,9.693134698504,10.151229185704,10.151229185754,10.151229185754,10.023848953004,5.706591068958,11.186677889664,10.1114579928567,10.7856145484267,11.1866778893267,11.186677889344,11.151950482544,11.186677889354,9.940843237564,11.186677889664,11.186677888864,11.186677888864,11.186677888864,11.186677888864,11.186677888864,11.186677889164,11.186677889164,11.186677889164,11.186677889164,11.186677889164,11.186677888784,11.186677889184,11.186677889184,11.186677889184,11.186677889184,11.186677889194,11.186677889194,11.186677889204,11.186677889164,11.186677889164
"t69",6.264781064514,7.926959653314,8.511543273614,8.054282220194,6.533254467314,8.511543273914,8.511543273914,8.275325731714,4.581427371314,4.581427371314,3.415095124014,3.415095124214,3.415095124214,3.415095124314,3.415095124294,3.415095124294,1.602731030914,0.45292201095,0.45292201095,0,0.460008429214,0.460008429214,2.040740312514,6.039096247114,6.863436559814,6.863436559914,6.863436559914,6.863436559914,6.863436560114,6.863436560114,6.863436560074,6.863436560074,6.967731656104,9.702451087604,9.737015147044,9.045322663484,9.737015146844,8.008346223044,8.434128200494,9.737015147304,9.737015147304,9.737015146944,9.737015146944,9.737015146944,9.274355729044,8.880752081364,9.737015146964,9.737015146964,9.737015147004,9.737015147004,9.737015146994,9.737015146994,9.737015147184,9.737015147184,8.519542459664,9.737015146844,9.737015146844,9.535974417624,9.737015147024,9.737015147104,9.737015147104,9.737015147024,9.737015147504,9.737015147504,8.001180703104,9.737015146864,9.737015146864,9.737015146864,9.737015147604,9.737015147604,9.737015147504,9.737015147004,7.630308199102,9.737015147604,9.369413447604,9.737015147204,9.737015147204,9.737015147204,9.647537587004,9.737015146704,9.737015146394,9.737015146394,9.604668326854,9.737015146454,9.737015146454,9.737015146354,9.737015146354,9.737015146454,9.737015146454,9.737015146354,9.737015146354,9.737015146354,9.737015146354,9.737015146354,9.278920659254,9.737015146454,9.737015146504,9.737015146504,9.609634913754,5.292377029708,10.772463850414,9.6972439536067,10.3714005091767,10.7724638500767,10.772463850094,10.737736443294,10.772463850104,9.526629198314,10.772463850414,10.772463849614,10.772463849614,10.772463849614,10.772463849614,10.772463849614,10.772463849914,10.772463849914,10.772463849914,10.772463849914,10.772463849914,10.772463849534,10.772463849934,10.772463849934,10.772463849934,10.772463849934,10.772463849944,10.772463849944,10.772463849954,10.772463849914,10.772463849914
"t97",6.6789951037,8.3411736925,8.9257573128,8.46849625938,6.9474685065,8.9257573131,8.9257573131,8.6895397709,4.9956414105,4.9956414105,3.8293091632,3.8293091634,3.8293091634,3.8293091635,3.82930916348,3.82930916348,2.0169450701,0.874222468464,0.874222468464,0.460008429214,0,0.3238636582,2.4549543517,6.4533102863,7.277650599,7.2776505991,7.2776505991,7.2776505991,7.2776505993,7.2776505993,7.27765059926,7.27765059926,7.38194569529,10.11666512679,10.15122918623,9.45953670267,10.15122918603,8.42256026223,8.84834223968,10.15122918649,10.15122918649,10.15122918613,10.15122918613,10.15122918613,9.68856976823,9.29496612055,10.15122918615,10.15122918615,10.15122918619,10.15122918619,10.15122918618,10.15122918618,10.15122918637,10.15122918637,8.93375649885,10.15122918603,10.15122918603,9.95018845681,10.15122918621,10.15122918629,10.15122918629,10.15122918621,10.15122918669,10.15122918669,8.41539474229,10.15122918605,10.15122918605,10.15122918605,10.15122918679,10.15122918679,10.15122918669,10.15122918619,8.044522238288,10.15122918679,9.78362748679,10.15122918639,10.15122918639,10.15122918639,10.06175162619,10.15122918589,10.15122918558,10.15122918558,10.01888236604,10.15122918564,10.15122918564,10.15122918554,10.15122918554,10.15122918564,10.15122918564,10.15122918554,10.15122918554,10.15122918554,10.15122918554,10.15122918554,9.69313469844,10.15122918564,10.15122918569,10.15122918569,10.02384895294,5.706591068894,11.1866778896,10.1114579927927,10.7856145483627,11.1866778892627,11.18667788928,11.15195048248,11.18667788929,9.9408432375,11.1866778896,11.1866778888,11.1866778888,11.1866778888,11.1866778888,11.1866778888,11.1866778891,11.1866778891,11.1866778891,11.1866778891,11.1866778891,11.18667788872,11.18667788912,11.18667788912,11.18667788912,11.18667788912,11.18667788913,11.18667788913,11.18667788914,11.1866778891,11.1866778891
