"","t6","t8","t10","t87","t88","t156","t157","t138","t139","t135","t131","t43","t92","t93","t48","t64","t65","t11","t4","t3","t42","t111","t112","t146","t147","t158","t159","t123","t124","t99","t67","t47","t74","t118","t152","t153","t66","t13","t25","t26","t17","t45","t46","t14","t122","t154","t155","t91","t127","t128","t110","t116","t117","t82","t83","t150","t151","t81","t97","t98","t18","t19","t22","t23","t2","t60","t61","t84","t108","t109","t30","t94","t95","t38","t31","t125","t126","t105","t120","t121","t133","t134","t85","t86","t144","t145","t129","t130","t90","t160","t161","t57","t36","t54","t55","t39","t62","t63","t58","t100","t101","t49","t44","t140","t141","t70","t71","t68","t77","t78","t56","t69","t79","t80","t72","t59","t52","t114","t115","t142","t143","t102","t103","t73","t50","t51","t34","t35","t21","t9","t7","t20","t32","t33","t37","t106","t107","t96","t76","t113","t119","t148","t149","t29","t75","t89","t104","t136","t137","t132","t53","t12","t27","t28","t24","t40","t41","t15","t16","t5","t1"
"t6",0,1.1293168459,3.5279165017,5.99714483574,5.99714483574,5.99714483586,5.99714483586,5.99714483586,5.99714483586,5.99714483589,5.99714483584,4.27296083672,5.99714483562,5.99714483562,5.81006805582,5.41277283002,5.56206187822,4.64138758652,1.3708786338,3.36455102611,5.67717013851,7.07796144633,7.25978855203,7.25978855243,7.25978855243,7.259788552407,7.259788552407,7.25978855222,7.25978855222,7.25978855222,6.54171127142,7.25978855232,7.25978855221,7.25978855221,7.25978855224,7.25978855224,6.66747166371,4.72230684911,5.00350744451,4.76971259375,5.10136791031,5.88825998771,7.25978855331,3.28898271914,7.25978855346,7.25978855348,7.25978855348,7.13260676186,7.25978855306,7.25978855306,7.25978855296,7.25978855296,7.25978855296,7.25978855296,7.24498631226,7.25978855333,7.25978855333,7.25978855336,7.25978855256,7.08098557076,4.16194142106,4.04250762836,6.96005200256,5.75879731556,2.56975118563,8.76734342343,8.76734342343,8.76734342253,8.76734342253,8.76734342253,7.63296397463,8.76734342293,8.76734342293,7.45442431253,8.76734342273,8.76734342303,8.76734342303,8.76734342303,8.76734342293,8.76734342293,8.76734342295,8.76734342295,8.76734342298,8.76734342298,8.76734342285,8.76734342285,8.76734342295,8.70237970035,8.76734342295,8.767343422954,8.767343422954,8.76734342314,7.14272466113,8.76734342313,7.46637262141,6.97740668053,7.88580215156,8.76734342333,8.76734342333,8.76734342333,8.76734342333,8.76734342293,7.31476826193,8.76734342291,8.76734342291,8.18859690249,8.76734342289,8.76734342291,8.31270592723,8.76734342293,8.33973423403,8.76734342292,8.76734342297,8.33029467297,8.27357002837,8.76734342302,8.76734342293,8.76734342303,8.76734342303,8.76734342305,8.76734342305,8.76734342304,8.76734342304,8.76734342303,7.306491281537,8.76734342283,7.30640312543,7.23977955393,6.49031834593,3.91311410203,5.20377429693,8.09010508163,7.72919548473,7.18652767233,8.76734342203,8.70561305561,8.76734342201,8.76734342203,8.76734342203,8.76734342203,8.767343422,8.76734342205,8.76734342205,6.71455890963,8.76734342283,8.76734342283,8.76734342273,8.76734342277,8.76734342277,8.76734342283,7.50983148363,4.83764663553,7.48031593743,8.76734342243,7.82153880843,8.76734342213,7.80095238973,6.01674982283,6.02938484543,3.29259929473,2.94198131913
"t8",1.1293168459,0,2.7835978764,5.25282621044,5.25282621044,5.25282621056,5.25282621056,5.25282621056,5.25282621056,5.25282621059,5.25282621054,3.52864221142,5.25282621032,5.25282621032,5.06574943052,4.66845420472,4.81774325292,3.89706896122,1.9121209907,3.90579338301,6.21841249541,7.61920380323,7.80103090893,7.80103090933,7.80103090933,7.801030909307,7.801030909307,7.80103090912,7.80103090912,7.80103090912,7.08295362832,7.80103090922,7.80103090911,7.80103090911,7.80103090914,7.80103090914,7.20871402061,5.26354920601,5.54474980141,5.31095495065,5.64261026721,6.42950234461,7.80103091021,3.83022507604,7.80103091036,7.80103091038,7.80103091038,7.67384911876,7.80103090996,7.80103090996,7.80103090986,7.80103090986,7.80103090986,7.80103090986,7.78622866916,7.80103091023,7.80103091023,7.80103091026,7.80103090946,7.62222792766,4.70318377796,4.58374998526,7.50129435946,6.30003967246,3.11099354253,9.30858578033,9.30858578033,9.30858577943,9.30858577943,9.30858577943,8.17420633153,9.30858577983,9.30858577983,7.99566666943,9.30858577963,9.30858577993,9.30858577993,9.30858577993,9.30858577983,9.30858577983,9.30858577985,9.30858577985,9.30858577988,9.30858577988,9.30858577975,9.30858577975,9.30858577985,9.24362205725,9.30858577985,9.308585779854,9.308585779854,9.30858578004,7.68396701803,9.30858578003,8.00761497831,7.51864903743,8.42704450846,9.30858578023,9.30858578023,9.30858578023,9.30858578023,9.30858577983,7.85601061883,9.30858577981,9.30858577981,8.72983925939,9.30858577979,9.30858577981,8.85394828413,9.30858577983,8.88097659093,9.30858577982,9.30858577987,8.87153702987,8.81481238527,9.30858577992,9.30858577983,9.30858577993,9.30858577993,9.30858577995,9.30858577995,9.30858577994,9.30858577994,9.30858577993,7.847733638437,9.30858577973,7.84764548233,7.78102191083,7.03156070283,4.45435645893,5.74501665383,8.63134743853,8.27043784163,7.72777002923,9.30858577893,9.24685541251,9.30858577891,9.30858577893,9.30858577893,9.30858577893,9.3085857789,9.30858577895,9.30858577895,7.25580126653,9.30858577973,9.30858577973,9.30858577963,9.30858577967,9.30858577967,9.30858577973,8.05107384053,5.37888899243,8.02155829433,9.30858577933,8.36278116533,9.30858577903,8.34219474663,6.55799217973,6.57062720233,3.83384165163,3.48322367603
"t10",3.5279165017,2.7835978764,0,6.20255489804,6.20255489804,6.20255489816,6.20255489816,6.20255489816,6.20255489816,6.20255489819,6.20255489814,4.47837089902,6.20255489792,6.20255489792,6.01547811812,5.61818289232,5.76747194052,4.84679764882,4.3107206465,6.30439303881,8.61701215121,10.01780345903,10.19963056473,10.19963056513,10.19963056513,10.199630565107,10.199630565107,10.19963056492,10.19963056492,10.19963056492,9.48155328412,10.19963056502,10.19963056491,10.19963056491,10.19963056494,10.19963056494,9.60731367641,7.66214886181,7.94334945721,7.70955460645,8.04120992301,8.82810200041,10.19963056601,6.22882473184,10.19963056616,10.19963056618,10.19963056618,10.07244877456,10.19963056576,10.19963056576,10.19963056566,10.19963056566,10.19963056566,10.19963056566,10.18482832496,10.19963056603,10.19963056603,10.19963056606,10.19963056526,10.02082758346,7.10178343376,6.98234964106,9.89989401526,8.69863932826,5.50959319833,11.70718543613,11.70718543613,11.70718543523,11.70718543523,11.70718543523,10.57280598733,11.70718543563,11.70718543563,10.39426632523,11.70718543543,11.70718543573,11.70718543573,11.70718543573,11.70718543563,11.70718543563,11.70718543565,11.70718543565,11.70718543568,11.70718543568,11.70718543555,11.70718543555,11.70718543565,11.64222171305,11.70718543565,11.707185435654,11.707185435654,11.70718543584,10.08256667383,11.70718543583,10.40621463411,9.91724869323,10.82564416426,11.70718543603,11.70718543603,11.70718543603,11.70718543603,11.70718543563,10.25461027463,11.70718543561,11.70718543561,11.12843891519,11.70718543559,11.70718543561,11.25254793993,11.70718543563,11.27957624673,11.70718543562,11.70718543567,11.27013668567,11.21341204107,11.70718543572,11.70718543563,11.70718543573,11.70718543573,11.70718543575,11.70718543575,11.70718543574,11.70718543574,11.70718543573,10.246333294237,11.70718543553,10.24624513813,10.17962156663,9.43016035863,6.85295611473,8.14361630963,11.02994709433,10.66903749743,10.12636968503,11.70718543473,11.64545506831,11.70718543471,11.70718543473,11.70718543473,11.70718543473,11.7071854347,11.70718543475,11.70718543475,9.65440092233,11.70718543553,11.70718543553,11.70718543543,11.70718543547,11.70718543547,11.70718543553,10.44967349633,7.77748864823,10.42015795013,11.70718543513,10.76138082113,11.70718543483,10.74079440243,8.95659183553,8.96922685813,6.23244130743,5.88182333183
"t87",5.99714483574,5.25282621044,6.20255489804,0,1.1213864522,2.73959287792,2.73959287792,2.73959287792,2.73959287792,2.73959287795,2.7395928779,1.88476083878,8.59773272768,8.59773272768,8.41065594788,8.01336072208,8.16264977028,7.24197547858,6.77994898054,8.77362137285,11.08624048525,12.48703179307,12.66885889877,12.66885889917,12.66885889917,12.668858899147,12.668858899147,12.66885889896,12.66885889896,12.66885889896,11.95078161816,12.66885889906,12.66885889895,12.66885889895,12.66885889898,12.66885889898,12.07654201045,10.13137719585,10.41257779125,10.17878294049,10.51043825705,11.29733033445,12.66885890005,8.69805306588,12.6688589002,12.66885890022,12.66885890022,12.5416771086,12.6688588998,12.6688588998,12.6688588997,12.6688588997,12.6688588997,12.6688588997,12.654056659,12.66885890007,12.66885890007,12.6688589001,12.6688588993,12.4900559175,9.5710117678,9.4515779751,12.3691223493,11.1678676623,7.97882153237,14.17641377017,14.17641377017,14.17641376927,14.17641376927,14.17641376927,13.04203432137,14.17641376967,14.17641376967,12.86349465927,14.17641376947,14.17641376977,14.17641376977,14.17641376977,14.17641376967,14.17641376967,14.17641376969,14.17641376969,14.17641376972,14.17641376972,14.17641376959,14.17641376959,14.17641376969,14.11145004709,14.17641376969,14.176413769694,14.176413769694,14.17641376988,12.55179500787,14.17641376987,12.87544296815,12.38647702727,13.2948724983,14.17641377007,14.17641377007,14.17641377007,14.17641377007,14.17641376967,12.72383860867,14.17641376965,14.17641376965,13.59766724923,14.17641376963,14.17641376965,13.72177627397,14.17641376967,13.74880458077,14.17641376966,14.17641376971,13.73936501971,13.68264037511,14.17641376976,14.17641376967,14.17641376977,14.17641376977,14.17641376979,14.17641376979,14.17641376978,14.17641376978,14.17641376977,12.715561628277,14.17641376957,12.71547347217,12.64884990067,11.89938869267,9.32218444877,10.61284464367,13.49917542837,13.13826583147,12.59559801907,14.17641376877,14.11468340235,14.17641376875,14.17641376877,14.17641376877,14.17641376877,14.17641376874,14.17641376879,14.17641376879,12.12362925637,14.17641376957,14.17641376957,14.17641376947,14.17641376951,14.17641376951,14.17641376957,12.91890183037,10.24671698227,12.88938628417,14.17641376917,13.23060915517,14.17641376887,13.21002273647,11.42582016957,11.43845519217,8.70166964147,8.35105166587
"t88",5.99714483574,5.25282621044,6.20255489804,1.1213864522,0,2.73959287792,2.73959287792,2.73959287792,2.73959287792,2.73959287795,2.7395928779,1.88476083878,8.59773272768,8.59773272768,8.41065594788,8.01336072208,8.16264977028,7.24197547858,6.77994898054,8.77362137285,11.08624048525,12.48703179307,12.66885889877,12.66885889917,12.66885889917,12.668858899147,12.668858899147,12.66885889896,12.66885889896,12.66885889896,11.95078161816,12.66885889906,12.66885889895,12.66885889895,12.66885889898,12.66885889898,12.07654201045,10.13137719585,10.41257779125,10.17878294049,10.51043825705,11.29733033445,12.66885890005,8.69805306588,12.6688589002,12.66885890022,12.66885890022,12.5416771086,12.6688588998,12.6688588998,12.6688588997,12.6688588997,12.6688588997,12.6688588997,12.654056659,12.66885890007,12.66885890007,12.6688589001,12.6688588993,12.4900559175,9.5710117678,9.4515779751,12.3691223493,11.1678676623,7.97882153237,14.17641377017,14.17641377017,14.17641376927,14.17641376927,14.17641376927,13.04203432137,14.17641376967,14.17641376967,12.86349465927,14.17641376947,14.17641376977,14.17641376977,14.17641376977,14.17641376967,14.17641376967,14.17641376969,14.17641376969,14.17641376972,14.17641376972,14.17641376959,14.17641376959,14.17641376969,14.11145004709,14.17641376969,14.176413769694,14.176413769694,14.17641376988,12.55179500787,14.17641376987,12.87544296815,12.38647702727,13.2948724983,14.17641377007,14.17641377007,14.17641377007,14.17641377007,14.17641376967,12.72383860867,14.17641376965,14.17641376965,13.59766724923,14.17641376963,14.17641376965,13.72177627397,14.17641376967,13.74880458077,14.17641376966,14.17641376971,13.73936501971,13.68264037511,14.17641376976,14.17641376967,14.17641376977,14.17641376977,14.17641376979,14.17641376979,14.17641376978,14.17641376978,14.17641376977,12.715561628277,14.17641376957,12.71547347217,12.64884990067,11.89938869267,9.32218444877,10.61284464367,13.49917542837,13.13826583147,12.59559801907,14.17641376877,14.11468340235,14.17641376875,14.17641376877,14.17641376877,14.17641376877,14.17641376874,14.17641376879,14.17641376879,12.12362925637,14.17641376957,14.17641376957,14.17641376947,14.17641376951,14.17641376951,14.17641376957,12.91890183037,10.24671698227,12.88938628417,14.17641376917,13.23060915517,14.17641376887,13.21002273647,11.42582016957,11.43845519217,8.70166964147,8.35105166587
"t156",5.99714483586,5.25282621056,6.20255489816,2.73959287792,2.73959287792,0,0.09485639584,1.39878382344,1.39878382344,1.39878382347,1.39878382342,1.8847608389,8.5977327278,8.5977327278,8.410655948,8.0133607222,8.1626497704,7.2419754787,6.77994898066,8.77362137297,11.08624048537,12.48703179319,12.66885889889,12.66885889929,12.66885889929,12.668858899267,12.668858899267,12.66885889908,12.66885889908,12.66885889908,11.95078161828,12.66885889918,12.66885889907,12.66885889907,12.6688588991,12.6688588991,12.07654201057,10.13137719597,10.41257779137,10.17878294061,10.51043825717,11.29733033457,12.66885890017,8.698053066,12.66885890032,12.66885890034,12.66885890034,12.54167710872,12.66885889992,12.66885889992,12.66885889982,12.66885889982,12.66885889982,12.66885889982,12.65405665912,12.66885890019,12.66885890019,12.66885890022,12.66885889942,12.49005591762,9.57101176792,9.45157797522,12.36912234942,11.16786766242,7.97882153249,14.17641377029,14.17641377029,14.17641376939,14.17641376939,14.17641376939,13.04203432149,14.17641376979,14.17641376979,12.86349465939,14.17641376959,14.17641376989,14.17641376989,14.17641376989,14.17641376979,14.17641376979,14.17641376981,14.17641376981,14.17641376984,14.17641376984,14.17641376971,14.17641376971,14.17641376981,14.11145004721,14.17641376981,14.176413769814,14.176413769814,14.17641377,12.55179500799,14.17641376999,12.87544296827,12.38647702739,13.29487249842,14.17641377019,14.17641377019,14.17641377019,14.17641377019,14.17641376979,12.72383860879,14.17641376977,14.17641376977,13.59766724935,14.17641376975,14.17641376977,13.72177627409,14.17641376979,13.74880458089,14.17641376978,14.17641376983,13.73936501983,13.68264037523,14.17641376988,14.17641376979,14.17641376989,14.17641376989,14.17641376991,14.17641376991,14.1764137699,14.1764137699,14.17641376989,12.715561628397,14.17641376969,12.71547347229,12.64884990079,11.89938869279,9.32218444889,10.61284464379,13.49917542849,13.13826583159,12.59559801919,14.17641376889,14.11468340247,14.17641376887,14.17641376889,14.17641376889,14.17641376889,14.17641376886,14.17641376891,14.17641376891,12.12362925649,14.17641376969,14.17641376969,14.17641376959,14.17641376963,14.17641376963,14.17641376969,12.91890183049,10.24671698239,12.88938628429,14.17641376929,13.23060915529,14.17641376899,13.21002273659,11.42582016969,11.43845519229,8.70166964159,8.35105166599
"t157",5.99714483586,5.25282621056,6.20255489816,2.73959287792,2.73959287792,0.09485639584,0,1.39878382344,1.39878382344,1.39878382347,1.39878382342,1.8847608389,8.5977327278,8.5977327278,8.410655948,8.0133607222,8.1626497704,7.2419754787,6.77994898066,8.77362137297,11.08624048537,12.48703179319,12.66885889889,12.66885889929,12.66885889929,12.668858899267,12.668858899267,12.66885889908,12.66885889908,12.66885889908,11.95078161828,12.66885889918,12.66885889907,12.66885889907,12.6688588991,12.6688588991,12.07654201057,10.13137719597,10.41257779137,10.17878294061,10.51043825717,11.29733033457,12.66885890017,8.698053066,12.66885890032,12.66885890034,12.66885890034,12.54167710872,12.66885889992,12.66885889992,12.66885889982,12.66885889982,12.66885889982,12.66885889982,12.65405665912,12.66885890019,12.66885890019,12.66885890022,12.66885889942,12.49005591762,9.57101176792,9.45157797522,12.36912234942,11.16786766242,7.97882153249,14.17641377029,14.17641377029,14.17641376939,14.17641376939,14.17641376939,13.04203432149,14.17641376979,14.17641376979,12.86349465939,14.17641376959,14.17641376989,14.17641376989,14.17641376989,14.17641376979,14.17641376979,14.17641376981,14.17641376981,14.17641376984,14.17641376984,14.17641376971,14.17641376971,14.17641376981,14.11145004721,14.17641376981,14.176413769814,14.176413769814,14.17641377,12.55179500799,14.17641376999,12.87544296827,12.38647702739,13.29487249842,14.17641377019,14.17641377019,14.17641377019,14.17641377019,14.17641376979,12.72383860879,14.17641376977,14.17641376977,13.59766724935,14.17641376975,14.17641376977,13.72177627409,14.17641376979,13.74880458089,14.17641376978,14.17641376983,13.73936501983,13.68264037523,14.17641376988,14.17641376979,14.17641376989,14.17641376989,14.17641376991,14.17641376991,14.1764137699,14.1764137699,14.17641376989,12.715561628397,14.17641376969,12.71547347229,12.64884990079,11.89938869279,9.32218444889,10.61284464379,13.49917542849,13.13826583159,12.59559801919,14.17641376889,14.11468340247,14.17641376887,14.17641376889,14.17641376889,14.17641376889,14.17641376886,14.17641376891,14.17641376891,12.12362925649,14.17641376969,14.17641376969,14.17641376959,14.17641376963,14.17641376963,14.17641376969,12.91890183049,10.24671698239,12.88938628429,14.17641376929,13.23060915529,14.17641376899,13.21002273659,11.42582016969,11.43845519229,8.70166964159,8.35105166599
"t138",5.99714483586,5.25282621056,6.20255489816,2.73959287792,2.73959287792,1.39878382344,1.39878382344,0,0.269539753,0.31700165417,0.38804542102,1.8847608389,8.5977327278,8.5977327278,8.410655948,8.0133607222,8.1626497704,7.2419754787,6.77994898066,8.77362137297,11.08624048537,12.48703179319,12.66885889889,12.66885889929,12.66885889929,12.668858899267,12.668858899267,12.66885889908,12.66885889908,12.66885889908,11.95078161828,12.66885889918,12.66885889907,12.66885889907,12.6688588991,12.6688588991,12.07654201057,10.13137719597,10.41257779137,10.17878294061,10.51043825717,11.29733033457,12.66885890017,8.698053066,12.66885890032,12.66885890034,12.66885890034,12.54167710872,12.66885889992,12.66885889992,12.66885889982,12.66885889982,12.66885889982,12.66885889982,12.65405665912,12.66885890019,12.66885890019,12.66885890022,12.66885889942,12.49005591762,9.57101176792,9.45157797522,12.36912234942,11.16786766242,7.97882153249,14.17641377029,14.17641377029,14.17641376939,14.17641376939,14.17641376939,13.04203432149,14.17641376979,14.17641376979,12.86349465939,14.17641376959,14.17641376989,14.17641376989,14.17641376989,14.17641376979,14.17641376979,14.17641376981,14.17641376981,14.17641376984,14.17641376984,14.17641376971,14.17641376971,14.17641376981,14.11145004721,14.17641376981,14.176413769814,14.176413769814,14.17641377,12.55179500799,14.17641376999,12.87544296827,12.38647702739,13.29487249842,14.17641377019,14.17641377019,14.17641377019,14.17641377019,14.17641376979,12.72383860879,14.17641376977,14.17641376977,13.59766724935,14.17641376975,14.17641376977,13.72177627409,14.17641376979,13.74880458089,14.17641376978,14.17641376983,13.73936501983,13.68264037523,14.17641376988,14.17641376979,14.17641376989,14.17641376989,14.17641376991,14.17641376991,14.1764137699,14.1764137699,14.17641376989,12.715561628397,14.17641376969,12.71547347229,12.64884990079,11.89938869279,9.32218444889,10.61284464379,13.49917542849,13.13826583159,12.59559801919,14.17641376889,14.11468340247,14.17641376887,14.17641376889,14.17641376889,14.17641376889,14.17641376886,14.17641376891,14.17641376891,12.12362925649,14.17641376969,14.17641376969,14.17641376959,14.17641376963,14.17641376963,14.17641376969,12.91890183049,10.24671698239,12.88938628429,14.17641376929,13.23060915529,14.17641376899,13.21002273659,11.42582016969,11.43845519229,8.70166964159,8.35105166599
"t139",5.99714483586,5.25282621056,6.20255489816,2.73959287792,2.73959287792,1.39878382344,1.39878382344,0.269539753,0,0.31700165417,0.38804542102,1.8847608389,8.5977327278,8.5977327278,8.410655948,8.0133607222,8.1626497704,7.2419754787,6.77994898066,8.77362137297,11.08624048537,12.48703179319,12.66885889889,12.66885889929,12.66885889929,12.668858899267,12.668858899267,12.66885889908,12.66885889908,12.66885889908,11.95078161828,12.66885889918,12.66885889907,12.66885889907,12.6688588991,12.6688588991,12.07654201057,10.13137719597,10.41257779137,10.17878294061,10.51043825717,11.29733033457,12.66885890017,8.698053066,12.66885890032,12.66885890034,12.66885890034,12.54167710872,12.66885889992,12.66885889992,12.66885889982,12.66885889982,12.66885889982,12.66885889982,12.65405665912,12.66885890019,12.66885890019,12.66885890022,12.66885889942,12.49005591762,9.57101176792,9.45157797522,12.36912234942,11.16786766242,7.97882153249,14.17641377029,14.17641377029,14.17641376939,14.17641376939,14.17641376939,13.04203432149,14.17641376979,14.17641376979,12.86349465939,14.17641376959,14.17641376989,14.17641376989,14.17641376989,14.17641376979,14.17641376979,14.17641376981,14.17641376981,14.17641376984,14.17641376984,14.17641376971,14.17641376971,14.17641376981,14.11145004721,14.17641376981,14.176413769814,14.176413769814,14.17641377,12.55179500799,14.17641376999,12.87544296827,12.38647702739,13.29487249842,14.17641377019,14.17641377019,14.17641377019,14.17641377019,14.17641376979,12.72383860879,14.17641376977,14.17641376977,13.59766724935,14.17641376975,14.17641376977,13.72177627409,14.17641376979,13.74880458089,14.17641376978,14.17641376983,13.73936501983,13.68264037523,14.17641376988,14.17641376979,14.17641376989,14.17641376989,14.17641376991,14.17641376991,14.1764137699,14.1764137699,14.17641376989,12.715561628397,14.17641376969,12.71547347229,12.64884990079,11.89938869279,9.32218444889,10.61284464379,13.49917542849,13.13826583159,12.59559801919,14.17641376889,14.11468340247,14.17641376887,14.17641376889,14.17641376889,14.17641376889,14.17641376886,14.17641376891,14.17641376891,12.12362925649,14.17641376969,14.17641376969,14.17641376959,14.17641376963,14.17641376963,14.17641376969,12.91890183049,10.24671698239,12.88938628429,14.17641376929,13.23060915529,14.17641376899,13.21002273659,11.42582016969,11.43845519229,8.70166964159,8.35105166599
"t135",5.99714483589,5.25282621059,6.20255489819,2.73959287795,2.73959287795,1.39878382347,1.39878382347,0.31700165417,0.31700165417,0,0.38804542105,1.88476083893,8.59773272783,8.59773272783,8.41065594803,8.01336072223,8.16264977043,7.24197547873,6.77994898069,8.773621373,11.0862404854,12.48703179322,12.66885889892,12.66885889932,12.66885889932,12.668858899297,12.668858899297,12.66885889911,12.66885889911,12.66885889911,11.95078161831,12.66885889921,12.6688588991,12.6688588991,12.66885889913,12.66885889913,12.0765420106,10.131377196,10.4125777914,10.17878294064,10.5104382572,11.2973303346,12.6688589002,8.69805306603,12.66885890035,12.66885890037,12.66885890037,12.54167710875,12.66885889995,12.66885889995,12.66885889985,12.66885889985,12.66885889985,12.66885889985,12.65405665915,12.66885890022,12.66885890022,12.66885890025,12.66885889945,12.49005591765,9.57101176795,9.45157797525,12.36912234945,11.16786766245,7.97882153252,14.17641377032,14.17641377032,14.17641376942,14.17641376942,14.17641376942,13.04203432152,14.17641376982,14.17641376982,12.86349465942,14.17641376962,14.17641376992,14.17641376992,14.17641376992,14.17641376982,14.17641376982,14.17641376984,14.17641376984,14.17641376987,14.17641376987,14.17641376974,14.17641376974,14.17641376984,14.11145004724,14.17641376984,14.176413769844,14.176413769844,14.17641377003,12.55179500802,14.17641377002,12.8754429683,12.38647702742,13.29487249845,14.17641377022,14.17641377022,14.17641377022,14.17641377022,14.17641376982,12.72383860882,14.1764137698,14.1764137698,13.59766724938,14.17641376978,14.1764137698,13.72177627412,14.17641376982,13.74880458092,14.17641376981,14.17641376986,13.73936501986,13.68264037526,14.17641376991,14.17641376982,14.17641376992,14.17641376992,14.17641376994,14.17641376994,14.17641376993,14.17641376993,14.17641376992,12.715561628427,14.17641376972,12.71547347232,12.64884990082,11.89938869282,9.32218444892,10.61284464382,13.49917542852,13.13826583162,12.59559801922,14.17641376892,14.1146834025,14.1764137689,14.17641376892,14.17641376892,14.17641376892,14.17641376889,14.17641376894,14.17641376894,12.12362925652,14.17641376972,14.17641376972,14.17641376962,14.17641376966,14.17641376966,14.17641376972,12.91890183052,10.24671698242,12.88938628432,14.17641376932,13.23060915532,14.17641376902,13.21002273662,11.42582016972,11.43845519232,8.70166964162,8.35105166602
"t131",5.99714483584,5.25282621054,6.20255489814,2.7395928779,2.7395928779,1.39878382342,1.39878382342,0.38804542102,0.38804542102,0.38804542105,0,1.88476083888,8.59773272778,8.59773272778,8.41065594798,8.01336072218,8.16264977038,7.24197547868,6.77994898064,8.77362137295,11.08624048535,12.48703179317,12.66885889887,12.66885889927,12.66885889927,12.668858899247,12.668858899247,12.66885889906,12.66885889906,12.66885889906,11.95078161826,12.66885889916,12.66885889905,12.66885889905,12.66885889908,12.66885889908,12.07654201055,10.13137719595,10.41257779135,10.17878294059,10.51043825715,11.29733033455,12.66885890015,8.69805306598,12.6688589003,12.66885890032,12.66885890032,12.5416771087,12.6688588999,12.6688588999,12.6688588998,12.6688588998,12.6688588998,12.6688588998,12.6540566591,12.66885890017,12.66885890017,12.6688589002,12.6688588994,12.4900559176,9.5710117679,9.4515779752,12.3691223494,11.1678676624,7.97882153247,14.17641377027,14.17641377027,14.17641376937,14.17641376937,14.17641376937,13.04203432147,14.17641376977,14.17641376977,12.86349465937,14.17641376957,14.17641376987,14.17641376987,14.17641376987,14.17641376977,14.17641376977,14.17641376979,14.17641376979,14.17641376982,14.17641376982,14.17641376969,14.17641376969,14.17641376979,14.11145004719,14.17641376979,14.176413769794,14.176413769794,14.17641376998,12.55179500797,14.17641376997,12.87544296825,12.38647702737,13.2948724984,14.17641377017,14.17641377017,14.17641377017,14.17641377017,14.17641376977,12.72383860877,14.17641376975,14.17641376975,13.59766724933,14.17641376973,14.17641376975,13.72177627407,14.17641376977,13.74880458087,14.17641376976,14.17641376981,13.73936501981,13.68264037521,14.17641376986,14.17641376977,14.17641376987,14.17641376987,14.17641376989,14.17641376989,14.17641376988,14.17641376988,14.17641376987,12.715561628377,14.17641376967,12.71547347227,12.64884990077,11.89938869277,9.32218444887,10.61284464377,13.49917542847,13.13826583157,12.59559801917,14.17641376887,14.11468340245,14.17641376885,14.17641376887,14.17641376887,14.17641376887,14.17641376884,14.17641376889,14.17641376889,12.12362925647,14.17641376967,14.17641376967,14.17641376957,14.17641376961,14.17641376961,14.17641376967,12.91890183047,10.24671698237,12.88938628427,14.17641376927,13.23060915527,14.17641376897,13.21002273657,11.42582016967,11.43845519227,8.70166964157,8.35105166597
"t43",4.27296083672,3.52864221142,4.47837089902,1.88476083878,1.88476083878,1.8847608389,1.8847608389,1.8847608389,1.8847608389,1.88476083893,1.88476083888,0,6.87354872866,6.87354872866,6.68647194886,6.28917672306,6.43846577126,5.51779147956,5.05576498152,7.04943737383,9.36205648623,10.76284779405,10.94467489975,10.94467490015,10.94467490015,10.944674900127,10.944674900127,10.94467489994,10.94467489994,10.94467489994,10.22659761914,10.94467490004,10.94467489993,10.94467489993,10.94467489996,10.94467489996,10.35235801143,8.40719319683,8.68839379223,8.45459894147,8.78625425803,9.57314633543,10.94467490103,6.97386906686,10.94467490118,10.9446749012,10.9446749012,10.81749310958,10.94467490078,10.94467490078,10.94467490068,10.94467490068,10.94467490068,10.94467490068,10.92987265998,10.94467490105,10.94467490105,10.94467490108,10.94467490028,10.76587191848,7.84682776878,7.72739397608,10.64493835028,9.44368366328,6.25463753335,12.45222977115,12.45222977115,12.45222977025,12.45222977025,12.45222977025,11.31785032235,12.45222977065,12.45222977065,11.13931066025,12.45222977045,12.45222977075,12.45222977075,12.45222977075,12.45222977065,12.45222977065,12.45222977067,12.45222977067,12.4522297707,12.4522297707,12.45222977057,12.45222977057,12.45222977067,12.38726604807,12.45222977067,12.452229770674,12.452229770674,12.45222977086,10.82761100885,12.45222977085,11.15125896913,10.66229302825,11.57068849928,12.45222977105,12.45222977105,12.45222977105,12.45222977105,12.45222977065,10.99965460965,12.45222977063,12.45222977063,11.87348325021,12.45222977061,12.45222977063,11.99759227495,12.45222977065,12.02462058175,12.45222977064,12.45222977069,12.01518102069,11.95845637609,12.45222977074,12.45222977065,12.45222977075,12.45222977075,12.45222977077,12.45222977077,12.45222977076,12.45222977076,12.45222977075,10.991377629257,12.45222977055,10.99128947315,10.92466590165,10.17520469365,7.59800044975,8.88866064465,11.77499142935,11.41408183245,10.87141402005,12.45222976975,12.39049940333,12.45222976973,12.45222976975,12.45222976975,12.45222976975,12.45222976972,12.45222976977,12.45222976977,10.39944525735,12.45222977055,12.45222977055,12.45222977045,12.45222977049,12.45222977049,12.45222977055,11.19471783135,8.52253298325,11.16520228515,12.45222977015,11.50642515615,12.45222976985,11.48583873745,9.70163617055,9.71427119315,6.97748564245,6.62686766685
"t92",5.99714483562,5.25282621032,6.20255489792,8.59773272768,8.59773272768,8.5977327278,8.5977327278,8.5977327278,8.5977327278,8.59773272783,8.59773272778,6.87354872866,0,0.8632869862,4.7782003224,4.3809050966,4.5301941448,7.1878074191,6.77994898042,8.77362137273,11.08624048513,12.48703179295,12.66885889865,12.66885889905,12.66885889905,12.668858899027,12.668858899027,12.66885889884,12.66885889884,12.66885889884,11.95078161804,12.66885889894,12.66885889883,12.66885889883,12.66885889886,12.66885889886,12.07654201033,10.13137719573,10.41257779113,10.17878294037,10.51043825693,11.29733033433,12.66885889993,8.69805306576,12.66885890008,12.6688589001,12.6688589001,12.54167710848,12.66885889968,12.66885889968,12.66885889958,12.66885889958,12.66885889958,12.66885889958,12.65405665888,12.66885889995,12.66885889995,12.66885889998,12.66885889918,12.49005591738,9.57101176768,9.45157797498,12.36912234918,11.16786766218,7.97882153225,14.17641377005,14.17641377005,14.17641376915,14.17641376915,14.17641376915,13.04203432125,14.17641376955,14.17641376955,12.86349465915,14.17641376935,14.17641376965,14.17641376965,14.17641376965,14.17641376955,14.17641376955,14.17641376957,14.17641376957,14.1764137696,14.1764137696,14.17641376947,14.17641376947,14.17641376957,14.11145004697,14.17641376957,14.176413769574,14.176413769574,14.17641376976,12.55179500775,14.17641376975,12.87544296803,12.38647702715,13.29487249818,14.17641376995,14.17641376995,14.17641376995,14.17641376995,14.17641376955,12.72383860855,14.17641376953,14.17641376953,13.59766724911,14.17641376951,14.17641376953,13.72177627385,14.17641376955,13.74880458065,14.17641376954,14.17641376959,13.73936501959,13.68264037499,14.17641376964,14.17641376955,14.17641376965,14.17641376965,14.17641376967,14.17641376967,14.17641376966,14.17641376966,14.17641376965,12.715561628157,14.17641376945,12.71547347205,12.64884990055,11.89938869255,9.32218444865,10.61284464355,13.49917542825,13.13826583135,12.59559801895,14.17641376865,14.11468340223,14.17641376863,14.17641376865,14.17641376865,14.17641376865,14.17641376862,14.17641376867,14.17641376867,12.12362925625,14.17641376945,14.17641376945,14.17641376935,14.17641376939,14.17641376939,14.17641376945,12.91890183025,10.24671698215,12.88938628405,14.17641376905,13.23060915505,14.17641376875,13.21002273635,11.42582016945,11.43845519205,8.70166964135,8.35105166575
"t93",5.99714483562,5.25282621032,6.20255489792,8.59773272768,8.59773272768,8.5977327278,8.5977327278,8.5977327278,8.5977327278,8.59773272783,8.59773272778,6.87354872866,0.8632869862,0,4.7782003224,4.3809050966,4.5301941448,7.1878074191,6.77994898042,8.77362137273,11.08624048513,12.48703179295,12.66885889865,12.66885889905,12.66885889905,12.668858899027,12.668858899027,12.66885889884,12.66885889884,12.66885889884,11.95078161804,12.66885889894,12.66885889883,12.66885889883,12.66885889886,12.66885889886,12.07654201033,10.13137719573,10.41257779113,10.17878294037,10.51043825693,11.29733033433,12.66885889993,8.69805306576,12.66885890008,12.6688589001,12.6688589001,12.54167710848,12.66885889968,12.66885889968,12.66885889958,12.66885889958,12.66885889958,12.66885889958,12.65405665888,12.66885889995,12.66885889995,12.66885889998,12.66885889918,12.49005591738,9.57101176768,9.45157797498,12.36912234918,11.16786766218,7.97882153225,14.17641377005,14.17641377005,14.17641376915,14.17641376915,14.17641376915,13.04203432125,14.17641376955,14.17641376955,12.86349465915,14.17641376935,14.17641376965,14.17641376965,14.17641376965,14.17641376955,14.17641376955,14.17641376957,14.17641376957,14.1764137696,14.1764137696,14.17641376947,14.17641376947,14.17641376957,14.11145004697,14.17641376957,14.176413769574,14.176413769574,14.17641376976,12.55179500775,14.17641376975,12.87544296803,12.38647702715,13.29487249818,14.17641376995,14.17641376995,14.17641376995,14.17641376995,14.17641376955,12.72383860855,14.17641376953,14.17641376953,13.59766724911,14.17641376951,14.17641376953,13.72177627385,14.17641376955,13.74880458065,14.17641376954,14.17641376959,13.73936501959,13.68264037499,14.17641376964,14.17641376955,14.17641376965,14.17641376965,14.17641376967,14.17641376967,14.17641376966,14.17641376966,14.17641376965,12.715561628157,14.17641376945,12.71547347205,12.64884990055,11.89938869255,9.32218444865,10.61284464355,13.49917542825,13.13826583135,12.59559801895,14.17641376865,14.11468340223,14.17641376863,14.17641376865,14.17641376865,14.17641376865,14.17641376862,14.17641376867,14.17641376867,12.12362925625,14.17641376945,14.17641376945,14.17641376935,14.17641376939,14.17641376939,14.17641376945,12.91890183025,10.24671698215,12.88938628405,14.17641376905,13.23060915505,14.17641376875,13.21002273635,11.42582016945,11.43845519205,8.70166964135,8.35105166575
"t48",5.81006805582,5.06574943052,6.01547811812,8.41065594788,8.41065594788,8.410655948,8.410655948,8.410655948,8.410655948,8.41065594803,8.41065594798,6.68647194886,4.7782003224,4.7782003224,0,2.3842097602,2.5334988084,7.0007306393,6.59287220062,8.58654459293,10.89916370533,12.29995501315,12.48178211885,12.48178211925,12.48178211925,12.481782119227,12.481782119227,12.48178211904,12.48178211904,12.48178211904,11.76370483824,12.48178211914,12.48178211903,12.48178211903,12.48178211906,12.48178211906,11.88946523053,9.94430041593,10.22550101133,9.99170616057,10.32336147713,11.11025355453,12.48178212013,8.51097628596,12.48178212028,12.4817821203,12.4817821203,12.35460032868,12.48178211988,12.48178211988,12.48178211978,12.48178211978,12.48178211978,12.48178211978,12.46697987908,12.48178212015,12.48178212015,12.48178212018,12.48178211938,12.30297913758,9.38393498788,9.26450119518,12.18204556938,10.98079088238,7.79174475245,13.98933699025,13.98933699025,13.98933698935,13.98933698935,13.98933698935,12.85495754145,13.98933698975,13.98933698975,12.67641787935,13.98933698955,13.98933698985,13.98933698985,13.98933698985,13.98933698975,13.98933698975,13.98933698977,13.98933698977,13.9893369898,13.9893369898,13.98933698967,13.98933698967,13.98933698977,13.92437326717,13.98933698977,13.989336989774,13.989336989774,13.98933698996,12.36471822795,13.98933698995,12.68836618823,12.19940024735,13.10779571838,13.98933699015,13.98933699015,13.98933699015,13.98933699015,13.98933698975,12.53676182875,13.98933698973,13.98933698973,13.41059046931,13.98933698971,13.98933698973,13.53469949405,13.98933698975,13.56172780085,13.98933698974,13.98933698979,13.55228823979,13.49556359519,13.98933698984,13.98933698975,13.98933698985,13.98933698985,13.98933698987,13.98933698987,13.98933698986,13.98933698986,13.98933698985,12.528484848357,13.98933698965,12.52839669225,12.46177312075,11.71231191275,9.13510766885,10.42576786375,13.31209864845,12.95118905155,12.40852123915,13.98933698885,13.92760662243,13.98933698883,13.98933698885,13.98933698885,13.98933698885,13.98933698882,13.98933698887,13.98933698887,11.93655247645,13.98933698965,13.98933698965,13.98933698955,13.98933698959,13.98933698959,13.98933698965,12.73182505045,10.05964020235,12.70230950425,13.98933698925,13.04353237525,13.98933698895,13.02294595655,11.23874338965,11.25137841225,8.51459286155,8.16397488595
"t64",5.41277283002,4.66845420472,5.61818289232,8.01336072208,8.01336072208,8.0133607222,8.0133607222,8.0133607222,8.0133607222,8.01336072223,8.01336072218,6.28917672306,4.3809050966,4.3809050966,2.3842097602,0,0.771583434,6.6034354135,6.19557697482,8.18924936713,10.50186847953,11.90265978735,12.08448689305,12.08448689345,12.08448689345,12.084486893427,12.084486893427,12.08448689324,12.08448689324,12.08448689324,11.36640961244,12.08448689334,12.08448689323,12.08448689323,12.08448689326,12.08448689326,11.49217000473,9.54700519013,9.82820578553,9.59441093477,9.92606625133,10.71295832873,12.08448689433,8.11368106016,12.08448689448,12.0844868945,12.0844868945,11.95730510288,12.08448689408,12.08448689408,12.08448689398,12.08448689398,12.08448689398,12.08448689398,12.06968465328,12.08448689435,12.08448689435,12.08448689438,12.08448689358,11.90568391178,8.98663976208,8.86720596938,11.78475034358,10.58349565658,7.39444952665,13.59204176445,13.59204176445,13.59204176355,13.59204176355,13.59204176355,12.45766231565,13.59204176395,13.59204176395,12.27912265355,13.59204176375,13.59204176405,13.59204176405,13.59204176405,13.59204176395,13.59204176395,13.59204176397,13.59204176397,13.592041764,13.592041764,13.59204176387,13.59204176387,13.59204176397,13.52707804137,13.59204176397,13.592041763974,13.592041763974,13.59204176416,11.96742300215,13.59204176415,12.29107096243,11.80210502155,12.71050049258,13.59204176435,13.59204176435,13.59204176435,13.59204176435,13.59204176395,12.13946660295,13.59204176393,13.59204176393,13.01329524351,13.59204176391,13.59204176393,13.13740426825,13.59204176395,13.16443257505,13.59204176394,13.59204176399,13.15499301399,13.09826836939,13.59204176404,13.59204176395,13.59204176405,13.59204176405,13.59204176407,13.59204176407,13.59204176406,13.59204176406,13.59204176405,12.131189622557,13.59204176385,12.13110146645,12.06447789495,11.31501668695,8.73781244305,10.02847263795,12.91480342265,12.55389382575,12.01122601335,13.59204176305,13.53031139663,13.59204176303,13.59204176305,13.59204176305,13.59204176305,13.59204176302,13.59204176307,13.59204176307,11.53925725065,13.59204176385,13.59204176385,13.59204176375,13.59204176379,13.59204176379,13.59204176385,12.33452982465,9.66234497655,12.30501427845,13.59204176345,12.64623714945,13.59204176315,12.62565073075,10.84144816385,10.85408318645,8.11729763575,7.76667966015
