"","t2","t40","t41","t39","t145","t146","t46","t123","t124","t120","t63","t57","t27","t28","t20","t149","t150","t136","t104","t36","t35","t47","t48","t78","t82","t83","t98","t110","t153","t154","t155","t79","t80","t33","t52","t92","t121","t122","t69","t106","t107","t91","t61","t62","t147","t148","t130","t143","t144","t135","t55","t56","t6","t34","t94","t95","t17","t25","t37","t70","t71","t137","t138","t125","t60","t76","t101","t102","t12","t13","t21","t88","t89","t65","t105","t116","t117","t90","t139","t140","t151","t152","t93","t10","t29","t30","t44","t58","t59","t96","t97","t22","t23","t11","t74","t75","t84","t85","t99","t131","t132","t133","t134","t86","t87","t64","t26","t103","t128","t129","t81","t18","t32","t53","t54","t43","t19","t24","t118","t119","t141","t142","t113","t16","t5","t8","t9","t7","t72","t73","t111","t112","t100","t31","t67","t68","t45","t114","t115","t77","t49","t38","t108","t109","t126","t127","t66","t42","t50","t51","t14","t15","t4","t3","t1"
"t2",0,6.14501792378,6.21352243328,5.6664666247,6.21352243327,6.21352243327,5.50116710276,6.21352243358,6.21352243358,6.21352243362,6.21352243362,5.9648825373,5.2664409733,6.2135224327,4.52227296415,6.21352243319,6.21352243319,6.21352243315,6.21352243315,5.049605410853,6.21352243283,5.862198216307,5.508901310207,5.796110988507,6.213522433167,6.213522433167,6.21352243315,5.929245206491,6.213522433097,6.2135224330972,6.2135224330972,5.71351603721,5.76094280315,6.21352243312,6.21352243312,6.21352243312,6.21352243312,6.21352243312,5.577934346242,6.21352243324,6.15408443594,6.21352243324,6.19682653282,5.50077422768,6.21352243311,6.21352243311,6.2135224331,6.21352243308,6.21352243308,6.21352243311,6.2135224331,6.2135224331,3.4270606323,5.2340954905,6.2135224331,6.2135224331,4.3089887916,6.213522433,5.5268617057,6.21352243322,6.04245560642,6.21352243322,6.21352243322,6.21352243322,6.2135224332622,6.2135224332622,6.2135224332622,5.9224704154322,5.66832782794,6.10150705394,5.6344698242,6.72550613893,6.72550613893,6.72550613893,6.72550613889,6.72550613892,6.72550613892,6.7255061389,6.7255061389,6.7255061389,6.725506138865,6.725506138865,6.7255061389,5.7141514651,6.72550613903,5.57166007073,6.01926045056,6.72550613886,6.20498524746,6.72550613886,6.72550613886,6.72550613903,6.72550613903,5.1217154583,6.44495362327,6.72550613917,6.7255061389,6.7255061389,6.7255061389,6.72550613882,6.72550613882,6.72550613888,6.72550613888,6.72550613893,6.72550613893,6.69631948636,6.21339190776,6.72550613876,6.72550613876,6.72550613876,6.52527783376,6.72550613928,6.72550613883,6.26132774033,6.61348767213,6.15185020093,5.74490875933,6.72550613859,6.5073482278,6.72550613909,6.72550613865,6.72550613865,6.72550613869,5.75336760479,3.67196263207,4.72065506102,4.28740074752,3.9328919887,6.72550613925,6.57661041885,6.72550613924,6.72550613924,6.53468314815,6.72550613955,6.72550613925,6.39134364845,6.72550613925,6.7255061391,6.7255061391,6.7255061391,6.0601283687,6.72550613915,6.7255061387,6.7255061387,6.72550613875,6.72550613875,6.72550613875,6.72550613825,6.72550613875,6.72550613875,5.33648370825,5.52177104255,3.3358617679,3.3752249972,1.2954526128
"t40",6.14501792378,0,2.0663696745,1.54891803048,5.03437875105,5.03437875105,4.32202342054,5.03437875136,5.03437875136,5.0343787514,5.0343787514,4.78573885508,4.08729729108,5.03437875048,3.34312928193,5.03437875097,5.03437875097,5.03437875093,5.03437875093,3.870461728633,5.03437875061,4.683054534087,4.329757627987,4.616967306287,5.034378750947,5.034378750947,5.03437875093,4.750101524271,5.034378750877,5.0343787508772,5.0343787508772,4.53437235499,4.58179912093,5.0343787509,5.0343787509,5.0343787509,5.0343787509,5.0343787509,4.398790664022,5.03437875102,4.97494075372,5.03437875102,5.0176828506,4.32163054546,5.03437875089,5.03437875089,5.03437875088,5.03437875086,5.03437875086,5.03437875089,5.03437875088,5.03437875088,3.27194483108,5.38797797428,6.36740491688,6.36740491688,4.46287127538,6.36740491678,5.68074418948,6.367404917,6.1963380902,6.367404917,6.367404917,6.367404917,6.3674049170422,6.3674049170422,6.3674049170422,6.0763528992122,10.32562496572,10.75880419172,10.29176696198,11.38280327671,11.38280327671,11.38280327671,11.38280327667,11.3828032767,11.3828032767,11.38280327668,11.38280327668,11.38280327668,11.382803276645,11.382803276645,11.38280327668,10.37144860288,11.38280327681,10.22895720851,10.67655758834,11.38280327664,10.86228238524,11.38280327664,11.38280327664,11.38280327681,11.38280327681,9.77901259608,11.10225076105,11.38280327695,11.38280327668,11.38280327668,11.38280327668,11.3828032766,11.3828032766,11.38280327666,11.38280327666,11.38280327671,11.38280327671,11.35361662414,10.87068904554,11.38280327654,11.38280327654,11.38280327654,11.18257497154,11.38280327706,11.38280327661,10.91862487811,11.27078480991,10.80914733871,10.40220589711,11.38280327637,11.16464536558,11.38280327687,11.38280327643,11.38280327643,11.38280327647,10.41066474257,8.32925976985,9.3779521988,8.9446978853,8.59018912648,11.38280327703,11.23390755663,11.38280327702,11.38280327702,11.19198028593,11.38280327733,11.38280327703,11.04864078623,11.38280327703,11.38280327688,11.38280327688,11.38280327688,10.71742550648,11.38280327693,11.38280327648,11.38280327648,11.38280327653,11.38280327653,11.38280327653,11.38280327603,11.38280327653,11.38280327653,9.99378084603,10.17906818033,7.99315890568,8.03252213498,5.95274975058
"t41",6.21352243328,2.0663696745,0,1.61742253998,5.10288326055,5.10288326055,4.39052793004,5.10288326086,5.10288326086,5.1028832609,5.1028832609,4.85424336458,4.15580180058,5.10288325998,3.41163379143,5.10288326047,5.10288326047,5.10288326043,5.10288326043,3.938966238133,5.10288326011,4.751559043587,4.398262137487,4.685471815787,5.102883260447,5.102883260447,5.10288326043,4.818606033771,5.102883260377,5.1028832603772,5.1028832603772,4.60287686449,4.65030363043,5.1028832604,5.1028832604,5.1028832604,5.1028832604,5.1028832604,4.467295173522,5.10288326052,5.04344526322,5.10288326052,5.0861873601,4.39013505496,5.10288326039,5.10288326039,5.10288326038,5.10288326036,5.10288326036,5.10288326039,5.10288326038,5.10288326038,3.34044934058,5.45648248378,6.43590942638,6.43590942638,4.53137578488,6.43590942628,5.74924869898,6.4359094265,6.2648425997,6.4359094265,6.4359094265,6.4359094265,6.4359094265422,6.4359094265422,6.4359094265422,6.1448574087122,10.39412947522,10.82730870122,10.36027147148,11.45130778621,11.45130778621,11.45130778621,11.45130778617,11.4513077862,11.4513077862,11.45130778618,11.45130778618,11.45130778618,11.451307786145,11.451307786145,11.45130778618,10.43995311238,11.45130778631,10.29746171801,10.74506209784,11.45130778614,10.93078689474,11.45130778614,11.45130778614,11.45130778631,11.45130778631,9.84751710558,11.17075527055,11.45130778645,11.45130778618,11.45130778618,11.45130778618,11.4513077861,11.4513077861,11.45130778616,11.45130778616,11.45130778621,11.45130778621,11.42212113364,10.93919355504,11.45130778604,11.45130778604,11.45130778604,11.25107948104,11.45130778656,11.45130778611,10.98712938761,11.33928931941,10.87765184821,10.47071040661,11.45130778587,11.23314987508,11.45130778637,11.45130778593,11.45130778593,11.45130778597,10.47916925207,8.39776427935,9.4464567083,9.0132023948,8.65869363598,11.45130778653,11.30241206613,11.45130778652,11.45130778652,11.26048479543,11.45130778683,11.45130778653,11.11714529573,11.45130778653,11.45130778638,11.45130778638,11.45130778638,10.78593001598,11.45130778643,11.45130778598,11.45130778598,11.45130778603,11.45130778603,11.45130778603,11.45130778553,11.45130778603,11.45130778603,10.06228535553,10.24757268983,8.06166341518,8.10102664448,6.02125426008
"t39",5.6664666247,1.54891803048,1.61742253998,0,4.55582745197,4.55582745197,3.84347212146,4.55582745228,4.55582745228,4.55582745232,4.55582745232,4.307187556,3.608745992,4.5558274514,2.86457798285,4.55582745189,4.55582745189,4.55582745185,4.55582745185,3.391910429553,4.55582745153,4.204503235007,3.851206328907,4.138416007207,4.555827451867,4.555827451867,4.55582745185,4.271550225191,4.555827451797,4.5558274517972,4.5558274517972,4.05582105591,4.10324782185,4.55582745182,4.55582745182,4.55582745182,4.55582745182,4.55582745182,3.920239364942,4.55582745194,4.49638945464,4.55582745194,4.53913155152,3.84307924638,4.55582745181,4.55582745181,4.5558274518,4.55582745178,4.55582745178,4.55582745181,4.5558274518,4.5558274518,2.793393532,4.9094266752,5.8888536178,5.8888536178,3.9843199763,5.8888536177,5.2021928904,5.88885361792,5.71778679112,5.88885361792,5.88885361792,5.88885361792,5.8888536179622,5.8888536179622,5.8888536179622,5.5978016001322,9.84707366664,10.28025289264,9.8132156629,10.90425197763,10.90425197763,10.90425197763,10.90425197759,10.90425197762,10.90425197762,10.9042519776,10.9042519776,10.9042519776,10.904251977565,10.904251977565,10.9042519776,9.8928973038,10.90425197773,9.75040590943,10.19800628926,10.90425197756,10.38373108616,10.90425197756,10.90425197756,10.90425197773,10.90425197773,9.300461297,10.62369946197,10.90425197787,10.9042519776,10.9042519776,10.9042519776,10.90425197752,10.90425197752,10.90425197758,10.90425197758,10.90425197763,10.90425197763,10.87506532506,10.39213774646,10.90425197746,10.90425197746,10.90425197746,10.70402367246,10.90425197798,10.90425197753,10.44007357903,10.79223351083,10.33059603963,9.92365459803,10.90425197729,10.6860940665,10.90425197779,10.90425197735,10.90425197735,10.90425197739,9.93211344349,7.85070847077,8.89940089972,8.46614658622,8.1116378274,10.90425197795,10.75535625755,10.90425197794,10.90425197794,10.71342898685,10.90425197825,10.90425197795,10.57008948715,10.90425197795,10.9042519778,10.9042519778,10.9042519778,10.2388742074,10.90425197785,10.9042519774,10.9042519774,10.90425197745,10.90425197745,10.90425197745,10.90425197695,10.90425197745,10.90425197745,9.51522954695,9.70051688125,7.5146076066,7.5539708359,5.4741984515
"t145",6.21352243327,5.03437875105,5.10288326055,4.55582745197,0,0.06619104022,1.05778144551,4.01462572233,4.01462572233,4.01462572237,4.01462572237,3.76598582605,3.06754426205,4.01462572145,2.3233762529,4.01462572194,4.01462572194,4.0146257219,4.0146257219,2.850708699603,4.01462572158,3.663301505057,3.310004598957,3.597214277257,4.014625721917,4.014625721917,4.0146257219,3.730348495241,4.014625721847,4.0146257218472,4.0146257218472,3.51461932596,3.5620460919,4.08031129339,4.08031129339,4.08031129339,4.08031129339,4.08031129339,3.444723206512,4.08031129351,4.02087329621,4.08031129351,4.06361539309,3.36756308795,4.08031129338,4.08031129338,4.08031129337,4.08031129335,4.08031129335,4.08031129338,4.08031129337,4.08031129337,3.34044934057,5.45648248377,6.43590942637,6.43590942637,4.53137578487,6.43590942627,5.74924869897,6.43590942649,6.26484259969,6.43590942649,6.43590942649,6.43590942649,6.4359094265322,6.4359094265322,6.4359094265322,6.1448574087022,10.39412947521,10.82730870121,10.36027147147,11.4513077862,11.4513077862,11.4513077862,11.45130778616,11.45130778619,11.45130778619,11.45130778617,11.45130778617,11.45130778617,11.451307786135,11.451307786135,11.45130778617,10.43995311237,11.4513077863,10.297461718,10.74506209783,11.45130778613,10.93078689473,11.45130778613,11.45130778613,11.4513077863,11.4513077863,9.84751710557,11.17075527054,11.45130778644,11.45130778617,11.45130778617,11.45130778617,11.45130778609,11.45130778609,11.45130778615,11.45130778615,11.4513077862,11.4513077862,11.42212113363,10.93919355503,11.45130778603,11.45130778603,11.45130778603,11.25107948103,11.45130778655,11.4513077861,10.9871293876,11.3392893194,10.8776518482,10.4707104066,11.45130778586,11.23314987507,11.45130778636,11.45130778592,11.45130778592,11.45130778596,10.47916925206,8.39776427934,9.44645670829,9.01320239479,8.65869363597,11.45130778652,11.30241206612,11.45130778651,11.45130778651,11.26048479542,11.45130778682,11.45130778652,11.11714529572,11.45130778652,11.45130778637,11.45130778637,11.45130778637,10.78593001597,11.45130778642,11.45130778597,11.45130778597,11.45130778602,11.45130778602,11.45130778602,11.45130778552,11.45130778602,11.45130778602,10.06228535552,10.24757268982,8.06166341517,8.10102664447,6.02125426007
"t146",6.21352243327,5.03437875105,5.10288326055,4.55582745197,0.06619104022,0,1.05778144551,4.01462572233,4.01462572233,4.01462572237,4.01462572237,3.76598582605,3.06754426205,4.01462572145,2.3233762529,4.01462572194,4.01462572194,4.0146257219,4.0146257219,2.850708699603,4.01462572158,3.663301505057,3.310004598957,3.597214277257,4.014625721917,4.014625721917,4.0146257219,3.730348495241,4.014625721847,4.0146257218472,4.0146257218472,3.51461932596,3.5620460919,4.08031129339,4.08031129339,4.08031129339,4.08031129339,4.08031129339,3.444723206512,4.08031129351,4.02087329621,4.08031129351,4.06361539309,3.36756308795,4.08031129338,4.08031129338,4.08031129337,4.08031129335,4.08031129335,4.08031129338,4.08031129337,4.08031129337,3.34044934057,5.45648248377,6.43590942637,6.43590942637,4.53137578487,6.43590942627,5.74924869897,6.43590942649,6.26484259969,6.43590942649,6.43590942649,6.43590942649,6.4359094265322,6.4359094265322,6.4359094265322,6.1448574087022,10.39412947521,10.82730870121,10.36027147147,11.4513077862,11.4513077862,11.4513077862,11.45130778616,11.45130778619,11.45130778619,11.45130778617,11.45130778617,11.45130778617,11.451307786135,11.451307786135,11.45130778617,10.43995311237,11.4513077863,10.297461718,10.74506209783,11.45130778613,10.93078689473,11.45130778613,11.45130778613,11.4513077863,11.4513077863,9.84751710557,11.17075527054,11.45130778644,11.45130778617,11.45130778617,11.45130778617,11.45130778609,11.45130778609,11.45130778615,11.45130778615,11.4513077862,11.4513077862,11.42212113363,10.93919355503,11.45130778603,11.45130778603,11.45130778603,11.25107948103,11.45130778655,11.4513077861,10.9871293876,11.3392893194,10.8776518482,10.4707104066,11.45130778586,11.23314987507,11.45130778636,11.45130778592,11.45130778592,11.45130778596,10.47916925206,8.39776427934,9.44645670829,9.01320239479,8.65869363597,11.45130778652,11.30241206612,11.45130778651,11.45130778651,11.26048479542,11.45130778682,11.45130778652,11.11714529572,11.45130778652,11.45130778637,11.45130778637,11.45130778637,10.78593001597,11.45130778642,11.45130778597,11.45130778597,11.45130778602,11.45130778602,11.45130778602,11.45130778552,11.45130778602,11.45130778602,10.06228535552,10.24757268982,8.06166341517,8.10102664447,6.02125426007
"t46",5.50116710276,4.32202342054,4.39052793004,3.84347212146,1.05778144551,1.05778144551,0,3.30227039182,3.30227039182,3.30227039186,3.30227039186,3.05363049554,2.35518893154,3.30227039094,1.61102092239,3.30227039143,3.30227039143,3.30227039139,3.30227039139,2.138353369093,3.30227039107,2.950946174547,2.597649268447,2.884858946747,3.302270391407,3.302270391407,3.30227039139,3.017993164731,3.302270391337,3.3022703913372,3.3022703913372,2.80226399545,2.84969076139,3.36795596288,3.36795596288,3.36795596288,3.36795596288,3.36795596288,2.732367876002,3.367955963,3.3085179657,3.367955963,3.35126006258,2.65520775744,3.36795596287,3.36795596287,3.36795596286,3.36795596284,3.36795596284,3.36795596287,3.36795596286,3.36795596286,2.62809401006,4.74412715326,5.72355409586,5.72355409586,3.81902045436,5.72355409576,5.03689336846,5.72355409598,5.55248726918,5.72355409598,5.72355409598,5.72355409598,5.7235540960222,5.7235540960222,5.7235540960222,5.4325020781922,9.6817741447,10.1149533707,9.64791614096,10.73895245569,10.73895245569,10.73895245569,10.73895245565,10.73895245568,10.73895245568,10.73895245566,10.73895245566,10.73895245566,10.738952455625,10.738952455625,10.73895245566,9.72759778186,10.73895245579,9.58510638749,10.03270676732,10.73895245562,10.21843156422,10.73895245562,10.73895245562,10.73895245579,10.73895245579,9.13516177506,10.45839994003,10.73895245593,10.73895245566,10.73895245566,10.73895245566,10.73895245558,10.73895245558,10.73895245564,10.73895245564,10.73895245569,10.73895245569,10.70976580312,10.22683822452,10.73895245552,10.73895245552,10.73895245552,10.53872415052,10.73895245604,10.73895245559,10.27477405709,10.62693398889,10.16529651769,9.75835507609,10.73895245535,10.52079454456,10.73895245585,10.73895245541,10.73895245541,10.73895245545,9.76681392155,7.68540894883,8.73410137778,8.30084706428,7.94633830546,10.73895245601,10.59005673561,10.738952456,10.738952456,10.54812946491,10.73895245631,10.73895245601,10.40478996521,10.73895245601,10.73895245586,10.73895245586,10.73895245586,10.07357468546,10.73895245591,10.73895245546,10.73895245546,10.73895245551,10.73895245551,10.73895245551,10.73895245501,10.73895245551,10.73895245551,9.34993002501,9.53521735931,7.34930808466,7.38867131396,5.30889892956
"t123",6.21352243358,5.03437875136,5.10288326086,4.55582745228,4.01462572233,4.01462572233,3.30227039182,0,0.397112242,0.42231812236,1.46485621876,1.39203554628,3.01440107428,3.96148253368,2.30037989303,3.99162936207,3.99162936207,3.99162936203,3.99162936203,2.827712339733,3.99162936171,3.640305145187,3.287008239087,3.574217917387,3.991629362047,3.991629362047,3.99162936203,3.707352135371,3.991629361977,3.9916293619772,3.9916293619772,3.49162296609,3.53904973203,4.0803112937,4.0803112937,4.0803112937,4.0803112937,4.0803112937,3.444723206822,4.08031129382,4.02087329652,4.08031129382,4.0636153934,3.36756308826,4.08031129369,4.08031129369,4.08031129368,4.08031129366,4.08031129366,4.08031129369,4.08031129368,4.08031129368,3.34044934088,5.45648248408,6.43590942668,6.43590942668,4.53137578518,6.43590942658,5.74924869928,6.4359094268,6.2648426,6.4359094268,6.4359094268,6.4359094268,6.4359094268422,6.4359094268422,6.4359094268422,6.1448574090122,10.39412947552,10.82730870152,10.36027147178,11.45130778651,11.45130778651,11.45130778651,11.45130778647,11.4513077865,11.4513077865,11.45130778648,11.45130778648,11.45130778648,11.451307786445,11.451307786445,11.45130778648,10.43995311268,11.45130778661,10.29746171831,10.74506209814,11.45130778644,10.93078689504,11.45130778644,11.45130778644,11.45130778661,11.45130778661,9.84751710588,11.17075527085,11.45130778675,11.45130778648,11.45130778648,11.45130778648,11.4513077864,11.4513077864,11.45130778646,11.45130778646,11.45130778651,11.45130778651,11.42212113394,10.93919355534,11.45130778634,11.45130778634,11.45130778634,11.25107948134,11.45130778686,11.45130778641,10.98712938791,11.33928931971,10.87765184851,10.47071040691,11.45130778617,11.23314987538,11.45130778667,11.45130778623,11.45130778623,11.45130778627,10.47916925237,8.39776427965,9.4464567086,9.0132023951,8.65869363628,11.45130778683,11.30241206643,11.45130778682,11.45130778682,11.26048479573,11.45130778713,11.45130778683,11.11714529603,11.45130778683,11.45130778668,11.45130778668,11.45130778668,10.78593001628,11.45130778673,11.45130778628,11.45130778628,11.45130778633,11.45130778633,11.45130778633,11.45130778583,11.45130778633,11.45130778633,10.06228535583,10.24757269013,8.06166341548,8.10102664478,6.02125426038
"t124",6.21352243358,5.03437875136,5.10288326086,4.55582745228,4.01462572233,4.01462572233,3.30227039182,0.397112242,0,0.42231812236,1.46485621876,1.39203554628,3.01440107428,3.96148253368,2.30037989303,3.99162936207,3.99162936207,3.99162936203,3.99162936203,2.827712339733,3.99162936171,3.640305145187,3.287008239087,3.574217917387,3.991629362047,3.991629362047,3.99162936203,3.707352135371,3.991629361977,3.9916293619772,3.9916293619772,3.49162296609,3.53904973203,4.0803112937,4.0803112937,4.0803112937,4.0803112937,4.0803112937,3.444723206822,4.08031129382,4.02087329652,4.08031129382,4.0636153934,3.36756308826,4.08031129369,4.08031129369,4.08031129368,4.08031129366,4.08031129366,4.08031129369,4.08031129368,4.08031129368,3.34044934088,5.45648248408,6.43590942668,6.43590942668,4.53137578518,6.43590942658,5.74924869928,6.4359094268,6.2648426,6.4359094268,6.4359094268,6.4359094268,6.4359094268422,6.4359094268422,6.4359094268422,6.1448574090122,10.39412947552,10.82730870152,10.36027147178,11.45130778651,11.45130778651,11.45130778651,11.45130778647,11.4513077865,11.4513077865,11.45130778648,11.45130778648,11.45130778648,11.451307786445,11.451307786445,11.45130778648,10.43995311268,11.45130778661,10.29746171831,10.74506209814,11.45130778644,10.93078689504,11.45130778644,11.45130778644,11.45130778661,11.45130778661,9.84751710588,11.17075527085,11.45130778675,11.45130778648,11.45130778648,11.45130778648,11.4513077864,11.4513077864,11.45130778646,11.45130778646,11.45130778651,11.45130778651,11.42212113394,10.93919355534,11.45130778634,11.45130778634,11.45130778634,11.25107948134,11.45130778686,11.45130778641,10.98712938791,11.33928931971,10.87765184851,10.47071040691,11.45130778617,11.23314987538,11.45130778667,11.45130778623,11.45130778623,11.45130778627,10.47916925237,8.39776427965,9.4464567086,9.0132023951,8.65869363628,11.45130778683,11.30241206643,11.45130778682,11.45130778682,11.26048479573,11.45130778713,11.45130778683,11.11714529603,11.45130778683,11.45130778668,11.45130778668,11.45130778668,10.78593001628,11.45130778673,11.45130778628,11.45130778628,11.45130778633,11.45130778633,11.45130778633,11.45130778583,11.45130778633,11.45130778633,10.06228535583,10.24757269013,8.06166341548,8.10102664478,6.02125426038
"t120",6.21352243362,5.0343787514,5.1028832609,4.55582745232,4.01462572237,4.01462572237,3.30227039186,0.42231812236,0.42231812236,0,1.4648562188,1.39203554632,3.01440107432,3.96148253372,2.30037989307,3.99162936211,3.99162936211,3.99162936207,3.99162936207,2.827712339773,3.99162936175,3.640305145227,3.287008239127,3.574217917427,3.991629362087,3.991629362087,3.99162936207,3.707352135411,3.991629362017,3.9916293620172,3.9916293620172,3.49162296613,3.53904973207,4.08031129374,4.08031129374,4.08031129374,4.08031129374,4.08031129374,3.444723206862,4.08031129386,4.02087329656,4.08031129386,4.06361539344,3.3675630883,4.08031129373,4.08031129373,4.08031129372,4.0803112937,4.0803112937,4.08031129373,4.08031129372,4.08031129372,3.34044934092,5.45648248412,6.43590942672,6.43590942672,4.53137578522,6.43590942662,5.74924869932,6.43590942684,6.26484260004,6.43590942684,6.43590942684,6.43590942684,6.4359094268822,6.4359094268822,6.4359094268822,6.1448574090522,10.39412947556,10.82730870156,10.36027147182,11.45130778655,11.45130778655,11.45130778655,11.45130778651,11.45130778654,11.45130778654,11.45130778652,11.45130778652,11.45130778652,11.451307786485,11.451307786485,11.45130778652,10.43995311272,11.45130778665,10.29746171835,10.74506209818,11.45130778648,10.93078689508,11.45130778648,11.45130778648,11.45130778665,11.45130778665,9.84751710592,11.17075527089,11.45130778679,11.45130778652,11.45130778652,11.45130778652,11.45130778644,11.45130778644,11.4513077865,11.4513077865,11.45130778655,11.45130778655,11.42212113398,10.93919355538,11.45130778638,11.45130778638,11.45130778638,11.25107948138,11.4513077869,11.45130778645,10.98712938795,11.33928931975,10.87765184855,10.47071040695,11.45130778621,11.23314987542,11.45130778671,11.45130778627,11.45130778627,11.45130778631,10.47916925241,8.39776427969,9.44645670864,9.01320239514,8.65869363632,11.45130778687,11.30241206647,11.45130778686,11.45130778686,11.26048479577,11.45130778717,11.45130778687,11.11714529607,11.45130778687,11.45130778672,11.45130778672,11.45130778672,10.78593001632,11.45130778677,11.45130778632,11.45130778632,11.45130778637,11.45130778637,11.45130778637,11.45130778587,11.45130778637,11.45130778637,10.06228535587,10.24757269017,8.06166341552,8.10102664482,6.02125426042
"t63",6.21352243362,5.0343787514,5.1028832609,4.55582745232,4.01462572237,4.01462572237,3.30227039186,1.46485621876,1.46485621876,1.4648562188,0,1.39203554632,3.01440107432,3.96148253372,2.30037989307,3.99162936211,3.99162936211,3.99162936207,3.99162936207,2.827712339773,3.99162936175,3.640305145227,3.287008239127,3.574217917427,3.991629362087,3.991629362087,3.99162936207,3.707352135411,3.991629362017,3.9916293620172,3.9916293620172,3.49162296613,3.53904973207,4.08031129374,4.08031129374,4.08031129374,4.08031129374,4.08031129374,3.444723206862,4.08031129386,4.02087329656,4.08031129386,4.06361539344,3.3675630883,4.08031129373,4.08031129373,4.08031129372,4.0803112937,4.0803112937,4.08031129373,4.08031129372,4.08031129372,3.34044934092,5.45648248412,6.43590942672,6.43590942672,4.53137578522,6.43590942662,5.74924869932,6.43590942684,6.26484260004,6.43590942684,6.43590942684,6.43590942684,6.4359094268822,6.4359094268822,6.4359094268822,6.1448574090522,10.39412947556,10.82730870156,10.36027147182,11.45130778655,11.45130778655,11.45130778655,11.45130778651,11.45130778654,11.45130778654,11.45130778652,11.45130778652,11.45130778652,11.451307786485,11.451307786485,11.45130778652,10.43995311272,11.45130778665,10.29746171835,10.74506209818,11.45130778648,10.93078689508,11.45130778648,11.45130778648,11.45130778665,11.45130778665,9.84751710592,11.17075527089,11.45130778679,11.45130778652,11.45130778652,11.45130778652,11.45130778644,11.45130778644,11.4513077865,11.4513077865,11.45130778655,11.45130778655,11.42212113398,10.93919355538,11.45130778638,11.45130778638,11.45130778638,11.25107948138,11.4513077869,11.45130778645,10.98712938795,11.33928931975,10.87765184855,10.47071040695,11.45130778621,11.23314987542,11.45130778671,11.45130778627,11.45130778627,11.45130778631,10.47916925241,8.39776427969,9.44645670864,9.01320239514,8.65869363632,11.45130778687,11.30241206647,11.45130778686,11.45130778686,11.26048479577,11.45130778717,11.45130778687,11.11714529607,11.45130778687,11.45130778672,11.45130778672,11.45130778672,10.78593001632,11.45130778677,11.45130778632,11.45130778632,11.45130778637,11.45130778637,11.45130778637,11.45130778587,11.45130778637,11.45130778637,10.06228535587,10.24757269017,8.06166341552,8.10102664482,6.02125426042
"t57",5.9648825373,4.78573885508,4.85424336458,4.307187556,3.76598582605,3.76598582605,3.05363049554,1.39203554628,1.39203554628,1.39203554632,1.39203554632,0,2.765761178,3.7128426374,2.05173999675,3.74298946579,3.74298946579,3.74298946575,3.74298946575,2.579072443453,3.74298946543,3.391665248907,3.038368342807,3.325578021107,3.742989465767,3.742989465767,3.74298946575,3.458712239091,3.742989465697,3.7429894656972,3.7429894656972,3.24298306981,3.29040983575,3.83167139742,3.83167139742,3.83167139742,3.83167139742,3.83167139742,3.196083310542,3.83167139754,3.77223340024,3.83167139754,3.81497549712,3.11892319198,3.83167139741,3.83167139741,3.8316713974,3.83167139738,3.83167139738,3.83167139741,3.8316713974,3.8316713974,3.0918094446,5.2078425878,6.1872695304,6.1872695304,4.2827358889,6.1872695303,5.500608803,6.18726953052,6.01620270372,6.18726953052,6.18726953052,6.18726953052,6.1872695305622,6.1872695305622,6.1872695305622,5.8962175127322,10.14548957924,10.57866880524,10.1116315755,11.20266789023,11.20266789023,11.20266789023,11.20266789019,11.20266789022,11.20266789022,11.2026678902,11.2026678902,11.2026678902,11.202667890165,11.202667890165,11.2026678902,10.1913132164,11.20266789033,10.04882182203,10.49642220186,11.20266789016,10.68214699876,11.20266789016,11.20266789016,11.20266789033,11.20266789033,9.5988772096,10.92211537457,11.20266789047,11.2026678902,11.2026678902,11.2026678902,11.20266789012,11.20266789012,11.20266789018,11.20266789018,11.20266789023,11.20266789023,11.17348123766,10.69055365906,11.20266789006,11.20266789006,11.20266789006,11.00243958506,11.20266789058,11.20266789013,10.73848949163,11.09064942343,10.62901195223,10.22207051063,11.20266788989,10.9845099791,11.20266789039,11.20266788995,11.20266788995,11.20266788999,10.23052935609,8.14912438337,9.19781681232,8.76456249882,8.41005374,11.20266789055,11.05377217015,11.20266789054,11.20266789054,11.01184489945,11.20266789085,11.20266789055,10.86850539975,11.20266789055,11.2026678904,11.2026678904,11.2026678904,10.53729012,11.20266789045,11.20266789,11.20266789,11.20266789005,11.20266789005,11.20266789005,11.20266788955,11.20266789005,11.20266789005,9.81364545955,9.99893279385,7.8130235192,7.8523867485,5.7726143641
"t27",5.2664409733,4.08729729108,4.15580180058,3.608745992,3.06754426205,3.06754426205,2.35518893154,3.01440107428,3.01440107428,3.01440107432,3.01440107432,2.765761178,0,1.7912829126,1.35329843275,3.04454790179,3.04454790179,3.04454790175,3.04454790175,1.880630879453,3.04454790143,2.693223684907,2.339926778807,2.627136457107,3.044547901767,3.044547901767,3.04454790175,2.760270675091,3.044547901697,3.0445479016972,3.0445479016972,2.54454150581,2.59196827175,3.13322983342,3.13322983342,3.13322983342,3.13322983342,3.13322983342,2.497641746542,3.13322983354,3.07379183624,3.13322983354,3.11653393312,2.42048162798,3.13322983341,3.13322983341,3.1332298334,3.13322983338,3.13322983338,3.13322983341,3.1332298334,3.1332298334,2.3933678806,4.5094010238,5.4888279664,5.4888279664,3.5842943249,5.4888279663,4.802167239,5.48882796652,5.31776113972,5.48882796652,5.48882796652,5.48882796652,5.4888279665622,5.4888279665622,5.4888279665622,5.1977759487322,9.44704801524,9.88022724124,9.4131900115,10.50422632623,10.50422632623,10.50422632623,10.50422632619,10.50422632622,10.50422632622,10.5042263262,10.5042263262,10.5042263262,10.504226326165,10.504226326165,10.5042263262,9.4928716524,10.50422632633,9.35038025803,9.79798063786,10.50422632616,9.98370543476,10.50422632616,10.50422632616,10.50422632633,10.50422632633,8.9004356456,10.22367381057,10.50422632647,10.5042263262,10.5042263262,10.5042263262,10.50422632612,10.50422632612,10.50422632618,10.50422632618,10.50422632623,10.50422632623,10.47503967366,9.99211209506,10.50422632606,10.50422632606,10.50422632606,10.30399802106,10.50422632658,10.50422632613,10.04004792763,10.39220785943,9.93057038823,9.52362894663,10.50422632589,10.2860684151,10.50422632639,10.50422632595,10.50422632595,10.50422632599,9.53208779209,7.45068281937,8.49937524832,8.06612093482,7.711612176,10.50422632655,10.35533060615,10.50422632654,10.50422632654,10.31340333545,10.50422632685,10.50422632655,10.17006383575,10.50422632655,10.5042263264,10.5042263264,10.5042263264,9.838848556,10.50422632645,10.504226326,10.504226326,10.50422632605,10.50422632605,10.50422632605,10.50422632555,10.50422632605,10.50422632605,9.11520389555,9.30049122985,7.1145819552,7.1539451845,5.0741728001
"t28",6.2135224327,5.03437875048,5.10288325998,4.5558274514,4.01462572145,4.01462572145,3.30227039094,3.96148253368,3.96148253368,3.96148253372,3.96148253372,3.7128426374,1.7912829126,0,2.30037989215,3.99162936119,3.99162936119,3.99162936115,3.99162936115,2.827712338853,3.99162936083,3.640305144307,3.287008238207,3.574217916507,3.991629361167,3.991629361167,3.99162936115,3.707352134491,3.991629361097,3.9916293610972,3.9916293610972,3.49162296521,3.53904973115,4.08031129282,4.08031129282,4.08031129282,4.08031129282,4.08031129282,3.444723205942,4.08031129294,4.02087329564,4.08031129294,4.06361539252,3.36756308738,4.08031129281,4.08031129281,4.0803112928,4.08031129278,4.08031129278,4.08031129281,4.0803112928,4.0803112928,3.34044934,5.4564824832,6.4359094258,6.4359094258,4.5313757843,6.4359094257,5.7492486984,6.43590942592,6.26484259912,6.43590942592,6.43590942592,6.43590942592,6.4359094259622,6.4359094259622,6.4359094259622,6.1448574081322,10.39412947464,10.82730870064,10.3602714709,11.45130778563,11.45130778563,11.45130778563,11.45130778559,11.45130778562,11.45130778562,11.4513077856,11.4513077856,11.4513077856,11.451307785565,11.451307785565,11.4513077856,10.4399531118,11.45130778573,10.29746171743,10.74506209726,11.45130778556,10.93078689416,11.45130778556,11.45130778556,11.45130778573,11.45130778573,9.847517105,11.17075526997,11.45130778587,11.4513077856,11.4513077856,11.4513077856,11.45130778552,11.45130778552,11.45130778558,11.45130778558,11.45130778563,11.45130778563,11.42212113306,10.93919355446,11.45130778546,11.45130778546,11.45130778546,11.25107948046,11.45130778598,11.45130778553,10.98712938703,11.33928931883,10.87765184763,10.47071040603,11.45130778529,11.2331498745,11.45130778579,11.45130778535,11.45130778535,11.45130778539,10.47916925149,8.39776427877,9.44645670772,9.01320239422,8.6586936354,11.45130778595,11.30241206555,11.45130778594,11.45130778594,11.26048479485,11.45130778625,11.45130778595,11.11714529515,11.45130778595,11.4513077858,11.4513077858,11.4513077858,10.7859300154,11.45130778585,11.4513077854,11.4513077854,11.45130778545,11.45130778545,11.45130778545,11.45130778495,11.45130778545,11.45130778545,10.06228535495,10.24757268925,8.0616634146,8.1010266439,6.0212542595
"t20",4.52227296415,3.34312928193,3.41163379143,2.86457798285,2.3233762529,2.3233762529,1.61102092239,2.30037989303,2.30037989303,2.30037989307,2.30037989307,2.05173999675,1.35329843275,2.30037989215,0,1.93257376064,1.93257376064,1.9325737606,1.9325737606,0.768656738303,1.93257376028,1.581249543757,1.227952637657,1.515162315957,1.932573760617,1.932573760617,1.9325737606,1.648296533941,1.932573760547,1.9325737605472,1.9325737605472,1.43256736466,1.4799941306,2.38906182427,2.38906182427,2.38906182427,2.38906182427,2.38906182427,1.753473737392,2.38906182439,2.32962382709,2.38906182439,2.37236592397,1.67631361883,2.38906182426,2.38906182426,2.38906182425,2.38906182423,2.38906182423,2.38906182426,2.38906182425,2.38906182425,1.64919987145,3.76523301465,4.74465995725,4.74465995725,2.84012631575,4.74465995715,4.05799922985,4.74465995737,4.57359313057,4.74465995737,4.74465995737,4.74465995737,4.7446599574122,4.7446599574122,4.7446599574122,4.4536079395822,8.70288000609,9.13605923209,8.66902200235,9.76005831708,9.76005831708,9.76005831708,9.76005831704,9.76005831707,9.76005831707,9.76005831705,9.76005831705,9.76005831705,9.760058317015,9.760058317015,9.76005831705,8.74870364325,9.76005831718,8.60621224888,9.05381262871,9.76005831701,9.23953742561,9.76005831701,9.76005831701,9.76005831718,9.76005831718,8.15626763645,9.47950580142,9.76005831732,9.76005831705,9.76005831705,9.76005831705,9.76005831697,9.76005831697,9.76005831703,9.76005831703,9.76005831708,9.76005831708,9.73087166451,9.24794408591,9.76005831691,9.76005831691,9.76005831691,9.55983001191,9.76005831743,9.76005831698,9.29587991848,9.64803985028,9.18640237908,8.77946093748,9.76005831674,9.54190040595,9.76005831724,9.7600583168,9.7600583168,9.76005831684,8.78791978294,6.70651481022,7.75520723917,7.32195292567,6.96744416685,9.7600583174,9.611162597,9.76005831739,9.76005831739,9.5692353263,9.7600583177,9.7600583174,9.4258958266,9.7600583174,9.76005831725,9.76005831725,9.76005831725,9.09468054685,9.7600583173,9.76005831685,9.76005831685,9.7600583169,9.7600583169,9.7600583169,9.7600583164,9.7600583169,9.7600583169,8.3710358864,8.5563232207,6.37041394605,6.40977717535,4.33000479095
"t149",6.21352243319,5.03437875097,5.10288326047,4.55582745189,4.01462572194,4.01462572194,3.30227039143,3.99162936207,3.99162936207,3.99162936211,3.99162936211,3.74298946579,3.04454790179,3.99162936119,1.93257376064,0,0.00770791708,0.22825309744,0.63986075224,1.173396970143,3.05263205612,2.701307839597,2.348010933497,2.635220611797,3.052632056457,3.052632056457,3.05263205644,2.768354829781,3.052632056387,3.0526320563872,3.0526320563872,2.5526256605,2.60005242644,4.08031129331,4.08031129331,4.08031129331,4.08031129331,4.08031129331,3.444723206432,4.08031129343,4.02087329613,4.08031129343,4.06361539301,3.36756308787,4.0803112933,4.0803112933,4.08031129329,4.08031129327,4.08031129327,4.0803112933,4.08031129329,4.08031129329,3.34044934049,5.45648248369,6.43590942629,6.43590942629,4.53137578479,6.43590942619,5.74924869889,6.43590942641,6.26484259961,6.43590942641,6.43590942641,6.43590942641,6.4359094264522,6.4359094264522,6.4359094264522,6.1448574086222,10.39412947513,10.82730870113,10.36027147139,11.45130778612,11.45130778612,11.45130778612,11.45130778608,11.45130778611,11.45130778611,11.45130778609,11.45130778609,11.45130778609,11.451307786055,11.451307786055,11.45130778609,10.43995311229,11.45130778622,10.29746171792,10.74506209775,11.45130778605,10.93078689465,11.45130778605,11.45130778605,11.45130778622,11.45130778622,9.84751710549,11.17075527046,11.45130778636,11.45130778609,11.45130778609,11.45130778609,11.45130778601,11.45130778601,11.45130778607,11.45130778607,11.45130778612,11.45130778612,11.42212113355,10.93919355495,11.45130778595,11.45130778595,11.45130778595,11.25107948095,11.45130778647,11.45130778602,10.98712938752,11.33928931932,10.87765184812,10.47071040652,11.45130778578,11.23314987499,11.45130778628,11.45130778584,11.45130778584,11.45130778588,10.47916925198,8.39776427926,9.44645670821,9.01320239471,8.65869363589,11.45130778644,11.30241206604,11.45130778643,11.45130778643,11.26048479534,11.45130778674,11.45130778644,11.11714529564,11.45130778644,11.45130778629,11.45130778629,11.45130778629,10.78593001589,11.45130778634,11.45130778589,11.45130778589,11.45130778594,11.45130778594,11.45130778594,11.45130778544,11.45130778594,11.45130778594,10.06228535544,10.24757268974,8.06166341509,8.10102664439,6.02125425999
"t150",6.21352243319,5.03437875097,5.10288326047,4.55582745189,4.01462572194,4.01462572194,3.30227039143,3.99162936207,3.99162936207,3.99162936211,3.99162936211,3.74298946579,3.04454790179,3.99162936119,1.93257376064,0.00770791708,0,0.22825309744,0.63986075224,1.173396970143,3.05263205612,2.701307839597,2.348010933497,2.635220611797,3.052632056457,3.052632056457,3.05263205644,2.768354829781,3.052632056387,3.0526320563872,3.0526320563872,2.5526256605,2.60005242644,4.08031129331,4.08031129331,4.08031129331,4.08031129331,4.08031129331,3.444723206432,4.08031129343,4.02087329613,4.08031129343,4.06361539301,3.36756308787,4.0803112933,4.0803112933,4.08031129329,4.08031129327,4.08031129327,4.0803112933,4.08031129329,4.08031129329,3.34044934049,5.45648248369,6.43590942629,6.43590942629,4.53137578479,6.43590942619,5.74924869889,6.43590942641,6.26484259961,6.43590942641,6.43590942641,6.43590942641,6.4359094264522,6.4359094264522,6.4359094264522,6.1448574086222,10.39412947513,10.82730870113,10.36027147139,11.45130778612,11.45130778612,11.45130778612,11.45130778608,11.45130778611,11.45130778611,11.45130778609,11.45130778609,11.45130778609,11.451307786055,11.451307786055,11.45130778609,10.43995311229,11.45130778622,10.29746171792,10.74506209775,11.45130778605,10.93078689465,11.45130778605,11.45130778605,11.45130778622,11.45130778622,9.84751710549,11.17075527046,11.45130778636,11.45130778609,11.45130778609,11.45130778609,11.45130778601,11.45130778601,11.45130778607,11.45130778607,11.45130778612,11.45130778612,11.42212113355,10.93919355495,11.45130778595,11.45130778595,11.45130778595,11.25107948095,11.45130778647,11.45130778602,10.98712938752,11.33928931932,10.87765184812,10.47071040652,11.45130778578,11.23314987499,11.45130778628,11.45130778584,11.45130778584,11.45130778588,10.47916925198,8.39776427926,9.44645670821,9.01320239471,8.65869363589,11.45130778644,11.30241206604,11.45130778643,11.45130778643,11.26048479534,11.45130778674,11.45130778644,11.11714529564,11.45130778644,11.45130778629,11.45130778629,11.45130778629,10.78593001589,11.45130778634,11.45130778589,11.45130778589,11.45130778594,11.45130778594,11.45130778594,11.45130778544,11.45130778594,11.45130778594,10.06228535544,10.24757268974,8.06166341509,8.10102664439,6.02125425999
