"","t2","t10","t13","t114","t115","t66","t67","t30","t17","t85","t86","t45","t35","t9","t14","t108","t122","t123","t102","t103","t55","t95","t96","t78","t71","t136","t137","t59","t54","t34","t49","t89","t90","t138","t139","t97","t128","t129","t83","t84","t72","t101","t111","t120","t121","t70","t73","t134","t135","t112","t113","t64","t62","t63","t46","t79","t80","t23","t20","t65","t124","t125","t126","t127","t81","t82","t27","t25","t26","t24","t140","t141","t116","t117","t75","t50","t51","t18","t33","t87","t88","t104","t105","t31","t32","t106","t107","t28","t19","t8","t36","t42","t68","t69","t57","t91","t92","t76","t77","t38","t93","t94","t37","t52","t53","t47","t48","t39","t56","t58","t99","t100","t74","t109","t130","t131","t110","t41","t43","t44","t21","t3","t12","t15","t16","t11","t118","t119","t60","t61","t40","t132","t133","t98","t29","t22","t6","t7","t4","t5","t1"
"t2",0,6.01243839077,6.71905734177,7.47187902897,7.47187902897,7.05963269601,7.47187902897,6.65744460037,7.02547998527,7.47187902897,7.47187902897,7.47187902897,7.47187902927,5.70000326952,5.33909465453,7.47187902803,7.47187902797,7.47187902797,7.47187902803,7.47187902803,6.73196678096,7.47187902802,7.47187902802,7.47187902802,7.47187902803,7.471879028796,7.471879028796,7.47187902886,7.47187902886,7.47187902854,7.47187902844,7.25457407864,7.47187902844,7.471879028913,7.471879028913,7.47187902842,7.47187902845,7.47187902845,7.47187902844,7.47187902844,7.47187902848,7.47187902852,7.47187902853,7.47187902852,7.47187902852,7.47187902852,7.47187902822,7.47187902826,7.47187902826,7.471879028583,7.471879028583,7.471879028483,7.471879028483,7.471879028483,6.930487737483,7.067149222822,7.471879028383,5.73079092516,5.55125343423,7.26588304323,7.47187902878,7.47187902878,7.47187902877,7.47187902877,7.47187902883,7.47187902883,5.64691053257,7.47187902828,7.47187902828,5.60949266287,7.471879028782,7.471879028782,7.47187902908,7.47187902908,7.47187902898,6.81850507478,7.47187902838,6.04954231558,7.4718790282,7.4718790286,7.4718790286,7.4718790286,7.4718790286,7.47187902836,7.47187902836,7.47187902867,7.47187902867,7.00892368357,5.58423007247,4.91174033424,7.47187902765,7.47187902805,7.01498526838,7.47187902805,7.47187902805,7.47187902805,7.47187902805,7.47187902805,7.47187902805,6.35253431384,7.47187902803,7.47187902803,7.47187902814,7.13690790175,7.47187902805,7.47187902805,7.47187902805,6.80966160425,7.16575685619,7.47187902805,7.47187902795,7.47187902795,7.23757727995,7.47187902805,7.47187902803,7.47187902803,7.47187902805,7.47187902805,7.47187902805,6.84411758215,5.49535094844,2.55223906492,6.35494536786,7.50389016762,8.10259521642,6.31832415012,9.11147020875,9.11147020875,9.11147020871,9.11147020871,8.09792552205,9.11147020929,9.11147020929,9.11147020932,9.11147020882,8.52868465722,9.11147020872,5.66061994812,3.85935816897,3.53965841617,1.79071855117
"t10",6.01243839077,0,3.748399879,4.5012215662,4.5012215662,4.08897523324,4.5012215662,3.6867871376,4.0548225225,5.2748390112,5.2748390112,5.2748390112,5.2748390115,4.93750290515,4.57659429016,6.70937866366,6.7093786636,6.7093786636,6.70937866366,6.70937866366,5.96946641659,6.70937866365,6.70937866365,6.70937866365,6.70937866366,6.709378664426,6.709378664426,6.70937866449,6.70937866449,6.70937866417,6.70937866407,6.49207371427,6.70937866407,6.709378664543,6.709378664543,6.70937866405,6.70937866408,6.70937866408,6.70937866407,6.70937866407,6.70937866411,6.70937866415,6.70937866416,6.70937866415,6.70937866415,6.70937866415,6.70937866385,6.70937866389,6.70937866389,6.709378664213,6.709378664213,6.709378664113,6.709378664113,6.709378664113,6.167987373113,6.304648858452,6.709378664013,4.96829056079,4.78875306986,6.50338267886,6.70937866441,6.70937866441,6.7093786644,6.7093786644,6.70937866446,6.70937866446,4.8844101682,6.70937866391,6.70937866391,4.8469922985,6.709378664412,6.709378664412,6.70937866471,6.70937866471,6.70937866461,6.05600471041,6.70937866401,5.28704195121,6.70937866383,6.70937866423,6.70937866423,6.70937866423,6.70937866423,6.70937866399,6.70937866399,6.7093786643,6.7093786643,6.2464233192,4.8217297081,4.14923996987,6.70937866328,6.70937866368,6.25248490401,6.70937866368,6.70937866368,6.70937866368,6.70937866368,6.70937866368,6.70937866368,5.59003394947,6.70937866366,6.70937866366,6.70937866377,6.37440753738,6.70937866368,6.70937866368,6.70937866368,6.04716123988,6.40325649182,6.70937866368,6.70937866358,6.70937866358,6.47507691558,6.70937866368,6.70937866366,6.70937866366,6.70937866368,6.70937866368,6.70937866368,6.08161721778,4.73285058407,8.49424215855,12.29694846149,13.44589326125,14.04459831005,12.26032724375,15.05347330238,15.05347330238,15.05347330234,15.05347330234,14.03992861568,15.05347330292,15.05347330292,15.05347330295,15.05347330245,14.47068775085,15.05347330235,11.60262304175,9.8013612626,9.4816615098,7.7327216448
"t13",6.71905734177,3.748399879,0,4.4763128732,4.4763128732,4.06406654024,4.4763128732,3.6618784446,4.0299138295,5.9814579622,5.9814579622,5.9814579622,5.9814579625,5.64412185615,5.28321324116,7.41599761466,7.4159976146,7.4159976146,7.41599761466,7.41599761466,6.67608536759,7.41599761465,7.41599761465,7.41599761465,7.41599761466,7.415997615426,7.415997615426,7.41599761549,7.41599761549,7.41599761517,7.41599761507,7.19869266527,7.41599761507,7.415997615543,7.415997615543,7.41599761505,7.41599761508,7.41599761508,7.41599761507,7.41599761507,7.41599761511,7.41599761515,7.41599761516,7.41599761515,7.41599761515,7.41599761515,7.41599761485,7.41599761489,7.41599761489,7.415997615213,7.415997615213,7.415997615113,7.415997615113,7.415997615113,6.874606324113,7.011267809452,7.415997615013,5.67490951179,5.49537202086,7.21000162986,7.41599761541,7.41599761541,7.4159976154,7.4159976154,7.41599761546,7.41599761546,5.5910291192,7.41599761491,7.41599761491,5.5536112495,7.415997615412,7.415997615412,7.41599761571,7.41599761571,7.41599761561,6.76262366141,7.41599761501,5.99366090221,7.41599761483,7.41599761523,7.41599761523,7.41599761523,7.41599761523,7.41599761499,7.41599761499,7.4159976153,7.4159976153,6.9530422702,5.5283486591,4.85585892087,7.41599761428,7.41599761468,6.95910385501,7.41599761468,7.41599761468,7.41599761468,7.41599761468,7.41599761468,7.41599761468,6.29665290047,7.41599761466,7.41599761466,7.41599761477,7.08102648838,7.41599761468,7.41599761468,7.41599761468,6.75378019088,7.10987544282,7.41599761468,7.41599761458,7.41599761458,7.18169586658,7.41599761468,7.41599761466,7.41599761466,7.41599761468,7.41599761468,7.41599761468,6.78823616878,5.43946953507,9.20086110955,13.00356741249,14.15251221225,14.75121726105,12.96694619475,15.76009225338,15.76009225338,15.76009225334,15.76009225334,14.74654756668,15.76009225392,15.76009225392,15.76009225395,15.76009225345,15.17730670185,15.76009225335,12.30924199275,10.5079802136,10.1882804608,8.4393405958
"t114",7.47187902897,4.5012215662,4.4763128732,0,0.2690335288,1.77906933524,2.1913156682,2.0037209448,4.5074979557,6.7342796494,6.7342796494,6.7342796494,6.7342796497,6.39694354335,6.03603492836,8.16881930186,8.1688193018,8.1688193018,8.16881930186,8.16881930186,7.42890705479,8.16881930185,8.16881930185,8.16881930185,8.16881930186,8.168819302626,8.168819302626,8.16881930269,8.16881930269,8.16881930237,8.16881930227,7.95151435247,8.16881930227,8.168819302743,8.168819302743,8.16881930225,8.16881930228,8.16881930228,8.16881930227,8.16881930227,8.16881930231,8.16881930235,8.16881930236,8.16881930235,8.16881930235,8.16881930235,8.16881930205,8.16881930209,8.16881930209,8.168819302413,8.168819302413,8.168819302313,8.168819302313,8.168819302313,7.627428011313,7.764089496652,8.168819302213,6.42773119899,6.24819370806,7.96282331706,8.16881930261,8.16881930261,8.1688193026,8.1688193026,8.16881930266,8.16881930266,6.3438508064,8.16881930211,8.16881930211,6.3064329367,8.168819302612,8.168819302612,8.16881930291,8.16881930291,8.16881930281,7.51544534861,8.16881930221,6.74648258941,8.16881930203,8.16881930243,8.16881930243,8.16881930243,8.16881930243,8.16881930219,8.16881930219,8.1688193025,8.1688193025,7.7058639574,6.2811703463,5.60868060807,8.16881930148,8.16881930188,7.71192554221,8.16881930188,8.16881930188,8.16881930188,8.16881930188,8.16881930188,8.16881930188,7.04947458767,8.16881930186,8.16881930186,8.16881930197,7.83384817558,8.16881930188,8.16881930188,8.16881930188,7.50660187808,7.86269713002,8.16881930188,8.16881930178,8.16881930178,7.93451755378,8.16881930188,8.16881930186,8.16881930186,8.16881930188,8.16881930188,8.16881930188,7.54105785598,6.19229122227,9.95368279675,13.75638909969,14.90533389945,15.50403894825,13.71976788195,16.51291394058,16.51291394058,16.51291394054,16.51291394054,15.49936925388,16.51291394112,16.51291394112,16.51291394115,16.51291394065,15.93012838905,16.51291394055,13.06206367995,11.2608019008,10.941102148,9.192162283
"t115",7.47187902897,4.5012215662,4.4763128732,0.2690335288,0,1.77906933524,2.1913156682,2.0037209448,4.5074979557,6.7342796494,6.7342796494,6.7342796494,6.7342796497,6.39694354335,6.03603492836,8.16881930186,8.1688193018,8.1688193018,8.16881930186,8.16881930186,7.42890705479,8.16881930185,8.16881930185,8.16881930185,8.16881930186,8.168819302626,8.168819302626,8.16881930269,8.16881930269,8.16881930237,8.16881930227,7.95151435247,8.16881930227,8.168819302743,8.168819302743,8.16881930225,8.16881930228,8.16881930228,8.16881930227,8.16881930227,8.16881930231,8.16881930235,8.16881930236,8.16881930235,8.16881930235,8.16881930235,8.16881930205,8.16881930209,8.16881930209,8.168819302413,8.168819302413,8.168819302313,8.168819302313,8.168819302313,7.627428011313,7.764089496652,8.168819302213,6.42773119899,6.24819370806,7.96282331706,8.16881930261,8.16881930261,8.1688193026,8.1688193026,8.16881930266,8.16881930266,6.3438508064,8.16881930211,8.16881930211,6.3064329367,8.168819302612,8.168819302612,8.16881930291,8.16881930291,8.16881930281,7.51544534861,8.16881930221,6.74648258941,8.16881930203,8.16881930243,8.16881930243,8.16881930243,8.16881930243,8.16881930219,8.16881930219,8.1688193025,8.1688193025,7.7058639574,6.2811703463,5.60868060807,8.16881930148,8.16881930188,7.71192554221,8.16881930188,8.16881930188,8.16881930188,8.16881930188,8.16881930188,8.16881930188,7.04947458767,8.16881930186,8.16881930186,8.16881930197,7.83384817558,8.16881930188,8.16881930188,8.16881930188,7.50660187808,7.86269713002,8.16881930188,8.16881930178,8.16881930178,7.93451755378,8.16881930188,8.16881930186,8.16881930186,8.16881930188,8.16881930188,8.16881930188,7.54105785598,6.19229122227,9.95368279675,13.75638909969,14.90533389945,15.50403894825,13.71976788195,16.51291394058,16.51291394058,16.51291394054,16.51291394054,15.49936925388,16.51291394112,16.51291394112,16.51291394115,16.51291394065,15.93012838905,16.51291394055,13.06206367995,11.2608019008,10.941102148,9.192162283
"t66",7.05963269601,4.08897523324,4.06406654024,1.77906933524,1.77906933524,0,0.59834861004,1.59147461184,4.09525162274,6.32203331644,6.32203331644,6.32203331644,6.32203331674,5.98469721039,5.6237885954,7.7565729689,7.75657296884,7.75657296884,7.7565729689,7.7565729689,7.01666072183,7.75657296889,7.75657296889,7.75657296889,7.7565729689,7.756572969666,7.756572969666,7.75657296973,7.75657296973,7.75657296941,7.75657296931,7.53926801951,7.75657296931,7.756572969783,7.756572969783,7.75657296929,7.75657296932,7.75657296932,7.75657296931,7.75657296931,7.75657296935,7.75657296939,7.7565729694,7.75657296939,7.75657296939,7.75657296939,7.75657296909,7.75657296913,7.75657296913,7.756572969453,7.756572969453,7.756572969353,7.756572969353,7.756572969353,7.215181678353,7.351843163692,7.756572969253,6.01548486603,5.8359473751,7.5505769841,7.75657296965,7.75657296965,7.75657296964,7.75657296964,7.7565729697,7.7565729697,5.93160447344,7.75657296915,7.75657296915,5.89418660374,7.756572969652,7.756572969652,7.75657296995,7.75657296995,7.75657296985,7.10319901565,7.75657296925,6.33423625645,7.75657296907,7.75657296947,7.75657296947,7.75657296947,7.75657296947,7.75657296923,7.75657296923,7.75657296954,7.75657296954,7.29361762444,5.86892401334,5.19643427511,7.75657296852,7.75657296892,7.29967920925,7.75657296892,7.75657296892,7.75657296892,7.75657296892,7.75657296892,7.75657296892,6.63722825471,7.7565729689,7.7565729689,7.75657296901,7.42160184262,7.75657296892,7.75657296892,7.75657296892,7.09435554512,7.45045079706,7.75657296892,7.75657296882,7.75657296882,7.52227122082,7.75657296892,7.7565729689,7.7565729689,7.75657296892,7.75657296892,7.75657296892,7.12881152302,5.78004488931,9.54143646379,13.34414276673,14.49308756649,15.09179261529,13.30752154899,16.10066760762,16.10066760762,16.10066760758,16.10066760758,15.08712292092,16.10066760816,16.10066760816,16.10066760819,16.10066760769,15.51788205609,16.10066760759,12.64981734699,10.84855556784,10.52885581504,8.77991595004
"t67",7.47187902897,4.5012215662,4.4763128732,2.1913156682,2.1913156682,0.59834861004,0,2.0037209448,4.5074979557,6.7342796494,6.7342796494,6.7342796494,6.7342796497,6.39694354335,6.03603492836,8.16881930186,8.1688193018,8.1688193018,8.16881930186,8.16881930186,7.42890705479,8.16881930185,8.16881930185,8.16881930185,8.16881930186,8.168819302626,8.168819302626,8.16881930269,8.16881930269,8.16881930237,8.16881930227,7.95151435247,8.16881930227,8.168819302743,8.168819302743,8.16881930225,8.16881930228,8.16881930228,8.16881930227,8.16881930227,8.16881930231,8.16881930235,8.16881930236,8.16881930235,8.16881930235,8.16881930235,8.16881930205,8.16881930209,8.16881930209,8.168819302413,8.168819302413,8.168819302313,8.168819302313,8.168819302313,7.627428011313,7.764089496652,8.168819302213,6.42773119899,6.24819370806,7.96282331706,8.16881930261,8.16881930261,8.1688193026,8.1688193026,8.16881930266,8.16881930266,6.3438508064,8.16881930211,8.16881930211,6.3064329367,8.168819302612,8.168819302612,8.16881930291,8.16881930291,8.16881930281,7.51544534861,8.16881930221,6.74648258941,8.16881930203,8.16881930243,8.16881930243,8.16881930243,8.16881930243,8.16881930219,8.16881930219,8.1688193025,8.1688193025,7.7058639574,6.2811703463,5.60868060807,8.16881930148,8.16881930188,7.71192554221,8.16881930188,8.16881930188,8.16881930188,8.16881930188,8.16881930188,8.16881930188,7.04947458767,8.16881930186,8.16881930186,8.16881930197,7.83384817558,8.16881930188,8.16881930188,8.16881930188,7.50660187808,7.86269713002,8.16881930188,8.16881930178,8.16881930178,7.93451755378,8.16881930188,8.16881930186,8.16881930186,8.16881930188,8.16881930188,8.16881930188,7.54105785598,6.19229122227,9.95368279675,13.75638909969,14.90533389945,15.50403894825,13.71976788195,16.51291394058,16.51291394058,16.51291394054,16.51291394054,15.49936925388,16.51291394112,16.51291394112,16.51291394115,16.51291394065,15.93012838905,16.51291394055,13.06206367995,11.2608019008,10.941102148,9.192162283
"t30",6.65744460037,3.6867871376,3.6618784446,2.0037209448,2.0037209448,1.59147461184,2.0037209448,0,3.6930635271,5.9198452208,5.9198452208,5.9198452208,5.9198452211,5.58250911475,5.22160049976,7.35438487326,7.3543848732,7.3543848732,7.35438487326,7.35438487326,6.61447262619,7.35438487325,7.35438487325,7.35438487325,7.35438487326,7.354384874026,7.354384874026,7.35438487409,7.35438487409,7.35438487377,7.35438487367,7.13707992387,7.35438487367,7.354384874143,7.354384874143,7.35438487365,7.35438487368,7.35438487368,7.35438487367,7.35438487367,7.35438487371,7.35438487375,7.35438487376,7.35438487375,7.35438487375,7.35438487375,7.35438487345,7.35438487349,7.35438487349,7.354384873813,7.354384873813,7.354384873713,7.354384873713,7.354384873713,6.812993582713,6.949655068052,7.354384873613,5.61329677039,5.43375927946,7.14838888846,7.35438487401,7.35438487401,7.354384874,7.354384874,7.35438487406,7.35438487406,5.5294163778,7.35438487351,7.35438487351,5.4919985081,7.354384874012,7.354384874012,7.35438487431,7.35438487431,7.35438487421,6.70101092001,7.35438487361,5.93204816081,7.35438487343,7.35438487383,7.35438487383,7.35438487383,7.35438487383,7.35438487359,7.35438487359,7.3543848739,7.3543848739,6.8914295288,5.4667359177,4.79424617947,7.35438487288,7.35438487328,6.89749111361,7.35438487328,7.35438487328,7.35438487328,7.35438487328,7.35438487328,7.35438487328,6.23504015907,7.35438487326,7.35438487326,7.35438487337,7.01941374698,7.35438487328,7.35438487328,7.35438487328,6.69216744948,7.04826270142,7.35438487328,7.35438487318,7.35438487318,7.12008312518,7.35438487328,7.35438487326,7.35438487326,7.35438487328,7.35438487328,7.35438487328,6.72662342738,5.37785679367,9.13924836815,12.94195467109,14.09089947085,14.68960451965,12.90533345335,15.69847951198,15.69847951198,15.69847951194,15.69847951194,14.68493482528,15.69847951252,15.69847951252,15.69847951255,15.69847951205,15.11569396045,15.69847951195,12.24762925135,10.4463674722,10.1266677194,8.3777278544
"t17",7.02547998527,4.0548225225,4.0299138295,4.5074979557,4.5074979557,4.09525162274,4.5074979557,3.6930635271,0,6.2878806057,6.2878806057,6.2878806057,6.287880606,5.95054449965,5.58963588466,7.72242025816,7.7224202581,7.7224202581,7.72242025816,7.72242025816,6.98250801109,7.72242025815,7.72242025815,7.72242025815,7.72242025816,7.722420258926,7.722420258926,7.72242025899,7.72242025899,7.72242025867,7.72242025857,7.50511530877,7.72242025857,7.722420259043,7.722420259043,7.72242025855,7.72242025858,7.72242025858,7.72242025857,7.72242025857,7.72242025861,7.72242025865,7.72242025866,7.72242025865,7.72242025865,7.72242025865,7.72242025835,7.72242025839,7.72242025839,7.722420258713,7.722420258713,7.722420258613,7.722420258613,7.722420258613,7.181028967613,7.317690452952,7.722420258513,5.98133215529,5.80179466436,7.51642427336,7.72242025891,7.72242025891,7.7224202589,7.7224202589,7.72242025896,7.72242025896,5.8974517627,7.72242025841,7.72242025841,5.860033893,7.722420258912,7.722420258912,7.72242025921,7.72242025921,7.72242025911,7.06904630491,7.72242025851,6.30008354571,7.72242025833,7.72242025873,7.72242025873,7.72242025873,7.72242025873,7.72242025849,7.72242025849,7.7224202588,7.7224202588,7.2594649137,5.8347713026,5.16228156437,7.72242025778,7.72242025818,7.26552649851,7.72242025818,7.72242025818,7.72242025818,7.72242025818,7.72242025818,7.72242025818,6.60307554397,7.72242025816,7.72242025816,7.72242025827,7.38744913188,7.72242025818,7.72242025818,7.72242025818,7.06020283438,7.41629808632,7.72242025818,7.72242025808,7.72242025808,7.48811851008,7.72242025818,7.72242025816,7.72242025816,7.72242025818,7.72242025818,7.72242025818,7.09465881228,5.74589217857,9.50728375305,13.30999005599,14.45893485575,15.05763990455,13.27336883825,16.06651489688,16.06651489688,16.06651489684,16.06651489684,15.05297021018,16.06651489742,16.06651489742,16.06651489745,16.06651489695,15.48372934535,16.06651489685,12.61566463625,10.8144028571,10.4947031043,8.7457632393
"t85",7.47187902897,5.2748390112,5.9814579622,6.7342796494,6.7342796494,6.32203331644,6.7342796494,5.9198452208,6.2878806057,0,0.746185705,1.86569975,2.5524418197,6.39694354335,6.03603492836,8.16881930186,8.1688193018,8.1688193018,8.16881930186,8.16881930186,7.42890705479,8.16881930185,8.16881930185,8.16881930185,8.16881930186,8.168819302626,8.168819302626,8.16881930269,8.16881930269,8.16881930237,8.16881930227,7.95151435247,8.16881930227,8.168819302743,8.168819302743,8.16881930225,8.16881930228,8.16881930228,8.16881930227,8.16881930227,8.16881930231,8.16881930235,8.16881930236,8.16881930235,8.16881930235,8.16881930235,8.16881930205,8.16881930209,8.16881930209,8.168819302413,8.168819302413,8.168819302313,8.168819302313,8.168819302313,7.627428011313,7.764089496652,8.168819302213,6.42773119899,6.24819370806,7.96282331706,8.16881930261,8.16881930261,8.1688193026,8.1688193026,8.16881930266,8.16881930266,6.3438508064,8.16881930211,8.16881930211,6.3064329367,8.168819302612,8.168819302612,8.16881930291,8.16881930291,8.16881930281,7.51544534861,8.16881930221,6.74648258941,8.16881930203,8.16881930243,8.16881930243,8.16881930243,8.16881930243,8.16881930219,8.16881930219,8.1688193025,8.1688193025,7.7058639574,6.2811703463,5.60868060807,8.16881930148,8.16881930188,7.71192554221,8.16881930188,8.16881930188,8.16881930188,8.16881930188,8.16881930188,8.16881930188,7.04947458767,8.16881930186,8.16881930186,8.16881930197,7.83384817558,8.16881930188,8.16881930188,8.16881930188,7.50660187808,7.86269713002,8.16881930188,8.16881930178,8.16881930178,7.93451755378,8.16881930188,8.16881930186,8.16881930186,8.16881930188,8.16881930188,8.16881930188,7.54105785598,6.19229122227,9.95368279675,13.75638909969,14.90533389945,15.50403894825,13.71976788195,16.51291394058,16.51291394058,16.51291394054,16.51291394054,15.49936925388,16.51291394112,16.51291394112,16.51291394115,16.51291394065,15.93012838905,16.51291394055,13.06206367995,11.2608019008,10.941102148,9.192162283
"t86",7.47187902897,5.2748390112,5.9814579622,6.7342796494,6.7342796494,6.32203331644,6.7342796494,5.9198452208,6.2878806057,0.746185705,0,1.86569975,2.5524418197,6.39694354335,6.03603492836,8.16881930186,8.1688193018,8.1688193018,8.16881930186,8.16881930186,7.42890705479,8.16881930185,8.16881930185,8.16881930185,8.16881930186,8.168819302626,8.168819302626,8.16881930269,8.16881930269,8.16881930237,8.16881930227,7.95151435247,8.16881930227,8.168819302743,8.168819302743,8.16881930225,8.16881930228,8.16881930228,8.16881930227,8.16881930227,8.16881930231,8.16881930235,8.16881930236,8.16881930235,8.16881930235,8.16881930235,8.16881930205,8.16881930209,8.16881930209,8.168819302413,8.168819302413,8.168819302313,8.168819302313,8.168819302313,7.627428011313,7.764089496652,8.168819302213,6.42773119899,6.24819370806,7.96282331706,8.16881930261,8.16881930261,8.1688193026,8.1688193026,8.16881930266,8.16881930266,6.3438508064,8.16881930211,8.16881930211,6.3064329367,8.168819302612,8.168819302612,8.16881930291,8.16881930291,8.16881930281,7.51544534861,8.16881930221,6.74648258941,8.16881930203,8.16881930243,8.16881930243,8.16881930243,8.16881930243,8.16881930219,8.16881930219,8.1688193025,8.1688193025,7.7058639574,6.2811703463,5.60868060807,8.16881930148,8.16881930188,7.71192554221,8.16881930188,8.16881930188,8.16881930188,8.16881930188,8.16881930188,8.16881930188,7.04947458767,8.16881930186,8.16881930186,8.16881930197,7.83384817558,8.16881930188,8.16881930188,8.16881930188,7.50660187808,7.86269713002,8.16881930188,8.16881930178,8.16881930178,7.93451755378,8.16881930188,8.16881930186,8.16881930186,8.16881930188,8.16881930188,8.16881930188,7.54105785598,6.19229122227,9.95368279675,13.75638909969,14.90533389945,15.50403894825,13.71976788195,16.51291394058,16.51291394058,16.51291394054,16.51291394054,15.49936925388,16.51291394112,16.51291394112,16.51291394115,16.51291394065,15.93012838905,16.51291394055,13.06206367995,11.2608019008,10.941102148,9.192162283
"t45",7.47187902897,5.2748390112,5.9814579622,6.7342796494,6.7342796494,6.32203331644,6.7342796494,5.9198452208,6.2878806057,1.86569975,1.86569975,0,2.5524418197,6.39694354335,6.03603492836,8.16881930186,8.1688193018,8.1688193018,8.16881930186,8.16881930186,7.42890705479,8.16881930185,8.16881930185,8.16881930185,8.16881930186,8.168819302626,8.168819302626,8.16881930269,8.16881930269,8.16881930237,8.16881930227,7.95151435247,8.16881930227,8.168819302743,8.168819302743,8.16881930225,8.16881930228,8.16881930228,8.16881930227,8.16881930227,8.16881930231,8.16881930235,8.16881930236,8.16881930235,8.16881930235,8.16881930235,8.16881930205,8.16881930209,8.16881930209,8.168819302413,8.168819302413,8.168819302313,8.168819302313,8.168819302313,7.627428011313,7.764089496652,8.168819302213,6.42773119899,6.24819370806,7.96282331706,8.16881930261,8.16881930261,8.1688193026,8.1688193026,8.16881930266,8.16881930266,6.3438508064,8.16881930211,8.16881930211,6.3064329367,8.168819302612,8.168819302612,8.16881930291,8.16881930291,8.16881930281,7.51544534861,8.16881930221,6.74648258941,8.16881930203,8.16881930243,8.16881930243,8.16881930243,8.16881930243,8.16881930219,8.16881930219,8.1688193025,8.1688193025,7.7058639574,6.2811703463,5.60868060807,8.16881930148,8.16881930188,7.71192554221,8.16881930188,8.16881930188,8.16881930188,8.16881930188,8.16881930188,8.16881930188,7.04947458767,8.16881930186,8.16881930186,8.16881930197,7.83384817558,8.16881930188,8.16881930188,8.16881930188,7.50660187808,7.86269713002,8.16881930188,8.16881930178,8.16881930178,7.93451755378,8.16881930188,8.16881930186,8.16881930186,8.16881930188,8.16881930188,8.16881930188,7.54105785598,6.19229122227,9.95368279675,13.75638909969,14.90533389945,15.50403894825,13.71976788195,16.51291394058,16.51291394058,16.51291394054,16.51291394054,15.49936925388,16.51291394112,16.51291394112,16.51291394115,16.51291394065,15.93012838905,16.51291394055,13.06206367995,11.2608019008,10.941102148,9.192162283
"t35",7.47187902927,5.2748390115,5.9814579625,6.7342796497,6.7342796497,6.32203331674,6.7342796497,5.9198452211,6.287880606,2.5524418197,2.5524418197,2.5524418197,0,6.39694354365,6.03603492866,8.16881930216,8.1688193021,8.1688193021,8.16881930216,8.16881930216,7.42890705509,8.16881930215,8.16881930215,8.16881930215,8.16881930216,8.168819302926,8.168819302926,8.16881930299,8.16881930299,8.16881930267,8.16881930257,7.95151435277,8.16881930257,8.168819303043,8.168819303043,8.16881930255,8.16881930258,8.16881930258,8.16881930257,8.16881930257,8.16881930261,8.16881930265,8.16881930266,8.16881930265,8.16881930265,8.16881930265,8.16881930235,8.16881930239,8.16881930239,8.168819302713,8.168819302713,8.168819302613,8.168819302613,8.168819302613,7.627428011613,7.764089496952,8.168819302513,6.42773119929,6.24819370836,7.96282331736,8.16881930291,8.16881930291,8.1688193029,8.1688193029,8.16881930296,8.16881930296,6.3438508067,8.16881930241,8.16881930241,6.306432937,8.168819302912,8.168819302912,8.16881930321,8.16881930321,8.16881930311,7.51544534891,8.16881930251,6.74648258971,8.16881930233,8.16881930273,8.16881930273,8.16881930273,8.16881930273,8.16881930249,8.16881930249,8.1688193028,8.1688193028,7.7058639577,6.2811703466,5.60868060837,8.16881930178,8.16881930218,7.71192554251,8.16881930218,8.16881930218,8.16881930218,8.16881930218,8.16881930218,8.16881930218,7.04947458797,8.16881930216,8.16881930216,8.16881930227,7.83384817588,8.16881930218,8.16881930218,8.16881930218,7.50660187838,7.86269713032,8.16881930218,8.16881930208,8.16881930208,7.93451755408,8.16881930218,8.16881930216,8.16881930216,8.16881930218,8.16881930218,8.16881930218,7.54105785628,6.19229122257,9.95368279705,13.75638909999,14.90533389975,15.50403894855,13.71976788225,16.51291394088,16.51291394088,16.51291394084,16.51291394084,15.49936925418,16.51291394142,16.51291394142,16.51291394145,16.51291394095,15.93012838935,16.51291394085,13.06206368025,11.2608019011,10.9411021483,9.1921622833
"t9",5.70000326952,4.93750290515,5.64412185615,6.39694354335,6.39694354335,5.98469721039,6.39694354335,5.58250911475,5.95054449965,6.39694354335,6.39694354335,6.39694354335,6.39694354365,0,2.17318331901,4.30596769251,4.30596769245,4.30596769245,4.30596769251,4.30596769251,3.56605544544,4.3059676925,4.3059676925,4.3059676925,4.30596769251,4.305967693276,4.305967693276,4.30596769334,4.30596769334,4.30596769302,4.30596769292,4.08866274312,4.30596769292,4.305967693393,4.305967693393,4.3059676929,4.30596769293,4.30596769293,4.30596769292,4.30596769292,4.30596769296,4.305967693,4.30596769301,4.305967693,4.305967693,4.305967693,4.3059676927,4.30596769274,4.30596769274,4.305967693063,4.305967693063,4.305967692963,4.305967692963,4.305967692963,3.764576401963,3.901237887302,4.305967692863,2.56487958964,2.38534209871,4.09997170771,4.30596769326,4.30596769326,4.30596769325,4.30596769325,4.30596769331,4.30596769331,2.48099919705,4.30596769276,4.30596769276,2.44358132735,4.305967693262,4.305967693262,4.30596769356,4.30596769356,4.30596769346,3.65259373926,4.30596769286,2.88363098006,4.30596769268,4.30596769308,4.30596769308,4.30596769308,4.30596769308,4.30596769284,4.30596769284,4.30596769315,4.30596769315,3.84301234805,2.41831873695,1.90351589908,6.34531438209,6.34531438249,5.88842062282,6.34531438249,6.34531438249,6.34531438249,6.34531438249,6.34531438249,6.34531438249,5.22596966828,6.34531438247,6.34531438247,6.34531438258,6.01034325619,6.34531438249,6.34531438249,6.34531438249,5.68309695869,6.03919221063,6.34531438249,6.34531438239,6.34531438239,6.11101263439,6.34531438249,6.34531438247,6.34531438247,6.34531438249,6.34531438249,6.34531438249,5.71755293659,4.36878630288,8.1818070373,11.98451334024,13.13345814,13.7321631888,11.9478921225,14.74103818113,14.74103818113,14.74103818109,14.74103818109,13.72749349443,14.74103818167,14.74103818167,14.7410381817,14.7410381812,14.1582526296,14.7410381811,11.2901879205,9.48892614135,9.16922638855,7.42028652355
"t14",5.33909465453,4.57659429016,5.28321324116,6.03603492836,6.03603492836,5.6237885954,6.03603492836,5.22160049976,5.58963588466,6.03603492836,6.03603492836,6.03603492836,6.03603492866,2.17318331901,0,3.0548119149,3.05481191484,3.05481191484,3.0548119149,3.0548119149,2.31489966783,3.05481191489,3.05481191489,3.05481191489,3.0548119149,3.771233435466,3.771233435466,3.77123343553,3.77123343553,3.77123343521,3.77123343511,3.55392848531,3.77123343511,3.771233435583,3.771233435583,3.77123343509,3.77123343512,3.77123343512,3.77123343511,3.77123343511,3.77123343515,3.77123343519,3.7712334352,3.77123343519,3.77123343519,3.77123343519,3.77123343489,3.77123343493,3.77123343493,3.771233435253,3.771233435253,3.771233435153,3.771233435153,3.771233435153,3.229842144153,3.366503629492,3.771233435053,2.03014533183,1.8506078409,3.5652374499,3.77123343545,3.77123343545,3.77123343544,3.77123343544,3.7712334355,3.7712334355,1.94626493924,3.77123343495,3.77123343495,1.90884706954,3.771233435452,3.771233435452,3.77123343575,3.77123343575,3.77123343565,3.11785948145,3.77123343505,2.34889672225,3.77123343487,3.77123343527,3.77123343527,3.77123343527,3.77123343527,3.77123343503,3.77123343503,3.77123343534,3.77123343534,3.30827809024,1.88358447914,1.54260728409,5.9844057671,5.9844057675,5.52751200783,5.9844057675,5.9844057675,5.9844057675,5.9844057675,5.9844057675,5.9844057675,4.86506105329,5.98440576748,5.98440576748,5.98440576759,5.6494346412,5.9844057675,5.9844057675,5.9844057675,5.3221883437,5.67828359564,5.9844057675,5.9844057674,5.9844057674,5.7501040194,5.9844057675,5.98440576748,5.98440576748,5.9844057675,5.9844057675,5.9844057675,5.3566443216,4.00787768789,7.82089842231,11.62360472525,12.77254952501,13.37125457381,11.58698350751,14.38012956614,14.38012956614,14.3801295661,14.3801295661,13.36658487944,14.38012956668,14.38012956668,14.38012956671,14.38012956621,13.79734401461,14.38012956611,10.92927930551,9.12801752636,8.80831777356,7.05937790856
"t108",7.47187902803,6.70937866366,7.41599761466,8.16881930186,8.16881930186,7.7565729689,8.16881930186,7.35438487326,7.72242025816,8.16881930186,8.16881930186,8.16881930186,8.16881930216,4.30596769251,3.0548119149,0,0.42556651654,0.42556651654,0.7059113044,0.7059113044,0.79929593093,2.05913390239,2.05913390239,2.05913390239,2.0591339024,5.904017808966,5.904017808966,5.90401780903,5.90401780903,5.90401780871,5.90401780861,5.68671285881,5.90401780861,5.904017809083,5.904017809083,5.90401780859,5.90401780862,5.90401780862,5.90401780861,5.90401780861,5.90401780865,5.90401780869,5.9040178087,5.90401780869,5.90401780869,5.90401780869,5.90401780839,5.90401780843,5.90401780843,5.904017808753,5.904017808753,5.904017808653,5.904017808653,5.904017808653,5.362626517653,5.499288002992,5.904017808553,4.16292970533,3.9833922144,5.6980218234,5.90401780895,5.90401780895,5.90401780894,5.90401780894,5.904017809,5.904017809,4.07904931274,5.90401780845,5.90401780845,4.04163144304,5.904017808952,5.904017808952,5.90401780925,5.90401780925,5.90401780915,5.25064385495,5.90401780855,4.48168109575,5.90401780837,5.90401780877,5.90401780877,5.90401780877,5.90401780877,5.90401780853,5.90401780853,5.90401780884,5.90401780884,5.44106246374,4.01636885264,3.67539165759,8.1171901406,8.117190141,7.66029638133,8.117190141,8.117190141,8.117190141,8.117190141,8.117190141,8.117190141,6.99784542679,8.11719014098,8.11719014098,8.11719014109,7.7822190147,8.117190141,8.117190141,8.117190141,7.4549727172,7.81106796914,8.117190141,8.1171901409,8.1171901409,7.8828883929,8.117190141,8.11719014098,8.11719014098,8.117190141,8.117190141,8.117190141,7.4894286951,6.14066206139,9.95368279581,13.75638909875,14.90533389851,15.50403894731,13.71976788101,16.51291393964,16.51291393964,16.5129139396,16.5129139396,15.49936925294,16.51291394018,16.51291394018,16.51291394021,16.51291393971,15.93012838811,16.51291393961,13.06206367901,11.26080189986,10.94110214706,9.19216228206
"t122",7.47187902797,6.7093786636,7.4159976146,8.1688193018,8.1688193018,7.75657296884,8.1688193018,7.3543848732,7.7224202581,8.1688193018,8.1688193018,8.1688193018,8.1688193021,4.30596769245,3.05481191484,0.42556651654,0,0.13763146228,0.70591130434,0.70591130434,0.79929593087,2.05913390233,2.05913390233,2.05913390233,2.05913390234,5.904017808906,5.904017808906,5.90401780897,5.90401780897,5.90401780865,5.90401780855,5.68671285875,5.90401780855,5.904017809023,5.904017809023,5.90401780853,5.90401780856,5.90401780856,5.90401780855,5.90401780855,5.90401780859,5.90401780863,5.90401780864,5.90401780863,5.90401780863,5.90401780863,5.90401780833,5.90401780837,5.90401780837,5.904017808693,5.904017808693,5.904017808593,5.904017808593,5.904017808593,5.362626517593,5.499288002932,5.904017808493,4.16292970527,3.98339221434,5.69802182334,5.90401780889,5.90401780889,5.90401780888,5.90401780888,5.90401780894,5.90401780894,4.07904931268,5.90401780839,5.90401780839,4.04163144298,5.904017808892,5.904017808892,5.90401780919,5.90401780919,5.90401780909,5.25064385489,5.90401780849,4.48168109569,5.90401780831,5.90401780871,5.90401780871,5.90401780871,5.90401780871,5.90401780847,5.90401780847,5.90401780878,5.90401780878,5.44106246368,4.01636885258,3.67539165753,8.11719014054,8.11719014094,7.66029638127,8.11719014094,8.11719014094,8.11719014094,8.11719014094,8.11719014094,8.11719014094,6.99784542673,8.11719014092,8.11719014092,8.11719014103,7.78221901464,8.11719014094,8.11719014094,8.11719014094,7.45497271714,7.81106796908,8.11719014094,8.11719014084,8.11719014084,7.88288839284,8.11719014094,8.11719014092,8.11719014092,8.11719014094,8.11719014094,8.11719014094,7.48942869504,6.14066206133,9.95368279575,13.75638909869,14.90533389845,15.50403894725,13.71976788095,16.51291393958,16.51291393958,16.51291393954,16.51291393954,15.49936925288,16.51291394012,16.51291394012,16.51291394015,16.51291393965,15.93012838805,16.51291393955,13.06206367895,11.2608018998,10.941102147,9.192162282
"t123",7.47187902797,6.7093786636,7.4159976146,8.1688193018,8.1688193018,7.75657296884,8.1688193018,7.3543848732,7.7224202581,8.1688193018,8.1688193018,8.1688193018,8.1688193021,4.30596769245,3.05481191484,0.42556651654,0.13763146228,0,0.70591130434,0.70591130434,0.79929593087,2.05913390233,2.05913390233,2.05913390233,2.05913390234,5.904017808906,5.904017808906,5.90401780897,5.90401780897,5.90401780865,5.90401780855,5.68671285875,5.90401780855,5.904017809023,5.904017809023,5.90401780853,5.90401780856,5.90401780856,5.90401780855,5.90401780855,5.90401780859,5.90401780863,5.90401780864,5.90401780863,5.90401780863,5.90401780863,5.90401780833,5.90401780837,5.90401780837,5.904017808693,5.904017808693,5.904017808593,5.904017808593,5.904017808593,5.362626517593,5.499288002932,5.904017808493,4.16292970527,3.98339221434,5.69802182334,5.90401780889,5.90401780889,5.90401780888,5.90401780888,5.90401780894,5.90401780894,4.07904931268,5.90401780839,5.90401780839,4.04163144298,5.904017808892,5.904017808892,5.90401780919,5.90401780919,5.90401780909,5.25064385489,5.90401780849,4.48168109569,5.90401780831,5.90401780871,5.90401780871,5.90401780871,5.90401780871,5.90401780847,5.90401780847,5.90401780878,5.90401780878,5.44106246368,4.01636885258,3.67539165753,8.11719014054,8.11719014094,7.66029638127,8.11719014094,8.11719014094,8.11719014094,8.11719014094,8.11719014094,8.11719014094,6.99784542673,8.11719014092,8.11719014092,8.11719014103,7.78221901464,8.11719014094,8.11719014094,8.11719014094,7.45497271714,7.81106796908,8.11719014094,8.11719014084,8.11719014084,7.88288839284,8.11719014094,8.11719014092,8.11719014092,8.11719014094,8.11719014094,8.11719014094,7.48942869504,6.14066206133,9.95368279575,13.75638909869,14.90533389845,15.50403894725,13.71976788095,16.51291393958,16.51291393958,16.51291393954,16.51291393954,15.49936925288,16.51291394012,16.51291394012,16.51291394015,16.51291393965,15.93012838805,16.51291393955,13.06206367895,11.2608018998,10.941102147,9.192162282
"t102",7.47187902803,6.70937866366,7.41599761466,8.16881930186,8.16881930186,7.7565729689,8.16881930186,7.35438487326,7.72242025816,8.16881930186,8.16881930186,8.16881930186,8.16881930216,4.30596769251,3.0548119149,0.7059113044,0.70591130434,0.70591130434,0,0.4925691156,0.79929593093,2.05913390239,2.05913390239,2.05913390239,2.0591339024,5.904017808966,5.904017808966,5.90401780903,5.90401780903,5.90401780871,5.90401780861,5.68671285881,5.90401780861,5.904017809083,5.904017809083,5.90401780859,5.90401780862,5.90401780862,5.90401780861,5.90401780861,5.90401780865,5.90401780869,5.9040178087,5.90401780869,5.90401780869,5.90401780869,5.90401780839,5.90401780843,5.90401780843,5.904017808753,5.904017808753,5.904017808653,5.904017808653,5.904017808653,5.362626517653,5.499288002992,5.904017808553,4.16292970533,3.9833922144,5.6980218234,5.90401780895,5.90401780895,5.90401780894,5.90401780894,5.904017809,5.904017809,4.07904931274,5.90401780845,5.90401780845,4.04163144304,5.904017808952,5.904017808952,5.90401780925,5.90401780925,5.90401780915,5.25064385495,5.90401780855,4.48168109575,5.90401780837,5.90401780877,5.90401780877,5.90401780877,5.90401780877,5.90401780853,5.90401780853,5.90401780884,5.90401780884,5.44106246374,4.01636885264,3.67539165759,8.1171901406,8.117190141,7.66029638133,8.117190141,8.117190141,8.117190141,8.117190141,8.117190141,8.117190141,6.99784542679,8.11719014098,8.11719014098,8.11719014109,7.7822190147,8.117190141,8.117190141,8.117190141,7.4549727172,7.81106796914,8.117190141,8.1171901409,8.1171901409,7.8828883929,8.117190141,8.11719014098,8.11719014098,8.117190141,8.117190141,8.117190141,7.4894286951,6.14066206139,9.95368279581,13.75638909875,14.90533389851,15.50403894731,13.71976788101,16.51291393964,16.51291393964,16.5129139396,16.5129139396,15.49936925294,16.51291394018,16.51291394018,16.51291394021,16.51291393971,15.93012838811,16.51291393961,13.06206367901,11.26080189986,10.94110214706,9.19216228206
