"","t2","t3","t18","t78","t79","t41","t36","t29","t11","t6","t7","t32","t57","t58","t81","t82","t47","t48","t51","t52","t62","t63","t9","t23","t99","t100","t22","t33","t34","t73","t74","t42","t43","t4","t46","t69","t70","t14","t15","t16","t24","t25","t19","t20","t76","t77","t85","t86","t83","t84","t13","t59","t60","t44","t45","t35","t80","t95","t96","t28","t8","t91","t92","t49","t50","t87","t88","t61","t56","t40","t53","t75","t89","t90","t12","t26","t27","t30","t31","t93","t94","t17","t66","t67","t68","t54","t55","t38","t37","t64","t65","t10","t71","t72","t21","t1","t39","t97","t98","t5"
"t2",0,5.366381642,5.9220825698,5.9220825697,5.9220825697,5.9220825697,5.9220825697,5.9220825697,5.9220825702,6.64578631711,6.64578631711,6.64578631721,6.64578631711,6.64578631711,6.64578631719,6.64578631719,6.6457863171,6.6457863171,6.64578631713,6.64578631713,6.64578631671,6.64578631671,6.64578631691,6.64578631704,6.645786317116,6.645786317116,6.64578631711,6.64578631671,6.64578631671,6.64578631711,6.64578631711,6.64578631711,6.64578631711,6.64578631681,6.64578631681,6.64578631681,6.64578631681,6.64578631691,6.64578631691,6.64578631701,6.64578631711,6.64578631711,6.64578631701,6.64578631701,6.64578631695,6.64578631695,6.64578631704,6.64578631704,6.64578631707,6.64578631707,6.64578631701,6.64578631727,6.64578631727,6.64578631727,6.64578631727,6.64578631717,6.64578631712,6.64578631713,6.64578631713,6.64578631717,6.64578631657,6.64578631677,6.64578631677,6.64578631676,6.64578631676,6.64578631676,6.64578631676,6.64578631676,6.64578631677,6.64578631647,6.64578631647,6.64578631647,6.64578631649,6.64578631649,6.64578631677,6.64578631697,6.64578631697,6.64578631697,6.64578631697,6.64578631694,6.64578631694,6.64578631741,6.64578631745,6.64578631752,6.64578631752,6.64578631746,6.64578631746,6.64578631751,6.64578631741,6.64578631741,6.64578631741,6.64578631791,6.64578631751,6.64578631751,6.64578631751,7.0493201354,7.0493201356,7.04932013555,7.04932013555,7.049320136
"t3",5.366381642,0,5.9220825698,5.9220825697,5.9220825697,5.9220825697,5.9220825697,5.9220825697,5.9220825702,6.64578631711,6.64578631711,6.64578631721,6.64578631711,6.64578631711,6.64578631719,6.64578631719,6.6457863171,6.6457863171,6.64578631713,6.64578631713,6.64578631671,6.64578631671,6.64578631691,6.64578631704,6.645786317116,6.645786317116,6.64578631711,6.64578631671,6.64578631671,6.64578631711,6.64578631711,6.64578631711,6.64578631711,6.64578631681,6.64578631681,6.64578631681,6.64578631681,6.64578631691,6.64578631691,6.64578631701,6.64578631711,6.64578631711,6.64578631701,6.64578631701,6.64578631695,6.64578631695,6.64578631704,6.64578631704,6.64578631707,6.64578631707,6.64578631701,6.64578631727,6.64578631727,6.64578631727,6.64578631727,6.64578631717,6.64578631712,6.64578631713,6.64578631713,6.64578631717,6.64578631657,6.64578631677,6.64578631677,6.64578631676,6.64578631676,6.64578631676,6.64578631676,6.64578631676,6.64578631677,6.64578631647,6.64578631647,6.64578631647,6.64578631649,6.64578631649,6.64578631677,6.64578631697,6.64578631697,6.64578631697,6.64578631697,6.64578631694,6.64578631694,6.64578631741,6.64578631745,6.64578631752,6.64578631752,6.64578631746,6.64578631746,6.64578631751,6.64578631741,6.64578631741,6.64578631741,6.64578631791,6.64578631751,6.64578631751,6.64578631751,7.0493201354,7.0493201356,7.04932013555,7.04932013555,7.049320136
"t18",5.9220825698,5.9220825698,0,1.4845906471,1.4845906471,1.4845906471,1.4845906471,1.4845906471,2.1491333216,6.64578631651,6.64578631651,6.64578631661,6.64578631651,6.64578631651,6.64578631659,6.64578631659,6.6457863165,6.6457863165,6.64578631653,6.64578631653,6.64578631611,6.64578631611,6.64578631631,6.64578631644,6.645786316516,6.645786316516,6.64578631651,6.64578631611,6.64578631611,6.64578631651,6.64578631651,6.64578631651,6.64578631651,6.64578631621,6.64578631621,6.64578631621,6.64578631621,6.64578631631,6.64578631631,6.64578631641,6.64578631651,6.64578631651,6.64578631641,6.64578631641,6.64578631635,6.64578631635,6.64578631644,6.64578631644,6.64578631647,6.64578631647,6.64578631641,6.64578631667,6.64578631667,6.64578631667,6.64578631667,6.64578631657,6.64578631652,6.64578631653,6.64578631653,6.64578631657,6.64578631597,6.64578631617,6.64578631617,6.64578631616,6.64578631616,6.64578631616,6.64578631616,6.64578631616,6.64578631617,6.64578631587,6.64578631587,6.64578631587,6.64578631589,6.64578631589,6.64578631617,6.64578631637,6.64578631637,6.64578631637,6.64578631637,6.64578631634,6.64578631634,6.64578631681,6.64578631685,6.64578631692,6.64578631692,6.64578631686,6.64578631686,6.64578631691,6.64578631681,6.64578631681,6.64578631681,6.64578631731,6.64578631691,6.64578631691,6.64578631691,7.0493201348,7.049320135,7.04932013495,7.04932013495,7.0493201354
"t78",5.9220825697,5.9220825697,1.4845906471,0,0.1963485224,0.7053712056,0.8343567548,1.1013128026,2.1491333215,6.64578631641,6.64578631641,6.64578631651,6.64578631641,6.64578631641,6.64578631649,6.64578631649,6.6457863164,6.6457863164,6.64578631643,6.64578631643,6.64578631601,6.64578631601,6.64578631621,6.64578631634,6.645786316416,6.645786316416,6.64578631641,6.64578631601,6.64578631601,6.64578631641,6.64578631641,6.64578631641,6.64578631641,6.64578631611,6.64578631611,6.64578631611,6.64578631611,6.64578631621,6.64578631621,6.64578631631,6.64578631641,6.64578631641,6.64578631631,6.64578631631,6.64578631625,6.64578631625,6.64578631634,6.64578631634,6.64578631637,6.64578631637,6.64578631631,6.64578631657,6.64578631657,6.64578631657,6.64578631657,6.64578631647,6.64578631642,6.64578631643,6.64578631643,6.64578631647,6.64578631587,6.64578631607,6.64578631607,6.64578631606,6.64578631606,6.64578631606,6.64578631606,6.64578631606,6.64578631607,6.64578631577,6.64578631577,6.64578631577,6.64578631579,6.64578631579,6.64578631607,6.64578631627,6.64578631627,6.64578631627,6.64578631627,6.64578631624,6.64578631624,6.64578631671,6.64578631675,6.64578631682,6.64578631682,6.64578631676,6.64578631676,6.64578631681,6.64578631671,6.64578631671,6.64578631671,6.64578631721,6.64578631681,6.64578631681,6.64578631681,7.0493201347,7.0493201349,7.04932013485,7.04932013485,7.0493201353
"t79",5.9220825697,5.9220825697,1.4845906471,0.1963485224,0,0.7053712056,0.8343567548,1.1013128026,2.1491333215,6.64578631641,6.64578631641,6.64578631651,6.64578631641,6.64578631641,6.64578631649,6.64578631649,6.6457863164,6.6457863164,6.64578631643,6.64578631643,6.64578631601,6.64578631601,6.64578631621,6.64578631634,6.645786316416,6.645786316416,6.64578631641,6.64578631601,6.64578631601,6.64578631641,6.64578631641,6.64578631641,6.64578631641,6.64578631611,6.64578631611,6.64578631611,6.64578631611,6.64578631621,6.64578631621,6.64578631631,6.64578631641,6.64578631641,6.64578631631,6.64578631631,6.64578631625,6.64578631625,6.64578631634,6.64578631634,6.64578631637,6.64578631637,6.64578631631,6.64578631657,6.64578631657,6.64578631657,6.64578631657,6.64578631647,6.64578631642,6.64578631643,6.64578631643,6.64578631647,6.64578631587,6.64578631607,6.64578631607,6.64578631606,6.64578631606,6.64578631606,6.64578631606,6.64578631606,6.64578631607,6.64578631577,6.64578631577,6.64578631577,6.64578631579,6.64578631579,6.64578631607,6.64578631627,6.64578631627,6.64578631627,6.64578631627,6.64578631624,6.64578631624,6.64578631671,6.64578631675,6.64578631682,6.64578631682,6.64578631676,6.64578631676,6.64578631681,6.64578631671,6.64578631671,6.64578631671,6.64578631721,6.64578631681,6.64578631681,6.64578631681,7.0493201347,7.0493201349,7.04932013485,7.04932013485,7.0493201353
"t41",5.9220825697,5.9220825697,1.4845906471,0.7053712056,0.7053712056,0,0.8343567548,1.1013128026,2.1491333215,6.64578631641,6.64578631641,6.64578631651,6.64578631641,6.64578631641,6.64578631649,6.64578631649,6.6457863164,6.6457863164,6.64578631643,6.64578631643,6.64578631601,6.64578631601,6.64578631621,6.64578631634,6.645786316416,6.645786316416,6.64578631641,6.64578631601,6.64578631601,6.64578631641,6.64578631641,6.64578631641,6.64578631641,6.64578631611,6.64578631611,6.64578631611,6.64578631611,6.64578631621,6.64578631621,6.64578631631,6.64578631641,6.64578631641,6.64578631631,6.64578631631,6.64578631625,6.64578631625,6.64578631634,6.64578631634,6.64578631637,6.64578631637,6.64578631631,6.64578631657,6.64578631657,6.64578631657,6.64578631657,6.64578631647,6.64578631642,6.64578631643,6.64578631643,6.64578631647,6.64578631587,6.64578631607,6.64578631607,6.64578631606,6.64578631606,6.64578631606,6.64578631606,6.64578631606,6.64578631607,6.64578631577,6.64578631577,6.64578631577,6.64578631579,6.64578631579,6.64578631607,6.64578631627,6.64578631627,6.64578631627,6.64578631627,6.64578631624,6.64578631624,6.64578631671,6.64578631675,6.64578631682,6.64578631682,6.64578631676,6.64578631676,6.64578631681,6.64578631671,6.64578631671,6.64578631671,6.64578631721,6.64578631681,6.64578631681,6.64578631681,7.0493201347,7.0493201349,7.04932013485,7.04932013485,7.0493201353
"t36",5.9220825697,5.9220825697,1.4845906471,0.8343567548,0.8343567548,0.8343567548,0,1.1013128026,2.1491333215,6.64578631641,6.64578631641,6.64578631651,6.64578631641,6.64578631641,6.64578631649,6.64578631649,6.6457863164,6.6457863164,6.64578631643,6.64578631643,6.64578631601,6.64578631601,6.64578631621,6.64578631634,6.645786316416,6.645786316416,6.64578631641,6.64578631601,6.64578631601,6.64578631641,6.64578631641,6.64578631641,6.64578631641,6.64578631611,6.64578631611,6.64578631611,6.64578631611,6.64578631621,6.64578631621,6.64578631631,6.64578631641,6.64578631641,6.64578631631,6.64578631631,6.64578631625,6.64578631625,6.64578631634,6.64578631634,6.64578631637,6.64578631637,6.64578631631,6.64578631657,6.64578631657,6.64578631657,6.64578631657,6.64578631647,6.64578631642,6.64578631643,6.64578631643,6.64578631647,6.64578631587,6.64578631607,6.64578631607,6.64578631606,6.64578631606,6.64578631606,6.64578631606,6.64578631606,6.64578631607,6.64578631577,6.64578631577,6.64578631577,6.64578631579,6.64578631579,6.64578631607,6.64578631627,6.64578631627,6.64578631627,6.64578631627,6.64578631624,6.64578631624,6.64578631671,6.64578631675,6.64578631682,6.64578631682,6.64578631676,6.64578631676,6.64578631681,6.64578631671,6.64578631671,6.64578631671,6.64578631721,6.64578631681,6.64578631681,6.64578631681,7.0493201347,7.0493201349,7.04932013485,7.04932013485,7.0493201353
"t29",5.9220825697,5.9220825697,1.4845906471,1.1013128026,1.1013128026,1.1013128026,1.1013128026,0,2.1491333215,6.64578631641,6.64578631641,6.64578631651,6.64578631641,6.64578631641,6.64578631649,6.64578631649,6.6457863164,6.6457863164,6.64578631643,6.64578631643,6.64578631601,6.64578631601,6.64578631621,6.64578631634,6.645786316416,6.645786316416,6.64578631641,6.64578631601,6.64578631601,6.64578631641,6.64578631641,6.64578631641,6.64578631641,6.64578631611,6.64578631611,6.64578631611,6.64578631611,6.64578631621,6.64578631621,6.64578631631,6.64578631641,6.64578631641,6.64578631631,6.64578631631,6.64578631625,6.64578631625,6.64578631634,6.64578631634,6.64578631637,6.64578631637,6.64578631631,6.64578631657,6.64578631657,6.64578631657,6.64578631657,6.64578631647,6.64578631642,6.64578631643,6.64578631643,6.64578631647,6.64578631587,6.64578631607,6.64578631607,6.64578631606,6.64578631606,6.64578631606,6.64578631606,6.64578631606,6.64578631607,6.64578631577,6.64578631577,6.64578631577,6.64578631579,6.64578631579,6.64578631607,6.64578631627,6.64578631627,6.64578631627,6.64578631627,6.64578631624,6.64578631624,6.64578631671,6.64578631675,6.64578631682,6.64578631682,6.64578631676,6.64578631676,6.64578631681,6.64578631671,6.64578631671,6.64578631671,6.64578631721,6.64578631681,6.64578631681,6.64578631681,7.0493201347,7.0493201349,7.04932013485,7.04932013485,7.0493201353
"t11",5.9220825702,5.9220825702,2.1491333216,2.1491333215,2.1491333215,2.1491333215,2.1491333215,2.1491333215,0,6.64578631691,6.64578631691,6.64578631701,6.64578631691,6.64578631691,6.64578631699,6.64578631699,6.6457863169,6.6457863169,6.64578631693,6.64578631693,6.64578631651,6.64578631651,6.64578631671,6.64578631684,6.645786316916,6.645786316916,6.64578631691,6.64578631651,6.64578631651,6.64578631691,6.64578631691,6.64578631691,6.64578631691,6.64578631661,6.64578631661,6.64578631661,6.64578631661,6.64578631671,6.64578631671,6.64578631681,6.64578631691,6.64578631691,6.64578631681,6.64578631681,6.64578631675,6.64578631675,6.64578631684,6.64578631684,6.64578631687,6.64578631687,6.64578631681,6.64578631707,6.64578631707,6.64578631707,6.64578631707,6.64578631697,6.64578631692,6.64578631693,6.64578631693,6.64578631697,6.64578631637,6.64578631657,6.64578631657,6.64578631656,6.64578631656,6.64578631656,6.64578631656,6.64578631656,6.64578631657,6.64578631627,6.64578631627,6.64578631627,6.64578631629,6.64578631629,6.64578631657,6.64578631677,6.64578631677,6.64578631677,6.64578631677,6.64578631674,6.64578631674,6.64578631721,6.64578631725,6.64578631732,6.64578631732,6.64578631726,6.64578631726,6.64578631731,6.64578631721,6.64578631721,6.64578631721,6.64578631771,6.64578631731,6.64578631731,6.64578631731,7.0493201352,7.0493201354,7.04932013535,7.04932013535,7.0493201358
"t6",6.64578631711,6.64578631711,6.64578631651,6.64578631641,6.64578631641,6.64578631641,6.64578631641,6.64578631641,6.64578631691,0,2.762135404,4.9315076221,4.931507622,4.931507622,4.93150762208,4.93150762208,4.93150762199,4.93150762199,4.93150762202,4.93150762202,4.9315076216,4.9315076216,4.9315076218,4.93150762193,4.931507622006,4.931507622006,4.931507622,4.9315076216,4.9315076216,4.931507622,4.931507622,4.931507622,4.931507622,4.9315076217,4.9315076217,4.9315076217,4.9315076217,6.5422343214,6.5422343214,6.5422343215,6.5422343216,6.5422343216,6.5422343215,6.5422343215,6.54223432144,6.54223432144,6.54223432153,6.54223432153,6.54223432156,6.54223432156,6.5422343215,6.54223432176,6.54223432176,6.54223432176,6.54223432176,6.54223432166,6.54223432161,6.54223432162,6.54223432162,6.54223432166,6.54223432106,6.54223432126,6.54223432126,6.54223432125,6.54223432125,6.54223432125,6.54223432125,6.54223432125,6.54223432126,6.54223432096,6.54223432096,6.54223432096,6.54223432098,6.54223432098,6.54223432126,6.54223432146,6.54223432146,6.54223432146,6.54223432146,6.54223432143,6.54223432143,6.5422343219,6.54223432194,6.54223432201,6.54223432201,6.54223432195,6.54223432195,6.542234322,6.5422343219,6.5422343219,6.5422343219,6.5422343224,6.542234322,6.542234322,6.542234322,7.04932013511,7.04932013531,7.04932013526,7.04932013526,7.04932013571
"t7",6.64578631711,6.64578631711,6.64578631651,6.64578631641,6.64578631641,6.64578631641,6.64578631641,6.64578631641,6.64578631691,2.762135404,0,4.9315076221,4.931507622,4.931507622,4.93150762208,4.93150762208,4.93150762199,4.93150762199,4.93150762202,4.93150762202,4.9315076216,4.9315076216,4.9315076218,4.93150762193,4.931507622006,4.931507622006,4.931507622,4.9315076216,4.9315076216,4.931507622,4.931507622,4.931507622,4.931507622,4.9315076217,4.9315076217,4.9315076217,4.9315076217,6.5422343214,6.5422343214,6.5422343215,6.5422343216,6.5422343216,6.5422343215,6.5422343215,6.54223432144,6.54223432144,6.54223432153,6.54223432153,6.54223432156,6.54223432156,6.5422343215,6.54223432176,6.54223432176,6.54223432176,6.54223432176,6.54223432166,6.54223432161,6.54223432162,6.54223432162,6.54223432166,6.54223432106,6.54223432126,6.54223432126,6.54223432125,6.54223432125,6.54223432125,6.54223432125,6.54223432125,6.54223432126,6.54223432096,6.54223432096,6.54223432096,6.54223432098,6.54223432098,6.54223432126,6.54223432146,6.54223432146,6.54223432146,6.54223432146,6.54223432143,6.54223432143,6.5422343219,6.54223432194,6.54223432201,6.54223432201,6.54223432195,6.54223432195,6.542234322,6.5422343219,6.5422343219,6.5422343219,6.5422343224,6.542234322,6.542234322,6.542234322,7.04932013511,7.04932013531,7.04932013526,7.04932013526,7.04932013571
"t32",6.64578631721,6.64578631721,6.64578631661,6.64578631651,6.64578631651,6.64578631651,6.64578631651,6.64578631651,6.64578631701,4.9315076221,4.9315076221,0,1.0245748337,1.0245748337,1.63921923158,1.63921923158,1.63921923149,1.63921923149,1.63921923152,1.63921923152,2.6179923883,2.6179923883,2.8648303597,2.86483035983,2.864830359906,2.864830359906,2.8648303599,4.4301546393,4.4301546393,4.4301546397,4.4301546397,4.4301546397,4.4301546397,4.4301546394,4.6454379216,4.6454379216,4.6454379216,6.5422343215,6.5422343215,6.5422343216,6.5422343217,6.5422343217,6.5422343216,6.5422343216,6.54223432154,6.54223432154,6.54223432163,6.54223432163,6.54223432166,6.54223432166,6.5422343216,6.54223432186,6.54223432186,6.54223432186,6.54223432186,6.54223432176,6.54223432171,6.54223432172,6.54223432172,6.54223432176,6.54223432116,6.54223432136,6.54223432136,6.54223432135,6.54223432135,6.54223432135,6.54223432135,6.54223432135,6.54223432136,6.54223432106,6.54223432106,6.54223432106,6.54223432108,6.54223432108,6.54223432136,6.54223432156,6.54223432156,6.54223432156,6.54223432156,6.54223432153,6.54223432153,6.542234322,6.54223432204,6.54223432211,6.54223432211,6.54223432205,6.54223432205,6.5422343221,6.542234322,6.542234322,6.542234322,6.5422343225,6.5422343221,6.5422343221,6.5422343221,7.04932013521,7.04932013541,7.04932013536,7.04932013536,7.04932013581
"t57",6.64578631711,6.64578631711,6.64578631651,6.64578631641,6.64578631641,6.64578631641,6.64578631641,6.64578631641,6.64578631691,4.931507622,4.931507622,1.0245748337,0,0.4581466848,1.63921923148,1.63921923148,1.63921923139,1.63921923139,1.63921923142,1.63921923142,2.6179923882,2.6179923882,2.8648303596,2.86483035973,2.864830359806,2.864830359806,2.8648303598,4.4301546392,4.4301546392,4.4301546396,4.4301546396,4.4301546396,4.4301546396,4.4301546393,4.6454379215,4.6454379215,4.6454379215,6.5422343214,6.5422343214,6.5422343215,6.5422343216,6.5422343216,6.5422343215,6.5422343215,6.54223432144,6.54223432144,6.54223432153,6.54223432153,6.54223432156,6.54223432156,6.5422343215,6.54223432176,6.54223432176,6.54223432176,6.54223432176,6.54223432166,6.54223432161,6.54223432162,6.54223432162,6.54223432166,6.54223432106,6.54223432126,6.54223432126,6.54223432125,6.54223432125,6.54223432125,6.54223432125,6.54223432125,6.54223432126,6.54223432096,6.54223432096,6.54223432096,6.54223432098,6.54223432098,6.54223432126,6.54223432146,6.54223432146,6.54223432146,6.54223432146,6.54223432143,6.54223432143,6.5422343219,6.54223432194,6.54223432201,6.54223432201,6.54223432195,6.54223432195,6.542234322,6.5422343219,6.5422343219,6.5422343219,6.5422343224,6.542234322,6.542234322,6.542234322,7.04932013511,7.04932013531,7.04932013526,7.04932013526,7.04932013571
"t58",6.64578631711,6.64578631711,6.64578631651,6.64578631641,6.64578631641,6.64578631641,6.64578631641,6.64578631641,6.64578631691,4.931507622,4.931507622,1.0245748337,0.4581466848,0,1.63921923148,1.63921923148,1.63921923139,1.63921923139,1.63921923142,1.63921923142,2.6179923882,2.6179923882,2.8648303596,2.86483035973,2.864830359806,2.864830359806,2.8648303598,4.4301546392,4.4301546392,4.4301546396,4.4301546396,4.4301546396,4.4301546396,4.4301546393,4.6454379215,4.6454379215,4.6454379215,6.5422343214,6.5422343214,6.5422343215,6.5422343216,6.5422343216,6.5422343215,6.5422343215,6.54223432144,6.54223432144,6.54223432153,6.54223432153,6.54223432156,6.54223432156,6.5422343215,6.54223432176,6.54223432176,6.54223432176,6.54223432176,6.54223432166,6.54223432161,6.54223432162,6.54223432162,6.54223432166,6.54223432106,6.54223432126,6.54223432126,6.54223432125,6.54223432125,6.54223432125,6.54223432125,6.54223432125,6.54223432126,6.54223432096,6.54223432096,6.54223432096,6.54223432098,6.54223432098,6.54223432126,6.54223432146,6.54223432146,6.54223432146,6.54223432146,6.54223432143,6.54223432143,6.5422343219,6.54223432194,6.54223432201,6.54223432201,6.54223432195,6.54223432195,6.542234322,6.5422343219,6.5422343219,6.5422343219,6.5422343224,6.542234322,6.542234322,6.542234322,7.04932013511,7.04932013531,7.04932013526,7.04932013526,7.04932013571
"t81",6.64578631719,6.64578631719,6.64578631659,6.64578631649,6.64578631649,6.64578631649,6.64578631649,6.64578631649,6.64578631699,4.93150762208,4.93150762208,1.63921923158,1.63921923148,1.63921923148,0,0.19444824756,1.42578016647,1.42578016647,1.4257801665,1.4257801665,2.61799238828,2.61799238828,2.86483035968,2.86483035981,2.864830359886,2.864830359886,2.86483035988,4.43015463928,4.43015463928,4.43015463968,4.43015463968,4.43015463968,4.43015463968,4.43015463938,4.64543792158,4.64543792158,4.64543792158,6.54223432148,6.54223432148,6.54223432158,6.54223432168,6.54223432168,6.54223432158,6.54223432158,6.54223432152,6.54223432152,6.54223432161,6.54223432161,6.54223432164,6.54223432164,6.54223432158,6.54223432184,6.54223432184,6.54223432184,6.54223432184,6.54223432174,6.54223432169,6.5422343217,6.5422343217,6.54223432174,6.54223432114,6.54223432134,6.54223432134,6.54223432133,6.54223432133,6.54223432133,6.54223432133,6.54223432133,6.54223432134,6.54223432104,6.54223432104,6.54223432104,6.54223432106,6.54223432106,6.54223432134,6.54223432154,6.54223432154,6.54223432154,6.54223432154,6.54223432151,6.54223432151,6.54223432198,6.54223432202,6.54223432209,6.54223432209,6.54223432203,6.54223432203,6.54223432208,6.54223432198,6.54223432198,6.54223432198,6.54223432248,6.54223432208,6.54223432208,6.54223432208,7.04932013519,7.04932013539,7.04932013534,7.04932013534,7.04932013579
"t82",6.64578631719,6.64578631719,6.64578631659,6.64578631649,6.64578631649,6.64578631649,6.64578631649,6.64578631649,6.64578631699,4.93150762208,4.93150762208,1.63921923158,1.63921923148,1.63921923148,0.19444824756,0,1.42578016647,1.42578016647,1.4257801665,1.4257801665,2.61799238828,2.61799238828,2.86483035968,2.86483035981,2.864830359886,2.864830359886,2.86483035988,4.43015463928,4.43015463928,4.43015463968,4.43015463968,4.43015463968,4.43015463968,4.43015463938,4.64543792158,4.64543792158,4.64543792158,6.54223432148,6.54223432148,6.54223432158,6.54223432168,6.54223432168,6.54223432158,6.54223432158,6.54223432152,6.54223432152,6.54223432161,6.54223432161,6.54223432164,6.54223432164,6.54223432158,6.54223432184,6.54223432184,6.54223432184,6.54223432184,6.54223432174,6.54223432169,6.5422343217,6.5422343217,6.54223432174,6.54223432114,6.54223432134,6.54223432134,6.54223432133,6.54223432133,6.54223432133,6.54223432133,6.54223432133,6.54223432134,6.54223432104,6.54223432104,6.54223432104,6.54223432106,6.54223432106,6.54223432134,6.54223432154,6.54223432154,6.54223432154,6.54223432154,6.54223432151,6.54223432151,6.54223432198,6.54223432202,6.54223432209,6.54223432209,6.54223432203,6.54223432203,6.54223432208,6.54223432198,6.54223432198,6.54223432198,6.54223432248,6.54223432208,6.54223432208,6.54223432208,7.04932013519,7.04932013539,7.04932013534,7.04932013534,7.04932013579
"t47",6.6457863171,6.6457863171,6.6457863165,6.6457863164,6.6457863164,6.6457863164,6.6457863164,6.6457863164,6.6457863169,4.93150762199,4.93150762199,1.63921923149,1.63921923139,1.63921923139,1.42578016647,1.42578016647,0,0.5582292976,0.60306809961,0.60306809961,2.61799238819,2.61799238819,2.86483035959,2.86483035972,2.864830359796,2.864830359796,2.86483035979,4.43015463919,4.43015463919,4.43015463959,4.43015463959,4.43015463959,4.43015463959,4.43015463929,4.64543792149,4.64543792149,4.64543792149,6.54223432139,6.54223432139,6.54223432149,6.54223432159,6.54223432159,6.54223432149,6.54223432149,6.54223432143,6.54223432143,6.54223432152,6.54223432152,6.54223432155,6.54223432155,6.54223432149,6.54223432175,6.54223432175,6.54223432175,6.54223432175,6.54223432165,6.5422343216,6.54223432161,6.54223432161,6.54223432165,6.54223432105,6.54223432125,6.54223432125,6.54223432124,6.54223432124,6.54223432124,6.54223432124,6.54223432124,6.54223432125,6.54223432095,6.54223432095,6.54223432095,6.54223432097,6.54223432097,6.54223432125,6.54223432145,6.54223432145,6.54223432145,6.54223432145,6.54223432142,6.54223432142,6.54223432189,6.54223432193,6.542234322,6.542234322,6.54223432194,6.54223432194,6.54223432199,6.54223432189,6.54223432189,6.54223432189,6.54223432239,6.54223432199,6.54223432199,6.54223432199,7.0493201351,7.0493201353,7.04932013525,7.04932013525,7.0493201357
"t48",6.6457863171,6.6457863171,6.6457863165,6.6457863164,6.6457863164,6.6457863164,6.6457863164,6.6457863164,6.6457863169,4.93150762199,4.93150762199,1.63921923149,1.63921923139,1.63921923139,1.42578016647,1.42578016647,0.5582292976,0,0.60306809961,0.60306809961,2.61799238819,2.61799238819,2.86483035959,2.86483035972,2.864830359796,2.864830359796,2.86483035979,4.43015463919,4.43015463919,4.43015463959,4.43015463959,4.43015463959,4.43015463959,4.43015463929,4.64543792149,4.64543792149,4.64543792149,6.54223432139,6.54223432139,6.54223432149,6.54223432159,6.54223432159,6.54223432149,6.54223432149,6.54223432143,6.54223432143,6.54223432152,6.54223432152,6.54223432155,6.54223432155,6.54223432149,6.54223432175,6.54223432175,6.54223432175,6.54223432175,6.54223432165,6.5422343216,6.54223432161,6.54223432161,6.54223432165,6.54223432105,6.54223432125,6.54223432125,6.54223432124,6.54223432124,6.54223432124,6.54223432124,6.54223432124,6.54223432125,6.54223432095,6.54223432095,6.54223432095,6.54223432097,6.54223432097,6.54223432125,6.54223432145,6.54223432145,6.54223432145,6.54223432145,6.54223432142,6.54223432142,6.54223432189,6.54223432193,6.542234322,6.542234322,6.54223432194,6.54223432194,6.54223432199,6.54223432189,6.54223432189,6.54223432189,6.54223432239,6.54223432199,6.54223432199,6.54223432199,7.0493201351,7.0493201353,7.04932013525,7.04932013525,7.0493201357
"t51",6.64578631713,6.64578631713,6.64578631653,6.64578631643,6.64578631643,6.64578631643,6.64578631643,6.64578631643,6.64578631693,4.93150762202,4.93150762202,1.63921923152,1.63921923142,1.63921923142,1.4257801665,1.4257801665,0.60306809961,0.60306809961,0,0.5141131296,2.61799238822,2.61799238822,2.86483035962,2.86483035975,2.864830359826,2.864830359826,2.86483035982,4.43015463922,4.43015463922,4.43015463962,4.43015463962,4.43015463962,4.43015463962,4.43015463932,4.64543792152,4.64543792152,4.64543792152,6.54223432142,6.54223432142,6.54223432152,6.54223432162,6.54223432162,6.54223432152,6.54223432152,6.54223432146,6.54223432146,6.54223432155,6.54223432155,6.54223432158,6.54223432158,6.54223432152,6.54223432178,6.54223432178,6.54223432178,6.54223432178,6.54223432168,6.54223432163,6.54223432164,6.54223432164,6.54223432168,6.54223432108,6.54223432128,6.54223432128,6.54223432127,6.54223432127,6.54223432127,6.54223432127,6.54223432127,6.54223432128,6.54223432098,6.54223432098,6.54223432098,6.542234321,6.542234321,6.54223432128,6.54223432148,6.54223432148,6.54223432148,6.54223432148,6.54223432145,6.54223432145,6.54223432192,6.54223432196,6.54223432203,6.54223432203,6.54223432197,6.54223432197,6.54223432202,6.54223432192,6.54223432192,6.54223432192,6.54223432242,6.54223432202,6.54223432202,6.54223432202,7.04932013513,7.04932013533,7.04932013528,7.04932013528,7.04932013573
"t52",6.64578631713,6.64578631713,6.64578631653,6.64578631643,6.64578631643,6.64578631643,6.64578631643,6.64578631643,6.64578631693,4.93150762202,4.93150762202,1.63921923152,1.63921923142,1.63921923142,1.4257801665,1.4257801665,0.60306809961,0.60306809961,0.5141131296,0,2.61799238822,2.61799238822,2.86483035962,2.86483035975,2.864830359826,2.864830359826,2.86483035982,4.43015463922,4.43015463922,4.43015463962,4.43015463962,4.43015463962,4.43015463962,4.43015463932,4.64543792152,4.64543792152,4.64543792152,6.54223432142,6.54223432142,6.54223432152,6.54223432162,6.54223432162,6.54223432152,6.54223432152,6.54223432146,6.54223432146,6.54223432155,6.54223432155,6.54223432158,6.54223432158,6.54223432152,6.54223432178,6.54223432178,6.54223432178,6.54223432178,6.54223432168,6.54223432163,6.54223432164,6.54223432164,6.54223432168,6.54223432108,6.54223432128,6.54223432128,6.54223432127,6.54223432127,6.54223432127,6.54223432127,6.54223432127,6.54223432128,6.54223432098,6.54223432098,6.54223432098,6.542234321,6.542234321,6.54223432128,6.54223432148,6.54223432148,6.54223432148,6.54223432148,6.54223432145,6.54223432145,6.54223432192,6.54223432196,6.54223432203,6.54223432203,6.54223432197,6.54223432197,6.54223432202,6.54223432192,6.54223432192,6.54223432192,6.54223432242,6.54223432202,6.54223432202,6.54223432202,7.04932013513,7.04932013533,7.04932013528,7.04932013528,7.04932013573
"t62",6.64578631671,6.64578631671,6.64578631611,6.64578631601,6.64578631601,6.64578631601,6.64578631601,6.64578631601,6.64578631651,4.9315076216,4.9315076216,2.6179923883,2.6179923882,2.6179923882,2.61799238828,2.61799238828,2.61799238819,2.61799238819,2.61799238822,2.61799238822,0,0.3719201058,2.8648303592,2.86483035933,2.864830359406,2.864830359406,2.8648303594,4.4301546388,4.4301546388,4.4301546392,4.4301546392,4.4301546392,4.4301546392,4.4301546389,4.6454379211,4.6454379211,4.6454379211,6.542234321,6.542234321,6.5422343211,6.5422343212,6.5422343212,6.5422343211,6.5422343211,6.54223432104,6.54223432104,6.54223432113,6.54223432113,6.54223432116,6.54223432116,6.5422343211,6.54223432136,6.54223432136,6.54223432136,6.54223432136,6.54223432126,6.54223432121,6.54223432122,6.54223432122,6.54223432126,6.54223432066,6.54223432086,6.54223432086,6.54223432085,6.54223432085,6.54223432085,6.54223432085,6.54223432085,6.54223432086,6.54223432056,6.54223432056,6.54223432056,6.54223432058,6.54223432058,6.54223432086,6.54223432106,6.54223432106,6.54223432106,6.54223432106,6.54223432103,6.54223432103,6.5422343215,6.54223432154,6.54223432161,6.54223432161,6.54223432155,6.54223432155,6.5422343216,6.5422343215,6.5422343215,6.5422343215,6.542234322,6.5422343216,6.5422343216,6.5422343216,7.04932013471,7.04932013491,7.04932013486,7.04932013486,7.04932013531
"t63",6.64578631671,6.64578631671,6.64578631611,6.64578631601,6.64578631601,6.64578631601,6.64578631601,6.64578631601,6.64578631651,4.9315076216,4.9315076216,2.6179923883,2.6179923882,2.6179923882,2.61799238828,2.61799238828,2.61799238819,2.61799238819,2.61799238822,2.61799238822,0.3719201058,0,2.8648303592,2.86483035933,2.864830359406,2.864830359406,2.8648303594,4.4301546388,4.4301546388,4.4301546392,4.4301546392,4.4301546392,4.4301546392,4.4301546389,4.6454379211,4.6454379211,4.6454379211,6.542234321,6.542234321,6.5422343211,6.5422343212,6.5422343212,6.5422343211,6.5422343211,6.54223432104,6.54223432104,6.54223432113,6.54223432113,6.54223432116,6.54223432116,6.5422343211,6.54223432136,6.54223432136,6.54223432136,6.54223432136,6.54223432126,6.54223432121,6.54223432122,6.54223432122,6.54223432126,6.54223432066,6.54223432086,6.54223432086,6.54223432085,6.54223432085,6.54223432085,6.54223432085,6.54223432085,6.54223432086,6.54223432056,6.54223432056,6.54223432056,6.54223432058,6.54223432058,6.54223432086,6.54223432106,6.54223432106,6.54223432106,6.54223432106,6.54223432103,6.54223432103,6.5422343215,6.54223432154,6.54223432161,6.54223432161,6.54223432155,6.54223432155,6.5422343216,6.5422343215,6.5422343215,6.5422343215,6.542234322,6.5422343216,6.5422343216,6.5422343216,7.04932013471,7.04932013491,7.04932013486,7.04932013486,7.04932013531
"t9",6.64578631691,6.64578631691,6.64578631631,6.64578631621,6.64578631621,6.64578631621,6.64578631621,6.64578631621,6.64578631671,4.9315076218,4.9315076218,2.8648303597,2.8648303596,2.8648303596,2.86483035968,2.86483035968,2.86483035959,2.86483035959,2.86483035962,2.86483035962,2.8648303592,2.8648303592,0,2.53175445013,2.531754450206,2.531754450206,2.5317544502,4.430154639,4.430154639,4.4301546394,4.4301546394,4.4301546394,4.4301546394,4.4301546391,4.6454379213,4.6454379213,4.6454379213,6.5422343212,6.5422343212,6.5422343213,6.5422343214,6.5422343214,6.5422343213,6.5422343213,6.54223432124,6.54223432124,6.54223432133,6.54223432133,6.54223432136,6.54223432136,6.5422343213,6.54223432156,6.54223432156,6.54223432156,6.54223432156,6.54223432146,6.54223432141,6.54223432142,6.54223432142,6.54223432146,6.54223432086,6.54223432106,6.54223432106,6.54223432105,6.54223432105,6.54223432105,6.54223432105,6.54223432105,6.54223432106,6.54223432076,6.54223432076,6.54223432076,6.54223432078,6.54223432078,6.54223432106,6.54223432126,6.54223432126,6.54223432126,6.54223432126,6.54223432123,6.54223432123,6.5422343217,6.54223432174,6.54223432181,6.54223432181,6.54223432175,6.54223432175,6.5422343218,6.5422343217,6.5422343217,6.5422343217,6.5422343222,6.5422343218,6.5422343218,6.5422343218,7.04932013491,7.04932013511,7.04932013506,7.04932013506,7.04932013551
"t23",6.64578631704,6.64578631704,6.64578631644,6.64578631634,6.64578631634,6.64578631634,6.64578631634,6.64578631634,6.64578631684,4.93150762193,4.93150762193,2.86483035983,2.86483035973,2.86483035973,2.86483035981,2.86483035981,2.86483035972,2.86483035972,2.86483035975,2.86483035975,2.86483035933,2.86483035933,2.53175445013,0,1.304804757676,1.304804757676,1.36729141133,4.43015463913,4.43015463913,4.43015463953,4.43015463953,4.43015463953,4.43015463953,4.43015463923,4.64543792143,4.64543792143,4.64543792143,6.54223432133,6.54223432133,6.54223432143,6.54223432153,6.54223432153,6.54223432143,6.54223432143,6.54223432137,6.54223432137,6.54223432146,6.54223432146,6.54223432149,6.54223432149,6.54223432143,6.54223432169,6.54223432169,6.54223432169,6.54223432169,6.54223432159,6.54223432154,6.54223432155,6.54223432155,6.54223432159,6.54223432099,6.54223432119,6.54223432119,6.54223432118,6.54223432118,6.54223432118,6.54223432118,6.54223432118,6.54223432119,6.54223432089,6.54223432089,6.54223432089,6.54223432091,6.54223432091,6.54223432119,6.54223432139,6.54223432139,6.54223432139,6.54223432139,6.54223432136,6.54223432136,6.54223432183,6.54223432187,6.54223432194,6.54223432194,6.54223432188,6.54223432188,6.54223432193,6.54223432183,6.54223432183,6.54223432183,6.54223432233,6.54223432193,6.54223432193,6.54223432193,7.04932013504,7.04932013524,7.04932013519,7.04932013519,7.04932013564
"t99",6.645786317116,6.645786317116,6.645786316516,6.645786316416,6.645786316416,6.645786316416,6.645786316416,6.645786316416,6.645786316916,4.931507622006,4.931507622006,2.864830359906,2.864830359806,2.864830359806,2.864830359886,2.864830359886,2.864830359796,2.864830359796,2.864830359826,2.864830359826,2.864830359406,2.864830359406,2.531754450206,1.304804757676,0,0.007673580352,1.367291411406,4.430154639206,4.430154639206,4.430154639606,4.430154639606,4.430154639606,4.430154639606,4.430154639306,4.645437921506,4.645437921506,4.645437921506,6.542234321406,6.542234321406,6.542234321506,6.542234321606,6.542234321606,6.542234321506,6.542234321506,6.542234321446,6.542234321446,6.542234321536,6.542234321536,6.542234321566,6.542234321566,6.542234321506,6.542234321766,6.542234321766,6.542234321766,6.542234321766,6.542234321666,6.542234321616,6.542234321626,6.542234321626,6.542234321666,6.542234321066,6.542234321266,6.542234321266,6.542234321256,6.542234321256,6.542234321256,6.542234321256,6.542234321256,6.542234321266,6.542234320966,6.542234320966,6.542234320966,6.542234320986,6.542234320986,6.542234321266,6.542234321466,6.542234321466,6.542234321466,6.542234321466,6.542234321436,6.542234321436,6.542234321906,6.542234321946,6.542234322016,6.542234322016,6.542234321956,6.542234321956,6.542234322006,6.542234321906,6.542234321906,6.542234321906,6.542234322406,6.542234322006,6.542234322006,6.542234322006,7.049320135116,7.049320135316,7.049320135266,7.049320135266,7.049320135716
"t100",6.645786317116,6.645786317116,6.645786316516,6.645786316416,6.645786316416,6.645786316416,6.645786316416,6.645786316416,6.645786316916,4.931507622006,4.931507622006,2.864830359906,2.864830359806,2.864830359806,2.864830359886,2.864830359886,2.864830359796,2.864830359796,2.864830359826,2.864830359826,2.864830359406,2.864830359406,2.531754450206,1.304804757676,0.007673580352,0,1.367291411406,4.430154639206,4.430154639206,4.430154639606,4.430154639606,4.430154639606,4.430154639606,4.430154639306,4.645437921506,4.645437921506,4.645437921506,6.542234321406,6.542234321406,6.542234321506,6.542234321606,6.542234321606,6.542234321506,6.542234321506,6.542234321446,6.542234321446,6.542234321536,6.542234321536,6.542234321566,6.542234321566,6.542234321506,6.542234321766,6.542234321766,6.542234321766,6.542234321766,6.542234321666,6.542234321616,6.542234321626,6.542234321626,6.542234321666,6.542234321066,6.542234321266,6.542234321266,6.542234321256,6.542234321256,6.542234321256,6.542234321256,6.542234321256,6.542234321266,6.542234320966,6.542234320966,6.542234320966,6.542234320986,6.542234320986,6.542234321266,6.542234321466,6.542234321466,6.542234321466,6.542234321466,6.542234321436,6.542234321436,6.542234321906,6.542234321946,6.542234322016,6.542234322016,6.542234321956,6.542234321956,6.542234322006,6.542234321906,6.542234321906,6.542234321906,6.542234322406,6.542234322006,6.542234322006,6.542234322006,7.049320135116,7.049320135316,7.049320135266,7.049320135266,7.049320135716
"t22",6.64578631711,6.64578631711,6.64578631651,6.64578631641,6.64578631641,6.64578631641,6.64578631641,6.64578631641,6.64578631691,4.931507622,4.931507622,2.8648303599,2.8648303598,2.8648303598,2.86483035988,2.86483035988,2.86483035979,2.86483035979,2.86483035982,2.86483035982,2.8648303594,2.8648303594,2.5317544502,1.36729141133,1.367291411406,1.367291411406,0,4.4301546392,4.4301546392,4.4301546396,4.4301546396,4.4301546396,4.4301546396,4.4301546393,4.6454379215,4.6454379215,4.6454379215,6.5422343214,6.5422343214,6.5422343215,6.5422343216,6.5422343216,6.5422343215,6.5422343215,6.54223432144,6.54223432144,6.54223432153,6.54223432153,6.54223432156,6.54223432156,6.5422343215,6.54223432176,6.54223432176,6.54223432176,6.54223432176,6.54223432166,6.54223432161,6.54223432162,6.54223432162,6.54223432166,6.54223432106,6.54223432126,6.54223432126,6.54223432125,6.54223432125,6.54223432125,6.54223432125,6.54223432125,6.54223432126,6.54223432096,6.54223432096,6.54223432096,6.54223432098,6.54223432098,6.54223432126,6.54223432146,6.54223432146,6.54223432146,6.54223432146,6.54223432143,6.54223432143,6.5422343219,6.54223432194,6.54223432201,6.54223432201,6.54223432195,6.54223432195,6.542234322,6.5422343219,6.5422343219,6.5422343219,6.5422343224,6.542234322,6.542234322,6.542234322,7.04932013511,7.04932013531,7.04932013526,7.04932013526,7.04932013571
"t33",6.64578631671,6.64578631671,6.64578631611,6.64578631601,6.64578631601,6.64578631601,6.64578631601,6.64578631601,6.64578631651,4.9315076216,4.9315076216,4.4301546393,4.4301546392,4.4301546392,4.43015463928,4.43015463928,4.43015463919,4.43015463919,4.43015463922,4.43015463922,4.4301546388,4.4301546388,4.430154639,4.43015463913,4.430154639206,4.430154639206,4.4301546392,0,0.8961283638,3.1820186662,3.1820186662,3.1820186662,3.1820186662,4.1305982259,4.6454379211,4.6454379211,4.6454379211,6.542234321,6.542234321,6.5422343211,6.5422343212,6.5422343212,6.5422343211,6.5422343211,6.54223432104,6.54223432104,6.54223432113,6.54223432113,6.54223432116,6.54223432116,6.5422343211,6.54223432136,6.54223432136,6.54223432136,6.54223432136,6.54223432126,6.54223432121,6.54223432122,6.54223432122,6.54223432126,6.54223432066,6.54223432086,6.54223432086,6.54223432085,6.54223432085,6.54223432085,6.54223432085,6.54223432085,6.54223432086,6.54223432056,6.54223432056,6.54223432056,6.54223432058,6.54223432058,6.54223432086,6.54223432106,6.54223432106,6.54223432106,6.54223432106,6.54223432103,6.54223432103,6.5422343215,6.54223432154,6.54223432161,6.54223432161,6.54223432155,6.54223432155,6.5422343216,6.5422343215,6.5422343215,6.5422343215,6.542234322,6.5422343216,6.5422343216,6.5422343216,7.04932013471,7.04932013491,7.04932013486,7.04932013486,7.04932013531
