"","t116","t117","t103","t12","t5","t59","t60","t34","t35","t2","t15","t68","t112","t113","t118","t119","t96","t7","t83","t84","t121","t122","t4","t14","t44","t45","t25","t10","t42","t50","t51","t128","t129","t101","t102","t104","t105","t79","t67","t62","t63","t99","t100","t73","t17","t6","t130","t131","t123","t29","t11","t39","t40","t89","t90","t80","t81","t94","t95","t52","t53","t54","t61","t120","t132","t133","t20","t126","t127","t77","t78","t76","t66","t48","t27","t57","t58","t49","t69","t70","t92","t93","t82","t21","t33","t108","t109","t64","t65","t22","t23","t3","t41","t74","t75","t24","t26","t37","t124","t125","t91","t16","t38","t85","t86","t114","t115","t28","t9","t31","t32","t13","t47","t55","t56","t43","t18","t36","t87","t88","t30","t46","t110","t111","t19","t97","t98","t71","t72","t8","t106","t107","t1"
"t116",0,0.18352163814,0.27621802342,1.39050682185,2.46508517462,5.45638452042,5.68284601142,5.68284601102,5.10357197192,3.56122962162,8.93469016061,9.41467180811,9.41467180809,9.41467180809,9.41467180802,9.41467180802,9.41467180801,8.27359060711,9.29950002451,9.41467180861,9.41467180871,9.41467180871,9.41467180842,8.98694733992,9.41467180852,9.41467180852,9.41467180852,9.00442883802,9.41467180872,9.41467180872,9.41467180872,9.41467180833,9.41467180833,9.41467180837,9.41467180837,9.41467180828,9.35523543263,9.41467180828,9.41467180834,9.26798739419,9.41467180829,9.29772857237,9.41467180832,9.41467180822,9.41467180812,8.53445028272,9.41467180841,9.41467180841,9.41467180841,9.41467180842,8.08027402983,9.41467180837,9.41467180837,9.4146718083154,9.4146718083154,9.4146718083154,9.4146718083154,9.4146718083154,9.4146718083154,9.4146718084154,9.4146718084154,9.0665329707454,9.4146718083854,9.4146718084154,9.4146718084154,9.4146718084154,9.3685524104154,9.4146718087154,9.4146718087154,9.414671808353,9.414671808353,9.4146718083,9.41467180837,9.41467180837,9.41467180837,9.41467180837,9.41467180837,9.41467180837,9.16753220547,9.41467180797,9.41467180825,9.41467180825,9.41467180817,9.41467180807,8.724116326966,9.414671808166,9.414671808166,9.32292985057,9.41467180827,9.39122814337,9.04730628937,6.83853823484,9.41467180837,9.41467180827,9.19674038187,9.28579264627,9.41467180835,9.41467180835,9.41467180826,9.41467180826,9.30556001065,8.32755482017,9.41467180805,9.41467180798,9.41467180798,9.41467180799,9.41467180799,9.41467180807,8.17904980697,9.41467180827,9.41467180827,9.41467180857,9.4146718082,9.4146718082,9.4146718082,9.41467180827,8.32488763318,9.41467180817,9.41467180817,9.18154355841,9.41467180827,9.41467180827,9.41467180837,9.41467180837,8.61766357607,9.41467180827,9.41467180827,9.41467180827,9.41467180827,8.84332467657,9.41467180807,9.41467180807,5.9181864858
"t117",0.18352163814,0,0.27621802342,1.39050682185,2.46508517462,5.45638452042,5.68284601142,5.68284601102,5.10357197192,3.56122962162,8.93469016061,9.41467180811,9.41467180809,9.41467180809,9.41467180802,9.41467180802,9.41467180801,8.27359060711,9.29950002451,9.41467180861,9.41467180871,9.41467180871,9.41467180842,8.98694733992,9.41467180852,9.41467180852,9.41467180852,9.00442883802,9.41467180872,9.41467180872,9.41467180872,9.41467180833,9.41467180833,9.41467180837,9.41467180837,9.41467180828,9.35523543263,9.41467180828,9.41467180834,9.26798739419,9.41467180829,9.29772857237,9.41467180832,9.41467180822,9.41467180812,8.53445028272,9.41467180841,9.41467180841,9.41467180841,9.41467180842,8.08027402983,9.41467180837,9.41467180837,9.4146718083154,9.4146718083154,9.4146718083154,9.4146718083154,9.4146718083154,9.4146718083154,9.4146718084154,9.4146718084154,9.0665329707454,9.4146718083854,9.4146718084154,9.4146718084154,9.4146718084154,9.3685524104154,9.4146718087154,9.4146718087154,9.414671808353,9.414671808353,9.4146718083,9.41467180837,9.41467180837,9.41467180837,9.41467180837,9.41467180837,9.41467180837,9.16753220547,9.41467180797,9.41467180825,9.41467180825,9.41467180817,9.41467180807,8.724116326966,9.414671808166,9.414671808166,9.32292985057,9.41467180827,9.39122814337,9.04730628937,6.83853823484,9.41467180837,9.41467180827,9.19674038187,9.28579264627,9.41467180835,9.41467180835,9.41467180826,9.41467180826,9.30556001065,8.32755482017,9.41467180805,9.41467180798,9.41467180798,9.41467180799,9.41467180799,9.41467180807,8.17904980697,9.41467180827,9.41467180827,9.41467180857,9.4146718082,9.4146718082,9.4146718082,9.41467180827,8.32488763318,9.41467180817,9.41467180817,9.18154355841,9.41467180827,9.41467180827,9.41467180837,9.41467180837,8.61766357607,9.41467180827,9.41467180827,9.41467180827,9.41467180827,8.84332467657,9.41467180807,9.41467180807,5.9181864858
"t103",0.27621802342,0.27621802342,0,1.39050682183,2.4650851746,5.4563845204,5.6828460114,5.682846011,5.1035719719,3.5612296216,8.93469016059,9.41467180809,9.41467180807,9.41467180807,9.414671808,9.414671808,9.41467180799,8.27359060709,9.29950002449,9.41467180859,9.41467180869,9.41467180869,9.4146718084,8.9869473399,9.4146718085,9.4146718085,9.4146718085,9.004428838,9.4146718087,9.4146718087,9.4146718087,9.41467180831,9.41467180831,9.41467180835,9.41467180835,9.41467180826,9.35523543261,9.41467180826,9.41467180832,9.26798739417,9.41467180827,9.29772857235,9.4146718083,9.4146718082,9.4146718081,8.5344502827,9.41467180839,9.41467180839,9.41467180839,9.4146718084,8.08027402981,9.41467180835,9.41467180835,9.4146718082954,9.4146718082954,9.4146718082954,9.4146718082954,9.4146718082954,9.4146718082954,9.4146718083954,9.4146718083954,9.0665329707254,9.4146718083654,9.4146718083954,9.4146718083954,9.4146718083954,9.3685524103954,9.4146718086954,9.4146718086954,9.414671808333,9.414671808333,9.41467180828,9.41467180835,9.41467180835,9.41467180835,9.41467180835,9.41467180835,9.41467180835,9.16753220545,9.41467180795,9.41467180823,9.41467180823,9.41467180815,9.41467180805,8.724116326946,9.414671808146,9.414671808146,9.32292985055,9.41467180825,9.39122814335,9.04730628935,6.83853823482,9.41467180835,9.41467180825,9.19674038185,9.28579264625,9.41467180833,9.41467180833,9.41467180824,9.41467180824,9.30556001063,8.32755482015,9.41467180803,9.41467180796,9.41467180796,9.41467180797,9.41467180797,9.41467180805,8.17904980695,9.41467180825,9.41467180825,9.41467180855,9.41467180818,9.41467180818,9.41467180818,9.41467180825,8.32488763316,9.41467180815,9.41467180815,9.18154355839,9.41467180825,9.41467180825,9.41467180835,9.41467180835,8.61766357605,9.41467180825,9.41467180825,9.41467180825,9.41467180825,8.84332467655,9.41467180805,9.41467180805,5.91818648578
"t12",1.39050682185,1.39050682185,1.39050682183,0,1.22476045703,4.21605980283,4.44252129383,4.44252129343,3.86324725433,2.32090490403,7.69436544302,8.17434709052,8.1743470905,8.1743470905,8.17434709043,8.17434709043,8.17434709042,7.03326588952,8.05917530692,8.17434709102,8.17434709112,8.17434709112,8.17434709083,7.74662262233,8.17434709093,8.17434709093,8.17434709093,7.76410412043,8.17434709113,8.17434709113,8.17434709113,8.17434709074,8.17434709074,8.17434709078,8.17434709078,8.17434709069,8.11491071504,8.17434709069,8.17434709075,8.0276626766,8.1743470907,8.05740385478,8.17434709073,8.17434709063,8.17434709053,7.29412556513,8.17434709082,8.17434709082,8.17434709082,8.17434709083,6.83994931224,8.17434709078,8.17434709078,8.1743470907254,8.1743470907254,8.1743470907254,8.1743470907254,8.1743470907254,8.1743470907254,8.1743470908254,8.1743470908254,7.8262082531554,8.1743470907954,8.1743470908254,8.1743470908254,8.1743470908254,8.1282276928254,8.1743470911254,8.1743470911254,8.174347090763,8.174347090763,8.17434709071,8.17434709078,8.17434709078,8.17434709078,8.17434709078,8.17434709078,8.17434709078,7.92720748788,8.17434709038,8.17434709066,8.17434709066,8.17434709058,8.17434709048,7.483791609376,8.174347090576,8.174347090576,8.08260513298,8.17434709068,8.15090342578,7.80698157178,5.59821351725,8.17434709078,8.17434709068,7.95641566428,8.04546792868,8.17434709076,8.17434709076,8.17434709067,8.17434709067,8.06523529306,7.08723010258,8.17434709046,8.17434709039,8.17434709039,8.1743470904,8.1743470904,8.17434709048,6.93872508938,8.17434709068,8.17434709068,8.17434709098,8.17434709061,8.17434709061,8.17434709061,8.17434709068,7.08456291559,8.17434709058,8.17434709058,7.94121884082,8.17434709068,8.17434709068,8.17434709078,8.17434709078,7.37733885848,8.17434709068,8.17434709068,8.17434709068,8.17434709068,7.60299995898,8.17434709048,8.17434709048,4.67786176821
"t5",2.46508517462,2.46508517462,2.4650851746,1.22476045703,0,3.5378573442,3.7643188352,3.7643188348,3.1850447957,1.6427024454,7.01616298439,7.49614463189,7.49614463187,7.49614463187,7.4961446318,7.4961446318,7.49614463179,6.35506343089,7.38097284829,7.49614463239,7.49614463249,7.49614463249,7.4961446322,7.0684201637,7.4961446323,7.4961446323,7.4961446323,7.0859016618,7.4961446325,7.4961446325,7.4961446325,7.49614463211,7.49614463211,7.49614463215,7.49614463215,7.49614463206,7.43670825641,7.49614463206,7.49614463212,7.34946021797,7.49614463207,7.37920139615,7.4961446321,7.496144632,7.4961446319,6.6159231065,7.49614463219,7.49614463219,7.49614463219,7.4961446322,6.16174685361,7.49614463215,7.49614463215,7.4961446320954,7.4961446320954,7.4961446320954,7.4961446320954,7.4961446320954,7.4961446320954,7.4961446321954,7.4961446321954,7.1480057945254,7.4961446321654,7.4961446321954,7.4961446321954,7.4961446321954,7.4500252341954,7.4961446324954,7.4961446324954,7.496144632133,7.496144632133,7.49614463208,7.49614463215,7.49614463215,7.49614463215,7.49614463215,7.49614463215,7.49614463215,7.24900502925,7.49614463175,7.49614463203,7.49614463203,7.49614463195,7.49614463185,6.805589150746,7.496144631946,7.496144631946,7.40440267435,7.49614463205,7.47270096715,7.12877911315,4.92001105862,7.49614463215,7.49614463205,7.27821320565,7.36726547005,7.49614463213,7.49614463213,7.49614463204,7.49614463204,7.38703283443,6.40902764395,7.49614463183,7.49614463176,7.49614463176,7.49614463177,7.49614463177,7.49614463185,6.26052263075,7.49614463205,7.49614463205,7.49614463235,7.49614463198,7.49614463198,7.49614463198,7.49614463205,6.40636045696,7.49614463195,7.49614463195,7.26301638219,7.49614463205,7.49614463205,7.49614463215,7.49614463215,6.69913639985,7.49614463205,7.49614463205,7.49614463205,7.49614463205,6.92479750035,7.49614463185,7.49614463185,3.99965930958
"t59",5.45638452042,5.45638452042,5.4563845204,4.21605980283,3.5378573442,0,0.7077369826,3.2959826962,2.7167086571,3.3347681308,8.70822866979,9.18821031729,9.18821031727,9.18821031727,9.1882103172,9.1882103172,9.18821031719,8.04712911629,9.07303853369,9.18821031779,9.18821031789,9.18821031789,9.1882103176,8.7604858491,9.1882103177,9.1882103177,9.1882103177,8.7779673472,9.1882103179,9.1882103179,9.1882103179,9.18821031751,9.18821031751,9.18821031755,9.18821031755,9.18821031746,9.12877394181,9.18821031746,9.18821031752,9.04152590337,9.18821031747,9.07126708155,9.1882103175,9.1882103174,9.1882103173,8.3079887919,9.18821031759,9.18821031759,9.18821031759,9.1882103176,7.85381253901,9.18821031755,9.18821031755,9.1882103174954,9.1882103174954,9.1882103174954,9.1882103174954,9.1882103174954,9.1882103174954,9.1882103175954,9.1882103175954,8.8400714799254,9.1882103175654,9.1882103175954,9.1882103175954,9.1882103175954,9.1420909195954,9.1882103178954,9.1882103178954,9.188210317533,9.188210317533,9.18821031748,9.18821031755,9.18821031755,9.18821031755,9.18821031755,9.18821031755,9.18821031755,8.94107071465,9.18821031715,9.18821031743,9.18821031743,9.18821031735,9.18821031725,8.497654836146,9.188210317346,9.188210317346,9.09646835975,9.18821031745,9.16476665255,8.82084479855,6.61207674402,9.18821031755,9.18821031745,8.97027889105,9.05933115545,9.18821031753,9.18821031753,9.18821031744,9.18821031744,9.07909851983,8.10109332935,9.18821031723,9.18821031716,9.18821031716,9.18821031717,9.18821031717,9.18821031725,7.95258831615,9.18821031745,9.18821031745,9.18821031775,9.18821031738,9.18821031738,9.18821031738,9.18821031745,8.09842614236,9.18821031735,9.18821031735,8.95508206759,9.18821031745,9.18821031745,9.18821031755,9.18821031755,8.39120208525,9.18821031745,9.18821031745,9.18821031745,9.18821031745,8.61686318575,9.18821031725,9.18821031725,5.69172499498
"t60",5.68284601142,5.68284601142,5.6828460114,4.44252129383,3.7643188352,0.7077369826,0,3.5224441872,2.9431701481,3.5612296218,8.93469016079,9.41467180829,9.41467180827,9.41467180827,9.4146718082,9.4146718082,9.41467180819,8.27359060729,9.29950002469,9.41467180879,9.41467180889,9.41467180889,9.4146718086,8.9869473401,9.4146718087,9.4146718087,9.4146718087,9.0044288382,9.4146718089,9.4146718089,9.4146718089,9.41467180851,9.41467180851,9.41467180855,9.41467180855,9.41467180846,9.35523543281,9.41467180846,9.41467180852,9.26798739437,9.41467180847,9.29772857255,9.4146718085,9.4146718084,9.4146718083,8.5344502829,9.41467180859,9.41467180859,9.41467180859,9.4146718086,8.08027403001,9.41467180855,9.41467180855,9.4146718084954,9.4146718084954,9.4146718084954,9.4146718084954,9.4146718084954,9.4146718084954,9.4146718085954,9.4146718085954,9.0665329709254,9.4146718085654,9.4146718085954,9.4146718085954,9.4146718085954,9.3685524105954,9.4146718088954,9.4146718088954,9.414671808533,9.414671808533,9.41467180848,9.41467180855,9.41467180855,9.41467180855,9.41467180855,9.41467180855,9.41467180855,9.16753220565,9.41467180815,9.41467180843,9.41467180843,9.41467180835,9.41467180825,8.724116327146,9.414671808346,9.414671808346,9.32292985075,9.41467180845,9.39122814355,9.04730628955,6.83853823502,9.41467180855,9.41467180845,9.19674038205,9.28579264645,9.41467180853,9.41467180853,9.41467180844,9.41467180844,9.30556001083,8.32755482035,9.41467180823,9.41467180816,9.41467180816,9.41467180817,9.41467180817,9.41467180825,8.17904980715,9.41467180845,9.41467180845,9.41467180875,9.41467180838,9.41467180838,9.41467180838,9.41467180845,8.32488763336,9.41467180835,9.41467180835,9.18154355859,9.41467180845,9.41467180845,9.41467180855,9.41467180855,8.61766357625,9.41467180845,9.41467180845,9.41467180845,9.41467180845,8.84332467675,9.41467180825,9.41467180825,5.91818648598
"t34",5.68284601102,5.68284601102,5.682846011,4.44252129343,3.7643188348,3.2959826962,3.5224441872,0,1.0347937815,3.5612296214,8.93469016039,9.41467180789,9.41467180787,9.41467180787,9.4146718078,9.4146718078,9.41467180779,8.27359060689,9.29950002429,9.41467180839,9.41467180849,9.41467180849,9.4146718082,8.9869473397,9.4146718083,9.4146718083,9.4146718083,9.0044288378,9.4146718085,9.4146718085,9.4146718085,9.41467180811,9.41467180811,9.41467180815,9.41467180815,9.41467180806,9.35523543241,9.41467180806,9.41467180812,9.26798739397,9.41467180807,9.29772857215,9.4146718081,9.414671808,9.4146718079,8.5344502825,9.41467180819,9.41467180819,9.41467180819,9.4146718082,8.08027402961,9.41467180815,9.41467180815,9.4146718080954,9.4146718080954,9.4146718080954,9.4146718080954,9.4146718080954,9.4146718080954,9.4146718081954,9.4146718081954,9.0665329705254,9.4146718081654,9.4146718081954,9.4146718081954,9.4146718081954,9.3685524101954,9.4146718084954,9.4146718084954,9.414671808133,9.414671808133,9.41467180808,9.41467180815,9.41467180815,9.41467180815,9.41467180815,9.41467180815,9.41467180815,9.16753220525,9.41467180775,9.41467180803,9.41467180803,9.41467180795,9.41467180785,8.724116326746,9.414671807946,9.414671807946,9.32292985035,9.41467180805,9.39122814315,9.04730628915,6.83853823462,9.41467180815,9.41467180805,9.19674038165,9.28579264605,9.41467180813,9.41467180813,9.41467180804,9.41467180804,9.30556001043,8.32755481995,9.41467180783,9.41467180776,9.41467180776,9.41467180777,9.41467180777,9.41467180785,8.17904980675,9.41467180805,9.41467180805,9.41467180835,9.41467180798,9.41467180798,9.41467180798,9.41467180805,8.32488763296,9.41467180795,9.41467180795,9.18154355819,9.41467180805,9.41467180805,9.41467180815,9.41467180815,8.61766357585,9.41467180805,9.41467180805,9.41467180805,9.41467180805,8.84332467635,9.41467180785,9.41467180785,5.91818648558
"t35",5.10357197192,5.10357197192,5.1035719719,3.86324725433,3.1850447957,2.7167086571,2.9431701481,1.0347937815,0,2.9819555823,8.35541612129,8.83539776879,8.83539776877,8.83539776877,8.8353977687,8.8353977687,8.83539776869,7.69431656779,8.72022598519,8.83539776929,8.83539776939,8.83539776939,8.8353977691,8.4076733006,8.8353977692,8.8353977692,8.8353977692,8.4251547987,8.8353977694,8.8353977694,8.8353977694,8.83539776901,8.83539776901,8.83539776905,8.83539776905,8.83539776896,8.77596139331,8.83539776896,8.83539776902,8.68871335487,8.83539776897,8.71845453305,8.835397769,8.8353977689,8.8353977688,7.9551762434,8.83539776909,8.83539776909,8.83539776909,8.8353977691,7.50099999051,8.83539776905,8.83539776905,8.8353977689954,8.8353977689954,8.8353977689954,8.8353977689954,8.8353977689954,8.8353977689954,8.8353977690954,8.8353977690954,8.4872589314254,8.8353977690654,8.8353977690954,8.8353977690954,8.8353977690954,8.7892783710954,8.8353977693954,8.8353977693954,8.835397769033,8.835397769033,8.83539776898,8.83539776905,8.83539776905,8.83539776905,8.83539776905,8.83539776905,8.83539776905,8.58825816615,8.83539776865,8.83539776893,8.83539776893,8.83539776885,8.83539776875,8.144842287646,8.835397768846,8.835397768846,8.74365581125,8.83539776895,8.81195410405,8.46803225005,6.25926419552,8.83539776905,8.83539776895,8.61746634255,8.70651860695,8.83539776903,8.83539776903,8.83539776894,8.83539776894,8.72628597133,7.74828078085,8.83539776873,8.83539776866,8.83539776866,8.83539776867,8.83539776867,8.83539776875,7.59977576765,8.83539776895,8.83539776895,8.83539776925,8.83539776888,8.83539776888,8.83539776888,8.83539776895,7.74561359386,8.83539776885,8.83539776885,8.60226951909,8.83539776895,8.83539776895,8.83539776905,8.83539776905,8.03838953675,8.83539776895,8.83539776895,8.83539776895,8.83539776895,8.26405063725,8.83539776875,8.83539776875,5.33891244648
"t2",3.56122962162,3.56122962162,3.5612296216,2.32090490403,1.6427024454,3.3347681308,3.5612296218,3.5612296214,2.9819555823,0,5.73384098559,6.21382263309,6.21382263307,6.21382263307,6.213822633,6.213822633,6.21382263299,5.07274143209,6.09865084949,6.21382263359,6.21382263369,6.21382263369,6.2138226334,5.7860981649,6.2138226335,6.2138226335,6.2138226335,5.803579663,6.2138226337,6.2138226337,6.2138226337,6.21382263331,6.21382263331,6.21382263335,6.21382263335,6.21382263326,6.15438625761,6.21382263326,6.21382263332,6.06713821917,6.21382263327,6.09687939735,6.2138226333,6.2138226332,6.2138226331,5.3336011077,6.21382263339,6.21382263339,6.21382263339,6.2138226334,4.87942485481,6.21382263335,6.21382263335,6.2138226332954,6.2138226332954,6.2138226332954,6.2138226332954,6.2138226332954,6.2138226332954,6.2138226333954,6.2138226333954,5.8656837957254,6.2138226333654,6.2138226333954,6.2138226333954,6.2138226333954,6.1677032353954,6.2138226336954,6.2138226336954,6.213822633333,6.213822633333,6.21382263328,6.21382263335,6.21382263335,6.21382263335,6.21382263335,6.21382263335,6.21382263335,5.96668303045,6.21382263295,6.21382263323,6.21382263323,6.21382263315,6.21382263305,5.523267151946,6.213822633146,6.213822633146,6.12208067555,6.21382263325,6.19037896835,5.84645711435,3.63768905982,6.21382263335,6.21382263325,5.99589120685,6.08494347125,6.21382263333,6.21382263333,6.21382263324,6.21382263324,6.10471083563,5.12670564515,6.21382263303,6.21382263296,6.21382263296,6.21382263297,6.21382263297,6.21382263305,4.97820063195,6.21382263325,6.21382263325,6.21382263355,6.21382263318,6.21382263318,6.21382263318,6.21382263325,5.12403845816,6.21382263315,6.21382263315,5.98069438339,6.21382263325,6.21382263325,6.21382263335,6.21382263335,5.41681440105,6.21382263325,6.21382263325,6.21382263325,6.21382263325,5.64247550155,6.21382263305,6.21382263305,2.71733731078
"t15",8.93469016061,8.93469016061,8.93469016059,7.69436544302,7.01616298439,8.70822866979,8.93469016079,8.93469016039,8.35541612129,5.73384098559,0,2.0024847831,2.00248478308,2.00248478308,2.00248478301,2.00248478301,2.002484783,3.4449236961,4.4708331135,4.5860048976,4.5860048977,4.5860048977,4.66611820819,4.72022717449,5.14795164309,5.14795164309,5.14795164309,4.73770867259,6.87253579069,6.87253579069,6.87253579069,6.8725357903,6.8725357903,6.87253579034,6.87253579034,6.87253579025,6.8130994146,6.87253579025,6.87253579031,6.72585137616,6.87253579026,6.75559255434,6.87253579029,6.87253579019,6.87253579009,5.99231426469,6.87253579038,6.87253579038,6.87253579038,6.87253579039,5.5381380118,6.87253579034,6.87253579034,6.8725357902854,6.8725357902854,6.8725357902854,6.8725357902854,6.8725357902854,6.8725357902854,6.8725357903854,6.8725357903854,6.5243969527154,6.8725357903554,6.8725357903854,6.8725357903854,6.8725357903854,6.8264163923854,6.8725357906854,6.8725357906854,6.872535790323,6.872535790323,6.87253579027,6.87253579034,6.87253579034,6.87253579034,6.87253579034,6.87253579034,6.87253579034,6.62539618744,6.87253578994,6.87253579022,6.87253579022,6.87253579014,6.87253579004,6.181980308936,6.872535790136,6.872535790136,6.78079383254,6.87253579024,6.84909212534,6.50517027134,4.29640221681,6.87253579034,6.87253579024,6.65460436384,6.74365662824,6.87253579032,6.87253579032,6.87253579023,6.87253579023,6.76342399262,5.78541880214,6.87253579002,6.87253578995,6.87253578995,6.87253578996,6.87253578996,6.87253579004,5.63691378894,6.87253579024,6.87253579024,6.87253579054,6.87253579017,6.87253579017,6.87253579017,6.87253579024,5.78275161515,6.87253579014,6.87253579014,6.63940754038,6.87253579024,6.87253579024,6.87253579034,6.87253579034,6.07552755804,6.87253579024,6.87253579024,6.87253579024,6.87253579024,6.30118865854,6.87253579004,6.87253579004,5.43820483777
"t68",9.41467180811,9.41467180811,9.41467180809,8.17434709052,7.49614463189,9.18821031729,9.41467180829,9.41467180789,8.83539776879,6.21382263309,2.0024847831,0,0.76638719938,0.76638719938,2.15942488191,2.15942488191,2.1594248819,3.9249053436,4.950814761,5.0659865451,5.0659865452,5.0659865452,5.14609985569,5.20020882199,5.62793329059,5.62793329059,5.62793329059,5.21769032009,7.35251743819,7.35251743819,7.35251743819,7.3525174378,7.3525174378,7.35251743784,7.35251743784,7.35251743775,7.2930810621,7.35251743775,7.35251743781,7.20583302366,7.35251743776,7.23557420184,7.35251743779,7.35251743769,7.35251743759,6.47229591219,7.35251743788,7.35251743788,7.35251743788,7.35251743789,6.0181196593,7.35251743784,7.35251743784,7.3525174377854,7.3525174377854,7.3525174377854,7.3525174377854,7.3525174377854,7.3525174377854,7.3525174378854,7.3525174378854,7.0043786002154,7.3525174378554,7.3525174378854,7.3525174378854,7.3525174378854,7.3063980398854,7.3525174381854,7.3525174381854,7.352517437823,7.352517437823,7.35251743777,7.35251743784,7.35251743784,7.35251743784,7.35251743784,7.35251743784,7.35251743784,7.10537783494,7.35251743744,7.35251743772,7.35251743772,7.35251743764,7.35251743754,6.661961956436,7.352517437636,7.352517437636,7.26077548004,7.35251743774,7.32907377284,6.98515191884,4.77638386431,7.35251743784,7.35251743774,7.13458601134,7.22363827574,7.35251743782,7.35251743782,7.35251743773,7.35251743773,7.24340564012,6.26540044964,7.35251743752,7.35251743745,7.35251743745,7.35251743746,7.35251743746,7.35251743754,6.11689543644,7.35251743774,7.35251743774,7.35251743804,7.35251743767,7.35251743767,7.35251743767,7.35251743774,6.26273326265,7.35251743764,7.35251743764,7.11938918788,7.35251743774,7.35251743774,7.35251743784,7.35251743784,6.55550920554,7.35251743774,7.35251743774,7.35251743774,7.35251743774,6.78117030604,7.35251743754,7.35251743754,5.91818648527
"t112",9.41467180809,9.41467180809,9.41467180807,8.1743470905,7.49614463187,9.18821031727,9.41467180827,9.41467180787,8.83539776877,6.21382263307,2.00248478308,0.76638719938,0,0.19827058796,2.15942488189,2.15942488189,2.15942488188,3.92490534358,4.95081476098,5.06598654508,5.06598654518,5.06598654518,5.14609985567,5.20020882197,5.62793329057,5.62793329057,5.62793329057,5.21769032007,7.35251743817,7.35251743817,7.35251743817,7.35251743778,7.35251743778,7.35251743782,7.35251743782,7.35251743773,7.29308106208,7.35251743773,7.35251743779,7.20583302364,7.35251743774,7.23557420182,7.35251743777,7.35251743767,7.35251743757,6.47229591217,7.35251743786,7.35251743786,7.35251743786,7.35251743787,6.01811965928,7.35251743782,7.35251743782,7.3525174377654,7.3525174377654,7.3525174377654,7.3525174377654,7.3525174377654,7.3525174377654,7.3525174378654,7.3525174378654,7.0043786001954,7.3525174378354,7.3525174378654,7.3525174378654,7.3525174378654,7.3063980398654,7.3525174381654,7.3525174381654,7.352517437803,7.352517437803,7.35251743775,7.35251743782,7.35251743782,7.35251743782,7.35251743782,7.35251743782,7.35251743782,7.10537783492,7.35251743742,7.3525174377,7.3525174377,7.35251743762,7.35251743752,6.661961956416,7.352517437616,7.352517437616,7.26077548002,7.35251743772,7.32907377282,6.98515191882,4.77638386429,7.35251743782,7.35251743772,7.13458601132,7.22363827572,7.3525174378,7.3525174378,7.35251743771,7.35251743771,7.2434056401,6.26540044962,7.3525174375,7.35251743743,7.35251743743,7.35251743744,7.35251743744,7.35251743752,6.11689543642,7.35251743772,7.35251743772,7.35251743802,7.35251743765,7.35251743765,7.35251743765,7.35251743772,6.26273326263,7.35251743762,7.35251743762,7.11938918786,7.35251743772,7.35251743772,7.35251743782,7.35251743782,6.55550920552,7.35251743772,7.35251743772,7.35251743772,7.35251743772,6.78117030602,7.35251743752,7.35251743752,5.91818648525
"t113",9.41467180809,9.41467180809,9.41467180807,8.1743470905,7.49614463187,9.18821031727,9.41467180827,9.41467180787,8.83539776877,6.21382263307,2.00248478308,0.76638719938,0.19827058796,0,2.15942488189,2.15942488189,2.15942488188,3.92490534358,4.95081476098,5.06598654508,5.06598654518,5.06598654518,5.14609985567,5.20020882197,5.62793329057,5.62793329057,5.62793329057,5.21769032007,7.35251743817,7.35251743817,7.35251743817,7.35251743778,7.35251743778,7.35251743782,7.35251743782,7.35251743773,7.29308106208,7.35251743773,7.35251743779,7.20583302364,7.35251743774,7.23557420182,7.35251743777,7.35251743767,7.35251743757,6.47229591217,7.35251743786,7.35251743786,7.35251743786,7.35251743787,6.01811965928,7.35251743782,7.35251743782,7.3525174377654,7.3525174377654,7.3525174377654,7.3525174377654,7.3525174377654,7.3525174377654,7.3525174378654,7.3525174378654,7.0043786001954,7.3525174378354,7.3525174378654,7.3525174378654,7.3525174378654,7.3063980398654,7.3525174381654,7.3525174381654,7.352517437803,7.352517437803,7.35251743775,7.35251743782,7.35251743782,7.35251743782,7.35251743782,7.35251743782,7.35251743782,7.10537783492,7.35251743742,7.3525174377,7.3525174377,7.35251743762,7.35251743752,6.661961956416,7.352517437616,7.352517437616,7.26077548002,7.35251743772,7.32907377282,6.98515191882,4.77638386429,7.35251743782,7.35251743772,7.13458601132,7.22363827572,7.3525174378,7.3525174378,7.35251743771,7.35251743771,7.2434056401,6.26540044962,7.3525174375,7.35251743743,7.35251743743,7.35251743744,7.35251743744,7.35251743752,6.11689543642,7.35251743772,7.35251743772,7.35251743802,7.35251743765,7.35251743765,7.35251743765,7.35251743772,6.26273326263,7.35251743762,7.35251743762,7.11938918786,7.35251743772,7.35251743772,7.35251743782,7.35251743782,6.55550920552,7.35251743772,7.35251743772,7.35251743772,7.35251743772,6.78117030602,7.35251743752,7.35251743752,5.91818648525
"t118",9.41467180802,9.41467180802,9.414671808,8.17434709043,7.4961446318,9.1882103172,9.4146718082,9.4146718078,8.8353977687,6.213822633,2.00248478301,2.15942488191,2.15942488189,2.15942488189,0,0.17519166882,0.39198788401,3.92490534351,4.95081476091,5.06598654501,5.06598654511,5.06598654511,5.1460998556,5.2002088219,5.6279332905,5.6279332905,5.6279332905,5.21769032,7.3525174381,7.3525174381,7.3525174381,7.35251743771,7.35251743771,7.35251743775,7.35251743775,7.35251743766,7.29308106201,7.35251743766,7.35251743772,7.20583302357,7.35251743767,7.23557420175,7.3525174377,7.3525174376,7.3525174375,6.4722959121,7.35251743779,7.35251743779,7.35251743779,7.3525174378,6.01811965921,7.35251743775,7.35251743775,7.3525174376954,7.3525174376954,7.3525174376954,7.3525174376954,7.3525174376954,7.3525174376954,7.3525174377954,7.3525174377954,7.0043786001254,7.3525174377654,7.3525174377954,7.3525174377954,7.3525174377954,7.3063980397954,7.3525174380954,7.3525174380954,7.352517437733,7.352517437733,7.35251743768,7.35251743775,7.35251743775,7.35251743775,7.35251743775,7.35251743775,7.35251743775,7.10537783485,7.35251743735,7.35251743763,7.35251743763,7.35251743755,7.35251743745,6.661961956346,7.352517437546,7.352517437546,7.26077547995,7.35251743765,7.32907377275,6.98515191875,4.77638386422,7.35251743775,7.35251743765,7.13458601125,7.22363827565,7.35251743773,7.35251743773,7.35251743764,7.35251743764,7.24340564003,6.26540044955,7.35251743743,7.35251743736,7.35251743736,7.35251743737,7.35251743737,7.35251743745,6.11689543635,7.35251743765,7.35251743765,7.35251743795,7.35251743758,7.35251743758,7.35251743758,7.35251743765,6.26273326256,7.35251743755,7.35251743755,7.11938918779,7.35251743765,7.35251743765,7.35251743775,7.35251743775,6.55550920545,7.35251743765,7.35251743765,7.35251743765,7.35251743765,6.78117030595,7.35251743745,7.35251743745,5.91818648518
"t119",9.41467180802,9.41467180802,9.414671808,8.17434709043,7.4961446318,9.1882103172,9.4146718082,9.4146718078,8.8353977687,6.213822633,2.00248478301,2.15942488191,2.15942488189,2.15942488189,0.17519166882,0,0.39198788401,3.92490534351,4.95081476091,5.06598654501,5.06598654511,5.06598654511,5.1460998556,5.2002088219,5.6279332905,5.6279332905,5.6279332905,5.21769032,7.3525174381,7.3525174381,7.3525174381,7.35251743771,7.35251743771,7.35251743775,7.35251743775,7.35251743766,7.29308106201,7.35251743766,7.35251743772,7.20583302357,7.35251743767,7.23557420175,7.3525174377,7.3525174376,7.3525174375,6.4722959121,7.35251743779,7.35251743779,7.35251743779,7.3525174378,6.01811965921,7.35251743775,7.35251743775,7.3525174376954,7.3525174376954,7.3525174376954,7.3525174376954,7.3525174376954,7.3525174376954,7.3525174377954,7.3525174377954,7.0043786001254,7.3525174377654,7.3525174377954,7.3525174377954,7.3525174377954,7.3063980397954,7.3525174380954,7.3525174380954,7.352517437733,7.352517437733,7.35251743768,7.35251743775,7.35251743775,7.35251743775,7.35251743775,7.35251743775,7.35251743775,7.10537783485,7.35251743735,7.35251743763,7.35251743763,7.35251743755,7.35251743745,6.661961956346,7.352517437546,7.352517437546,7.26077547995,7.35251743765,7.32907377275,6.98515191875,4.77638386422,7.35251743775,7.35251743765,7.13458601125,7.22363827565,7.35251743773,7.35251743773,7.35251743764,7.35251743764,7.24340564003,6.26540044955,7.35251743743,7.35251743736,7.35251743736,7.35251743737,7.35251743737,7.35251743745,6.11689543635,7.35251743765,7.35251743765,7.35251743795,7.35251743758,7.35251743758,7.35251743758,7.35251743765,6.26273326256,7.35251743755,7.35251743755,7.11938918779,7.35251743765,7.35251743765,7.35251743775,7.35251743775,6.55550920545,7.35251743765,7.35251743765,7.35251743765,7.35251743765,6.78117030595,7.35251743745,7.35251743745,5.91818648518
"t96",9.41467180801,9.41467180801,9.41467180799,8.17434709042,7.49614463179,9.18821031719,9.41467180819,9.41467180779,8.83539776869,6.21382263299,2.002484783,2.1594248819,2.15942488188,2.15942488188,0.39198788401,0.39198788401,0,3.9249053435,4.9508147609,5.065986545,5.0659865451,5.0659865451,5.14609985559,5.20020882189,5.62793329049,5.62793329049,5.62793329049,5.21769031999,7.35251743809,7.35251743809,7.35251743809,7.3525174377,7.3525174377,7.35251743774,7.35251743774,7.35251743765,7.293081062,7.35251743765,7.35251743771,7.20583302356,7.35251743766,7.23557420174,7.35251743769,7.35251743759,7.35251743749,6.47229591209,7.35251743778,7.35251743778,7.35251743778,7.35251743779,6.0181196592,7.35251743774,7.35251743774,7.3525174376854,7.3525174376854,7.3525174376854,7.3525174376854,7.3525174376854,7.3525174376854,7.3525174377854,7.3525174377854,7.0043786001154,7.3525174377554,7.3525174377854,7.3525174377854,7.3525174377854,7.3063980397854,7.3525174380854,7.3525174380854,7.352517437723,7.352517437723,7.35251743767,7.35251743774,7.35251743774,7.35251743774,7.35251743774,7.35251743774,7.35251743774,7.10537783484,7.35251743734,7.35251743762,7.35251743762,7.35251743754,7.35251743744,6.661961956336,7.352517437536,7.352517437536,7.26077547994,7.35251743764,7.32907377274,6.98515191874,4.77638386421,7.35251743774,7.35251743764,7.13458601124,7.22363827564,7.35251743772,7.35251743772,7.35251743763,7.35251743763,7.24340564002,6.26540044954,7.35251743742,7.35251743735,7.35251743735,7.35251743736,7.35251743736,7.35251743744,6.11689543634,7.35251743764,7.35251743764,7.35251743794,7.35251743757,7.35251743757,7.35251743757,7.35251743764,6.26273326255,7.35251743754,7.35251743754,7.11938918778,7.35251743764,7.35251743764,7.35251743774,7.35251743774,6.55550920544,7.35251743764,7.35251743764,7.35251743764,7.35251743764,6.78117030594,7.35251743744,7.35251743744,5.91818648517
"t7",8.27359060711,8.27359060711,8.27359060709,7.03326588952,6.35506343089,8.04712911629,8.27359060729,8.27359060689,7.69431656779,5.07274143209,3.4449236961,3.9249053436,3.92490534358,3.92490534358,3.92490534351,3.92490534351,3.9249053435,0,2.2603548178,2.3755266019,2.375526602,2.375526602,4.00501865469,4.05912762099,4.48685208959,4.48685208959,4.48685208959,4.07660911909,6.21143623719,6.21143623719,6.21143623719,6.2114362368,6.2114362368,6.21143623684,6.21143623684,6.21143623675,6.1519998611,6.21143623675,6.21143623681,6.06475182266,6.21143623676,6.09449300084,6.21143623679,6.21143623669,6.21143623659,5.33121471119,6.21143623688,6.21143623688,6.21143623688,6.21143623689,4.8770384583,6.21143623684,6.21143623684,6.2114362367854,6.2114362367854,6.2114362367854,6.2114362367854,6.2114362367854,6.2114362367854,6.2114362368854,6.2114362368854,5.8632973992154,6.2114362368554,6.2114362368854,6.2114362368854,6.2114362368854,6.1653168388854,6.2114362371854,6.2114362371854,6.211436236823,6.211436236823,6.21143623677,6.21143623684,6.21143623684,6.21143623684,6.21143623684,6.21143623684,6.21143623684,5.96429663394,6.21143623644,6.21143623672,6.21143623672,6.21143623664,6.21143623654,5.520880755436,6.211436236636,6.211436236636,6.11969427904,6.21143623674,6.18799257184,5.84407071784,3.63530266331,6.21143623684,6.21143623674,5.99350481034,6.08255707474,6.21143623682,6.21143623682,6.21143623673,6.21143623673,6.10232443912,5.12431924864,6.21143623652,6.21143623645,6.21143623645,6.21143623646,6.21143623646,6.21143623654,4.97581423544,6.21143623674,6.21143623674,6.21143623704,6.21143623667,6.21143623667,6.21143623667,6.21143623674,5.12165206165,6.21143623664,6.21143623664,5.97830798688,6.21143623674,6.21143623674,6.21143623684,6.21143623684,5.41442800454,6.21143623674,6.21143623674,6.21143623674,6.21143623674,5.64008910504,6.21143623654,6.21143623654,4.77710528427
"t83",9.29950002451,9.29950002451,9.29950002449,8.05917530692,7.38097284829,9.07303853369,9.29950002469,9.29950002429,8.72022598519,6.09865084949,4.4708331135,4.950814761,4.95081476098,4.95081476098,4.95081476091,4.95081476091,4.9508147609,2.2603548178,0,0.4348252597,2.5742311618,2.5742311618,5.03092807209,5.08503703839,5.51276150699,5.51276150699,5.51276150699,5.10251853649,7.23734565459,7.23734565459,7.23734565459,7.2373456542,7.2373456542,7.23734565424,7.23734565424,7.23734565415,7.1779092785,7.23734565415,7.23734565421,7.09066124006,7.23734565416,7.12040241824,7.23734565419,7.23734565409,7.23734565399,6.35712412859,7.23734565428,7.23734565428,7.23734565428,7.23734565429,5.9029478757,7.23734565424,7.23734565424,7.2373456541854,7.2373456541854,7.2373456541854,7.2373456541854,7.2373456541854,7.2373456541854,7.2373456542854,7.2373456542854,6.8892068166154,7.2373456542554,7.2373456542854,7.2373456542854,7.2373456542854,7.1912262562854,7.2373456545854,7.2373456545854,7.237345654223,7.237345654223,7.23734565417,7.23734565424,7.23734565424,7.23734565424,7.23734565424,7.23734565424,7.23734565424,6.99020605134,7.23734565384,7.23734565412,7.23734565412,7.23734565404,7.23734565394,6.546790172836,7.237345654036,7.237345654036,7.14560369644,7.23734565414,7.21390198924,6.86998013524,4.66121208071,7.23734565424,7.23734565414,7.01941422774,7.10846649214,7.23734565422,7.23734565422,7.23734565413,7.23734565413,7.12823385652,6.15022866604,7.23734565392,7.23734565385,7.23734565385,7.23734565386,7.23734565386,7.23734565394,6.00172365284,7.23734565414,7.23734565414,7.23734565444,7.23734565407,7.23734565407,7.23734565407,7.23734565414,6.14756147905,7.23734565404,7.23734565404,7.00421740428,7.23734565414,7.23734565414,7.23734565424,7.23734565424,6.44033742194,7.23734565414,7.23734565414,7.23734565414,7.23734565414,6.66599852244,7.23734565394,7.23734565394,5.80301470167
"t84",9.41467180861,9.41467180861,9.41467180859,8.17434709102,7.49614463239,9.18821031779,9.41467180879,9.41467180839,8.83539776929,6.21382263359,4.5860048976,5.0659865451,5.06598654508,5.06598654508,5.06598654501,5.06598654501,5.065986545,2.3755266019,0.4348252597,0,2.6894029459,2.6894029459,5.14609985619,5.20020882249,5.62793329109,5.62793329109,5.62793329109,5.21769032059,7.35251743869,7.35251743869,7.35251743869,7.3525174383,7.3525174383,7.35251743834,7.35251743834,7.35251743825,7.2930810626,7.35251743825,7.35251743831,7.20583302416,7.35251743826,7.23557420234,7.35251743829,7.35251743819,7.35251743809,6.47229591269,7.35251743838,7.35251743838,7.35251743838,7.35251743839,6.0181196598,7.35251743834,7.35251743834,7.3525174382854,7.3525174382854,7.3525174382854,7.3525174382854,7.3525174382854,7.3525174382854,7.3525174383854,7.3525174383854,7.0043786007154,7.3525174383554,7.3525174383854,7.3525174383854,7.3525174383854,7.3063980403854,7.3525174386854,7.3525174386854,7.352517438323,7.352517438323,7.35251743827,7.35251743834,7.35251743834,7.35251743834,7.35251743834,7.35251743834,7.35251743834,7.10537783544,7.35251743794,7.35251743822,7.35251743822,7.35251743814,7.35251743804,6.661961956936,7.352517438136,7.352517438136,7.26077548054,7.35251743824,7.32907377334,6.98515191934,4.77638386481,7.35251743834,7.35251743824,7.13458601184,7.22363827624,7.35251743832,7.35251743832,7.35251743823,7.35251743823,7.24340564062,6.26540045014,7.35251743802,7.35251743795,7.35251743795,7.35251743796,7.35251743796,7.35251743804,6.11689543694,7.35251743824,7.35251743824,7.35251743854,7.35251743817,7.35251743817,7.35251743817,7.35251743824,6.26273326315,7.35251743814,7.35251743814,7.11938918838,7.35251743824,7.35251743824,7.35251743834,7.35251743834,6.55550920604,7.35251743824,7.35251743824,7.35251743824,7.35251743824,6.78117030654,7.35251743804,7.35251743804,5.91818648577
