"","t48","t98","t106","t107","t90","t91","t92","t42","t67","t74","t75","t56","t2","t1","t25","t134","t135","t59","t110","t111","t64","t43","t63","t101","t102","t81","t137","t138","t148","t149","t123","t112","t45","t46","t133","t142","t143","t47","t38","t53","t128","t129","t108","t95","t49","t10","t7","t15","t136","t154","t155","t105","t85","t86","t61","t58","t93","t94","t109","t139","t140","t152","t153","t65","t130","t156","t157","t141","t30","t31","t12","t20","t126","t127","t104","t18","t19","t82","t83","t11","t3","t21","t23","t36","t78","t84","t118","t119","t150","t151","t35","t71","t72","t26","t131","t132","t76","t44","t54","t55","t24","t32","t33","t14","t50","t51","t122","t158","t159","t66","t79","t88","t89","t40","t41","t80","t87","t146","t147","t27","t28","t39","t52","t144","t145","t113","t62","t4","t5","t60","t69","t70","t22","t114","t115","t73","t13","t8","t29","t103","t116","t117","t99","t120","t121","t100","t37","t57","t77","t124","t125","t96","t97","t68","t34","t9","t16","t17","t6"
"t48",0,2.34800216721,2.34800216716,2.34800216716,2.3480021672,2.3480021672,2.3480021672,1.75428158934,2.78037238764,2.18048783428,2.78037238764,2.23681225474,4.0142183381,4.40095128945,9.97192543943,9.97192543934,9.97192543934,9.97192543944,9.97192543914,9.97192543914,9.97192543914,8.19979529254,9.36024731943,9.97192543913,9.97192543913,9.97192543913,9.97192543923,9.97192543923,9.97192543923,9.97192543923,9.97192543926,9.97192543923,8.87056660563,9.97192543873,9.97192543953,9.97192543956,9.97192543956,9.97192543903,9.97192543923,9.00318074653,9.97192543913,9.97192543913,9.97192543913,9.97192543923,8.62030870273,7.71549096613,8.64534456109,7.23428250444,9.97192543912,9.97192543915,9.97192543915,9.72531899877,9.97192543912,9.93346789222,9.97192543872,9.97192543874,9.97192543904,9.97192543904,9.97192543934,9.97192543934,9.97192543934,9.97192543924,9.97192543924,9.97192543904,9.97192543894,9.971925439,9.971925439,9.97192543895,9.97192543914,9.85831360814,8.51201348833,7.55478556954,9.97192543874,9.80364641517,9.97192543874,7.5020828469,7.78343085643,9.97192543953,9.97192543953,8.98641623675,5.91969258353,9.97192543882,7.80374973755,8.94249281932,9.97192543952,9.97192543955,9.97192543955,9.97192543955,9.97192543959,9.97192543959,8.96967204189,9.97192543869,9.97192543869,8.92945861782,9.97192543892,9.97192543892,9.97192543892,9.97192543902,9.97192543902,8.83664967172,8.06794605912,8.24132300232,8.54665693302,7.64941350522,8.9140856433,8.9600895564,9.9719254395,9.971925439459,9.971925439459,9.97192543944,9.77486605214,9.81190599414,9.97192543944,8.7703853865,8.3061952086,9.971925439,9.97192543903,9.97192543901,9.97192543901,7.616013687,9.07206537497,8.4989226892,9.3132551117,9.97192543935,9.97192543935,9.9719254394,9.1719200979,7.4395206557,6.7667170118,9.97192543957,9.97192543977,9.62638187077,9.97192543907,9.97192543957,9.97192543957,9.78120716997,8.31150951017,6.83104318767,7.88892877167,9.97192543957,9.97192543966,9.97192543966,9.97192543887,9.971925438849,9.896998897849,9.971925438849,9.97192543957,9.97192544027,9.39195157434,9.97192543977,9.97192543977,9.97192543977,9.97192543977,9.35201071607,7.71780677808,7.42227309007,7.26295762838,8.55217283401,7.24889390081
"t98",2.34800216721,0,0.78638227555,0.78638227555,0.91258809681,1.48539660641,1.48539660641,2.89889230055,3.92498309885,3.32509854549,3.92498309885,3.38142296595,5.15882904931,5.54556200066,11.11653615064,11.11653615055,11.11653615055,11.11653615065,11.11653615035,11.11653615035,11.11653615035,9.34440600375,10.50485803064,11.11653615034,11.11653615034,11.11653615034,11.11653615044,11.11653615044,11.11653615044,11.11653615044,11.11653615047,11.11653615044,10.01517731684,11.11653614994,11.11653615074,11.11653615077,11.11653615077,11.11653615024,11.11653615044,10.14779145774,11.11653615034,11.11653615034,11.11653615034,11.11653615044,9.76491941394,8.86010167734,9.7899552723,8.37889321565,11.11653615033,11.11653615036,11.11653615036,10.86992970998,11.11653615033,11.07807860343,11.11653614993,11.11653614995,11.11653615025,11.11653615025,11.11653615055,11.11653615055,11.11653615055,11.11653615045,11.11653615045,11.11653615025,11.11653615015,11.11653615021,11.11653615021,11.11653615016,11.11653615035,11.00292431935,9.65662419954,8.69939628075,11.11653614995,10.94825712638,11.11653614995,8.64669355811,8.92804156764,11.11653615074,11.11653615074,10.13102694796,7.06430329474,11.11653615003,8.94836044876,10.08710353053,11.11653615073,11.11653615076,11.11653615076,11.11653615076,11.1165361508,11.1165361508,10.1142827531,11.1165361499,11.1165361499,10.07406932903,11.11653615013,11.11653615013,11.11653615013,11.11653615023,11.11653615023,9.98126038293,9.21255677033,9.38593371353,9.69126764423,8.79402421643,10.05869635451,10.10470026761,11.11653615071,11.116536150669,11.116536150669,11.11653615065,10.91947676335,10.95651670535,11.11653615065,9.91499609771,9.45080591981,11.11653615021,11.11653615024,11.11653615022,11.11653615022,8.76062439821,10.21667608618,9.64353340041,10.45786582291,11.11653615056,11.11653615056,11.11653615061,10.31653080911,8.58413136691,7.91132772301,11.11653615078,11.11653615098,10.77099258198,11.11653615028,11.11653615078,11.11653615078,10.92581788118,9.45612022138,7.97565389888,9.03353948288,11.11653615078,11.11653615087,11.11653615087,11.11653615008,11.116536150059,11.041609609059,11.116536150059,11.11653615078,11.11653615148,10.53656228555,11.11653615098,11.11653615098,11.11653615098,11.11653615098,10.49662142728,8.86241748929,8.56688380128,8.40756833959,9.69678354522,8.39350461202
"t106",2.34800216716,0.78638227555,0,0.6263841904,0.91258809676,1.48539660636,1.48539660636,2.8988923005,3.9249830988,3.32509854544,3.9249830988,3.3814229659,5.15882904926,5.54556200061,11.11653615059,11.1165361505,11.1165361505,11.1165361506,11.1165361503,11.1165361503,11.1165361503,9.3444060037,10.50485803059,11.11653615029,11.11653615029,11.11653615029,11.11653615039,11.11653615039,11.11653615039,11.11653615039,11.11653615042,11.11653615039,10.01517731679,11.11653614989,11.11653615069,11.11653615072,11.11653615072,11.11653615019,11.11653615039,10.14779145769,11.11653615029,11.11653615029,11.11653615029,11.11653615039,9.76491941389,8.86010167729,9.78995527225,8.3788932156,11.11653615028,11.11653615031,11.11653615031,10.86992970993,11.11653615028,11.07807860338,11.11653614988,11.1165361499,11.1165361502,11.1165361502,11.1165361505,11.1165361505,11.1165361505,11.1165361504,11.1165361504,11.1165361502,11.1165361501,11.11653615016,11.11653615016,11.11653615011,11.1165361503,11.0029243193,9.65662419949,8.6993962807,11.1165361499,10.94825712633,11.1165361499,8.64669355806,8.92804156759,11.11653615069,11.11653615069,10.13102694791,7.06430329469,11.11653614998,8.94836044871,10.08710353048,11.11653615068,11.11653615071,11.11653615071,11.11653615071,11.11653615075,11.11653615075,10.11428275305,11.11653614985,11.11653614985,10.07406932898,11.11653615008,11.11653615008,11.11653615008,11.11653615018,11.11653615018,9.98126038288,9.21255677028,9.38593371348,9.69126764418,8.79402421638,10.05869635446,10.10470026756,11.11653615066,11.116536150619,11.116536150619,11.1165361506,10.9194767633,10.9565167053,11.1165361506,9.91499609766,9.45080591976,11.11653615016,11.11653615019,11.11653615017,11.11653615017,8.76062439816,10.21667608613,9.64353340036,10.45786582286,11.11653615051,11.11653615051,11.11653615056,10.31653080906,8.58413136686,7.91132772296,11.11653615073,11.11653615093,10.77099258193,11.11653615023,11.11653615073,11.11653615073,10.92581788113,9.45612022133,7.97565389883,9.03353948283,11.11653615073,11.11653615082,11.11653615082,11.11653615003,11.116536150009,11.041609609009,11.116536150009,11.11653615073,11.11653615143,10.5365622855,11.11653615093,11.11653615093,11.11653615093,11.11653615093,10.49662142723,8.86241748924,8.56688380123,8.40756833954,9.69678354517,8.39350461197
"t107",2.34800216716,0.78638227555,0.6263841904,0,0.91258809676,1.48539660636,1.48539660636,2.8988923005,3.9249830988,3.32509854544,3.9249830988,3.3814229659,5.15882904926,5.54556200061,11.11653615059,11.1165361505,11.1165361505,11.1165361506,11.1165361503,11.1165361503,11.1165361503,9.3444060037,10.50485803059,11.11653615029,11.11653615029,11.11653615029,11.11653615039,11.11653615039,11.11653615039,11.11653615039,11.11653615042,11.11653615039,10.01517731679,11.11653614989,11.11653615069,11.11653615072,11.11653615072,11.11653615019,11.11653615039,10.14779145769,11.11653615029,11.11653615029,11.11653615029,11.11653615039,9.76491941389,8.86010167729,9.78995527225,8.3788932156,11.11653615028,11.11653615031,11.11653615031,10.86992970993,11.11653615028,11.07807860338,11.11653614988,11.1165361499,11.1165361502,11.1165361502,11.1165361505,11.1165361505,11.1165361505,11.1165361504,11.1165361504,11.1165361502,11.1165361501,11.11653615016,11.11653615016,11.11653615011,11.1165361503,11.0029243193,9.65662419949,8.6993962807,11.1165361499,10.94825712633,11.1165361499,8.64669355806,8.92804156759,11.11653615069,11.11653615069,10.13102694791,7.06430329469,11.11653614998,8.94836044871,10.08710353048,11.11653615068,11.11653615071,11.11653615071,11.11653615071,11.11653615075,11.11653615075,10.11428275305,11.11653614985,11.11653614985,10.07406932898,11.11653615008,11.11653615008,11.11653615008,11.11653615018,11.11653615018,9.98126038288,9.21255677028,9.38593371348,9.69126764418,8.79402421638,10.05869635446,10.10470026756,11.11653615066,11.116536150619,11.116536150619,11.1165361506,10.9194767633,10.9565167053,11.1165361506,9.91499609766,9.45080591976,11.11653615016,11.11653615019,11.11653615017,11.11653615017,8.76062439816,10.21667608613,9.64353340036,10.45786582286,11.11653615051,11.11653615051,11.11653615056,10.31653080906,8.58413136686,7.91132772296,11.11653615073,11.11653615093,10.77099258193,11.11653615023,11.11653615073,11.11653615073,10.92581788113,9.45612022133,7.97565389883,9.03353948283,11.11653615073,11.11653615082,11.11653615082,11.11653615003,11.116536150009,11.041609609009,11.116536150009,11.11653615073,11.11653615143,10.5365622855,11.11653615093,11.11653615093,11.11653615093,11.11653615093,10.49662142723,8.86241748924,8.56688380123,8.40756833954,9.69678354517,8.39350461197
"t90",2.3480021672,0.91258809681,0.91258809676,0.91258809676,0,1.4853966064,1.4853966064,2.89889230054,3.92498309884,3.32509854548,3.92498309884,3.38142296594,5.1588290493,5.54556200065,11.11653615063,11.11653615054,11.11653615054,11.11653615064,11.11653615034,11.11653615034,11.11653615034,9.34440600374,10.50485803063,11.11653615033,11.11653615033,11.11653615033,11.11653615043,11.11653615043,11.11653615043,11.11653615043,11.11653615046,11.11653615043,10.01517731683,11.11653614993,11.11653615073,11.11653615076,11.11653615076,11.11653615023,11.11653615043,10.14779145773,11.11653615033,11.11653615033,11.11653615033,11.11653615043,9.76491941393,8.86010167733,9.78995527229,8.37889321564,11.11653615032,11.11653615035,11.11653615035,10.86992970997,11.11653615032,11.07807860342,11.11653614992,11.11653614994,11.11653615024,11.11653615024,11.11653615054,11.11653615054,11.11653615054,11.11653615044,11.11653615044,11.11653615024,11.11653615014,11.1165361502,11.1165361502,11.11653615015,11.11653615034,11.00292431934,9.65662419953,8.69939628074,11.11653614994,10.94825712637,11.11653614994,8.6466935581,8.92804156763,11.11653615073,11.11653615073,10.13102694795,7.06430329473,11.11653615002,8.94836044875,10.08710353052,11.11653615072,11.11653615075,11.11653615075,11.11653615075,11.11653615079,11.11653615079,10.11428275309,11.11653614989,11.11653614989,10.07406932902,11.11653615012,11.11653615012,11.11653615012,11.11653615022,11.11653615022,9.98126038292,9.21255677032,9.38593371352,9.69126764422,8.79402421642,10.0586963545,10.1047002676,11.1165361507,11.116536150659,11.116536150659,11.11653615064,10.91947676334,10.95651670534,11.11653615064,9.9149960977,9.4508059198,11.1165361502,11.11653615023,11.11653615021,11.11653615021,8.7606243982,10.21667608617,9.6435334004,10.4578658229,11.11653615055,11.11653615055,11.1165361506,10.3165308091,8.5841313669,7.911327723,11.11653615077,11.11653615097,10.77099258197,11.11653615027,11.11653615077,11.11653615077,10.92581788117,9.45612022137,7.97565389887,9.03353948287,11.11653615077,11.11653615086,11.11653615086,11.11653615007,11.116536150049,11.041609609049,11.116536150049,11.11653615077,11.11653615147,10.53656228554,11.11653615097,11.11653615097,11.11653615097,11.11653615097,10.49662142727,8.86241748928,8.56688380127,8.40756833958,9.69678354521,8.39350461201
"t91",2.3480021672,1.48539660641,1.48539660636,1.48539660636,1.4853966064,0,0.85688423,2.89889230054,3.92498309884,3.32509854548,3.92498309884,3.38142296594,5.1588290493,5.54556200065,11.11653615063,11.11653615054,11.11653615054,11.11653615064,11.11653615034,11.11653615034,11.11653615034,9.34440600374,10.50485803063,11.11653615033,11.11653615033,11.11653615033,11.11653615043,11.11653615043,11.11653615043,11.11653615043,11.11653615046,11.11653615043,10.01517731683,11.11653614993,11.11653615073,11.11653615076,11.11653615076,11.11653615023,11.11653615043,10.14779145773,11.11653615033,11.11653615033,11.11653615033,11.11653615043,9.76491941393,8.86010167733,9.78995527229,8.37889321564,11.11653615032,11.11653615035,11.11653615035,10.86992970997,11.11653615032,11.07807860342,11.11653614992,11.11653614994,11.11653615024,11.11653615024,11.11653615054,11.11653615054,11.11653615054,11.11653615044,11.11653615044,11.11653615024,11.11653615014,11.1165361502,11.1165361502,11.11653615015,11.11653615034,11.00292431934,9.65662419953,8.69939628074,11.11653614994,10.94825712637,11.11653614994,8.6466935581,8.92804156763,11.11653615073,11.11653615073,10.13102694795,7.06430329473,11.11653615002,8.94836044875,10.08710353052,11.11653615072,11.11653615075,11.11653615075,11.11653615075,11.11653615079,11.11653615079,10.11428275309,11.11653614989,11.11653614989,10.07406932902,11.11653615012,11.11653615012,11.11653615012,11.11653615022,11.11653615022,9.98126038292,9.21255677032,9.38593371352,9.69126764422,8.79402421642,10.0586963545,10.1047002676,11.1165361507,11.116536150659,11.116536150659,11.11653615064,10.91947676334,10.95651670534,11.11653615064,9.9149960977,9.4508059198,11.1165361502,11.11653615023,11.11653615021,11.11653615021,8.7606243982,10.21667608617,9.6435334004,10.4578658229,11.11653615055,11.11653615055,11.1165361506,10.3165308091,8.5841313669,7.911327723,11.11653615077,11.11653615097,10.77099258197,11.11653615027,11.11653615077,11.11653615077,10.92581788117,9.45612022137,7.97565389887,9.03353948287,11.11653615077,11.11653615086,11.11653615086,11.11653615007,11.116536150049,11.041609609049,11.116536150049,11.11653615077,11.11653615147,10.53656228554,11.11653615097,11.11653615097,11.11653615097,11.11653615097,10.49662142727,8.86241748928,8.56688380127,8.40756833958,9.69678354521,8.39350461201
"t92",2.3480021672,1.48539660641,1.48539660636,1.48539660636,1.4853966064,0.85688423,0,2.89889230054,3.92498309884,3.32509854548,3.92498309884,3.38142296594,5.1588290493,5.54556200065,11.11653615063,11.11653615054,11.11653615054,11.11653615064,11.11653615034,11.11653615034,11.11653615034,9.34440600374,10.50485803063,11.11653615033,11.11653615033,11.11653615033,11.11653615043,11.11653615043,11.11653615043,11.11653615043,11.11653615046,11.11653615043,10.01517731683,11.11653614993,11.11653615073,11.11653615076,11.11653615076,11.11653615023,11.11653615043,10.14779145773,11.11653615033,11.11653615033,11.11653615033,11.11653615043,9.76491941393,8.86010167733,9.78995527229,8.37889321564,11.11653615032,11.11653615035,11.11653615035,10.86992970997,11.11653615032,11.07807860342,11.11653614992,11.11653614994,11.11653615024,11.11653615024,11.11653615054,11.11653615054,11.11653615054,11.11653615044,11.11653615044,11.11653615024,11.11653615014,11.1165361502,11.1165361502,11.11653615015,11.11653615034,11.00292431934,9.65662419953,8.69939628074,11.11653614994,10.94825712637,11.11653614994,8.6466935581,8.92804156763,11.11653615073,11.11653615073,10.13102694795,7.06430329473,11.11653615002,8.94836044875,10.08710353052,11.11653615072,11.11653615075,11.11653615075,11.11653615075,11.11653615079,11.11653615079,10.11428275309,11.11653614989,11.11653614989,10.07406932902,11.11653615012,11.11653615012,11.11653615012,11.11653615022,11.11653615022,9.98126038292,9.21255677032,9.38593371352,9.69126764422,8.79402421642,10.0586963545,10.1047002676,11.1165361507,11.116536150659,11.116536150659,11.11653615064,10.91947676334,10.95651670534,11.11653615064,9.9149960977,9.4508059198,11.1165361502,11.11653615023,11.11653615021,11.11653615021,8.7606243982,10.21667608617,9.6435334004,10.4578658229,11.11653615055,11.11653615055,11.1165361506,10.3165308091,8.5841313669,7.911327723,11.11653615077,11.11653615097,10.77099258197,11.11653615027,11.11653615077,11.11653615077,10.92581788117,9.45612022137,7.97565389887,9.03353948287,11.11653615077,11.11653615086,11.11653615086,11.11653615007,11.116536150049,11.041609609049,11.116536150049,11.11653615077,11.11653615147,10.53656228554,11.11653615097,11.11653615097,11.11653615097,11.11653615097,10.49662142727,8.86241748928,8.56688380127,8.40756833958,9.69678354521,8.39350461201
"t42",1.75428158934,2.89889230055,2.8988923005,2.8988923005,2.89889230054,2.89889230054,2.89889230054,0,2.7411274431,2.14124288974,2.7411274431,2.1975673102,4.13273825124,4.51947120259,10.09044535257,10.09044535248,10.09044535248,10.09044535258,10.09044535228,10.09044535228,10.09044535228,8.31831520568,9.47876723257,10.09044535227,10.09044535227,10.09044535227,10.09044535237,10.09044535237,10.09044535237,10.09044535237,10.0904453524,10.09044535237,8.98908651877,10.09044535187,10.09044535267,10.0904453527,10.0904453527,10.09044535217,10.09044535237,9.12170065967,10.09044535227,10.09044535227,10.09044535227,10.09044535237,8.73882861587,7.83401087927,8.76386447423,7.35280241758,10.09044535226,10.09044535229,10.09044535229,9.84383891191,10.09044535226,10.05198780536,10.09044535186,10.09044535188,10.09044535218,10.09044535218,10.09044535248,10.09044535248,10.09044535248,10.09044535238,10.09044535238,10.09044535218,10.09044535208,10.09044535214,10.09044535214,10.09044535209,10.09044535228,9.97683352128,8.63053340147,7.67330548268,10.09044535188,9.92216632831,10.09044535188,7.62060276004,7.90195076957,10.09044535267,10.09044535267,9.10493614989,6.03821249667,10.09044535196,7.92226965069,9.06101273246,10.09044535266,10.09044535269,10.09044535269,10.09044535269,10.09044535273,10.09044535273,9.08819195503,10.09044535183,10.09044535183,9.04797853096,10.09044535206,10.09044535206,10.09044535206,10.09044535216,10.09044535216,8.95516958486,8.18646597226,8.35984291546,8.66517684616,7.76793341836,9.03260555644,9.07860946954,10.09044535264,10.090445352599,10.090445352599,10.09044535258,9.89338596528,9.93042590728,10.09044535258,8.88890529964,8.42471512174,10.09044535214,10.09044535217,10.09044535215,10.09044535215,7.73453360014,9.19058528811,8.61744260234,9.43177502484,10.09044535249,10.09044535249,10.09044535254,9.29044001104,7.55804056884,6.88523692494,10.09044535271,10.09044535291,9.74490178391,10.09044535221,10.09044535271,10.09044535271,9.89972708311,8.43002942331,6.94956310081,8.00744868481,10.09044535271,10.0904453528,10.0904453528,10.09044535201,10.090445351989,10.015518810989,10.090445351989,10.09044535271,10.09044535341,9.51047148748,10.09044535291,10.09044535291,10.09044535291,10.09044535291,9.47053062921,7.83632669122,7.54079300321,7.38147754152,8.67069274715,7.36741381395
"t67",2.78037238764,3.92498309885,3.9249830988,3.9249830988,3.92498309884,3.92498309884,3.92498309884,2.7411274431,0,1.03610224384,1.6359867972,1.8679804753,5.15882904954,5.54556200089,11.11653615087,11.11653615078,11.11653615078,11.11653615088,11.11653615058,11.11653615058,11.11653615058,9.34440600398,10.50485803087,11.11653615057,11.11653615057,11.11653615057,11.11653615067,11.11653615067,11.11653615067,11.11653615067,11.1165361507,11.11653615067,10.01517731707,11.11653615017,11.11653615097,11.116536151,11.116536151,11.11653615047,11.11653615067,10.14779145797,11.11653615057,11.11653615057,11.11653615057,11.11653615067,9.76491941417,8.86010167757,9.78995527253,8.37889321588,11.11653615056,11.11653615059,11.11653615059,10.86992971021,11.11653615056,11.07807860366,11.11653615016,11.11653615018,11.11653615048,11.11653615048,11.11653615078,11.11653615078,11.11653615078,11.11653615068,11.11653615068,11.11653615048,11.11653615038,11.11653615044,11.11653615044,11.11653615039,11.11653615058,11.00292431958,9.65662419977,8.69939628098,11.11653615018,10.94825712661,11.11653615018,8.64669355834,8.92804156787,11.11653615097,11.11653615097,10.13102694819,7.06430329497,11.11653615026,8.94836044899,10.08710353076,11.11653615096,11.11653615099,11.11653615099,11.11653615099,11.11653615103,11.11653615103,10.11428275333,11.11653615013,11.11653615013,10.07406932926,11.11653615036,11.11653615036,11.11653615036,11.11653615046,11.11653615046,9.98126038316,9.21255677056,9.38593371376,9.69126764446,8.79402421666,10.05869635474,10.10470026784,11.11653615094,11.116536150899,11.116536150899,11.11653615088,10.91947676358,10.95651670558,11.11653615088,9.91499609794,9.45080592004,11.11653615044,11.11653615047,11.11653615045,11.11653615045,8.76062439844,10.21667608641,9.64353340064,10.45786582314,11.11653615079,11.11653615079,11.11653615084,10.31653080934,8.58413136714,7.91132772324,11.11653615101,11.11653615121,10.77099258221,11.11653615051,11.11653615101,11.11653615101,10.92581788141,9.45612022161,7.97565389911,9.03353948311,11.11653615101,11.1165361511,11.1165361511,11.11653615031,11.116536150289,11.041609609289,11.116536150289,11.11653615101,11.11653615171,10.53656228578,11.11653615121,11.11653615121,11.11653615121,11.11653615121,10.49662142751,8.86241748952,8.56688380151,8.40756833982,9.69678354545,8.39350461225
"t74",2.18048783428,3.32509854549,3.32509854544,3.32509854544,3.32509854548,3.32509854548,3.32509854548,2.14124288974,1.03610224384,0,0.67446868464,1.26809592194,4.55894449618,4.94567744753,10.51665159751,10.51665159742,10.51665159742,10.51665159752,10.51665159722,10.51665159722,10.51665159722,8.74452145062,9.90497347751,10.51665159721,10.51665159721,10.51665159721,10.51665159731,10.51665159731,10.51665159731,10.51665159731,10.51665159734,10.51665159731,9.41529276371,10.51665159681,10.51665159761,10.51665159764,10.51665159764,10.51665159711,10.51665159731,9.54790690461,10.51665159721,10.51665159721,10.51665159721,10.51665159731,9.16503486081,8.26021712421,9.19007071917,7.77900866252,10.5166515972,10.51665159723,10.51665159723,10.27004515685,10.5166515972,10.4781940503,10.5166515968,10.51665159682,10.51665159712,10.51665159712,10.51665159742,10.51665159742,10.51665159742,10.51665159732,10.51665159732,10.51665159712,10.51665159702,10.51665159708,10.51665159708,10.51665159703,10.51665159722,10.40303976622,9.05673964641,8.09951172762,10.51665159682,10.34837257325,10.51665159682,8.04680900498,8.32815701451,10.51665159761,10.51665159761,9.53114239483,6.46441874161,10.5166515969,8.34847589563,9.4872189774,10.5166515976,10.51665159763,10.51665159763,10.51665159763,10.51665159767,10.51665159767,9.51439819997,10.51665159677,10.51665159677,9.4741847759,10.516651597,10.516651597,10.516651597,10.5166515971,10.5166515971,9.3813758298,8.6126722172,8.7860491604,9.0913830911,8.1941396633,9.45881180138,9.50481571448,10.51665159758,10.516651597539,10.516651597539,10.51665159752,10.31959221022,10.35663215222,10.51665159752,9.31511154458,8.85092136668,10.51665159708,10.51665159711,10.51665159709,10.51665159709,8.16073984508,9.61679153305,9.04364884728,9.85798126978,10.51665159743,10.51665159743,10.51665159748,9.71664625598,7.98424681378,7.31144316988,10.51665159765,10.51665159785,10.17110802885,10.51665159715,10.51665159765,10.51665159765,10.32593332805,8.85623566825,7.37576934575,8.43365492975,10.51665159765,10.51665159774,10.51665159774,10.51665159695,10.516651596929,10.441725055929,10.516651596929,10.51665159765,10.51665159835,9.93667773242,10.51665159785,10.51665159785,10.51665159785,10.51665159785,9.89673687415,8.26253293616,7.96699924815,7.80768378646,9.09689899209,7.79362005889
"t75",2.78037238764,3.92498309885,3.9249830988,3.9249830988,3.92498309884,3.92498309884,3.92498309884,2.7411274431,1.6359867972,0.67446868464,0,1.8679804753,5.15882904954,5.54556200089,11.11653615087,11.11653615078,11.11653615078,11.11653615088,11.11653615058,11.11653615058,11.11653615058,9.34440600398,10.50485803087,11.11653615057,11.11653615057,11.11653615057,11.11653615067,11.11653615067,11.11653615067,11.11653615067,11.1165361507,11.11653615067,10.01517731707,11.11653615017,11.11653615097,11.116536151,11.116536151,11.11653615047,11.11653615067,10.14779145797,11.11653615057,11.11653615057,11.11653615057,11.11653615067,9.76491941417,8.86010167757,9.78995527253,8.37889321588,11.11653615056,11.11653615059,11.11653615059,10.86992971021,11.11653615056,11.07807860366,11.11653615016,11.11653615018,11.11653615048,11.11653615048,11.11653615078,11.11653615078,11.11653615078,11.11653615068,11.11653615068,11.11653615048,11.11653615038,11.11653615044,11.11653615044,11.11653615039,11.11653615058,11.00292431958,9.65662419977,8.69939628098,11.11653615018,10.94825712661,11.11653615018,8.64669355834,8.92804156787,11.11653615097,11.11653615097,10.13102694819,7.06430329497,11.11653615026,8.94836044899,10.08710353076,11.11653615096,11.11653615099,11.11653615099,11.11653615099,11.11653615103,11.11653615103,10.11428275333,11.11653615013,11.11653615013,10.07406932926,11.11653615036,11.11653615036,11.11653615036,11.11653615046,11.11653615046,9.98126038316,9.21255677056,9.38593371376,9.69126764446,8.79402421666,10.05869635474,10.10470026784,11.11653615094,11.116536150899,11.116536150899,11.11653615088,10.91947676358,10.95651670558,11.11653615088,9.91499609794,9.45080592004,11.11653615044,11.11653615047,11.11653615045,11.11653615045,8.76062439844,10.21667608641,9.64353340064,10.45786582314,11.11653615079,11.11653615079,11.11653615084,10.31653080934,8.58413136714,7.91132772324,11.11653615101,11.11653615121,10.77099258221,11.11653615051,11.11653615101,11.11653615101,10.92581788141,9.45612022161,7.97565389911,9.03353948311,11.11653615101,11.1165361511,11.1165361511,11.11653615031,11.116536150289,11.041609609289,11.116536150289,11.11653615101,11.11653615171,10.53656228578,11.11653615121,11.11653615121,11.11653615121,11.11653615121,10.49662142751,8.86241748952,8.56688380151,8.40756833982,9.69678354545,8.39350461225
"t56",2.23681225474,3.38142296595,3.3814229659,3.3814229659,3.38142296594,3.38142296594,3.38142296594,2.1975673102,1.8679804753,1.26809592194,1.8679804753,0,4.61526891664,5.00200186799,10.57297601797,10.57297601788,10.57297601788,10.57297601798,10.57297601768,10.57297601768,10.57297601768,8.80084587108,9.96129789797,10.57297601767,10.57297601767,10.57297601767,10.57297601777,10.57297601777,10.57297601777,10.57297601777,10.5729760178,10.57297601777,9.47161718417,10.57297601727,10.57297601807,10.5729760181,10.5729760181,10.57297601757,10.57297601777,9.60423132507,10.57297601767,10.57297601767,10.57297601767,10.57297601777,9.22135928127,8.31654154467,9.24639513963,7.83533308298,10.57297601766,10.57297601769,10.57297601769,10.32636957731,10.57297601766,10.53451847076,10.57297601726,10.57297601728,10.57297601758,10.57297601758,10.57297601788,10.57297601788,10.57297601788,10.57297601778,10.57297601778,10.57297601758,10.57297601748,10.57297601754,10.57297601754,10.57297601749,10.57297601768,10.45936418668,9.11306406687,8.15583614808,10.57297601728,10.40469699371,10.57297601728,8.10313342544,8.38448143497,10.57297601807,10.57297601807,9.58746681529,6.52074316207,10.57297601736,8.40480031609,9.54354339786,10.57297601806,10.57297601809,10.57297601809,10.57297601809,10.57297601813,10.57297601813,9.57072262043,10.57297601723,10.57297601723,9.53050919636,10.57297601746,10.57297601746,10.57297601746,10.57297601756,10.57297601756,9.43770025026,8.66899663766,8.84237358086,9.14770751156,8.25046408376,9.51513622184,9.56114013494,10.57297601804,10.572976017999,10.572976017999,10.57297601798,10.37591663068,10.41295657268,10.57297601798,9.37143596504,8.90724578714,10.57297601754,10.57297601757,10.57297601755,10.57297601755,8.21706426554,9.67311595351,9.09997326774,9.91430569024,10.57297601789,10.57297601789,10.57297601794,9.77297067644,8.04057123424,7.36776759034,10.57297601811,10.57297601831,10.22743244931,10.57297601761,10.57297601811,10.57297601811,10.38225774851,8.91256008871,7.43209376621,8.48997935021,10.57297601811,10.5729760182,10.5729760182,10.57297601741,10.572976017389,10.498049476389,10.572976017389,10.57297601811,10.57297601881,9.99300215288,10.57297601831,10.57297601831,10.57297601831,10.57297601831,9.95306129461,8.31885735662,8.02332366861,7.86400820692,9.15322341255,7.84994447935
"t2",4.0142183381,5.15882904931,5.15882904926,5.15882904926,5.1588290493,5.1588290493,5.1588290493,4.13273825124,5.15882904954,4.55894449618,5.15882904954,4.61526891664,0,1.75846553935,7.32943968933,7.32943968924,7.32943968924,7.32943968934,7.32943968904,7.32943968904,7.32943968904,5.55730954244,6.71776156933,7.32943968903,7.32943968903,7.32943968903,7.32943968913,7.32943968913,7.32943968913,7.32943968913,7.32943968916,7.32943968913,6.22808085553,7.32943968863,7.32943968943,7.32943968946,7.32943968946,7.32943968893,7.32943968913,6.36069499643,7.32943968903,7.32943968903,7.32943968903,7.32943968913,5.97782295263,5.07300521603,6.00285881099,4.59179675434,7.32943968902,7.32943968905,7.32943968905,7.08283324867,7.32943968902,7.29098214212,7.32943968862,7.32943968864,7.32943968894,7.32943968894,7.32943968924,7.32943968924,7.32943968924,7.32943968914,7.32943968914,7.32943968894,7.32943968884,7.3294396889,7.3294396889,7.32943968885,7.32943968904,7.21582785804,5.86952773823,4.91229981944,7.32943968864,7.16116066507,7.32943968864,4.8595970968,5.14094510633,7.32943968943,7.32943968943,6.34393048665,3.27720683343,7.32943968872,5.16126398745,6.30000706922,7.32943968942,7.32943968945,7.32943968945,7.32943968945,7.32943968949,7.32943968949,6.32718629179,7.32943968859,7.32943968859,6.28697286772,7.32943968882,7.32943968882,7.32943968882,7.32943968892,7.32943968892,6.19416392162,5.42546030902,5.59883725222,5.90417118292,5.00692775512,6.2715998932,6.3176038063,7.3294396894,7.329439689359,7.329439689359,7.32943968934,7.13238030204,7.16942024404,7.32943968934,6.1278996364,5.6637094585,7.3294396889,7.32943968893,7.32943968891,7.32943968891,4.9735279369,6.42957962487,5.8564369391,6.6707693616,7.32943968925,7.32943968925,7.3294396893,6.5294343478,4.7970349056,4.1242312617,7.32943968947,7.32943968967,6.98389612067,7.32943968897,7.32943968947,7.32943968947,7.13872141987,5.66902376007,4.18855743757,5.24644302157,7.32943968947,7.32943968956,7.32943968956,7.32943968877,7.329439688749,7.254513147749,7.329439688749,7.32943968947,7.32943969017,6.74946582424,7.32943968967,7.32943968967,7.32943968967,7.32943968967,6.70952496597,5.07532102798,4.77978733997,4.62047187828,5.90968708391,4.60640815071
"t1",4.40095128945,5.54556200066,5.54556200061,5.54556200061,5.54556200065,5.54556200065,5.54556200065,4.51947120259,5.54556200089,4.94567744753,5.54556200089,5.00200186799,1.75846553935,0,5.64441464468,5.64441464459,5.64441464459,5.64441464469,5.64441464439,5.64441464439,5.64441464439,3.87228449779,5.03273652468,5.64441464438,5.64441464438,5.64441464438,5.64441464448,5.64441464448,5.64441464448,5.64441464448,5.64441464451,5.64441464448,4.54305581088,5.64441464398,5.64441464478,5.64441464481,5.64441464481,5.64441464428,5.64441464448,4.67566995178,5.64441464438,5.64441464438,5.64441464438,5.64441464448,4.29279790798,3.38798017138,4.31783376634,2.90677170969,5.64441464437,5.6444146444,5.6444146444,5.39780820402,5.64441464437,5.60595709747,5.64441464397,5.64441464399,5.64441464429,5.64441464429,5.64441464459,5.64441464459,5.64441464459,5.64441464449,5.64441464449,5.64441464429,5.64441464419,5.64441464425,5.64441464425,5.6444146442,5.64441464439,5.53080281339,4.18450269358,3.22727477479,5.64441464399,5.47613562042,5.64441464399,3.17457205215,3.45592006168,5.64441464478,5.64441464478,4.658905442,1.59218178878,5.64441464407,3.4762389428,4.61498202457,5.64441464477,5.6444146448,5.6444146448,5.6444146448,5.64441464484,5.64441464484,4.64216124714,5.64441464394,5.64441464394,4.60194782307,5.64441464417,5.64441464417,5.64441464417,5.64441464427,5.64441464427,4.50913887697,3.74043526437,3.91381220757,4.21914613827,3.32190271047,4.58657484855,4.63257876165,5.64441464475,5.644414644709,5.644414644709,5.64441464469,5.44735525739,5.48439519939,5.64441464469,4.44287459175,3.97868441385,5.64441464425,5.64441464428,5.64441464426,5.64441464426,3.28850289225,4.74455458022,4.17141189445,4.98574431695,5.6444146446,5.6444146446,5.64441464465,4.84440930315,3.11200986095,2.43920621705,5.64441464482,5.64441464502,5.29887107602,5.64441464432,5.64441464482,5.64441464482,5.45369637522,3.98399871542,2.50353239292,3.56141797692,5.64441464482,5.64441464491,5.64441464491,5.64441464412,5.644414644099,5.569488103099,5.644414644099,5.64441464482,5.64441464552,5.06444077959,5.64441464502,5.64441464502,5.64441464502,5.64441464502,5.02449992132,3.39029598333,3.09476229532,2.93544683363,4.22466203926,2.92138310606
"t25",9.97192543943,11.11653615064,11.11653615059,11.11653615059,11.11653615063,11.11653615063,11.11653615063,10.09044535257,11.11653615087,10.51665159751,11.11653615087,10.57297601797,7.32943968933,5.64441464468,0,4.89778456591,4.89778456591,4.89778456601,4.89778456571,4.89778456571,4.89778456571,3.12565441911,4.286106446,4.8977845657,4.8977845657,4.8977845657,4.8977845658,4.8977845658,4.8977845658,4.8977845658,4.89778456583,4.8977845658,3.7964257322,4.8977845653,5.1793467477,5.17934674773,5.17934674773,5.1793467472,5.1793467474,4.2106020547,5.1793467473,5.1793467473,5.1793467473,5.1793467474,3.8277300109,4.4657132613,5.73898727326,4.32792521661,7.06556815129,7.06556815132,7.06556815132,6.81896171094,7.06556815129,7.02711060439,7.06556815089,7.06556815091,7.06556815121,7.06556815121,7.06556815151,7.06556815151,7.06556815151,7.06556815141,7.06556815141,7.06556815121,7.06556815111,7.06556815117,7.06556815117,7.06556815112,7.06556815131,6.95195632031,5.6056562005,4.64842828171,7.06556815091,6.89728912734,7.06556815091,4.59572555907,4.8770735686,7.0655681517,7.0655681517,6.08005894892,4.2447373331,8.41986379461,6.25168809334,7.39043117511,8.41986379531,8.41986379534,8.41986379534,8.41986379534,8.41986379538,8.41986379538,7.41761039768,8.41986379448,8.41986379448,7.37739697361,8.41986379471,8.41986379471,8.41986379471,8.41986379481,8.41986379481,7.28458802751,6.51588441491,6.68926135811,6.99459528881,6.09735186101,7.48220054899,7.52820446209,8.54004034519,8.540040345149,8.540040345149,8.54004034513,8.34298095783,8.38002089983,8.54004034513,7.33850029219,6.87431011429,8.54004034469,8.54004034472,8.5400403447,8.5400403447,6.18412859269,7.64018028066,7.06703759489,7.88137001739,8.54004034504,8.54004034504,8.54004034509,7.74003500359,6.00763556139,5.33483191749,10.02056129986,10.02056130006,9.67501773106,10.02056129936,10.02056129986,10.02056129986,9.82984303026,8.36014537046,6.87967904796,7.93756463196,10.02056129986,10.02056129995,10.02056129995,10.02056129916,10.020561299139,9.945634758139,10.020561299139,10.02056129986,10.02056130056,9.44058743463,10.02056130006,10.02056130006,10.02056130006,10.02056130006,9.40064657636,7.76644263837,7.47090895036,7.40117964779,8.69039485342,7.38711592022
"t134",9.97192543934,11.11653615055,11.1165361505,11.1165361505,11.11653615054,11.11653615054,11.11653615054,10.09044535248,11.11653615078,10.51665159742,11.11653615078,10.57297601788,7.32943968924,5.64441464459,4.89778456591,0,0.277886989,2.6334343171,2.6334343168,2.6334343168,2.6334343168,1.9726110402,3.16211889551,3.77379701521,3.77379701521,3.77379701521,3.77379701531,3.77379701531,3.77379701531,3.77379701531,3.77379701534,3.77379701531,3.20969355571,4.31105238881,5.17934674761,5.17934674764,5.17934674764,5.17934674711,5.17934674731,4.21060205461,5.17934674721,5.17934674721,5.17934674721,5.17934674731,3.82773001081,4.46571326121,5.73898727317,4.32792521652,7.0655681512,7.06556815123,7.06556815123,6.81896171085,7.0655681512,7.0271106043,7.0655681508,7.06556815082,7.06556815112,7.06556815112,7.06556815142,7.06556815142,7.06556815142,7.06556815132,7.06556815132,7.06556815112,7.06556815102,7.06556815108,7.06556815108,7.06556815103,7.06556815122,6.95195632022,5.60565620041,4.64842828162,7.06556815082,6.89728912725,7.06556815082,4.59572555898,4.87707356851,7.06556815161,7.06556815161,6.08005894883,4.24473733301,8.41986379452,6.25168809325,7.39043117502,8.41986379522,8.41986379525,8.41986379525,8.41986379525,8.41986379529,8.41986379529,7.41761039759,8.41986379439,8.41986379439,7.37739697352,8.41986379462,8.41986379462,8.41986379462,8.41986379472,8.41986379472,7.28458802742,6.51588441482,6.68926135802,6.99459528872,6.09735186092,7.4822005489,7.528204462,8.5400403451,8.540040345059,8.540040345059,8.54004034504,8.34298095774,8.38002089974,8.54004034504,7.3385002921,6.8743101142,8.5400403446,8.54004034463,8.54004034461,8.54004034461,6.1841285926,7.64018028057,7.0670375948,7.8813700173,8.54004034495,8.54004034495,8.540040345,7.7400350035,6.0076355613,5.3348319174,10.02056129977,10.02056129997,9.67501773097,10.02056129927,10.02056129977,10.02056129977,9.82984303017,8.36014537037,6.87967904787,7.93756463187,10.02056129977,10.02056129986,10.02056129986,10.02056129907,10.020561299049,9.945634758049,10.020561299049,10.02056129977,10.02056130047,9.44058743454,10.02056129997,10.02056129997,10.02056129997,10.02056129997,9.40064657627,7.76644263828,7.47090895027,7.4011796477,8.69039485333,7.38711592013
"t135",9.97192543934,11.11653615055,11.1165361505,11.1165361505,11.11653615054,11.11653615054,11.11653615054,10.09044535248,11.11653615078,10.51665159742,11.11653615078,10.57297601788,7.32943968924,5.64441464459,4.89778456591,0.277886989,0,2.6334343171,2.6334343168,2.6334343168,2.6334343168,1.9726110402,3.16211889551,3.77379701521,3.77379701521,3.77379701521,3.77379701531,3.77379701531,3.77379701531,3.77379701531,3.77379701534,3.77379701531,3.20969355571,4.31105238881,5.17934674761,5.17934674764,5.17934674764,5.17934674711,5.17934674731,4.21060205461,5.17934674721,5.17934674721,5.17934674721,5.17934674731,3.82773001081,4.46571326121,5.73898727317,4.32792521652,7.0655681512,7.06556815123,7.06556815123,6.81896171085,7.0655681512,7.0271106043,7.0655681508,7.06556815082,7.06556815112,7.06556815112,7.06556815142,7.06556815142,7.06556815142,7.06556815132,7.06556815132,7.06556815112,7.06556815102,7.06556815108,7.06556815108,7.06556815103,7.06556815122,6.95195632022,5.60565620041,4.64842828162,7.06556815082,6.89728912725,7.06556815082,4.59572555898,4.87707356851,7.06556815161,7.06556815161,6.08005894883,4.24473733301,8.41986379452,6.25168809325,7.39043117502,8.41986379522,8.41986379525,8.41986379525,8.41986379525,8.41986379529,8.41986379529,7.41761039759,8.41986379439,8.41986379439,7.37739697352,8.41986379462,8.41986379462,8.41986379462,8.41986379472,8.41986379472,7.28458802742,6.51588441482,6.68926135802,6.99459528872,6.09735186092,7.4822005489,7.528204462,8.5400403451,8.540040345059,8.540040345059,8.54004034504,8.34298095774,8.38002089974,8.54004034504,7.3385002921,6.8743101142,8.5400403446,8.54004034463,8.54004034461,8.54004034461,6.1841285926,7.64018028057,7.0670375948,7.8813700173,8.54004034495,8.54004034495,8.540040345,7.7400350035,6.0076355613,5.3348319174,10.02056129977,10.02056129997,9.67501773097,10.02056129927,10.02056129977,10.02056129977,9.82984303017,8.36014537037,6.87967904787,7.93756463187,10.02056129977,10.02056129986,10.02056129986,10.02056129907,10.020561299049,9.945634758049,10.020561299049,10.02056129977,10.02056130047,9.44058743454,10.02056129997,10.02056129997,10.02056129997,10.02056129997,9.40064657627,7.76644263828,7.47090895027,7.4011796477,8.69039485333,7.38711592013
