"","t11","t12","t5","t2","t34","t35","t27","t28","t31","t32","t30","t9","t10","t87","t88","t41","t73","t86","t93","t94","t68","t36","t37","t84","t85","t65","t69","t70","t48","t78","t79","t58","t33","t23","t24","t42","t43","t19","t20","t18","t63","t64","t21","t54","t55","t76","t77","t53","t40","t14","t56","t57","t61","t62","t71","t72","t97","t98","t8","t15","t16","t17","t80","t91","t92","t81","t44","t45","t25","t26","t49","t50","t29","t51","t52","t22","t13","t6","t38","t39","t60","t82","t83","t47","t66","t67","t46","t95","t96","t74","t75","t59","t89","t90","t1","t7","t99","t100","t3","t4"
"t11",0,2.441169876,3.4504554849,3.656269004,4.5757441316,4.5757441316,4.57574413162,4.57574413162,4.57574413153,4.57574413153,4.5757441315,8.5255262978,8.5255262974,8.52552629748,8.52552629748,8.5255262974,8.52552629735,8.52552629737,8.52552629736,8.52552629736,8.5255262974,8.5255262974,8.5255262974,8.52552629731,8.52552629731,8.5255262973,8.5255262979,8.5255262979,8.525526298,8.525526298,8.525526298,8.525526298,8.5255262979,8.5255262976,8.5255262976,8.5255262976,8.5255262976,8.5255262976,8.5255262976,8.5255262976,8.5255262976,8.5255262976,8.5255262976,8.5255262976,8.5255262976,8.5255262977,8.5255262977,8.5255262976,8.5255262977,8.5255262978,8.5255262977,8.5255262977,8.5255262977,8.5255262977,8.5255262977,8.5255262977,8.52552629768,8.52552629768,8.5255262979,8.5255262975,8.5255262976,8.5255262976,8.5255262976,8.52552629758,8.52552629758,8.5255262976,8.5255262976,8.5255262976,8.52552629753,8.5255262976,8.5255262976,8.5255262976,8.52552629777,8.52552629767,8.52552629767,8.52552629767,8.52552629787,8.52552629787,8.52552629773,8.5255262976602,8.5255262977602,8.5255262977602,8.5255262977602,8.52552629768,8.52552629768,8.52552629768,8.52552629768,8.5255262977,8.5255262977,8.52552629773,8.52552629773,8.5255262977,8.52552629765,8.52552629765,8.5255262978,8.5255262977,8.525526297444,8.525526297444,8.5255262969,8.5255262969
"t12",2.441169876,0,3.4504554849,3.656269004,4.5757441316,4.5757441316,4.57574413162,4.57574413162,4.57574413153,4.57574413153,4.5757441315,8.5255262978,8.5255262974,8.52552629748,8.52552629748,8.5255262974,8.52552629735,8.52552629737,8.52552629736,8.52552629736,8.5255262974,8.5255262974,8.5255262974,8.52552629731,8.52552629731,8.5255262973,8.5255262979,8.5255262979,8.525526298,8.525526298,8.525526298,8.525526298,8.5255262979,8.5255262976,8.5255262976,8.5255262976,8.5255262976,8.5255262976,8.5255262976,8.5255262976,8.5255262976,8.5255262976,8.5255262976,8.5255262976,8.5255262976,8.5255262977,8.5255262977,8.5255262976,8.5255262977,8.5255262978,8.5255262977,8.5255262977,8.5255262977,8.5255262977,8.5255262977,8.5255262977,8.52552629768,8.52552629768,8.5255262979,8.5255262975,8.5255262976,8.5255262976,8.5255262976,8.52552629758,8.52552629758,8.5255262976,8.5255262976,8.5255262976,8.52552629753,8.5255262976,8.5255262976,8.5255262976,8.52552629777,8.52552629767,8.52552629767,8.52552629767,8.52552629787,8.52552629787,8.52552629773,8.5255262976602,8.5255262977602,8.5255262977602,8.5255262977602,8.52552629768,8.52552629768,8.52552629768,8.52552629768,8.5255262977,8.5255262977,8.52552629773,8.52552629773,8.5255262977,8.52552629765,8.52552629765,8.5255262978,8.5255262977,8.525526297444,8.525526297444,8.5255262969,8.5255262969
"t5",3.4504554849,3.4504554849,0,3.6562690031,4.5757441307,4.5757441307,4.57574413072,4.57574413072,4.57574413063,4.57574413063,4.5757441306,8.5255262969,8.5255262965,8.52552629658,8.52552629658,8.5255262965,8.52552629645,8.52552629647,8.52552629646,8.52552629646,8.5255262965,8.5255262965,8.5255262965,8.52552629641,8.52552629641,8.5255262964,8.525526297,8.525526297,8.5255262971,8.5255262971,8.5255262971,8.5255262971,8.525526297,8.5255262967,8.5255262967,8.5255262967,8.5255262967,8.5255262967,8.5255262967,8.5255262967,8.5255262967,8.5255262967,8.5255262967,8.5255262967,8.5255262967,8.5255262968,8.5255262968,8.5255262967,8.5255262968,8.5255262969,8.5255262968,8.5255262968,8.5255262968,8.5255262968,8.5255262968,8.5255262968,8.52552629678,8.52552629678,8.525526297,8.5255262966,8.5255262967,8.5255262967,8.5255262967,8.52552629668,8.52552629668,8.5255262967,8.5255262967,8.5255262967,8.52552629663,8.5255262967,8.5255262967,8.5255262967,8.52552629687,8.52552629677,8.52552629677,8.52552629677,8.52552629697,8.52552629697,8.52552629683,8.5255262967602,8.5255262968602,8.5255262968602,8.5255262968602,8.52552629678,8.52552629678,8.52552629678,8.52552629678,8.5255262968,8.5255262968,8.52552629683,8.52552629683,8.5255262968,8.52552629675,8.52552629675,8.5255262969,8.5255262968,8.525526296544,8.525526296544,8.525526296,8.525526296
"t2",3.656269004,3.656269004,3.6562690031,0,4.5757441316,4.5757441316,4.57574413162,4.57574413162,4.57574413153,4.57574413153,4.5757441315,8.5255262978,8.5255262974,8.52552629748,8.52552629748,8.5255262974,8.52552629735,8.52552629737,8.52552629736,8.52552629736,8.5255262974,8.5255262974,8.5255262974,8.52552629731,8.52552629731,8.5255262973,8.5255262979,8.5255262979,8.525526298,8.525526298,8.525526298,8.525526298,8.5255262979,8.5255262976,8.5255262976,8.5255262976,8.5255262976,8.5255262976,8.5255262976,8.5255262976,8.5255262976,8.5255262976,8.5255262976,8.5255262976,8.5255262976,8.5255262977,8.5255262977,8.5255262976,8.5255262977,8.5255262978,8.5255262977,8.5255262977,8.5255262977,8.5255262977,8.5255262977,8.5255262977,8.52552629768,8.52552629768,8.5255262979,8.5255262975,8.5255262976,8.5255262976,8.5255262976,8.52552629758,8.52552629758,8.5255262976,8.5255262976,8.5255262976,8.52552629753,8.5255262976,8.5255262976,8.5255262976,8.52552629777,8.52552629767,8.52552629767,8.52552629767,8.52552629787,8.52552629787,8.52552629773,8.5255262976602,8.5255262977602,8.5255262977602,8.5255262977602,8.52552629768,8.52552629768,8.52552629768,8.52552629768,8.5255262977,8.5255262977,8.52552629773,8.52552629773,8.5255262977,8.52552629765,8.52552629765,8.5255262978,8.5255262977,8.525526297444,8.525526297444,8.5255262969,8.5255262969
"t34",4.5757441316,4.5757441316,4.5757441307,4.5757441316,0,1.0242885876,2.38605706742,2.38605706742,2.38605706733,2.38605706733,2.3860570673,8.5255262976,8.5255262972,8.52552629728,8.52552629728,8.5255262972,8.52552629715,8.52552629717,8.52552629716,8.52552629716,8.5255262972,8.5255262972,8.5255262972,8.52552629711,8.52552629711,8.5255262971,8.5255262977,8.5255262977,8.5255262978,8.5255262978,8.5255262978,8.5255262978,8.5255262977,8.5255262974,8.5255262974,8.5255262974,8.5255262974,8.5255262974,8.5255262974,8.5255262974,8.5255262974,8.5255262974,8.5255262974,8.5255262974,8.5255262974,8.5255262975,8.5255262975,8.5255262974,8.5255262975,8.5255262976,8.5255262975,8.5255262975,8.5255262975,8.5255262975,8.5255262975,8.5255262975,8.52552629748,8.52552629748,8.5255262977,8.5255262973,8.5255262974,8.5255262974,8.5255262974,8.52552629738,8.52552629738,8.5255262974,8.5255262974,8.5255262974,8.52552629733,8.5255262974,8.5255262974,8.5255262974,8.52552629757,8.52552629747,8.52552629747,8.52552629747,8.52552629767,8.52552629767,8.52552629753,8.5255262974602,8.5255262975602,8.5255262975602,8.5255262975602,8.52552629748,8.52552629748,8.52552629748,8.52552629748,8.5255262975,8.5255262975,8.52552629753,8.52552629753,8.5255262975,8.52552629745,8.52552629745,8.5255262976,8.5255262975,8.525526297244,8.525526297244,8.5255262967,8.5255262967
"t35",4.5757441316,4.5757441316,4.5757441307,4.5757441316,1.0242885876,0,2.38605706742,2.38605706742,2.38605706733,2.38605706733,2.3860570673,8.5255262976,8.5255262972,8.52552629728,8.52552629728,8.5255262972,8.52552629715,8.52552629717,8.52552629716,8.52552629716,8.5255262972,8.5255262972,8.5255262972,8.52552629711,8.52552629711,8.5255262971,8.5255262977,8.5255262977,8.5255262978,8.5255262978,8.5255262978,8.5255262978,8.5255262977,8.5255262974,8.5255262974,8.5255262974,8.5255262974,8.5255262974,8.5255262974,8.5255262974,8.5255262974,8.5255262974,8.5255262974,8.5255262974,8.5255262974,8.5255262975,8.5255262975,8.5255262974,8.5255262975,8.5255262976,8.5255262975,8.5255262975,8.5255262975,8.5255262975,8.5255262975,8.5255262975,8.52552629748,8.52552629748,8.5255262977,8.5255262973,8.5255262974,8.5255262974,8.5255262974,8.52552629738,8.52552629738,8.5255262974,8.5255262974,8.5255262974,8.52552629733,8.5255262974,8.5255262974,8.5255262974,8.52552629757,8.52552629747,8.52552629747,8.52552629747,8.52552629767,8.52552629767,8.52552629753,8.5255262974602,8.5255262975602,8.5255262975602,8.5255262975602,8.52552629748,8.52552629748,8.52552629748,8.52552629748,8.5255262975,8.5255262975,8.52552629753,8.52552629753,8.5255262975,8.52552629745,8.52552629745,8.5255262976,8.5255262975,8.525526297244,8.525526297244,8.5255262967,8.5255262967
"t27",4.57574413162,4.57574413162,4.57574413072,4.57574413162,2.38605706742,2.38605706742,0,1.293237262,1.34809991315,1.34809991315,1.34809991312,8.52552629762,8.52552629722,8.5255262973,8.5255262973,8.52552629722,8.52552629717,8.52552629719,8.52552629718,8.52552629718,8.52552629722,8.52552629722,8.52552629722,8.52552629713,8.52552629713,8.52552629712,8.52552629772,8.52552629772,8.52552629782,8.52552629782,8.52552629782,8.52552629782,8.52552629772,8.52552629742,8.52552629742,8.52552629742,8.52552629742,8.52552629742,8.52552629742,8.52552629742,8.52552629742,8.52552629742,8.52552629742,8.52552629742,8.52552629742,8.52552629752,8.52552629752,8.52552629742,8.52552629752,8.52552629762,8.52552629752,8.52552629752,8.52552629752,8.52552629752,8.52552629752,8.52552629752,8.5255262975,8.5255262975,8.52552629772,8.52552629732,8.52552629742,8.52552629742,8.52552629742,8.5255262974,8.5255262974,8.52552629742,8.52552629742,8.52552629742,8.52552629735,8.52552629742,8.52552629742,8.52552629742,8.52552629759,8.52552629749,8.52552629749,8.52552629749,8.52552629769,8.52552629769,8.52552629755,8.5255262974802,8.5255262975802,8.5255262975802,8.5255262975802,8.5255262975,8.5255262975,8.5255262975,8.5255262975,8.52552629752,8.52552629752,8.52552629755,8.52552629755,8.52552629752,8.52552629747,8.52552629747,8.52552629762,8.52552629752,8.525526297264,8.525526297264,8.52552629672,8.52552629672
"t28",4.57574413162,4.57574413162,4.57574413072,4.57574413162,2.38605706742,2.38605706742,1.293237262,0,1.34809991315,1.34809991315,1.34809991312,8.52552629762,8.52552629722,8.5255262973,8.5255262973,8.52552629722,8.52552629717,8.52552629719,8.52552629718,8.52552629718,8.52552629722,8.52552629722,8.52552629722,8.52552629713,8.52552629713,8.52552629712,8.52552629772,8.52552629772,8.52552629782,8.52552629782,8.52552629782,8.52552629782,8.52552629772,8.52552629742,8.52552629742,8.52552629742,8.52552629742,8.52552629742,8.52552629742,8.52552629742,8.52552629742,8.52552629742,8.52552629742,8.52552629742,8.52552629742,8.52552629752,8.52552629752,8.52552629742,8.52552629752,8.52552629762,8.52552629752,8.52552629752,8.52552629752,8.52552629752,8.52552629752,8.52552629752,8.5255262975,8.5255262975,8.52552629772,8.52552629732,8.52552629742,8.52552629742,8.52552629742,8.5255262974,8.5255262974,8.52552629742,8.52552629742,8.52552629742,8.52552629735,8.52552629742,8.52552629742,8.52552629742,8.52552629759,8.52552629749,8.52552629749,8.52552629749,8.52552629769,8.52552629769,8.52552629755,8.5255262974802,8.5255262975802,8.5255262975802,8.5255262975802,8.5255262975,8.5255262975,8.5255262975,8.5255262975,8.52552629752,8.52552629752,8.52552629755,8.52552629755,8.52552629752,8.52552629747,8.52552629747,8.52552629762,8.52552629752,8.525526297264,8.525526297264,8.52552629672,8.52552629672
"t31",4.57574413153,4.57574413153,4.57574413063,4.57574413153,2.38605706733,2.38605706733,1.34809991315,1.34809991315,0,1.0839286564,1.13954373203,8.52552629753,8.52552629713,8.52552629721,8.52552629721,8.52552629713,8.52552629708,8.5255262971,8.52552629709,8.52552629709,8.52552629713,8.52552629713,8.52552629713,8.52552629704,8.52552629704,8.52552629703,8.52552629763,8.52552629763,8.52552629773,8.52552629773,8.52552629773,8.52552629773,8.52552629763,8.52552629733,8.52552629733,8.52552629733,8.52552629733,8.52552629733,8.52552629733,8.52552629733,8.52552629733,8.52552629733,8.52552629733,8.52552629733,8.52552629733,8.52552629743,8.52552629743,8.52552629733,8.52552629743,8.52552629753,8.52552629743,8.52552629743,8.52552629743,8.52552629743,8.52552629743,8.52552629743,8.52552629741,8.52552629741,8.52552629763,8.52552629723,8.52552629733,8.52552629733,8.52552629733,8.52552629731,8.52552629731,8.52552629733,8.52552629733,8.52552629733,8.52552629726,8.52552629733,8.52552629733,8.52552629733,8.5255262975,8.5255262974,8.5255262974,8.5255262974,8.5255262976,8.5255262976,8.52552629746,8.5255262973902,8.5255262974902,8.5255262974902,8.5255262974902,8.52552629741,8.52552629741,8.52552629741,8.52552629741,8.52552629743,8.52552629743,8.52552629746,8.52552629746,8.52552629743,8.52552629738,8.52552629738,8.52552629753,8.52552629743,8.525526297174,8.525526297174,8.52552629663,8.52552629663
"t32",4.57574413153,4.57574413153,4.57574413063,4.57574413153,2.38605706733,2.38605706733,1.34809991315,1.34809991315,1.0839286564,0,1.13954373203,8.52552629753,8.52552629713,8.52552629721,8.52552629721,8.52552629713,8.52552629708,8.5255262971,8.52552629709,8.52552629709,8.52552629713,8.52552629713,8.52552629713,8.52552629704,8.52552629704,8.52552629703,8.52552629763,8.52552629763,8.52552629773,8.52552629773,8.52552629773,8.52552629773,8.52552629763,8.52552629733,8.52552629733,8.52552629733,8.52552629733,8.52552629733,8.52552629733,8.52552629733,8.52552629733,8.52552629733,8.52552629733,8.52552629733,8.52552629733,8.52552629743,8.52552629743,8.52552629733,8.52552629743,8.52552629753,8.52552629743,8.52552629743,8.52552629743,8.52552629743,8.52552629743,8.52552629743,8.52552629741,8.52552629741,8.52552629763,8.52552629723,8.52552629733,8.52552629733,8.52552629733,8.52552629731,8.52552629731,8.52552629733,8.52552629733,8.52552629733,8.52552629726,8.52552629733,8.52552629733,8.52552629733,8.5255262975,8.5255262974,8.5255262974,8.5255262974,8.5255262976,8.5255262976,8.52552629746,8.5255262973902,8.5255262974902,8.5255262974902,8.5255262974902,8.52552629741,8.52552629741,8.52552629741,8.52552629741,8.52552629743,8.52552629743,8.52552629746,8.52552629746,8.52552629743,8.52552629738,8.52552629738,8.52552629753,8.52552629743,8.525526297174,8.525526297174,8.52552629663,8.52552629663
"t30",4.5757441315,4.5757441315,4.5757441306,4.5757441315,2.3860570673,2.3860570673,1.34809991312,1.34809991312,1.13954373203,1.13954373203,0,8.5255262975,8.5255262971,8.52552629718,8.52552629718,8.5255262971,8.52552629705,8.52552629707,8.52552629706,8.52552629706,8.5255262971,8.5255262971,8.5255262971,8.52552629701,8.52552629701,8.525526297,8.5255262976,8.5255262976,8.5255262977,8.5255262977,8.5255262977,8.5255262977,8.5255262976,8.5255262973,8.5255262973,8.5255262973,8.5255262973,8.5255262973,8.5255262973,8.5255262973,8.5255262973,8.5255262973,8.5255262973,8.5255262973,8.5255262973,8.5255262974,8.5255262974,8.5255262973,8.5255262974,8.5255262975,8.5255262974,8.5255262974,8.5255262974,8.5255262974,8.5255262974,8.5255262974,8.52552629738,8.52552629738,8.5255262976,8.5255262972,8.5255262973,8.5255262973,8.5255262973,8.52552629728,8.52552629728,8.5255262973,8.5255262973,8.5255262973,8.52552629723,8.5255262973,8.5255262973,8.5255262973,8.52552629747,8.52552629737,8.52552629737,8.52552629737,8.52552629757,8.52552629757,8.52552629743,8.5255262973602,8.5255262974602,8.5255262974602,8.5255262974602,8.52552629738,8.52552629738,8.52552629738,8.52552629738,8.5255262974,8.5255262974,8.52552629743,8.52552629743,8.5255262974,8.52552629735,8.52552629735,8.5255262975,8.5255262974,8.525526297144,8.525526297144,8.5255262966,8.5255262966
"t9",8.5255262978,8.5255262978,8.5255262969,8.5255262978,8.5255262976,8.5255262976,8.52552629762,8.52552629762,8.52552629753,8.52552629753,8.5255262975,0,2.7334265376,2.73342653768,2.73342653768,2.7334265376,2.73342653755,2.73342653757,2.73342653756,2.73342653756,2.7334265376,2.7334265376,2.7334265376,4.72632449091,4.72632449091,4.7263244909,7.7956910135,7.7956910135,7.7956910136,7.7956910136,7.7956910136,7.7956910136,7.7956910135,7.7956910132,7.7956910132,7.7956910132,7.7956910132,7.7956910132,7.7956910132,7.7956910132,7.7956910132,7.7956910132,7.7956910132,7.7956910132,7.7956910132,7.7956910133,7.7956910133,7.7956910132,7.7956910133,7.7956910134,7.7956910133,7.7956910133,7.7956910133,7.7956910133,7.7956910133,7.7956910133,7.79569101328,7.79569101328,7.7956910135,7.7956910131,7.7956910132,7.7956910132,7.7956910132,7.79569101318,7.79569101318,7.7956910132,7.7956910132,7.7956910132,7.79569101313,7.7956910132,7.7956910132,7.7956910132,7.79569101337,7.79569101327,7.79569101327,7.79569101327,7.79569101347,7.79569101347,7.79569101333,7.7956910132602,7.7956910133602,7.7956910133602,7.7956910133602,7.79569101328,7.79569101328,7.79569101328,7.79569101328,7.7956910133,7.7956910133,7.79569101333,7.79569101333,7.7956910133,7.79569101325,7.79569101325,7.7956910134,7.7956910133,7.795691013044,7.795691013044,7.7956910125,7.7956910125
"t10",8.5255262974,8.5255262974,8.5255262965,8.5255262974,8.5255262972,8.5255262972,8.52552629722,8.52552629722,8.52552629713,8.52552629713,8.5255262971,2.7334265376,0,2.51484845208,2.51484845208,2.514848452,2.51484845195,2.51484845197,2.51484845196,2.51484845196,2.514848452,2.514848452,2.514848452,4.72632449051,4.72632449051,4.7263244905,7.7956910131,7.7956910131,7.7956910132,7.7956910132,7.7956910132,7.7956910132,7.7956910131,7.7956910128,7.7956910128,7.7956910128,7.7956910128,7.7956910128,7.7956910128,7.7956910128,7.7956910128,7.7956910128,7.7956910128,7.7956910128,7.7956910128,7.7956910129,7.7956910129,7.7956910128,7.7956910129,7.795691013,7.7956910129,7.7956910129,7.7956910129,7.7956910129,7.7956910129,7.7956910129,7.79569101288,7.79569101288,7.7956910131,7.7956910127,7.7956910128,7.7956910128,7.7956910128,7.79569101278,7.79569101278,7.7956910128,7.7956910128,7.7956910128,7.79569101273,7.7956910128,7.7956910128,7.7956910128,7.79569101297,7.79569101287,7.79569101287,7.79569101287,7.79569101307,7.79569101307,7.79569101293,7.7956910128602,7.7956910129602,7.7956910129602,7.7956910129602,7.79569101288,7.79569101288,7.79569101288,7.79569101288,7.7956910129,7.7956910129,7.79569101293,7.79569101293,7.7956910129,7.79569101285,7.79569101285,7.795691013,7.7956910129,7.795691012644,7.795691012644,7.7956910121,7.7956910121
"t87",8.52552629748,8.52552629748,8.52552629658,8.52552629748,8.52552629728,8.52552629728,8.5255262973,8.5255262973,8.52552629721,8.52552629721,8.52552629718,2.73342653768,2.51484845208,0,0.16544860856,0.88354145908,1.43462426063,1.43462426065,1.43462426064,1.43462426064,1.43462426068,1.76119306928,1.76119306928,4.72632449059,4.72632449059,4.72632449058,7.79569101318,7.79569101318,7.79569101328,7.79569101328,7.79569101328,7.79569101328,7.79569101318,7.79569101288,7.79569101288,7.79569101288,7.79569101288,7.79569101288,7.79569101288,7.79569101288,7.79569101288,7.79569101288,7.79569101288,7.79569101288,7.79569101288,7.79569101298,7.79569101298,7.79569101288,7.79569101298,7.79569101308,7.79569101298,7.79569101298,7.79569101298,7.79569101298,7.79569101298,7.79569101298,7.79569101296,7.79569101296,7.79569101318,7.79569101278,7.79569101288,7.79569101288,7.79569101288,7.79569101286,7.79569101286,7.79569101288,7.79569101288,7.79569101288,7.79569101281,7.79569101288,7.79569101288,7.79569101288,7.79569101305,7.79569101295,7.79569101295,7.79569101295,7.79569101315,7.79569101315,7.79569101301,7.7956910129402,7.7956910130402,7.7956910130402,7.7956910130402,7.79569101296,7.79569101296,7.79569101296,7.79569101296,7.79569101298,7.79569101298,7.79569101301,7.79569101301,7.79569101298,7.79569101293,7.79569101293,7.79569101308,7.79569101298,7.795691012724,7.795691012724,7.79569101218,7.79569101218
"t88",8.52552629748,8.52552629748,8.52552629658,8.52552629748,8.52552629728,8.52552629728,8.5255262973,8.5255262973,8.52552629721,8.52552629721,8.52552629718,2.73342653768,2.51484845208,0.16544860856,0,0.88354145908,1.43462426063,1.43462426065,1.43462426064,1.43462426064,1.43462426068,1.76119306928,1.76119306928,4.72632449059,4.72632449059,4.72632449058,7.79569101318,7.79569101318,7.79569101328,7.79569101328,7.79569101328,7.79569101328,7.79569101318,7.79569101288,7.79569101288,7.79569101288,7.79569101288,7.79569101288,7.79569101288,7.79569101288,7.79569101288,7.79569101288,7.79569101288,7.79569101288,7.79569101288,7.79569101298,7.79569101298,7.79569101288,7.79569101298,7.79569101308,7.79569101298,7.79569101298,7.79569101298,7.79569101298,7.79569101298,7.79569101298,7.79569101296,7.79569101296,7.79569101318,7.79569101278,7.79569101288,7.79569101288,7.79569101288,7.79569101286,7.79569101286,7.79569101288,7.79569101288,7.79569101288,7.79569101281,7.79569101288,7.79569101288,7.79569101288,7.79569101305,7.79569101295,7.79569101295,7.79569101295,7.79569101315,7.79569101315,7.79569101301,7.7956910129402,7.7956910130402,7.7956910130402,7.7956910130402,7.79569101296,7.79569101296,7.79569101296,7.79569101296,7.79569101298,7.79569101298,7.79569101301,7.79569101301,7.79569101298,7.79569101293,7.79569101293,7.79569101308,7.79569101298,7.795691012724,7.795691012724,7.79569101218,7.79569101218
"t41",8.5255262974,8.5255262974,8.5255262965,8.5255262974,8.5255262972,8.5255262972,8.52552629722,8.52552629722,8.52552629713,8.52552629713,8.5255262971,2.7334265376,2.514848452,0.88354145908,0.88354145908,0,1.43462426055,1.43462426057,1.43462426056,1.43462426056,1.4346242606,1.7611930692,1.7611930692,4.72632449051,4.72632449051,4.7263244905,7.7956910131,7.7956910131,7.7956910132,7.7956910132,7.7956910132,7.7956910132,7.7956910131,7.7956910128,7.7956910128,7.7956910128,7.7956910128,7.7956910128,7.7956910128,7.7956910128,7.7956910128,7.7956910128,7.7956910128,7.7956910128,7.7956910128,7.7956910129,7.7956910129,7.7956910128,7.7956910129,7.795691013,7.7956910129,7.7956910129,7.7956910129,7.7956910129,7.7956910129,7.7956910129,7.79569101288,7.79569101288,7.7956910131,7.7956910127,7.7956910128,7.7956910128,7.7956910128,7.79569101278,7.79569101278,7.7956910128,7.7956910128,7.7956910128,7.79569101273,7.7956910128,7.7956910128,7.7956910128,7.79569101297,7.79569101287,7.79569101287,7.79569101287,7.79569101307,7.79569101307,7.79569101293,7.7956910128602,7.7956910129602,7.7956910129602,7.7956910129602,7.79569101288,7.79569101288,7.79569101288,7.79569101288,7.7956910129,7.7956910129,7.79569101293,7.79569101293,7.7956910129,7.79569101285,7.79569101285,7.795691013,7.7956910129,7.795691012644,7.795691012644,7.7956910121,7.7956910121
"t73",8.52552629735,8.52552629735,8.52552629645,8.52552629735,8.52552629715,8.52552629715,8.52552629717,8.52552629717,8.52552629708,8.52552629708,8.52552629705,2.73342653755,2.51484845195,1.43462426063,1.43462426063,1.43462426055,0,0.31440038782,0.31440038781,0.31440038781,0.35321285355,1.76119306915,1.76119306915,4.72632449046,4.72632449046,4.72632449045,7.79569101305,7.79569101305,7.79569101315,7.79569101315,7.79569101315,7.79569101315,7.79569101305,7.79569101275,7.79569101275,7.79569101275,7.79569101275,7.79569101275,7.79569101275,7.79569101275,7.79569101275,7.79569101275,7.79569101275,7.79569101275,7.79569101275,7.79569101285,7.79569101285,7.79569101275,7.79569101285,7.79569101295,7.79569101285,7.79569101285,7.79569101285,7.79569101285,7.79569101285,7.79569101285,7.79569101283,7.79569101283,7.79569101305,7.79569101265,7.79569101275,7.79569101275,7.79569101275,7.79569101273,7.79569101273,7.79569101275,7.79569101275,7.79569101275,7.79569101268,7.79569101275,7.79569101275,7.79569101275,7.79569101292,7.79569101282,7.79569101282,7.79569101282,7.79569101302,7.79569101302,7.79569101288,7.7956910128102,7.7956910129102,7.7956910129102,7.7956910129102,7.79569101283,7.79569101283,7.79569101283,7.79569101283,7.79569101285,7.79569101285,7.79569101288,7.79569101288,7.79569101285,7.7956910128,7.7956910128,7.79569101295,7.79569101285,7.795691012594,7.795691012594,7.79569101205,7.79569101205
"t86",8.52552629737,8.52552629737,8.52552629647,8.52552629737,8.52552629717,8.52552629717,8.52552629719,8.52552629719,8.5255262971,8.5255262971,8.52552629707,2.73342653757,2.51484845197,1.43462426065,1.43462426065,1.43462426057,0.31440038782,0,0.17771961723,0.17771961723,0.35321285357,1.76119306917,1.76119306917,4.72632449048,4.72632449048,4.72632449047,7.79569101307,7.79569101307,7.79569101317,7.79569101317,7.79569101317,7.79569101317,7.79569101307,7.79569101277,7.79569101277,7.79569101277,7.79569101277,7.79569101277,7.79569101277,7.79569101277,7.79569101277,7.79569101277,7.79569101277,7.79569101277,7.79569101277,7.79569101287,7.79569101287,7.79569101277,7.79569101287,7.79569101297,7.79569101287,7.79569101287,7.79569101287,7.79569101287,7.79569101287,7.79569101287,7.79569101285,7.79569101285,7.79569101307,7.79569101267,7.79569101277,7.79569101277,7.79569101277,7.79569101275,7.79569101275,7.79569101277,7.79569101277,7.79569101277,7.7956910127,7.79569101277,7.79569101277,7.79569101277,7.79569101294,7.79569101284,7.79569101284,7.79569101284,7.79569101304,7.79569101304,7.7956910129,7.7956910128302,7.7956910129302,7.7956910129302,7.7956910129302,7.79569101285,7.79569101285,7.79569101285,7.79569101285,7.79569101287,7.79569101287,7.7956910129,7.7956910129,7.79569101287,7.79569101282,7.79569101282,7.79569101297,7.79569101287,7.795691012614,7.795691012614,7.79569101207,7.79569101207
"t93",8.52552629736,8.52552629736,8.52552629646,8.52552629736,8.52552629716,8.52552629716,8.52552629718,8.52552629718,8.52552629709,8.52552629709,8.52552629706,2.73342653756,2.51484845196,1.43462426064,1.43462426064,1.43462426056,0.31440038781,0.17771961723,0,0.10894585512,0.35321285356,1.76119306916,1.76119306916,4.72632449047,4.72632449047,4.72632449046,7.79569101306,7.79569101306,7.79569101316,7.79569101316,7.79569101316,7.79569101316,7.79569101306,7.79569101276,7.79569101276,7.79569101276,7.79569101276,7.79569101276,7.79569101276,7.79569101276,7.79569101276,7.79569101276,7.79569101276,7.79569101276,7.79569101276,7.79569101286,7.79569101286,7.79569101276,7.79569101286,7.79569101296,7.79569101286,7.79569101286,7.79569101286,7.79569101286,7.79569101286,7.79569101286,7.79569101284,7.79569101284,7.79569101306,7.79569101266,7.79569101276,7.79569101276,7.79569101276,7.79569101274,7.79569101274,7.79569101276,7.79569101276,7.79569101276,7.79569101269,7.79569101276,7.79569101276,7.79569101276,7.79569101293,7.79569101283,7.79569101283,7.79569101283,7.79569101303,7.79569101303,7.79569101289,7.7956910128202,7.7956910129202,7.7956910129202,7.7956910129202,7.79569101284,7.79569101284,7.79569101284,7.79569101284,7.79569101286,7.79569101286,7.79569101289,7.79569101289,7.79569101286,7.79569101281,7.79569101281,7.79569101296,7.79569101286,7.795691012604,7.795691012604,7.79569101206,7.79569101206
"t94",8.52552629736,8.52552629736,8.52552629646,8.52552629736,8.52552629716,8.52552629716,8.52552629718,8.52552629718,8.52552629709,8.52552629709,8.52552629706,2.73342653756,2.51484845196,1.43462426064,1.43462426064,1.43462426056,0.31440038781,0.17771961723,0.10894585512,0,0.35321285356,1.76119306916,1.76119306916,4.72632449047,4.72632449047,4.72632449046,7.79569101306,7.79569101306,7.79569101316,7.79569101316,7.79569101316,7.79569101316,7.79569101306,7.79569101276,7.79569101276,7.79569101276,7.79569101276,7.79569101276,7.79569101276,7.79569101276,7.79569101276,7.79569101276,7.79569101276,7.79569101276,7.79569101276,7.79569101286,7.79569101286,7.79569101276,7.79569101286,7.79569101296,7.79569101286,7.79569101286,7.79569101286,7.79569101286,7.79569101286,7.79569101286,7.79569101284,7.79569101284,7.79569101306,7.79569101266,7.79569101276,7.79569101276,7.79569101276,7.79569101274,7.79569101274,7.79569101276,7.79569101276,7.79569101276,7.79569101269,7.79569101276,7.79569101276,7.79569101276,7.79569101293,7.79569101283,7.79569101283,7.79569101283,7.79569101303,7.79569101303,7.79569101289,7.7956910128202,7.7956910129202,7.7956910129202,7.7956910129202,7.79569101284,7.79569101284,7.79569101284,7.79569101284,7.79569101286,7.79569101286,7.79569101289,7.79569101289,7.79569101286,7.79569101281,7.79569101281,7.79569101296,7.79569101286,7.795691012604,7.795691012604,7.79569101206,7.79569101206
"t68",8.5255262974,8.5255262974,8.5255262965,8.5255262974,8.5255262972,8.5255262972,8.52552629722,8.52552629722,8.52552629713,8.52552629713,8.5255262971,2.7334265376,2.514848452,1.43462426068,1.43462426068,1.4346242606,0.35321285355,0.35321285357,0.35321285356,0.35321285356,0,1.7611930692,1.7611930692,4.72632449051,4.72632449051,4.7263244905,7.7956910131,7.7956910131,7.7956910132,7.7956910132,7.7956910132,7.7956910132,7.7956910131,7.7956910128,7.7956910128,7.7956910128,7.7956910128,7.7956910128,7.7956910128,7.7956910128,7.7956910128,7.7956910128,7.7956910128,7.7956910128,7.7956910128,7.7956910129,7.7956910129,7.7956910128,7.7956910129,7.795691013,7.7956910129,7.7956910129,7.7956910129,7.7956910129,7.7956910129,7.7956910129,7.79569101288,7.79569101288,7.7956910131,7.7956910127,7.7956910128,7.7956910128,7.7956910128,7.79569101278,7.79569101278,7.7956910128,7.7956910128,7.7956910128,7.79569101273,7.7956910128,7.7956910128,7.7956910128,7.79569101297,7.79569101287,7.79569101287,7.79569101287,7.79569101307,7.79569101307,7.79569101293,7.7956910128602,7.7956910129602,7.7956910129602,7.7956910129602,7.79569101288,7.79569101288,7.79569101288,7.79569101288,7.7956910129,7.7956910129,7.79569101293,7.79569101293,7.7956910129,7.79569101285,7.79569101285,7.795691013,7.7956910129,7.795691012644,7.795691012644,7.7956910121,7.7956910121
"t36",8.5255262974,8.5255262974,8.5255262965,8.5255262974,8.5255262972,8.5255262972,8.52552629722,8.52552629722,8.52552629713,8.52552629713,8.5255262971,2.7334265376,2.514848452,1.76119306928,1.76119306928,1.7611930692,1.76119306915,1.76119306917,1.76119306916,1.76119306916,1.7611930692,0,0.9899876374,4.72632449051,4.72632449051,4.7263244905,7.7956910131,7.7956910131,7.7956910132,7.7956910132,7.7956910132,7.7956910132,7.7956910131,7.7956910128,7.7956910128,7.7956910128,7.7956910128,7.7956910128,7.7956910128,7.7956910128,7.7956910128,7.7956910128,7.7956910128,7.7956910128,7.7956910128,7.7956910129,7.7956910129,7.7956910128,7.7956910129,7.795691013,7.7956910129,7.7956910129,7.7956910129,7.7956910129,7.7956910129,7.7956910129,7.79569101288,7.79569101288,7.7956910131,7.7956910127,7.7956910128,7.7956910128,7.7956910128,7.79569101278,7.79569101278,7.7956910128,7.7956910128,7.7956910128,7.79569101273,7.7956910128,7.7956910128,7.7956910128,7.79569101297,7.79569101287,7.79569101287,7.79569101287,7.79569101307,7.79569101307,7.79569101293,7.7956910128602,7.7956910129602,7.7956910129602,7.7956910129602,7.79569101288,7.79569101288,7.79569101288,7.79569101288,7.7956910129,7.7956910129,7.79569101293,7.79569101293,7.7956910129,7.79569101285,7.79569101285,7.795691013,7.7956910129,7.795691012644,7.795691012644,7.7956910121,7.7956910121
"t37",8.5255262974,8.5255262974,8.5255262965,8.5255262974,8.5255262972,8.5255262972,8.52552629722,8.52552629722,8.52552629713,8.52552629713,8.5255262971,2.7334265376,2.514848452,1.76119306928,1.76119306928,1.7611930692,1.76119306915,1.76119306917,1.76119306916,1.76119306916,1.7611930692,0.9899876374,0,4.72632449051,4.72632449051,4.7263244905,7.7956910131,7.7956910131,7.7956910132,7.7956910132,7.7956910132,7.7956910132,7.7956910131,7.7956910128,7.7956910128,7.7956910128,7.7956910128,7.7956910128,7.7956910128,7.7956910128,7.7956910128,7.7956910128,7.7956910128,7.7956910128,7.7956910128,7.7956910129,7.7956910129,7.7956910128,7.7956910129,7.795691013,7.7956910129,7.7956910129,7.7956910129,7.7956910129,7.7956910129,7.7956910129,7.79569101288,7.79569101288,7.7956910131,7.7956910127,7.7956910128,7.7956910128,7.7956910128,7.79569101278,7.79569101278,7.7956910128,7.7956910128,7.7956910128,7.79569101273,7.7956910128,7.7956910128,7.7956910128,7.79569101297,7.79569101287,7.79569101287,7.79569101287,7.79569101307,7.79569101307,7.79569101293,7.7956910128602,7.7956910129602,7.7956910129602,7.7956910129602,7.79569101288,7.79569101288,7.79569101288,7.79569101288,7.7956910129,7.7956910129,7.79569101293,7.79569101293,7.7956910129,7.79569101285,7.79569101285,7.795691013,7.7956910129,7.795691012644,7.795691012644,7.7956910121,7.7956910121
"t84",8.52552629731,8.52552629731,8.52552629641,8.52552629731,8.52552629711,8.52552629711,8.52552629713,8.52552629713,8.52552629704,8.52552629704,8.52552629701,4.72632449091,4.72632449051,4.72632449059,4.72632449059,4.72632449051,4.72632449046,4.72632449048,4.72632449047,4.72632449047,4.72632449051,4.72632449051,4.72632449051,0,0.17782650642,0.39770684241,7.79569101301,7.79569101301,7.79569101311,7.79569101311,7.79569101311,7.79569101311,7.79569101301,7.79569101271,7.79569101271,7.79569101271,7.79569101271,7.79569101271,7.79569101271,7.79569101271,7.79569101271,7.79569101271,7.79569101271,7.79569101271,7.79569101271,7.79569101281,7.79569101281,7.79569101271,7.79569101281,7.79569101291,7.79569101281,7.79569101281,7.79569101281,7.79569101281,7.79569101281,7.79569101281,7.79569101279,7.79569101279,7.79569101301,7.79569101261,7.79569101271,7.79569101271,7.79569101271,7.79569101269,7.79569101269,7.79569101271,7.79569101271,7.79569101271,7.79569101264,7.79569101271,7.79569101271,7.79569101271,7.79569101288,7.79569101278,7.79569101278,7.79569101278,7.79569101298,7.79569101298,7.79569101284,7.7956910127702,7.7956910128702,7.7956910128702,7.7956910128702,7.79569101279,7.79569101279,7.79569101279,7.79569101279,7.79569101281,7.79569101281,7.79569101284,7.79569101284,7.79569101281,7.79569101276,7.79569101276,7.79569101291,7.79569101281,7.795691012554,7.795691012554,7.79569101201,7.79569101201
"t85",8.52552629731,8.52552629731,8.52552629641,8.52552629731,8.52552629711,8.52552629711,8.52552629713,8.52552629713,8.52552629704,8.52552629704,8.52552629701,4.72632449091,4.72632449051,4.72632449059,4.72632449059,4.72632449051,4.72632449046,4.72632449048,4.72632449047,4.72632449047,4.72632449051,4.72632449051,4.72632449051,0.17782650642,0,0.39770684241,7.79569101301,7.79569101301,7.79569101311,7.79569101311,7.79569101311,7.79569101311,7.79569101301,7.79569101271,7.79569101271,7.79569101271,7.79569101271,7.79569101271,7.79569101271,7.79569101271,7.79569101271,7.79569101271,7.79569101271,7.79569101271,7.79569101271,7.79569101281,7.79569101281,7.79569101271,7.79569101281,7.79569101291,7.79569101281,7.79569101281,7.79569101281,7.79569101281,7.79569101281,7.79569101281,7.79569101279,7.79569101279,7.79569101301,7.79569101261,7.79569101271,7.79569101271,7.79569101271,7.79569101269,7.79569101269,7.79569101271,7.79569101271,7.79569101271,7.79569101264,7.79569101271,7.79569101271,7.79569101271,7.79569101288,7.79569101278,7.79569101278,7.79569101278,7.79569101298,7.79569101298,7.79569101284,7.7956910127702,7.7956910128702,7.7956910128702,7.7956910128702,7.79569101279,7.79569101279,7.79569101279,7.79569101279,7.79569101281,7.79569101281,7.79569101284,7.79569101284,7.79569101281,7.79569101276,7.79569101276,7.79569101291,7.79569101281,7.795691012554,7.795691012554,7.79569101201,7.79569101201
"t65",8.5255262973,8.5255262973,8.5255262964,8.5255262973,8.5255262971,8.5255262971,8.52552629712,8.52552629712,8.52552629703,8.52552629703,8.525526297,4.7263244909,4.7263244905,4.72632449058,4.72632449058,4.7263244905,4.72632449045,4.72632449047,4.72632449046,4.72632449046,4.7263244905,4.7263244905,4.7263244905,0.39770684241,0.39770684241,0,7.795691013,7.795691013,7.7956910131,7.7956910131,7.7956910131,7.7956910131,7.795691013,7.7956910127,7.7956910127,7.7956910127,7.7956910127,7.7956910127,7.7956910127,7.7956910127,7.7956910127,7.7956910127,7.7956910127,7.7956910127,7.7956910127,7.7956910128,7.7956910128,7.7956910127,7.7956910128,7.7956910129,7.7956910128,7.7956910128,7.7956910128,7.7956910128,7.7956910128,7.7956910128,7.79569101278,7.79569101278,7.795691013,7.7956910126,7.7956910127,7.7956910127,7.7956910127,7.79569101268,7.79569101268,7.7956910127,7.7956910127,7.7956910127,7.79569101263,7.7956910127,7.7956910127,7.7956910127,7.79569101287,7.79569101277,7.79569101277,7.79569101277,7.79569101297,7.79569101297,7.79569101283,7.7956910127602,7.7956910128602,7.7956910128602,7.7956910128602,7.79569101278,7.79569101278,7.79569101278,7.79569101278,7.7956910128,7.7956910128,7.79569101283,7.79569101283,7.7956910128,7.79569101275,7.79569101275,7.7956910129,7.7956910128,7.795691012544,7.795691012544,7.795691012,7.795691012
"t69",8.5255262979,8.5255262979,8.525526297,8.5255262979,8.5255262977,8.5255262977,8.52552629772,8.52552629772,8.52552629763,8.52552629763,8.5255262976,7.7956910135,7.7956910131,7.79569101318,7.79569101318,7.7956910131,7.79569101305,7.79569101307,7.79569101306,7.79569101306,7.7956910131,7.7956910131,7.7956910131,7.79569101301,7.79569101301,7.795691013,0,0.3303269862,0.6752362695,1.8477183743,1.8477183743,1.8477183743,1.8477183742,6.0416399279,6.0416399279,6.0416399279,6.0416399279,6.0416399279,6.0416399279,6.0416399279,6.0416399279,6.0416399279,6.0416399279,6.0416399279,6.0416399279,6.041639928,6.041639928,6.0416399279,6.041639928,6.0416399281,6.041639928,6.041639928,6.041639928,6.041639928,6.041639928,6.041639928,6.04163992798,6.04163992798,6.0416399282,6.0416399278,6.0416399279,6.0416399279,6.0416399279,6.04163992788,6.04163992788,6.0416399279,6.0416399279,6.0416399279,6.04163992783,6.0416399279,6.0416399279,6.0416399279,6.04163992807,6.04163992797,6.04163992797,6.04163992797,6.04163992817,6.04163992817,6.04163992803,6.0416399279602,6.0416399280602,6.0416399280602,6.0416399280602,6.04163992798,6.04163992798,6.04163992798,6.04163992798,6.041639928,6.041639928,6.04163992803,6.04163992803,6.041639928,6.04163992795,6.04163992795,6.0416399281,6.041639928,6.041639927744,6.041639927744,6.0416399272,6.0416399272
"t70",8.5255262979,8.5255262979,8.525526297,8.5255262979,8.5255262977,8.5255262977,8.52552629772,8.52552629772,8.52552629763,8.52552629763,8.5255262976,7.7956910135,7.7956910131,7.79569101318,7.79569101318,7.7956910131,7.79569101305,7.79569101307,7.79569101306,7.79569101306,7.7956910131,7.7956910131,7.7956910131,7.79569101301,7.79569101301,7.795691013,0.3303269862,0,0.6752362695,1.8477183743,1.8477183743,1.8477183743,1.8477183742,6.0416399279,6.0416399279,6.0416399279,6.0416399279,6.0416399279,6.0416399279,6.0416399279,6.0416399279,6.0416399279,6.0416399279,6.0416399279,6.0416399279,6.041639928,6.041639928,6.0416399279,6.041639928,6.0416399281,6.041639928,6.041639928,6.041639928,6.041639928,6.041639928,6.041639928,6.04163992798,6.04163992798,6.0416399282,6.0416399278,6.0416399279,6.0416399279,6.0416399279,6.04163992788,6.04163992788,6.0416399279,6.0416399279,6.0416399279,6.04163992783,6.0416399279,6.0416399279,6.0416399279,6.04163992807,6.04163992797,6.04163992797,6.04163992797,6.04163992817,6.04163992817,6.04163992803,6.0416399279602,6.0416399280602,6.0416399280602,6.0416399280602,6.04163992798,6.04163992798,6.04163992798,6.04163992798,6.041639928,6.041639928,6.04163992803,6.04163992803,6.041639928,6.04163992795,6.04163992795,6.0416399281,6.041639928,6.041639927744,6.041639927744,6.0416399272,6.0416399272
