"","t23","t89","t90","t64","t48","t75","t88","t102","t103","t116","t117","t113","t119","t120","t6","t16","t59","t60","t52","t69","t100","t101","t14","t37","t57","t114","t115","t112","t66","t143","t144","t45","t28","t50","t51","t3","t5","t98","t99","t132","t133","t129","t127","t128","t65","t38","t39","t21","t130","t131","t72","t49","t91","t121","t122","t70","t141","t142","t82","t34","t35","t25","t26","t27","t7","t8","t17","t22","t40","t41","t18","t19","t12","t10","t11","t1","t33","t53","t54","t108","t109","t31","t32","t79","t80","t29","t15","t106","t107","t81","t125","t126","t93","t9","t62","t63","t58","t67","t110","t111","t87","t96","t97","t20","t43","t92","t123","t124","t42","t139","t140","t118","t138","t145","t146","t13","t30","t68","t71","t73","t74","t76","t77","t136","t137","t78","t85","t104","t105","t24","t56","t83","t84","t46","t47","t36","t61","t86","t134","t135","t44","t94","t95","t55","t4","t2"
"t23",0,3.3147730784,3.4875303079,3.4875303079,4.2314755289,4.6989485957,4.69894859571,4.42082518783,4.69894859568,4.69894859566,4.69894859566,4.575946043,4.69894859572,4.58896082977,5.5309655086,8.87763360414,10.36841616814,10.36841616814,9.62820067064,10.36841616884,10.36841616884,10.13550829184,10.36841616934,10.36841616944,10.368416169078,10.368416169023,10.368416169023,10.368416169078,10.368416169078,10.368416169238,10.368416169238,9.75321452214,8.92558589794,10.36841616944,9.64199127364,6.45460578734,8.3579754448,10.3684161681,10.3684161681,10.36841616832,10.36841616832,10.36841616825,10.36841616815,10.2399510756,10.36841616815,10.3684161685,10.3684161685,8.65269520191,10.2903424124,10.368416169,10.368416169,10.3684161689,10.3684161687,10.3684161687,10.3684161687,10.3684161687,10.36841616872,10.36841616872,10.36841616877,9.3332789947,10.3684161691,8.81941586,10.368416169054,8.816639976454,7.20546855644,7.47265682091,10.36841616961,9.01328507031,10.36841616901,10.36841616901,10.36841616897,10.36841616897,8.41696926017,8.77829602687,10.36841616887,7.7049926882,11.2251405257,10.858674781,11.2251405261,11.2251405261,11.2251405261,11.2251405257,10.8751033917,11.2251405254,11.2251405254,9.6723035815,9.4237530514,11.2251405257,11.2251405257,11.2251405252,11.22514052524,11.22514052524,11.22514052524,8.8004586475,11.2251405255,11.2251405255,10.7071888535,11.22514052586,11.22514052596,11.22514052596,11.2251405259,11.22514052589,11.18785431139,10.584838541,10.12530590867,11.22514052549,11.22514052549,11.22514052549,10.01149112496,11.22514052589,11.22514052589,11.22514052585,11.22514052585,11.22514052585,11.22514052585,9.7711535946,9.66843744476,10.68950723699,11.22514052553,11.225140525488,10.802126511268,11.22514052594,11.22514052594,11.225140526,11.225140526,11.22514052604,11.225140526,11.2251405261,11.2251405261,11.22514052654,11.03874828474,11.22514052604,11.22514052604,10.87227407879,10.50612110289,11.2251405263,10.9972771391,11.2251405261,11.22514052609,11.22514052609,11.2251405261,11.2251405263,11.2251405263,11.2251405264,8.1827452332,7.8661134734
"t89",3.3147730784,0,0.6161531069,1.0936523203,4.0587182993,4.5261913661,4.52619136611,4.24806795823,4.52619136608,4.52619136606,4.52619136606,4.4031888134,4.52619136612,4.41620360017,5.358208279,8.70487637454,10.19565893854,10.19565893854,9.45544344104,10.19565893924,10.19565893924,9.96275106224,10.19565893974,10.19565893984,10.195658939478,10.195658939423,10.195658939423,10.195658939478,10.195658939478,10.195658939638,10.195658939638,9.58045729254,8.75282866834,10.19565893984,9.46923404404,6.28184855774,8.1852182152,10.1956589385,10.1956589385,10.19565893872,10.19565893872,10.19565893865,10.19565893855,10.067193846,10.19565893855,10.1956589389,10.1956589389,8.47993797231,10.1175851828,10.1956589394,10.1956589394,10.1956589393,10.1956589391,10.1956589391,10.1956589391,10.1956589391,10.19565893912,10.19565893912,10.19565893917,9.1605217651,10.1956589395,8.6466586304,10.195658939454,8.643882746854,7.03271132684,7.29989959131,10.19565894001,8.84052784071,10.19565893941,10.19565893941,10.19565893937,10.19565893937,8.24421203057,8.60553879727,10.19565893927,7.5322354586,11.0523832961,10.6859175514,11.0523832965,11.0523832965,11.0523832965,11.0523832961,10.7023461621,11.0523832958,11.0523832958,9.4995463519,9.2509958218,11.0523832961,11.0523832961,11.0523832956,11.05238329564,11.05238329564,11.05238329564,8.6277014179,11.0523832959,11.0523832959,10.5344316239,11.05238329626,11.05238329636,11.05238329636,11.0523832963,11.05238329629,11.01509708179,10.4120813114,9.95254867907,11.05238329589,11.05238329589,11.05238329589,9.83873389536,11.05238329629,11.05238329629,11.05238329625,11.05238329625,11.05238329625,11.05238329625,9.598396365,9.49568021516,10.51675000739,11.05238329593,11.052383295888,10.629369281668,11.05238329634,11.05238329634,11.0523832964,11.0523832964,11.05238329644,11.0523832964,11.0523832965,11.0523832965,11.05238329694,10.86599105514,11.05238329644,11.05238329644,10.69951684919,10.33336387329,11.0523832967,10.8245199095,11.0523832965,11.05238329649,11.05238329649,11.0523832965,11.0523832967,11.0523832967,11.0523832968,8.0099880036,7.6933562438
"t90",3.4875303079,0.6161531069,0,1.2664095498,4.2314755288,4.6989485956,4.69894859561,4.42082518773,4.69894859558,4.69894859556,4.69894859556,4.5759460429,4.69894859562,4.58896082967,5.5309655085,8.87763360404,10.36841616804,10.36841616804,9.62820067054,10.36841616874,10.36841616874,10.13550829174,10.36841616924,10.36841616934,10.368416168978,10.368416168923,10.368416168923,10.368416168978,10.368416168978,10.368416169138,10.368416169138,9.75321452204,8.92558589784,10.36841616934,9.64199127354,6.45460578724,8.3579754447,10.368416168,10.368416168,10.36841616822,10.36841616822,10.36841616815,10.36841616805,10.2399510755,10.36841616805,10.3684161684,10.3684161684,8.65269520181,10.2903424123,10.3684161689,10.3684161689,10.3684161688,10.3684161686,10.3684161686,10.3684161686,10.3684161686,10.36841616862,10.36841616862,10.36841616867,9.3332789946,10.368416169,8.8194158599,10.368416168954,8.816639976354,7.20546855634,7.47265682081,10.36841616951,9.01328507021,10.36841616891,10.36841616891,10.36841616887,10.36841616887,8.41696926007,8.77829602677,10.36841616877,7.7049926881,11.2251405256,10.8586747809,11.225140526,11.225140526,11.225140526,11.2251405256,10.8751033916,11.2251405253,11.2251405253,9.6723035814,9.4237530513,11.2251405256,11.2251405256,11.2251405251,11.22514052514,11.22514052514,11.22514052514,8.8004586474,11.2251405254,11.2251405254,10.7071888534,11.22514052576,11.22514052586,11.22514052586,11.2251405258,11.22514052579,11.18785431129,10.5848385409,10.12530590857,11.22514052539,11.22514052539,11.22514052539,10.01149112486,11.22514052579,11.22514052579,11.22514052575,11.22514052575,11.22514052575,11.22514052575,9.7711535945,9.66843744466,10.68950723689,11.22514052543,11.225140525388,10.802126511168,11.22514052584,11.22514052584,11.2251405259,11.2251405259,11.22514052594,11.2251405259,11.225140526,11.225140526,11.22514052644,11.03874828464,11.22514052594,11.22514052594,10.87227407869,10.50612110279,11.2251405262,10.997277139,11.225140526,11.22514052599,11.22514052599,11.225140526,11.2251405262,11.2251405262,11.2251405263,8.1827452331,7.8661134733
"t64",3.4875303079,1.0936523203,1.2664095498,0,4.2314755288,4.6989485956,4.69894859561,4.42082518773,4.69894859558,4.69894859556,4.69894859556,4.5759460429,4.69894859562,4.58896082967,5.5309655085,8.87763360404,10.36841616804,10.36841616804,9.62820067054,10.36841616874,10.36841616874,10.13550829174,10.36841616924,10.36841616934,10.368416168978,10.368416168923,10.368416168923,10.368416168978,10.368416168978,10.368416169138,10.368416169138,9.75321452204,8.92558589784,10.36841616934,9.64199127354,6.45460578724,8.3579754447,10.368416168,10.368416168,10.36841616822,10.36841616822,10.36841616815,10.36841616805,10.2399510755,10.36841616805,10.3684161684,10.3684161684,8.65269520181,10.2903424123,10.3684161689,10.3684161689,10.3684161688,10.3684161686,10.3684161686,10.3684161686,10.3684161686,10.36841616862,10.36841616862,10.36841616867,9.3332789946,10.368416169,8.8194158599,10.368416168954,8.816639976354,7.20546855634,7.47265682081,10.36841616951,9.01328507021,10.36841616891,10.36841616891,10.36841616887,10.36841616887,8.41696926007,8.77829602677,10.36841616877,7.7049926881,11.2251405256,10.8586747809,11.225140526,11.225140526,11.225140526,11.2251405256,10.8751033916,11.2251405253,11.2251405253,9.6723035814,9.4237530513,11.2251405256,11.2251405256,11.2251405251,11.22514052514,11.22514052514,11.22514052514,8.8004586474,11.2251405254,11.2251405254,10.7071888534,11.22514052576,11.22514052586,11.22514052586,11.2251405258,11.22514052579,11.18785431129,10.5848385409,10.12530590857,11.22514052539,11.22514052539,11.22514052539,10.01149112486,11.22514052579,11.22514052579,11.22514052575,11.22514052575,11.22514052575,11.22514052575,9.7711535945,9.66843744466,10.68950723689,11.22514052543,11.225140525388,10.802126511168,11.22514052584,11.22514052584,11.2251405259,11.2251405259,11.22514052594,11.2251405259,11.225140526,11.225140526,11.22514052644,11.03874828464,11.22514052594,11.22514052594,10.87227407869,10.50612110279,11.2251405262,10.997277139,11.225140526,11.22514052599,11.22514052599,11.225140526,11.2251405262,11.2251405262,11.2251405263,8.1827452331,7.8661134733
"t48",4.2314755289,4.0587182993,4.2314755288,4.2314755288,0,1.7065092394,1.70650923941,1.42838583153,1.70650923938,1.70650923936,1.70650923936,1.5835066867,1.70650923942,1.59652147347,5.0634924423,8.41016053784,9.90094310184,9.90094310184,9.16072760434,9.90094310254,9.90094310254,9.66803522554,9.90094310304,9.90094310314,9.900943102778,9.900943102723,9.900943102723,9.900943102778,9.900943102778,9.900943102938,9.900943102938,9.28574145584,8.45811283164,9.90094310314,9.17451820734,5.98713272104,7.8905023785,9.9009431018,9.9009431018,9.90094310202,9.90094310202,9.90094310195,9.90094310185,9.7724780093,9.90094310185,9.9009431022,9.9009431022,8.18522213561,9.8228693461,9.9009431027,9.9009431027,9.9009431026,9.9009431024,9.9009431024,9.9009431024,9.9009431024,9.90094310242,9.90094310242,9.90094310247,8.8658059284,9.9009431028,8.3519427937,9.900943102754,8.349166910154,6.73799549014,7.00518375461,9.90094310331,8.54581200401,9.90094310271,9.90094310271,9.90094310267,9.90094310267,7.94949619387,8.31082296057,9.90094310257,7.2375196219,10.7576674594,10.3912017147,10.7576674598,10.7576674598,10.7576674598,10.7576674594,10.4076303254,10.7576674591,10.7576674591,9.2048305152,8.9562799851,10.7576674594,10.7576674594,10.7576674589,10.75766745894,10.75766745894,10.75766745894,8.3329855812,10.7576674592,10.7576674592,10.2397157872,10.75766745956,10.75766745966,10.75766745966,10.7576674596,10.75766745959,10.72038124509,10.1173654747,9.65783284237,10.75766745919,10.75766745919,10.75766745919,9.54401805866,10.75766745959,10.75766745959,10.75766745955,10.75766745955,10.75766745955,10.75766745955,9.3036805283,9.20096437846,10.22203417069,10.75766745923,10.757667459188,10.334653444968,10.75766745964,10.75766745964,10.7576674597,10.7576674597,10.75766745974,10.7576674597,10.7576674598,10.7576674598,10.75766746024,10.57127521844,10.75766745974,10.75766745974,10.40480101249,10.03864803659,10.75766746,10.5298040728,10.7576674598,10.75766745979,10.75766745979,10.7576674598,10.75766746,10.75766746,10.7576674601,7.7152721669,7.3986404071
"t75",4.6989485957,4.5261913661,4.6989485956,4.6989485956,1.7065092394,0,1.00858484961,0.73046144173,1.00858484958,1.00858484956,1.00858484956,1.3953015599,1.51830411262,1.40831634667,5.5309655091,8.87763360464,10.36841616864,10.36841616864,9.62820067114,10.36841616934,10.36841616934,10.13550829234,10.36841616984,10.36841616994,10.368416169578,10.368416169523,10.368416169523,10.368416169578,10.368416169578,10.368416169738,10.368416169738,9.75321452264,8.92558589844,10.36841616994,9.64199127414,6.45460578784,8.3579754453,10.3684161686,10.3684161686,10.36841616882,10.36841616882,10.36841616875,10.36841616865,10.2399510761,10.36841616865,10.368416169,10.368416169,8.65269520241,10.2903424129,10.3684161695,10.3684161695,10.3684161694,10.3684161692,10.3684161692,10.3684161692,10.3684161692,10.36841616922,10.36841616922,10.36841616927,9.3332789952,10.3684161696,8.8194158605,10.368416169554,8.816639976954,7.20546855694,7.47265682141,10.36841617011,9.01328507081,10.36841616951,10.36841616951,10.36841616947,10.36841616947,8.41696926067,8.77829602737,10.36841616937,7.7049926887,11.2251405262,10.8586747815,11.2251405266,11.2251405266,11.2251405266,11.2251405262,10.8751033922,11.2251405259,11.2251405259,9.672303582,9.4237530519,11.2251405262,11.2251405262,11.2251405257,11.22514052574,11.22514052574,11.22514052574,8.800458648,11.225140526,11.225140526,10.707188854,11.22514052636,11.22514052646,11.22514052646,11.2251405264,11.22514052639,11.18785431189,10.5848385415,10.12530590917,11.22514052599,11.22514052599,11.22514052599,10.01149112546,11.22514052639,11.22514052639,11.22514052635,11.22514052635,11.22514052635,11.22514052635,9.7711535951,9.66843744526,10.68950723749,11.22514052603,11.225140525988,10.802126511768,11.22514052644,11.22514052644,11.2251405265,11.2251405265,11.22514052654,11.2251405265,11.2251405266,11.2251405266,11.22514052704,11.03874828524,11.22514052654,11.22514052654,10.87227407929,10.50612110339,11.2251405268,10.9972771396,11.2251405266,11.22514052659,11.22514052659,11.2251405266,11.2251405268,11.2251405268,11.2251405269,8.1827452337,7.8661134739
"t88",4.69894859571,4.52619136611,4.69894859561,4.69894859561,1.70650923941,1.00858484961,0,0.51372241232,0.79184582017,0.92045178725,0.92045178725,1.39530155991,1.51830411263,1.40831634668,5.53096550911,8.87763360465,10.36841616865,10.36841616865,9.62820067115,10.36841616935,10.36841616935,10.13550829235,10.36841616985,10.36841616995,10.368416169588,10.368416169533,10.368416169533,10.368416169588,10.368416169588,10.368416169748,10.368416169748,9.75321452265,8.92558589845,10.36841616995,9.64199127415,6.45460578785,8.35797544531,10.36841616861,10.36841616861,10.36841616883,10.36841616883,10.36841616876,10.36841616866,10.23995107611,10.36841616866,10.36841616901,10.36841616901,8.65269520242,10.29034241291,10.36841616951,10.36841616951,10.36841616941,10.36841616921,10.36841616921,10.36841616921,10.36841616921,10.36841616923,10.36841616923,10.36841616928,9.33327899521,10.36841616961,8.81941586051,10.368416169564,8.816639976964,7.20546855695,7.47265682142,10.36841617012,9.01328507082,10.36841616952,10.36841616952,10.36841616948,10.36841616948,8.41696926068,8.77829602738,10.36841616938,7.70499268871,11.22514052621,10.85867478151,11.22514052661,11.22514052661,11.22514052661,11.22514052621,10.87510339221,11.22514052591,11.22514052591,9.67230358201,9.42375305191,11.22514052621,11.22514052621,11.22514052571,11.22514052575,11.22514052575,11.22514052575,8.80045864801,11.22514052601,11.22514052601,10.70718885401,11.22514052637,11.22514052647,11.22514052647,11.22514052641,11.2251405264,11.1878543119,10.58483854151,10.12530590918,11.225140526,11.225140526,11.225140526,10.01149112547,11.2251405264,11.2251405264,11.22514052636,11.22514052636,11.22514052636,11.22514052636,9.77115359511,9.66843744527,10.6895072375,11.22514052604,11.225140525998,10.802126511778,11.22514052645,11.22514052645,11.22514052651,11.22514052651,11.22514052655,11.22514052651,11.22514052661,11.22514052661,11.22514052705,11.03874828525,11.22514052655,11.22514052655,10.8722740793,10.5061211034,11.22514052681,10.99727713961,11.22514052661,11.2251405266,11.2251405266,11.22514052661,11.22514052681,11.22514052681,11.22514052691,8.18274523371,7.86611347391
"t102",4.42082518783,4.24806795823,4.42082518773,4.42082518773,1.42838583153,0.73046144173,0.51372241232,0,0.34630361255,0.64232837937,0.64232837937,1.11717815203,1.24018070475,1.1301929388,5.25284210123,8.59951019677,10.09029276077,10.09029276077,9.35007726327,10.09029276147,10.09029276147,9.85738488447,10.09029276197,10.09029276207,10.090292761708,10.090292761653,10.090292761653,10.090292761708,10.090292761708,10.090292761868,10.090292761868,9.47509111477,8.64746249057,10.09029276207,9.36386786627,6.17648237997,8.07985203743,10.09029276073,10.09029276073,10.09029276095,10.09029276095,10.09029276088,10.09029276078,9.96182766823,10.09029276078,10.09029276113,10.09029276113,8.37457179454,10.01221900503,10.09029276163,10.09029276163,10.09029276153,10.09029276133,10.09029276133,10.09029276133,10.09029276133,10.09029276135,10.09029276135,10.0902927614,9.05515558733,10.09029276173,8.54129245263,10.090292761684,8.538516569084,6.92734514907,7.19453341354,10.09029276224,8.73516166294,10.09029276164,10.09029276164,10.0902927616,10.0902927616,8.1388458528,8.5001726195,10.0902927615,7.42686928083,10.94701711833,10.58055137363,10.94701711873,10.94701711873,10.94701711873,10.94701711833,10.59697998433,10.94701711803,10.94701711803,9.39418017413,9.14562964403,10.94701711833,10.94701711833,10.94701711783,10.94701711787,10.94701711787,10.94701711787,8.52233524013,10.94701711813,10.94701711813,10.42906544613,10.94701711849,10.94701711859,10.94701711859,10.94701711853,10.94701711852,10.90973090402,10.30671513363,9.8471825013,10.94701711812,10.94701711812,10.94701711812,9.73336771759,10.94701711852,10.94701711852,10.94701711848,10.94701711848,10.94701711848,10.94701711848,9.49303018723,9.39031403739,10.41138382962,10.94701711816,10.947017118118,10.524003103898,10.94701711857,10.94701711857,10.94701711863,10.94701711863,10.94701711867,10.94701711863,10.94701711873,10.94701711873,10.94701711917,10.76062487737,10.94701711867,10.94701711867,10.59415067142,10.22799769552,10.94701711893,10.71915373173,10.94701711873,10.94701711872,10.94701711872,10.94701711873,10.94701711893,10.94701711893,10.94701711903,7.90462182583,7.58799006603
"t103",4.69894859568,4.52619136608,4.69894859558,4.69894859558,1.70650923938,1.00858484958,0.79184582017,0.34630361255,0,0.92045178722,0.92045178722,1.39530155988,1.5183041126,1.40831634665,5.53096550908,8.87763360462,10.36841616862,10.36841616862,9.62820067112,10.36841616932,10.36841616932,10.13550829232,10.36841616982,10.36841616992,10.368416169558,10.368416169503,10.368416169503,10.368416169558,10.368416169558,10.368416169718,10.368416169718,9.75321452262,8.92558589842,10.36841616992,9.64199127412,6.45460578782,8.35797544528,10.36841616858,10.36841616858,10.3684161688,10.3684161688,10.36841616873,10.36841616863,10.23995107608,10.36841616863,10.36841616898,10.36841616898,8.65269520239,10.29034241288,10.36841616948,10.36841616948,10.36841616938,10.36841616918,10.36841616918,10.36841616918,10.36841616918,10.3684161692,10.3684161692,10.36841616925,9.33327899518,10.36841616958,8.81941586048,10.368416169534,8.816639976934,7.20546855692,7.47265682139,10.36841617009,9.01328507079,10.36841616949,10.36841616949,10.36841616945,10.36841616945,8.41696926065,8.77829602735,10.36841616935,7.70499268868,11.22514052618,10.85867478148,11.22514052658,11.22514052658,11.22514052658,11.22514052618,10.87510339218,11.22514052588,11.22514052588,9.67230358198,9.42375305188,11.22514052618,11.22514052618,11.22514052568,11.22514052572,11.22514052572,11.22514052572,8.80045864798,11.22514052598,11.22514052598,10.70718885398,11.22514052634,11.22514052644,11.22514052644,11.22514052638,11.22514052637,11.18785431187,10.58483854148,10.12530590915,11.22514052597,11.22514052597,11.22514052597,10.01149112544,11.22514052637,11.22514052637,11.22514052633,11.22514052633,11.22514052633,11.22514052633,9.77115359508,9.66843744524,10.68950723747,11.22514052601,11.225140525968,10.802126511748,11.22514052642,11.22514052642,11.22514052648,11.22514052648,11.22514052652,11.22514052648,11.22514052658,11.22514052658,11.22514052702,11.03874828522,11.22514052652,11.22514052652,10.87227407927,10.50612110337,11.22514052678,10.99727713958,11.22514052658,11.22514052657,11.22514052657,11.22514052658,11.22514052678,11.22514052678,11.22514052688,8.18274523368,7.86611347388
"t116",4.69894859566,4.52619136606,4.69894859556,4.69894859556,1.70650923936,1.00858484956,0.92045178725,0.64232837937,0.92045178722,0,0.4605587882,1.39530155986,1.51830411258,1.40831634663,5.53096550906,8.8776336046,10.3684161686,10.3684161686,9.6282006711,10.3684161693,10.3684161693,10.1355082923,10.3684161698,10.3684161699,10.368416169538,10.368416169483,10.368416169483,10.368416169538,10.368416169538,10.368416169698,10.368416169698,9.7532145226,8.9255858984,10.3684161699,9.6419912741,6.4546057878,8.35797544526,10.36841616856,10.36841616856,10.36841616878,10.36841616878,10.36841616871,10.36841616861,10.23995107606,10.36841616861,10.36841616896,10.36841616896,8.65269520237,10.29034241286,10.36841616946,10.36841616946,10.36841616936,10.36841616916,10.36841616916,10.36841616916,10.36841616916,10.36841616918,10.36841616918,10.36841616923,9.33327899516,10.36841616956,8.81941586046,10.368416169514,8.816639976914,7.2054685569,7.47265682137,10.36841617007,9.01328507077,10.36841616947,10.36841616947,10.36841616943,10.36841616943,8.41696926063,8.77829602733,10.36841616933,7.70499268866,11.22514052616,10.85867478146,11.22514052656,11.22514052656,11.22514052656,11.22514052616,10.87510339216,11.22514052586,11.22514052586,9.67230358196,9.42375305186,11.22514052616,11.22514052616,11.22514052566,11.2251405257,11.2251405257,11.2251405257,8.80045864796,11.22514052596,11.22514052596,10.70718885396,11.22514052632,11.22514052642,11.22514052642,11.22514052636,11.22514052635,11.18785431185,10.58483854146,10.12530590913,11.22514052595,11.22514052595,11.22514052595,10.01149112542,11.22514052635,11.22514052635,11.22514052631,11.22514052631,11.22514052631,11.22514052631,9.77115359506,9.66843744522,10.68950723745,11.22514052599,11.225140525948,10.802126511728,11.2251405264,11.2251405264,11.22514052646,11.22514052646,11.2251405265,11.22514052646,11.22514052656,11.22514052656,11.225140527,11.0387482852,11.2251405265,11.2251405265,10.87227407925,10.50612110335,11.22514052676,10.99727713956,11.22514052656,11.22514052655,11.22514052655,11.22514052656,11.22514052676,11.22514052676,11.22514052686,8.18274523366,7.86611347386
"t117",4.69894859566,4.52619136606,4.69894859556,4.69894859556,1.70650923936,1.00858484956,0.92045178725,0.64232837937,0.92045178722,0.4605587882,0,1.39530155986,1.51830411258,1.40831634663,5.53096550906,8.8776336046,10.3684161686,10.3684161686,9.6282006711,10.3684161693,10.3684161693,10.1355082923,10.3684161698,10.3684161699,10.368416169538,10.368416169483,10.368416169483,10.368416169538,10.368416169538,10.368416169698,10.368416169698,9.7532145226,8.9255858984,10.3684161699,9.6419912741,6.4546057878,8.35797544526,10.36841616856,10.36841616856,10.36841616878,10.36841616878,10.36841616871,10.36841616861,10.23995107606,10.36841616861,10.36841616896,10.36841616896,8.65269520237,10.29034241286,10.36841616946,10.36841616946,10.36841616936,10.36841616916,10.36841616916,10.36841616916,10.36841616916,10.36841616918,10.36841616918,10.36841616923,9.33327899516,10.36841616956,8.81941586046,10.368416169514,8.816639976914,7.2054685569,7.47265682137,10.36841617007,9.01328507077,10.36841616947,10.36841616947,10.36841616943,10.36841616943,8.41696926063,8.77829602733,10.36841616933,7.70499268866,11.22514052616,10.85867478146,11.22514052656,11.22514052656,11.22514052656,11.22514052616,10.87510339216,11.22514052586,11.22514052586,9.67230358196,9.42375305186,11.22514052616,11.22514052616,11.22514052566,11.2251405257,11.2251405257,11.2251405257,8.80045864796,11.22514052596,11.22514052596,10.70718885396,11.22514052632,11.22514052642,11.22514052642,11.22514052636,11.22514052635,11.18785431185,10.58483854146,10.12530590913,11.22514052595,11.22514052595,11.22514052595,10.01149112542,11.22514052635,11.22514052635,11.22514052631,11.22514052631,11.22514052631,11.22514052631,9.77115359506,9.66843744522,10.68950723745,11.22514052599,11.225140525948,10.802126511728,11.2251405264,11.2251405264,11.22514052646,11.22514052646,11.2251405265,11.22514052646,11.22514052656,11.22514052656,11.225140527,11.0387482852,11.2251405265,11.2251405265,10.87227407925,10.50612110335,11.22514052676,10.99727713956,11.22514052656,11.22514052655,11.22514052655,11.22514052656,11.22514052676,11.22514052676,11.22514052686,8.18274523366,7.86611347386
"t113",4.575946043,4.4031888134,4.5759460429,4.5759460429,1.5835066867,1.3953015599,1.39530155991,1.11717815203,1.39530155988,1.39530155986,1.39530155986,0,0.34381396572,0.23382619977,5.4079629564,8.75463105194,10.24541361594,10.24541361594,9.50519811844,10.24541361664,10.24541361664,10.01250573964,10.24541361714,10.24541361724,10.245413616878,10.245413616823,10.245413616823,10.245413616878,10.245413616878,10.245413617038,10.245413617038,9.63021196994,8.80258334574,10.24541361724,9.51898872144,6.33160323514,8.2349728926,10.2454136159,10.2454136159,10.24541361612,10.24541361612,10.24541361605,10.24541361595,10.1169485234,10.24541361595,10.2454136163,10.2454136163,8.52969264971,10.1673398602,10.2454136168,10.2454136168,10.2454136167,10.2454136165,10.2454136165,10.2454136165,10.2454136165,10.24541361652,10.24541361652,10.24541361657,9.2102764425,10.2454136169,8.6964133078,10.245413616854,8.693637424254,7.08246600424,7.34965426871,10.24541361741,8.89028251811,10.24541361681,10.24541361681,10.24541361677,10.24541361677,8.29396670797,8.65529347467,10.24541361667,7.581990136,11.1021379735,10.7356722288,11.1021379739,11.1021379739,11.1021379739,11.1021379735,10.7521008395,11.1021379732,11.1021379732,9.5493010293,9.3007504992,11.1021379735,11.1021379735,11.102137973,11.10213797304,11.10213797304,11.10213797304,8.6774560953,11.1021379733,11.1021379733,10.5841863013,11.10213797366,11.10213797376,11.10213797376,11.1021379737,11.10213797369,11.06485175919,10.4618359888,10.00230335647,11.10213797329,11.10213797329,11.10213797329,9.88848857276,11.10213797369,11.10213797369,11.10213797365,11.10213797365,11.10213797365,11.10213797365,9.6481510424,9.54543489256,10.56650468479,11.10213797333,11.102137973288,10.679123959068,11.10213797374,11.10213797374,11.1021379738,11.1021379738,11.10213797384,11.1021379738,11.1021379739,11.1021379739,11.10213797434,10.91574573254,11.10213797384,11.10213797384,10.74927152659,10.38311855069,11.1021379741,10.8742745869,11.1021379739,11.10213797389,11.10213797389,11.1021379739,11.1021379741,11.1021379741,11.1021379742,8.059742681,7.7431109212
"t119",4.69894859572,4.52619136612,4.69894859562,4.69894859562,1.70650923942,1.51830411262,1.51830411263,1.24018070475,1.5183041126,1.51830411258,1.51830411258,0.34381396572,0,0.30532044525,5.53096550912,8.87763360466,10.36841616866,10.36841616866,9.62820067116,10.36841616936,10.36841616936,10.13550829236,10.36841616986,10.36841616996,10.368416169598,10.368416169543,10.368416169543,10.368416169598,10.368416169598,10.368416169758,10.368416169758,9.75321452266,8.92558589846,10.36841616996,9.64199127416,6.45460578786,8.35797544532,10.36841616862,10.36841616862,10.36841616884,10.36841616884,10.36841616877,10.36841616867,10.23995107612,10.36841616867,10.36841616902,10.36841616902,8.65269520243,10.29034241292,10.36841616952,10.36841616952,10.36841616942,10.36841616922,10.36841616922,10.36841616922,10.36841616922,10.36841616924,10.36841616924,10.36841616929,9.33327899522,10.36841616962,8.81941586052,10.368416169574,8.816639976974,7.20546855696,7.47265682143,10.36841617013,9.01328507083,10.36841616953,10.36841616953,10.36841616949,10.36841616949,8.41696926069,8.77829602739,10.36841616939,7.70499268872,11.22514052622,10.85867478152,11.22514052662,11.22514052662,11.22514052662,11.22514052622,10.87510339222,11.22514052592,11.22514052592,9.67230358202,9.42375305192,11.22514052622,11.22514052622,11.22514052572,11.22514052576,11.22514052576,11.22514052576,8.80045864802,11.22514052602,11.22514052602,10.70718885402,11.22514052638,11.22514052648,11.22514052648,11.22514052642,11.22514052641,11.18785431191,10.58483854152,10.12530590919,11.22514052601,11.22514052601,11.22514052601,10.01149112548,11.22514052641,11.22514052641,11.22514052637,11.22514052637,11.22514052637,11.22514052637,9.77115359512,9.66843744528,10.68950723751,11.22514052605,11.225140526008,10.802126511788,11.22514052646,11.22514052646,11.22514052652,11.22514052652,11.22514052656,11.22514052652,11.22514052662,11.22514052662,11.22514052706,11.03874828526,11.22514052656,11.22514052656,10.87227407931,10.50612110341,11.22514052682,10.99727713962,11.22514052662,11.22514052661,11.22514052661,11.22514052662,11.22514052682,11.22514052682,11.22514052692,8.18274523372,7.86611347392
"t120",4.58896082977,4.41620360017,4.58896082967,4.58896082967,1.59652147347,1.40831634667,1.40831634668,1.1301929388,1.40831634665,1.40831634663,1.40831634663,0.23382619977,0.30532044525,0,5.42097774317,8.76764583871,10.25842840271,10.25842840271,9.51821290521,10.25842840341,10.25842840341,10.02552052641,10.25842840391,10.25842840401,10.258428403648,10.258428403593,10.258428403593,10.258428403648,10.258428403648,10.258428403808,10.258428403808,9.64322675671,8.81559813251,10.25842840401,9.53200350821,6.34461802191,8.24798767937,10.25842840267,10.25842840267,10.25842840289,10.25842840289,10.25842840282,10.25842840272,10.12996331017,10.25842840272,10.25842840307,10.25842840307,8.54270743648,10.18035464697,10.25842840357,10.25842840357,10.25842840347,10.25842840327,10.25842840327,10.25842840327,10.25842840327,10.25842840329,10.25842840329,10.25842840334,9.22329122927,10.25842840367,8.70942809457,10.258428403624,8.706652211024,7.09548079101,7.36266905548,10.25842840418,8.90329730488,10.25842840358,10.25842840358,10.25842840354,10.25842840354,8.30698149474,8.66830826144,10.25842840344,7.59500492277,11.11515276027,10.74868701557,11.11515276067,11.11515276067,11.11515276067,11.11515276027,10.76511562627,11.11515275997,11.11515275997,9.56231581607,9.31376528597,11.11515276027,11.11515276027,11.11515275977,11.11515275981,11.11515275981,11.11515275981,8.69047088207,11.11515276007,11.11515276007,10.59720108807,11.11515276043,11.11515276053,11.11515276053,11.11515276047,11.11515276046,11.07786654596,10.47485077557,10.01531814324,11.11515276006,11.11515276006,11.11515276006,9.90150335953,11.11515276046,11.11515276046,11.11515276042,11.11515276042,11.11515276042,11.11515276042,9.66116582917,9.55844967933,10.57951947156,11.1151527601,11.115152760058,10.692138745838,11.11515276051,11.11515276051,11.11515276057,11.11515276057,11.11515276061,11.11515276057,11.11515276067,11.11515276067,11.11515276111,10.92876051931,11.11515276061,11.11515276061,10.76228631336,10.39613333746,11.11515276087,10.88728937367,11.11515276067,11.11515276066,11.11515276066,11.11515276067,11.11515276087,11.11515276087,11.11515276097,8.07275746777,7.75612570797
"t6",5.5309655086,5.358208279,5.5309655085,5.5309655085,5.0634924423,5.5309655091,5.53096550911,5.25284210123,5.53096550908,5.53096550906,5.53096550906,5.4079629564,5.53096550912,5.42097774317,0,7.50103105954,8.99181362354,8.99181362354,8.25159812604,8.99181362424,8.99181362424,8.75890574724,8.99181362474,8.99181362484,8.991813624478,8.991813624423,8.991813624423,8.991813624478,8.991813624478,8.991813624638,8.991813624638,8.37661197754,7.54898335334,8.99181362484,8.26538872904,5.07800324274,6.9813729002,8.9918136235,8.9918136235,8.99181362372,8.99181362372,8.99181362365,8.99181362355,8.863348531,8.99181362355,8.9918136239,8.9918136239,7.27609265731,8.9137398678,8.9918136244,8.9918136244,8.9918136243,8.9918136241,8.9918136241,8.9918136241,8.9918136241,8.99181362412,8.99181362412,8.99181362417,7.9566764501,8.9918136245,7.4428133154,8.991813624454,7.440037431854,5.82886601184,6.09605427631,8.99181362501,7.63668252571,8.99181362441,8.99181362441,8.99181362437,8.99181362437,7.04036671557,7.40169348227,8.99181362427,6.3283901436,9.8485379811,9.4820722364,9.8485379815,9.8485379815,9.8485379815,9.8485379811,9.4985008471,9.8485379808,9.8485379808,8.2957010369,8.0471505068,9.8485379811,9.8485379811,9.8485379806,9.84853798064,9.84853798064,9.84853798064,7.4238561029,9.8485379809,9.8485379809,9.3305863089,9.84853798126,9.84853798136,9.84853798136,9.8485379813,9.84853798129,9.81125176679,9.2082359964,8.74870336407,9.84853798089,9.84853798089,9.84853798089,8.63488858036,9.84853798129,9.84853798129,9.84853798125,9.84853798125,9.84853798125,9.84853798125,8.39455105,8.29183490016,9.31290469239,9.84853798093,9.848537980888,9.425523966668,9.84853798134,9.84853798134,9.8485379814,9.8485379814,9.84853798144,9.8485379814,9.8485379815,9.8485379815,9.84853798194,9.66214574014,9.84853798144,9.84853798144,9.49567153419,9.12951855829,9.8485379817,9.6206745945,9.8485379815,9.84853798149,9.84853798149,9.8485379815,9.8485379817,9.8485379817,9.8485379818,6.8061426886,6.4895109288
"t16",8.87763360414,8.70487637454,8.87763360404,8.87763360404,8.41016053784,8.87763360464,8.87763360465,8.59951019677,8.87763360462,8.8776336046,8.8776336046,8.75463105194,8.87763360466,8.76764583871,7.50103105954,0,2.902904791,2.902904791,2.1626892935,5.0761412437,5.0761412437,4.8432333667,5.0761412442,5.0761412443,5.076141243938,5.076141243883,5.076141243883,5.076141243938,5.076141243938,5.076141244098,5.076141244098,4.460939597,3.6333109728,5.0761412443,4.3497163485,2.7164269724,4.75949761594,6.76993833924,6.76993833924,6.76993833946,6.76993833946,6.76993833939,6.76993833929,6.64147324674,6.76993833929,6.76993833964,6.76993833964,5.05421737305,6.69186458354,6.76993834014,6.76993834014,6.76993834004,6.76993833984,6.76993833984,6.76993833984,6.76993833984,6.76993833986,6.76993833986,6.76993833991,5.73480116584,6.76993834024,5.84197285474,7.390973163794,5.839196971194,4.22802555118,4.49521381565,7.39097316435,6.03584206505,7.39097316375,7.39097316375,7.39097316371,7.39097316371,5.43952625491,5.80085302161,7.39097316361,6.21421012314,9.73435796064,9.36789221594,9.73435796104,9.73435796104,9.73435796104,9.73435796064,9.38432082664,9.73435796034,9.73435796034,8.18152101644,7.93297048634,9.73435796064,9.73435796064,9.73435796014,9.73435796018,9.73435796018,9.73435796018,7.30967608244,9.73435796044,9.73435796044,9.21640628844,9.7343579608,9.7343579609,9.7343579609,9.73435796084,9.73435796083,9.69707174633,9.09405597594,8.63452334361,9.73435796043,9.73435796043,9.73435796043,8.5207085599,9.73435796083,9.73435796083,9.73435796079,9.73435796079,9.73435796079,9.73435796079,8.28037102954,8.1776548797,9.19872467193,9.73435796047,9.734357960428,9.311343946208,9.73435796088,9.73435796088,9.73435796094,9.73435796094,9.73435796098,9.73435796094,9.73435796104,9.73435796104,9.73435796148,9.54796571968,9.73435796098,9.73435796098,9.38149151373,9.01533853783,9.73435796124,9.50649457404,9.73435796104,9.73435796103,9.73435796103,9.73435796104,9.73435796124,9.73435796124,9.73435796134,6.69196266814,6.37533090834
"t59",10.36841616814,10.19565893854,10.36841616804,10.36841616804,9.90094310184,10.36841616864,10.36841616865,10.09029276077,10.36841616862,10.3684161686,10.3684161686,10.24541361594,10.36841616866,10.25842840271,8.99181362354,2.902904791,0,1.5506869678,1.0638764015,6.5669238077,6.5669238077,6.3340159307,6.5669238082,6.5669238083,6.566923807938,6.566923807883,6.566923807883,6.566923807938,6.566923807938,6.566923808098,6.566923808098,5.951722161,5.1240935368,6.5669238083,5.8404989125,4.2072095364,6.25028017994,8.26072090324,8.26072090324,8.26072090346,8.26072090346,8.26072090339,8.26072090329,8.13225581074,8.26072090329,8.26072090364,8.26072090364,6.54499993705,8.18264714754,8.26072090414,8.26072090414,8.26072090404,8.26072090384,8.26072090384,8.26072090384,8.26072090384,8.26072090386,8.26072090386,8.26072090391,7.22558372984,8.26072090424,7.33275541874,8.881755727794,7.329979535194,5.71880811518,5.98599637965,8.88175572835,7.52662462905,8.88175572775,8.88175572775,8.88175572771,8.88175572771,6.93030881891,7.29163558561,8.88175572761,7.70499268714,11.22514052464,10.85867477994,11.22514052504,11.22514052504,11.22514052504,11.22514052464,10.87510339064,11.22514052434,11.22514052434,9.67230358044,9.42375305034,11.22514052464,11.22514052464,11.22514052414,11.22514052418,11.22514052418,11.22514052418,8.80045864644,11.22514052444,11.22514052444,10.70718885244,11.2251405248,11.2251405249,11.2251405249,11.22514052484,11.22514052483,11.18785431033,10.58483853994,10.12530590761,11.22514052443,11.22514052443,11.22514052443,10.0114911239,11.22514052483,11.22514052483,11.22514052479,11.22514052479,11.22514052479,11.22514052479,9.77115359354,9.6684374437,10.68950723593,11.22514052447,11.225140524428,10.802126510208,11.22514052488,11.22514052488,11.22514052494,11.22514052494,11.22514052498,11.22514052494,11.22514052504,11.22514052504,11.22514052548,11.03874828368,11.22514052498,11.22514052498,10.87227407773,10.50612110183,11.22514052524,10.99727713804,11.22514052504,11.22514052503,11.22514052503,11.22514052504,11.22514052524,11.22514052524,11.22514052534,8.18274523214,7.86611347234
"t60",10.36841616814,10.19565893854,10.36841616804,10.36841616804,9.90094310184,10.36841616864,10.36841616865,10.09029276077,10.36841616862,10.3684161686,10.3684161686,10.24541361594,10.36841616866,10.25842840271,8.99181362354,2.902904791,1.5506869678,0,1.0638764015,6.5669238077,6.5669238077,6.3340159307,6.5669238082,6.5669238083,6.566923807938,6.566923807883,6.566923807883,6.566923807938,6.566923807938,6.566923808098,6.566923808098,5.951722161,5.1240935368,6.5669238083,5.8404989125,4.2072095364,6.25028017994,8.26072090324,8.26072090324,8.26072090346,8.26072090346,8.26072090339,8.26072090329,8.13225581074,8.26072090329,8.26072090364,8.26072090364,6.54499993705,8.18264714754,8.26072090414,8.26072090414,8.26072090404,8.26072090384,8.26072090384,8.26072090384,8.26072090384,8.26072090386,8.26072090386,8.26072090391,7.22558372984,8.26072090424,7.33275541874,8.881755727794,7.329979535194,5.71880811518,5.98599637965,8.88175572835,7.52662462905,8.88175572775,8.88175572775,8.88175572771,8.88175572771,6.93030881891,7.29163558561,8.88175572761,7.70499268714,11.22514052464,10.85867477994,11.22514052504,11.22514052504,11.22514052504,11.22514052464,10.87510339064,11.22514052434,11.22514052434,9.67230358044,9.42375305034,11.22514052464,11.22514052464,11.22514052414,11.22514052418,11.22514052418,11.22514052418,8.80045864644,11.22514052444,11.22514052444,10.70718885244,11.2251405248,11.2251405249,11.2251405249,11.22514052484,11.22514052483,11.18785431033,10.58483853994,10.12530590761,11.22514052443,11.22514052443,11.22514052443,10.0114911239,11.22514052483,11.22514052483,11.22514052479,11.22514052479,11.22514052479,11.22514052479,9.77115359354,9.6684374437,10.68950723593,11.22514052447,11.225140524428,10.802126510208,11.22514052488,11.22514052488,11.22514052494,11.22514052494,11.22514052498,11.22514052494,11.22514052504,11.22514052504,11.22514052548,11.03874828368,11.22514052498,11.22514052498,10.87227407773,10.50612110183,11.22514052524,10.99727713804,11.22514052504,11.22514052503,11.22514052503,11.22514052504,11.22514052524,11.22514052524,11.22514052534,8.18274523214,7.86611347234
