"","t18","t19","t76","t77","t28","t67","t68","t22","t35","t38","t39","t14","t21","t54","t55","t6","t29","t30","t27","t33","t34","t20","t17","t46","t69","t95","t96","t64","t65","t58","t59","t45","t52","t53","t4","t56","t57","t47","t61","t62","t12","t7","t72","t73","t85","t86","t16","t25","t26","t13","t74","t75","t97","t98","t43","t44","t5","t36","t37","t50","t51","t31","t32","t8","t3","t2","t1","t23","t82","t83","t63","t15","t60","t78","t79","t91","t92","t40","t93","t94","t66","t87","t88","t80","t81","t11","t99","t100","t84","t70","t71","t41","t42","t48","t49","t89","t90","t24","t9","t10"
"t18",0,1.9668491758,3.7270213242,3.7270213242,3.7270213242,5.9249882959,5.9249882959,5.9249882959,5.9249882959,5.92498829593,5.92498829593,5.924988296,5.924988296,5.924988296,5.924988296,5.9249882957,5.9249882959,5.9249882959,5.92498829547,5.92498829542,5.92498829542,5.9249882954,5.9249882963,5.9249882959,5.924988296,5.92498829596,5.92498829596,5.924988296,5.924988296,5.9249882955,5.9249882955,5.9249882954,5.9249882954,5.9249882954,5.9249882955,7.13743578042,7.13743578042,7.13743578042,7.13743578043,7.13743578043,7.13743578016,7.13743578046,7.13743578025,7.13743578025,7.13743578024,7.13743578024,7.13743577994,7.137435780183,7.137435780183,7.137435779883,7.13743578038,7.13743578038,7.13743578038,7.13743578038,7.13743578038,7.13743578038,7.13743578058,7.13743578048,7.13743578048,7.13743578048,7.13743578048,7.13743578026,7.13743578026,7.13743578056,7.13743578076,7.13743578046,7.13743578036,7.13743578036,7.13743578036,7.13743578036,7.13743578036,7.13743578036,7.13743578036,7.13743578036,7.13743578036,7.13743578034,7.13743578034,7.13743578026,7.13743578027,7.13743578027,7.13743578026,7.1374357803,7.1374357803,7.13743578026,7.13743578026,7.13743577996,7.137435780299,7.137435780299,7.13743578026,7.13743578026,7.13743578026,7.13743577996,7.13743577996,7.13743577986,7.13743577986,7.13743577999,7.13743577999,7.13743578006,7.13743577976,7.13743577976
"t19",1.9668491758,0,3.7270213242,3.7270213242,3.7270213242,5.9249882959,5.9249882959,5.9249882959,5.9249882959,5.92498829593,5.92498829593,5.924988296,5.924988296,5.924988296,5.924988296,5.9249882957,5.9249882959,5.9249882959,5.92498829547,5.92498829542,5.92498829542,5.9249882954,5.9249882963,5.9249882959,5.924988296,5.92498829596,5.92498829596,5.924988296,5.924988296,5.9249882955,5.9249882955,5.9249882954,5.9249882954,5.9249882954,5.9249882955,7.13743578042,7.13743578042,7.13743578042,7.13743578043,7.13743578043,7.13743578016,7.13743578046,7.13743578025,7.13743578025,7.13743578024,7.13743578024,7.13743577994,7.137435780183,7.137435780183,7.137435779883,7.13743578038,7.13743578038,7.13743578038,7.13743578038,7.13743578038,7.13743578038,7.13743578058,7.13743578048,7.13743578048,7.13743578048,7.13743578048,7.13743578026,7.13743578026,7.13743578056,7.13743578076,7.13743578046,7.13743578036,7.13743578036,7.13743578036,7.13743578036,7.13743578036,7.13743578036,7.13743578036,7.13743578036,7.13743578036,7.13743578034,7.13743578034,7.13743578026,7.13743578027,7.13743578027,7.13743578026,7.1374357803,7.1374357803,7.13743578026,7.13743578026,7.13743577996,7.137435780299,7.137435780299,7.13743578026,7.13743578026,7.13743578026,7.13743577996,7.13743577996,7.13743577986,7.13743577986,7.13743577999,7.13743577999,7.13743578006,7.13743577976,7.13743577976
"t76",3.7270213242,3.7270213242,0,0.379562938,1.659589616,5.9249882957,5.9249882957,5.9249882957,5.9249882957,5.92498829573,5.92498829573,5.9249882958,5.9249882958,5.9249882958,5.9249882958,5.9249882955,5.9249882957,5.9249882957,5.92498829527,5.92498829522,5.92498829522,5.9249882952,5.9249882961,5.9249882957,5.9249882958,5.92498829576,5.92498829576,5.9249882958,5.9249882958,5.9249882953,5.9249882953,5.9249882952,5.9249882952,5.9249882952,5.9249882953,7.13743578022,7.13743578022,7.13743578022,7.13743578023,7.13743578023,7.13743577996,7.13743578026,7.13743578005,7.13743578005,7.13743578004,7.13743578004,7.13743577974,7.137435779983,7.137435779983,7.137435779683,7.13743578018,7.13743578018,7.13743578018,7.13743578018,7.13743578018,7.13743578018,7.13743578038,7.13743578028,7.13743578028,7.13743578028,7.13743578028,7.13743578006,7.13743578006,7.13743578036,7.13743578056,7.13743578026,7.13743578016,7.13743578016,7.13743578016,7.13743578016,7.13743578016,7.13743578016,7.13743578016,7.13743578016,7.13743578016,7.13743578014,7.13743578014,7.13743578006,7.13743578007,7.13743578007,7.13743578006,7.1374357801,7.1374357801,7.13743578006,7.13743578006,7.13743577976,7.137435780099,7.137435780099,7.13743578006,7.13743578006,7.13743578006,7.13743577976,7.13743577976,7.13743577966,7.13743577966,7.13743577979,7.13743577979,7.13743577986,7.13743577956,7.13743577956
"t77",3.7270213242,3.7270213242,0.379562938,0,1.659589616,5.9249882957,5.9249882957,5.9249882957,5.9249882957,5.92498829573,5.92498829573,5.9249882958,5.9249882958,5.9249882958,5.9249882958,5.9249882955,5.9249882957,5.9249882957,5.92498829527,5.92498829522,5.92498829522,5.9249882952,5.9249882961,5.9249882957,5.9249882958,5.92498829576,5.92498829576,5.9249882958,5.9249882958,5.9249882953,5.9249882953,5.9249882952,5.9249882952,5.9249882952,5.9249882953,7.13743578022,7.13743578022,7.13743578022,7.13743578023,7.13743578023,7.13743577996,7.13743578026,7.13743578005,7.13743578005,7.13743578004,7.13743578004,7.13743577974,7.137435779983,7.137435779983,7.137435779683,7.13743578018,7.13743578018,7.13743578018,7.13743578018,7.13743578018,7.13743578018,7.13743578038,7.13743578028,7.13743578028,7.13743578028,7.13743578028,7.13743578006,7.13743578006,7.13743578036,7.13743578056,7.13743578026,7.13743578016,7.13743578016,7.13743578016,7.13743578016,7.13743578016,7.13743578016,7.13743578016,7.13743578016,7.13743578016,7.13743578014,7.13743578014,7.13743578006,7.13743578007,7.13743578007,7.13743578006,7.1374357801,7.1374357801,7.13743578006,7.13743578006,7.13743577976,7.137435780099,7.137435780099,7.13743578006,7.13743578006,7.13743578006,7.13743577976,7.13743577976,7.13743577966,7.13743577966,7.13743577979,7.13743577979,7.13743577986,7.13743577956,7.13743577956
"t28",3.7270213242,3.7270213242,1.659589616,1.659589616,0,5.9249882957,5.9249882957,5.9249882957,5.9249882957,5.92498829573,5.92498829573,5.9249882958,5.9249882958,5.9249882958,5.9249882958,5.9249882955,5.9249882957,5.9249882957,5.92498829527,5.92498829522,5.92498829522,5.9249882952,5.9249882961,5.9249882957,5.9249882958,5.92498829576,5.92498829576,5.9249882958,5.9249882958,5.9249882953,5.9249882953,5.9249882952,5.9249882952,5.9249882952,5.9249882953,7.13743578022,7.13743578022,7.13743578022,7.13743578023,7.13743578023,7.13743577996,7.13743578026,7.13743578005,7.13743578005,7.13743578004,7.13743578004,7.13743577974,7.137435779983,7.137435779983,7.137435779683,7.13743578018,7.13743578018,7.13743578018,7.13743578018,7.13743578018,7.13743578018,7.13743578038,7.13743578028,7.13743578028,7.13743578028,7.13743578028,7.13743578006,7.13743578006,7.13743578036,7.13743578056,7.13743578026,7.13743578016,7.13743578016,7.13743578016,7.13743578016,7.13743578016,7.13743578016,7.13743578016,7.13743578016,7.13743578016,7.13743578014,7.13743578014,7.13743578006,7.13743578007,7.13743578007,7.13743578006,7.1374357801,7.1374357801,7.13743578006,7.13743578006,7.13743577976,7.137435780099,7.137435780099,7.13743578006,7.13743578006,7.13743578006,7.13743577976,7.13743577976,7.13743577966,7.13743577966,7.13743577979,7.13743577979,7.13743577986,7.13743577956,7.13743577956
"t67",5.9249882959,5.9249882959,5.9249882957,5.9249882957,5.9249882957,0,0.6464532686,1.8150629018,2.4423405572,2.44234055723,2.44234055723,3.0473040703,3.0473040703,3.0473040703,3.0473040703,4.635392413,4.6353924132,4.6353924132,4.63539241277,4.63539241272,4.63539241272,4.6353924127,5.5412188266,5.5412188262,5.5412188263,5.54121882626,5.54121882626,5.5412188263,5.5412188263,5.5412188258,5.5412188258,5.5412188257,5.5412188257,5.5412188257,5.5412188258,7.13743577992,7.13743577992,7.13743577992,7.13743577993,7.13743577993,7.13743577966,7.13743577996,7.13743577975,7.13743577975,7.13743577974,7.13743577974,7.13743577944,7.137435779683,7.137435779683,7.137435779383,7.13743577988,7.13743577988,7.13743577988,7.13743577988,7.13743577988,7.13743577988,7.13743578008,7.13743577998,7.13743577998,7.13743577998,7.13743577998,7.13743577976,7.13743577976,7.13743578006,7.13743578026,7.13743577996,7.13743577986,7.13743577986,7.13743577986,7.13743577986,7.13743577986,7.13743577986,7.13743577986,7.13743577986,7.13743577986,7.13743577984,7.13743577984,7.13743577976,7.13743577977,7.13743577977,7.13743577976,7.1374357798,7.1374357798,7.13743577976,7.13743577976,7.13743577946,7.137435779799,7.137435779799,7.13743577976,7.13743577976,7.13743577976,7.13743577946,7.13743577946,7.13743577936,7.13743577936,7.13743577949,7.13743577949,7.13743577956,7.13743577926,7.13743577926
"t68",5.9249882959,5.9249882959,5.9249882957,5.9249882957,5.9249882957,0.6464532686,0,1.8150629018,2.4423405572,2.44234055723,2.44234055723,3.0473040703,3.0473040703,3.0473040703,3.0473040703,4.635392413,4.6353924132,4.6353924132,4.63539241277,4.63539241272,4.63539241272,4.6353924127,5.5412188266,5.5412188262,5.5412188263,5.54121882626,5.54121882626,5.5412188263,5.5412188263,5.5412188258,5.5412188258,5.5412188257,5.5412188257,5.5412188257,5.5412188258,7.13743577992,7.13743577992,7.13743577992,7.13743577993,7.13743577993,7.13743577966,7.13743577996,7.13743577975,7.13743577975,7.13743577974,7.13743577974,7.13743577944,7.137435779683,7.137435779683,7.137435779383,7.13743577988,7.13743577988,7.13743577988,7.13743577988,7.13743577988,7.13743577988,7.13743578008,7.13743577998,7.13743577998,7.13743577998,7.13743577998,7.13743577976,7.13743577976,7.13743578006,7.13743578026,7.13743577996,7.13743577986,7.13743577986,7.13743577986,7.13743577986,7.13743577986,7.13743577986,7.13743577986,7.13743577986,7.13743577986,7.13743577984,7.13743577984,7.13743577976,7.13743577977,7.13743577977,7.13743577976,7.1374357798,7.1374357798,7.13743577976,7.13743577976,7.13743577946,7.137435779799,7.137435779799,7.13743577976,7.13743577976,7.13743577976,7.13743577946,7.13743577946,7.13743577936,7.13743577936,7.13743577949,7.13743577949,7.13743577956,7.13743577926,7.13743577926
"t22",5.9249882959,5.9249882959,5.9249882957,5.9249882957,5.9249882957,1.8150629018,1.8150629018,0,2.4423405572,2.44234055723,2.44234055723,3.0473040703,3.0473040703,3.0473040703,3.0473040703,4.635392413,4.6353924132,4.6353924132,4.63539241277,4.63539241272,4.63539241272,4.6353924127,5.5412188266,5.5412188262,5.5412188263,5.54121882626,5.54121882626,5.5412188263,5.5412188263,5.5412188258,5.5412188258,5.5412188257,5.5412188257,5.5412188257,5.5412188258,7.13743577992,7.13743577992,7.13743577992,7.13743577993,7.13743577993,7.13743577966,7.13743577996,7.13743577975,7.13743577975,7.13743577974,7.13743577974,7.13743577944,7.137435779683,7.137435779683,7.137435779383,7.13743577988,7.13743577988,7.13743577988,7.13743577988,7.13743577988,7.13743577988,7.13743578008,7.13743577998,7.13743577998,7.13743577998,7.13743577998,7.13743577976,7.13743577976,7.13743578006,7.13743578026,7.13743577996,7.13743577986,7.13743577986,7.13743577986,7.13743577986,7.13743577986,7.13743577986,7.13743577986,7.13743577986,7.13743577986,7.13743577984,7.13743577984,7.13743577976,7.13743577977,7.13743577977,7.13743577976,7.1374357798,7.1374357798,7.13743577976,7.13743577976,7.13743577946,7.137435779799,7.137435779799,7.13743577976,7.13743577976,7.13743577976,7.13743577946,7.13743577946,7.13743577936,7.13743577936,7.13743577949,7.13743577949,7.13743577956,7.13743577926,7.13743577926
"t35",5.9249882959,5.9249882959,5.9249882957,5.9249882957,5.9249882957,2.4423405572,2.4423405572,2.4423405572,0,1.52440965223,1.52440965223,3.0473040703,3.0473040703,3.0473040703,3.0473040703,4.635392413,4.6353924132,4.6353924132,4.63539241277,4.63539241272,4.63539241272,4.6353924127,5.5412188266,5.5412188262,5.5412188263,5.54121882626,5.54121882626,5.5412188263,5.5412188263,5.5412188258,5.5412188258,5.5412188257,5.5412188257,5.5412188257,5.5412188258,7.13743577992,7.13743577992,7.13743577992,7.13743577993,7.13743577993,7.13743577966,7.13743577996,7.13743577975,7.13743577975,7.13743577974,7.13743577974,7.13743577944,7.137435779683,7.137435779683,7.137435779383,7.13743577988,7.13743577988,7.13743577988,7.13743577988,7.13743577988,7.13743577988,7.13743578008,7.13743577998,7.13743577998,7.13743577998,7.13743577998,7.13743577976,7.13743577976,7.13743578006,7.13743578026,7.13743577996,7.13743577986,7.13743577986,7.13743577986,7.13743577986,7.13743577986,7.13743577986,7.13743577986,7.13743577986,7.13743577986,7.13743577984,7.13743577984,7.13743577976,7.13743577977,7.13743577977,7.13743577976,7.1374357798,7.1374357798,7.13743577976,7.13743577976,7.13743577946,7.137435779799,7.137435779799,7.13743577976,7.13743577976,7.13743577976,7.13743577946,7.13743577946,7.13743577936,7.13743577936,7.13743577949,7.13743577949,7.13743577956,7.13743577926,7.13743577926
"t38",5.92498829593,5.92498829593,5.92498829573,5.92498829573,5.92498829573,2.44234055723,2.44234055723,2.44234055723,1.52440965223,0,1.381341349,3.04730407033,3.04730407033,3.04730407033,3.04730407033,4.63539241303,4.63539241323,4.63539241323,4.6353924128,4.63539241275,4.63539241275,4.63539241273,5.54121882663,5.54121882623,5.54121882633,5.54121882629,5.54121882629,5.54121882633,5.54121882633,5.54121882583,5.54121882583,5.54121882573,5.54121882573,5.54121882573,5.54121882583,7.13743577995,7.13743577995,7.13743577995,7.13743577996,7.13743577996,7.13743577969,7.13743577999,7.13743577978,7.13743577978,7.13743577977,7.13743577977,7.13743577947,7.137435779713,7.137435779713,7.137435779413,7.13743577991,7.13743577991,7.13743577991,7.13743577991,7.13743577991,7.13743577991,7.13743578011,7.13743578001,7.13743578001,7.13743578001,7.13743578001,7.13743577979,7.13743577979,7.13743578009,7.13743578029,7.13743577999,7.13743577989,7.13743577989,7.13743577989,7.13743577989,7.13743577989,7.13743577989,7.13743577989,7.13743577989,7.13743577989,7.13743577987,7.13743577987,7.13743577979,7.1374357798,7.1374357798,7.13743577979,7.13743577983,7.13743577983,7.13743577979,7.13743577979,7.13743577949,7.137435779829,7.137435779829,7.13743577979,7.13743577979,7.13743577979,7.13743577949,7.13743577949,7.13743577939,7.13743577939,7.13743577952,7.13743577952,7.13743577959,7.13743577929,7.13743577929
"t39",5.92498829593,5.92498829593,5.92498829573,5.92498829573,5.92498829573,2.44234055723,2.44234055723,2.44234055723,1.52440965223,1.381341349,0,3.04730407033,3.04730407033,3.04730407033,3.04730407033,4.63539241303,4.63539241323,4.63539241323,4.6353924128,4.63539241275,4.63539241275,4.63539241273,5.54121882663,5.54121882623,5.54121882633,5.54121882629,5.54121882629,5.54121882633,5.54121882633,5.54121882583,5.54121882583,5.54121882573,5.54121882573,5.54121882573,5.54121882583,7.13743577995,7.13743577995,7.13743577995,7.13743577996,7.13743577996,7.13743577969,7.13743577999,7.13743577978,7.13743577978,7.13743577977,7.13743577977,7.13743577947,7.137435779713,7.137435779713,7.137435779413,7.13743577991,7.13743577991,7.13743577991,7.13743577991,7.13743577991,7.13743577991,7.13743578011,7.13743578001,7.13743578001,7.13743578001,7.13743578001,7.13743577979,7.13743577979,7.13743578009,7.13743578029,7.13743577999,7.13743577989,7.13743577989,7.13743577989,7.13743577989,7.13743577989,7.13743577989,7.13743577989,7.13743577989,7.13743577989,7.13743577987,7.13743577987,7.13743577979,7.1374357798,7.1374357798,7.13743577979,7.13743577983,7.13743577983,7.13743577979,7.13743577979,7.13743577949,7.137435779829,7.137435779829,7.13743577979,7.13743577979,7.13743577979,7.13743577949,7.13743577949,7.13743577939,7.13743577939,7.13743577952,7.13743577952,7.13743577959,7.13743577929,7.13743577929
"t14",5.924988296,5.924988296,5.9249882958,5.9249882958,5.9249882958,3.0473040703,3.0473040703,3.0473040703,3.0473040703,3.04730407033,3.04730407033,0,2.125723366,2.125723366,2.125723366,4.6353924131,4.6353924133,4.6353924133,4.63539241287,4.63539241282,4.63539241282,4.6353924128,5.5412188267,5.5412188263,5.5412188264,5.54121882636,5.54121882636,5.5412188264,5.5412188264,5.5412188259,5.5412188259,5.5412188258,5.5412188258,5.5412188258,5.5412188259,7.13743578002,7.13743578002,7.13743578002,7.13743578003,7.13743578003,7.13743577976,7.13743578006,7.13743577985,7.13743577985,7.13743577984,7.13743577984,7.13743577954,7.137435779783,7.137435779783,7.137435779483,7.13743577998,7.13743577998,7.13743577998,7.13743577998,7.13743577998,7.13743577998,7.13743578018,7.13743578008,7.13743578008,7.13743578008,7.13743578008,7.13743577986,7.13743577986,7.13743578016,7.13743578036,7.13743578006,7.13743577996,7.13743577996,7.13743577996,7.13743577996,7.13743577996,7.13743577996,7.13743577996,7.13743577996,7.13743577996,7.13743577994,7.13743577994,7.13743577986,7.13743577987,7.13743577987,7.13743577986,7.1374357799,7.1374357799,7.13743577986,7.13743577986,7.13743577956,7.137435779899,7.137435779899,7.13743577986,7.13743577986,7.13743577986,7.13743577956,7.13743577956,7.13743577946,7.13743577946,7.13743577959,7.13743577959,7.13743577966,7.13743577936,7.13743577936
"t21",5.924988296,5.924988296,5.9249882958,5.9249882958,5.9249882958,3.0473040703,3.0473040703,3.0473040703,3.0473040703,3.04730407033,3.04730407033,2.125723366,0,1.8305495594,1.8305495594,4.6353924131,4.6353924133,4.6353924133,4.63539241287,4.63539241282,4.63539241282,4.6353924128,5.5412188267,5.5412188263,5.5412188264,5.54121882636,5.54121882636,5.5412188264,5.5412188264,5.5412188259,5.5412188259,5.5412188258,5.5412188258,5.5412188258,5.5412188259,7.13743578002,7.13743578002,7.13743578002,7.13743578003,7.13743578003,7.13743577976,7.13743578006,7.13743577985,7.13743577985,7.13743577984,7.13743577984,7.13743577954,7.137435779783,7.137435779783,7.137435779483,7.13743577998,7.13743577998,7.13743577998,7.13743577998,7.13743577998,7.13743577998,7.13743578018,7.13743578008,7.13743578008,7.13743578008,7.13743578008,7.13743577986,7.13743577986,7.13743578016,7.13743578036,7.13743578006,7.13743577996,7.13743577996,7.13743577996,7.13743577996,7.13743577996,7.13743577996,7.13743577996,7.13743577996,7.13743577996,7.13743577994,7.13743577994,7.13743577986,7.13743577987,7.13743577987,7.13743577986,7.1374357799,7.1374357799,7.13743577986,7.13743577986,7.13743577956,7.137435779899,7.137435779899,7.13743577986,7.13743577986,7.13743577986,7.13743577956,7.13743577956,7.13743577946,7.13743577946,7.13743577959,7.13743577959,7.13743577966,7.13743577936,7.13743577936
"t54",5.924988296,5.924988296,5.9249882958,5.9249882958,5.9249882958,3.0473040703,3.0473040703,3.0473040703,3.0473040703,3.04730407033,3.04730407033,2.125723366,1.8305495594,0,0.838692447,4.6353924131,4.6353924133,4.6353924133,4.63539241287,4.63539241282,4.63539241282,4.6353924128,5.5412188267,5.5412188263,5.5412188264,5.54121882636,5.54121882636,5.5412188264,5.5412188264,5.5412188259,5.5412188259,5.5412188258,5.5412188258,5.5412188258,5.5412188259,7.13743578002,7.13743578002,7.13743578002,7.13743578003,7.13743578003,7.13743577976,7.13743578006,7.13743577985,7.13743577985,7.13743577984,7.13743577984,7.13743577954,7.137435779783,7.137435779783,7.137435779483,7.13743577998,7.13743577998,7.13743577998,7.13743577998,7.13743577998,7.13743577998,7.13743578018,7.13743578008,7.13743578008,7.13743578008,7.13743578008,7.13743577986,7.13743577986,7.13743578016,7.13743578036,7.13743578006,7.13743577996,7.13743577996,7.13743577996,7.13743577996,7.13743577996,7.13743577996,7.13743577996,7.13743577996,7.13743577996,7.13743577994,7.13743577994,7.13743577986,7.13743577987,7.13743577987,7.13743577986,7.1374357799,7.1374357799,7.13743577986,7.13743577986,7.13743577956,7.137435779899,7.137435779899,7.13743577986,7.13743577986,7.13743577986,7.13743577956,7.13743577956,7.13743577946,7.13743577946,7.13743577959,7.13743577959,7.13743577966,7.13743577936,7.13743577936
"t55",5.924988296,5.924988296,5.9249882958,5.9249882958,5.9249882958,3.0473040703,3.0473040703,3.0473040703,3.0473040703,3.04730407033,3.04730407033,2.125723366,1.8305495594,0.838692447,0,4.6353924131,4.6353924133,4.6353924133,4.63539241287,4.63539241282,4.63539241282,4.6353924128,5.5412188267,5.5412188263,5.5412188264,5.54121882636,5.54121882636,5.5412188264,5.5412188264,5.5412188259,5.5412188259,5.5412188258,5.5412188258,5.5412188258,5.5412188259,7.13743578002,7.13743578002,7.13743578002,7.13743578003,7.13743578003,7.13743577976,7.13743578006,7.13743577985,7.13743577985,7.13743577984,7.13743577984,7.13743577954,7.137435779783,7.137435779783,7.137435779483,7.13743577998,7.13743577998,7.13743577998,7.13743577998,7.13743577998,7.13743577998,7.13743578018,7.13743578008,7.13743578008,7.13743578008,7.13743578008,7.13743577986,7.13743577986,7.13743578016,7.13743578036,7.13743578006,7.13743577996,7.13743577996,7.13743577996,7.13743577996,7.13743577996,7.13743577996,7.13743577996,7.13743577996,7.13743577996,7.13743577994,7.13743577994,7.13743577986,7.13743577987,7.13743577987,7.13743577986,7.1374357799,7.1374357799,7.13743577986,7.13743577986,7.13743577956,7.137435779899,7.137435779899,7.13743577986,7.13743577986,7.13743577986,7.13743577956,7.13743577956,7.13743577946,7.13743577946,7.13743577959,7.13743577959,7.13743577966,7.13743577936,7.13743577936
"t6",5.9249882957,5.9249882957,5.9249882955,5.9249882955,5.9249882955,4.635392413,4.635392413,4.635392413,4.635392413,4.63539241303,4.63539241303,4.6353924131,4.6353924131,4.6353924131,4.6353924131,0,2.8138244902,2.8138244902,4.01229511117,4.01229511112,4.01229511112,4.0122951111,5.5412188264,5.541218826,5.5412188261,5.54121882606,5.54121882606,5.5412188261,5.5412188261,5.5412188256,5.5412188256,5.5412188255,5.5412188255,5.5412188255,5.5412188256,7.13743577972,7.13743577972,7.13743577972,7.13743577973,7.13743577973,7.13743577946,7.13743577976,7.13743577955,7.13743577955,7.13743577954,7.13743577954,7.13743577924,7.137435779483,7.137435779483,7.137435779183,7.13743577968,7.13743577968,7.13743577968,7.13743577968,7.13743577968,7.13743577968,7.13743577988,7.13743577978,7.13743577978,7.13743577978,7.13743577978,7.13743577956,7.13743577956,7.13743577986,7.13743578006,7.13743577976,7.13743577966,7.13743577966,7.13743577966,7.13743577966,7.13743577966,7.13743577966,7.13743577966,7.13743577966,7.13743577966,7.13743577964,7.13743577964,7.13743577956,7.13743577957,7.13743577957,7.13743577956,7.1374357796,7.1374357796,7.13743577956,7.13743577956,7.13743577926,7.137435779599,7.137435779599,7.13743577956,7.13743577956,7.13743577956,7.13743577926,7.13743577926,7.13743577916,7.13743577916,7.13743577929,7.13743577929,7.13743577936,7.13743577906,7.13743577906
"t29",5.9249882959,5.9249882959,5.9249882957,5.9249882957,5.9249882957,4.6353924132,4.6353924132,4.6353924132,4.6353924132,4.63539241323,4.63539241323,4.6353924133,4.6353924133,4.6353924133,4.6353924133,2.8138244902,0,1.5974794712,4.01229511137,4.01229511132,4.01229511132,4.0122951113,5.5412188266,5.5412188262,5.5412188263,5.54121882626,5.54121882626,5.5412188263,5.5412188263,5.5412188258,5.5412188258,5.5412188257,5.5412188257,5.5412188257,5.5412188258,7.13743577992,7.13743577992,7.13743577992,7.13743577993,7.13743577993,7.13743577966,7.13743577996,7.13743577975,7.13743577975,7.13743577974,7.13743577974,7.13743577944,7.137435779683,7.137435779683,7.137435779383,7.13743577988,7.13743577988,7.13743577988,7.13743577988,7.13743577988,7.13743577988,7.13743578008,7.13743577998,7.13743577998,7.13743577998,7.13743577998,7.13743577976,7.13743577976,7.13743578006,7.13743578026,7.13743577996,7.13743577986,7.13743577986,7.13743577986,7.13743577986,7.13743577986,7.13743577986,7.13743577986,7.13743577986,7.13743577986,7.13743577984,7.13743577984,7.13743577976,7.13743577977,7.13743577977,7.13743577976,7.1374357798,7.1374357798,7.13743577976,7.13743577976,7.13743577946,7.137435779799,7.137435779799,7.13743577976,7.13743577976,7.13743577976,7.13743577946,7.13743577946,7.13743577936,7.13743577936,7.13743577949,7.13743577949,7.13743577956,7.13743577926,7.13743577926
"t30",5.9249882959,5.9249882959,5.9249882957,5.9249882957,5.9249882957,4.6353924132,4.6353924132,4.6353924132,4.6353924132,4.63539241323,4.63539241323,4.6353924133,4.6353924133,4.6353924133,4.6353924133,2.8138244902,1.5974794712,0,4.01229511137,4.01229511132,4.01229511132,4.0122951113,5.5412188266,5.5412188262,5.5412188263,5.54121882626,5.54121882626,5.5412188263,5.5412188263,5.5412188258,5.5412188258,5.5412188257,5.5412188257,5.5412188257,5.5412188258,7.13743577992,7.13743577992,7.13743577992,7.13743577993,7.13743577993,7.13743577966,7.13743577996,7.13743577975,7.13743577975,7.13743577974,7.13743577974,7.13743577944,7.137435779683,7.137435779683,7.137435779383,7.13743577988,7.13743577988,7.13743577988,7.13743577988,7.13743577988,7.13743577988,7.13743578008,7.13743577998,7.13743577998,7.13743577998,7.13743577998,7.13743577976,7.13743577976,7.13743578006,7.13743578026,7.13743577996,7.13743577986,7.13743577986,7.13743577986,7.13743577986,7.13743577986,7.13743577986,7.13743577986,7.13743577986,7.13743577986,7.13743577984,7.13743577984,7.13743577976,7.13743577977,7.13743577977,7.13743577976,7.1374357798,7.1374357798,7.13743577976,7.13743577976,7.13743577946,7.137435779799,7.137435779799,7.13743577976,7.13743577976,7.13743577976,7.13743577946,7.13743577946,7.13743577936,7.13743577936,7.13743577949,7.13743577949,7.13743577956,7.13743577926,7.13743577926
"t27",5.92498829547,5.92498829547,5.92498829527,5.92498829527,5.92498829527,4.63539241277,4.63539241277,4.63539241277,4.63539241277,4.6353924128,4.6353924128,4.63539241287,4.63539241287,4.63539241287,4.63539241287,4.01229511117,4.01229511137,4.01229511137,0,1.69920717615,1.69920717615,1.83256534687,5.54121882617,5.54121882577,5.54121882587,5.54121882583,5.54121882583,5.54121882587,5.54121882587,5.54121882537,5.54121882537,5.54121882527,5.54121882527,5.54121882527,5.54121882537,7.13743577949,7.13743577949,7.13743577949,7.1374357795,7.1374357795,7.13743577923,7.13743577953,7.13743577932,7.13743577932,7.13743577931,7.13743577931,7.13743577901,7.137435779253,7.137435779253,7.137435778953,7.13743577945,7.13743577945,7.13743577945,7.13743577945,7.13743577945,7.13743577945,7.13743577965,7.13743577955,7.13743577955,7.13743577955,7.13743577955,7.13743577933,7.13743577933,7.13743577963,7.13743577983,7.13743577953,7.13743577943,7.13743577943,7.13743577943,7.13743577943,7.13743577943,7.13743577943,7.13743577943,7.13743577943,7.13743577943,7.13743577941,7.13743577941,7.13743577933,7.13743577934,7.13743577934,7.13743577933,7.13743577937,7.13743577937,7.13743577933,7.13743577933,7.13743577903,7.137435779369,7.137435779369,7.13743577933,7.13743577933,7.13743577933,7.13743577903,7.13743577903,7.13743577893,7.13743577893,7.13743577906,7.13743577906,7.13743577913,7.13743577883,7.13743577883
"t33",5.92498829542,5.92498829542,5.92498829522,5.92498829522,5.92498829522,4.63539241272,4.63539241272,4.63539241272,4.63539241272,4.63539241275,4.63539241275,4.63539241282,4.63539241282,4.63539241282,4.63539241282,4.01229511112,4.01229511132,4.01229511132,1.69920717615,0,1.536664626,1.83256534682,5.54121882612,5.54121882572,5.54121882582,5.54121882578,5.54121882578,5.54121882582,5.54121882582,5.54121882532,5.54121882532,5.54121882522,5.54121882522,5.54121882522,5.54121882532,7.13743577944,7.13743577944,7.13743577944,7.13743577945,7.13743577945,7.13743577918,7.13743577948,7.13743577927,7.13743577927,7.13743577926,7.13743577926,7.13743577896,7.137435779203,7.137435779203,7.137435778903,7.1374357794,7.1374357794,7.1374357794,7.1374357794,7.1374357794,7.1374357794,7.1374357796,7.1374357795,7.1374357795,7.1374357795,7.1374357795,7.13743577928,7.13743577928,7.13743577958,7.13743577978,7.13743577948,7.13743577938,7.13743577938,7.13743577938,7.13743577938,7.13743577938,7.13743577938,7.13743577938,7.13743577938,7.13743577938,7.13743577936,7.13743577936,7.13743577928,7.13743577929,7.13743577929,7.13743577928,7.13743577932,7.13743577932,7.13743577928,7.13743577928,7.13743577898,7.137435779319,7.137435779319,7.13743577928,7.13743577928,7.13743577928,7.13743577898,7.13743577898,7.13743577888,7.13743577888,7.13743577901,7.13743577901,7.13743577908,7.13743577878,7.13743577878
"t34",5.92498829542,5.92498829542,5.92498829522,5.92498829522,5.92498829522,4.63539241272,4.63539241272,4.63539241272,4.63539241272,4.63539241275,4.63539241275,4.63539241282,4.63539241282,4.63539241282,4.63539241282,4.01229511112,4.01229511132,4.01229511132,1.69920717615,1.536664626,0,1.83256534682,5.54121882612,5.54121882572,5.54121882582,5.54121882578,5.54121882578,5.54121882582,5.54121882582,5.54121882532,5.54121882532,5.54121882522,5.54121882522,5.54121882522,5.54121882532,7.13743577944,7.13743577944,7.13743577944,7.13743577945,7.13743577945,7.13743577918,7.13743577948,7.13743577927,7.13743577927,7.13743577926,7.13743577926,7.13743577896,7.137435779203,7.137435779203,7.137435778903,7.1374357794,7.1374357794,7.1374357794,7.1374357794,7.1374357794,7.1374357794,7.1374357796,7.1374357795,7.1374357795,7.1374357795,7.1374357795,7.13743577928,7.13743577928,7.13743577958,7.13743577978,7.13743577948,7.13743577938,7.13743577938,7.13743577938,7.13743577938,7.13743577938,7.13743577938,7.13743577938,7.13743577938,7.13743577938,7.13743577936,7.13743577936,7.13743577928,7.13743577929,7.13743577929,7.13743577928,7.13743577932,7.13743577932,7.13743577928,7.13743577928,7.13743577898,7.137435779319,7.137435779319,7.13743577928,7.13743577928,7.13743577928,7.13743577898,7.13743577898,7.13743577888,7.13743577888,7.13743577901,7.13743577901,7.13743577908,7.13743577878,7.13743577878
"t20",5.9249882954,5.9249882954,5.9249882952,5.9249882952,5.9249882952,4.6353924127,4.6353924127,4.6353924127,4.6353924127,4.63539241273,4.63539241273,4.6353924128,4.6353924128,4.6353924128,4.6353924128,4.0122951111,4.0122951113,4.0122951113,1.83256534687,1.83256534682,1.83256534682,0,5.5412188261,5.5412188257,5.5412188258,5.54121882576,5.54121882576,5.5412188258,5.5412188258,5.5412188253,5.5412188253,5.5412188252,5.5412188252,5.5412188252,5.5412188253,7.13743577942,7.13743577942,7.13743577942,7.13743577943,7.13743577943,7.13743577916,7.13743577946,7.13743577925,7.13743577925,7.13743577924,7.13743577924,7.13743577894,7.137435779183,7.137435779183,7.137435778883,7.13743577938,7.13743577938,7.13743577938,7.13743577938,7.13743577938,7.13743577938,7.13743577958,7.13743577948,7.13743577948,7.13743577948,7.13743577948,7.13743577926,7.13743577926,7.13743577956,7.13743577976,7.13743577946,7.13743577936,7.13743577936,7.13743577936,7.13743577936,7.13743577936,7.13743577936,7.13743577936,7.13743577936,7.13743577936,7.13743577934,7.13743577934,7.13743577926,7.13743577927,7.13743577927,7.13743577926,7.1374357793,7.1374357793,7.13743577926,7.13743577926,7.13743577896,7.137435779299,7.137435779299,7.13743577926,7.13743577926,7.13743577926,7.13743577896,7.13743577896,7.13743577886,7.13743577886,7.13743577899,7.13743577899,7.13743577906,7.13743577876,7.13743577876
"t17",5.9249882963,5.9249882963,5.9249882961,5.9249882961,5.9249882961,5.5412188266,5.5412188266,5.5412188266,5.5412188266,5.54121882663,5.54121882663,5.5412188267,5.5412188267,5.5412188267,5.5412188267,5.5412188264,5.5412188266,5.5412188266,5.54121882617,5.54121882612,5.54121882612,5.5412188261,0,2.0423121676,2.0423121677,2.04231216766,2.04231216766,2.0423121677,2.0423121677,3.974717634,3.974717634,3.9747176339,3.9747176339,3.9747176339,3.974717634,7.13743578032,7.13743578032,7.13743578032,7.13743578033,7.13743578033,7.13743578006,7.13743578036,7.13743578015,7.13743578015,7.13743578014,7.13743578014,7.13743577984,7.137435780083,7.137435780083,7.137435779783,7.13743578028,7.13743578028,7.13743578028,7.13743578028,7.13743578028,7.13743578028,7.13743578048,7.13743578038,7.13743578038,7.13743578038,7.13743578038,7.13743578016,7.13743578016,7.13743578046,7.13743578066,7.13743578036,7.13743578026,7.13743578026,7.13743578026,7.13743578026,7.13743578026,7.13743578026,7.13743578026,7.13743578026,7.13743578026,7.13743578024,7.13743578024,7.13743578016,7.13743578017,7.13743578017,7.13743578016,7.1374357802,7.1374357802,7.13743578016,7.13743578016,7.13743577986,7.137435780199,7.137435780199,7.13743578016,7.13743578016,7.13743578016,7.13743577986,7.13743577986,7.13743577976,7.13743577976,7.13743577989,7.13743577989,7.13743577996,7.13743577966,7.13743577966
"t46",5.9249882959,5.9249882959,5.9249882957,5.9249882957,5.9249882957,5.5412188262,5.5412188262,5.5412188262,5.5412188262,5.54121882623,5.54121882623,5.5412188263,5.5412188263,5.5412188263,5.5412188263,5.541218826,5.5412188262,5.5412188262,5.54121882577,5.54121882572,5.54121882572,5.5412188257,2.0423121676,0,0.9117814787,0.91178147866,0.91178147866,1.5515434901,1.5515434901,3.9747176336,3.9747176336,3.9747176335,3.9747176335,3.9747176335,3.9747176336,7.13743577992,7.13743577992,7.13743577992,7.13743577993,7.13743577993,7.13743577966,7.13743577996,7.13743577975,7.13743577975,7.13743577974,7.13743577974,7.13743577944,7.137435779683,7.137435779683,7.137435779383,7.13743577988,7.13743577988,7.13743577988,7.13743577988,7.13743577988,7.13743577988,7.13743578008,7.13743577998,7.13743577998,7.13743577998,7.13743577998,7.13743577976,7.13743577976,7.13743578006,7.13743578026,7.13743577996,7.13743577986,7.13743577986,7.13743577986,7.13743577986,7.13743577986,7.13743577986,7.13743577986,7.13743577986,7.13743577986,7.13743577984,7.13743577984,7.13743577976,7.13743577977,7.13743577977,7.13743577976,7.1374357798,7.1374357798,7.13743577976,7.13743577976,7.13743577946,7.137435779799,7.137435779799,7.13743577976,7.13743577976,7.13743577976,7.13743577946,7.13743577946,7.13743577936,7.13743577936,7.13743577949,7.13743577949,7.13743577956,7.13743577926,7.13743577926
"t69",5.924988296,5.924988296,5.9249882958,5.9249882958,5.9249882958,5.5412188263,5.5412188263,5.5412188263,5.5412188263,5.54121882633,5.54121882633,5.5412188264,5.5412188264,5.5412188264,5.5412188264,5.5412188261,5.5412188263,5.5412188263,5.54121882587,5.54121882582,5.54121882582,5.5412188258,2.0423121677,0.9117814787,0,0.58412434636,0.58412434636,1.5515434902,1.5515434902,3.9747176337,3.9747176337,3.9747176336,3.9747176336,3.9747176336,3.9747176337,7.13743578002,7.13743578002,7.13743578002,7.13743578003,7.13743578003,7.13743577976,7.13743578006,7.13743577985,7.13743577985,7.13743577984,7.13743577984,7.13743577954,7.137435779783,7.137435779783,7.137435779483,7.13743577998,7.13743577998,7.13743577998,7.13743577998,7.13743577998,7.13743577998,7.13743578018,7.13743578008,7.13743578008,7.13743578008,7.13743578008,7.13743577986,7.13743577986,7.13743578016,7.13743578036,7.13743578006,7.13743577996,7.13743577996,7.13743577996,7.13743577996,7.13743577996,7.13743577996,7.13743577996,7.13743577996,7.13743577996,7.13743577994,7.13743577994,7.13743577986,7.13743577987,7.13743577987,7.13743577986,7.1374357799,7.1374357799,7.13743577986,7.13743577986,7.13743577956,7.137435779899,7.137435779899,7.13743577986,7.13743577986,7.13743577986,7.13743577956,7.13743577956,7.13743577946,7.13743577946,7.13743577959,7.13743577959,7.13743577966,7.13743577936,7.13743577936
"t95",5.92498829596,5.92498829596,5.92498829576,5.92498829576,5.92498829576,5.54121882626,5.54121882626,5.54121882626,5.54121882626,5.54121882629,5.54121882629,5.54121882636,5.54121882636,5.54121882636,5.54121882636,5.54121882606,5.54121882626,5.54121882626,5.54121882583,5.54121882578,5.54121882578,5.54121882576,2.04231216766,0.91178147866,0.58412434636,0,0.03755500072,1.55154349016,1.55154349016,3.97471763366,3.97471763366,3.97471763356,3.97471763356,3.97471763356,3.97471763366,7.13743577998,7.13743577998,7.13743577998,7.13743577999,7.13743577999,7.13743577972,7.13743578002,7.13743577981,7.13743577981,7.1374357798,7.1374357798,7.1374357795,7.137435779743,7.137435779743,7.137435779443,7.13743577994,7.13743577994,7.13743577994,7.13743577994,7.13743577994,7.13743577994,7.13743578014,7.13743578004,7.13743578004,7.13743578004,7.13743578004,7.13743577982,7.13743577982,7.13743578012,7.13743578032,7.13743578002,7.13743577992,7.13743577992,7.13743577992,7.13743577992,7.13743577992,7.13743577992,7.13743577992,7.13743577992,7.13743577992,7.1374357799,7.1374357799,7.13743577982,7.13743577983,7.13743577983,7.13743577982,7.13743577986,7.13743577986,7.13743577982,7.13743577982,7.13743577952,7.137435779859,7.137435779859,7.13743577982,7.13743577982,7.13743577982,7.13743577952,7.13743577952,7.13743577942,7.13743577942,7.13743577955,7.13743577955,7.13743577962,7.13743577932,7.13743577932
"t96",5.92498829596,5.92498829596,5.92498829576,5.92498829576,5.92498829576,5.54121882626,5.54121882626,5.54121882626,5.54121882626,5.54121882629,5.54121882629,5.54121882636,5.54121882636,5.54121882636,5.54121882636,5.54121882606,5.54121882626,5.54121882626,5.54121882583,5.54121882578,5.54121882578,5.54121882576,2.04231216766,0.91178147866,0.58412434636,0.03755500072,0,1.55154349016,1.55154349016,3.97471763366,3.97471763366,3.97471763356,3.97471763356,3.97471763356,3.97471763366,7.13743577998,7.13743577998,7.13743577998,7.13743577999,7.13743577999,7.13743577972,7.13743578002,7.13743577981,7.13743577981,7.1374357798,7.1374357798,7.1374357795,7.137435779743,7.137435779743,7.137435779443,7.13743577994,7.13743577994,7.13743577994,7.13743577994,7.13743577994,7.13743577994,7.13743578014,7.13743578004,7.13743578004,7.13743578004,7.13743578004,7.13743577982,7.13743577982,7.13743578012,7.13743578032,7.13743578002,7.13743577992,7.13743577992,7.13743577992,7.13743577992,7.13743577992,7.13743577992,7.13743577992,7.13743577992,7.13743577992,7.1374357799,7.1374357799,7.13743577982,7.13743577983,7.13743577983,7.13743577982,7.13743577986,7.13743577986,7.13743577982,7.13743577982,7.13743577952,7.137435779859,7.137435779859,7.13743577982,7.13743577982,7.13743577982,7.13743577952,7.13743577952,7.13743577942,7.13743577942,7.13743577955,7.13743577955,7.13743577962,7.13743577932,7.13743577932
"t64",5.924988296,5.924988296,5.9249882958,5.9249882958,5.9249882958,5.5412188263,5.5412188263,5.5412188263,5.5412188263,5.54121882633,5.54121882633,5.5412188264,5.5412188264,5.5412188264,5.5412188264,5.5412188261,5.5412188263,5.5412188263,5.54121882587,5.54121882582,5.54121882582,5.5412188258,2.0423121677,1.5515434901,1.5515434902,1.55154349016,1.55154349016,0,0.7006372656,3.9747176337,3.9747176337,3.9747176336,3.9747176336,3.9747176336,3.9747176337,7.13743578002,7.13743578002,7.13743578002,7.13743578003,7.13743578003,7.13743577976,7.13743578006,7.13743577985,7.13743577985,7.13743577984,7.13743577984,7.13743577954,7.137435779783,7.137435779783,7.137435779483,7.13743577998,7.13743577998,7.13743577998,7.13743577998,7.13743577998,7.13743577998,7.13743578018,7.13743578008,7.13743578008,7.13743578008,7.13743578008,7.13743577986,7.13743577986,7.13743578016,7.13743578036,7.13743578006,7.13743577996,7.13743577996,7.13743577996,7.13743577996,7.13743577996,7.13743577996,7.13743577996,7.13743577996,7.13743577996,7.13743577994,7.13743577994,7.13743577986,7.13743577987,7.13743577987,7.13743577986,7.1374357799,7.1374357799,7.13743577986,7.13743577986,7.13743577956,7.137435779899,7.137435779899,7.13743577986,7.13743577986,7.13743577986,7.13743577956,7.13743577956,7.13743577946,7.13743577946,7.13743577959,7.13743577959,7.13743577966,7.13743577936,7.13743577936
