"","t1","t2","t3","t4","t5","t14","t37","t110","t111","t116","t117","t50","t55","t56","t65","t66","t39","t101","t102","t8","t31","t128","t129","t72","t73","t51","t36","t52","t120","t121","t75","t90","t91","t79","t80","t133","t134","t99","t100","t92","t15","t24","t74","t112","t113","t95","t122","t123","t41","t7","t58","t124","t125","t103","t104","t32","t33","t35","t77","t78","t61","t62","t34","t49","t96","t97","t108","t109","t45","t44","t40","t84","t85","t13","t17","t18","t57","t59","t60","t48","t114","t115","t98","t20","t25","t26","t23","t16","t93","t94","t81","t82","t76","t69","t54","t88","t89","t46","t47","t43","t53","t70","t71","t42","t6","t9","t10","t12","t63","t64","t86","t87","t29","t30","t38","t106","t107","t131","t132","t105","t67","t68","t19","t130","t135","t136","t118","t119","t83","t21","t22","t27","t28","t126","t127","t11"
"t1",0,3.37140618855,2.57690903625,4.46376771215,5.54233560469,9.14000934409,9.14000934379,9.14000934445,9.14000934445,9.14000934412,9.14000934412,8.91207751479,8.90957008129,9.14000934409,9.14000934419,9.14000934419,9.14000934449,9.14000934449,9.14000934449,5.99919468819,9.14000934429,9.14000934413,9.14000934413,9.14000934416,9.14000934416,9.14000934409,9.140009344676,9.140009344476,9.140009344576,9.140009344576,9.140009344576,9.14000934438,9.14000934438,9.14000934438,8.93695366492,9.14000934436,9.14000934436,9.14000934437,9.14000934437,9.14000934439,8.63601315169,9.14000934479,9.14000934469,9.14000934463,9.14000934463,9.14000934509,9.14000934516,9.14000934516,8.48965708199,6.46790979439,9.14000934489,9.14000934488,9.14000934488,9.140009344879,9.140009344879,7.86677382169,9.14000934489,8.14110383489,9.14000934479,9.14000934479,8.81019643976,9.14000934476,9.14000934459,8.82689356075,9.14000934475,9.14000934475,9.14000934474,9.14000934474,8.52676564085,9.14000934519,8.75403294939,9.14000934499,9.14000934499,6.68283305389,8.24159476365,7.64292964795,9.14000934433,9.14000934429,9.14000934429,9.14000934429,9.14000934505,9.14000934505,9.14000934509,7.95918538655,7.88688090715,9.14000934515,9.14000934465,7.40460101325,9.14000934505,9.14000934505,9.14000934494,9.14000934494,9.14000934496,9.14000934495,9.14000934519,9.14000934519,9.14000934519,8.84950312669,9.14000934509,9.14000934479,9.14000934519,9.14000934519,8.75625977839,9.14000934569,5.34655814655,5.86780469661,7.1204985551,9.14000934555,9.14000934532,9.14000934532,8.93291271623,9.14000934532,7.96702126945,7.82498796925,9.14000934504,9.14000934534,9.11418124682,9.14000934523,9.14000934523,9.14000934524,9.14000934514,9.14000934514,9.14000934565,9.14000934543,9.14000934543,9.14000934543,9.14000934486,9.14000934486,9.1400093449,9.1400093454,8.03983796815,9.11931628045,9.14000934545,9.14000934503,9.14000934503,6.31138412795
"t2",3.37140618855,0,3.9093163857,5.7961750616,6.87474295414,10.47241669354,10.47241669324,10.4724166939,10.4724166939,10.47241669357,10.47241669357,10.24448486424,10.24197743074,10.47241669354,10.47241669364,10.47241669364,10.47241669394,10.47241669394,10.47241669394,7.33160203764,10.47241669374,10.47241669358,10.47241669358,10.47241669361,10.47241669361,10.47241669354,10.472416694126,10.472416693926,10.472416694026,10.472416694026,10.472416694026,10.47241669383,10.47241669383,10.47241669383,10.26936101437,10.47241669381,10.47241669381,10.47241669382,10.47241669382,10.47241669384,9.96842050114,10.47241669424,10.47241669414,10.47241669408,10.47241669408,10.47241669454,10.47241669461,10.47241669461,9.82206443144,7.80031714384,10.47241669434,10.47241669433,10.47241669433,10.472416694329,10.472416694329,9.19918117114,10.47241669434,9.47351118434,10.47241669424,10.47241669424,10.14260378921,10.47241669421,10.47241669404,10.1593009102,10.4724166942,10.4724166942,10.47241669419,10.47241669419,9.8591729903,10.47241669464,10.08644029884,10.47241669444,10.47241669444,8.01524040334,9.5740021131,8.9753369974,10.47241669378,10.47241669374,10.47241669374,10.47241669374,10.4724166945,10.4724166945,10.47241669454,9.291592736,9.2192882566,10.4724166946,10.4724166941,8.7370083627,10.4724166945,10.4724166945,10.47241669439,10.47241669439,10.47241669441,10.4724166944,10.47241669464,10.47241669464,10.47241669464,10.18191047614,10.47241669454,10.47241669424,10.47241669464,10.47241669464,10.08866712784,10.47241669514,6.678965496,7.20021204606,8.45290590455,10.472416695,10.47241669477,10.47241669477,10.26532006568,10.47241669477,9.2994286189,9.1573953187,10.47241669449,10.47241669479,10.44658859627,10.47241669468,10.47241669468,10.47241669469,10.47241669459,10.47241669459,10.4724166951,10.47241669488,10.47241669488,10.47241669488,10.47241669431,10.47241669431,10.47241669435,10.47241669485,9.3722453176,10.4517236299,10.4724166949,10.47241669448,10.47241669448,7.6437914774
"t3",2.57690903625,3.9093163857,0,3.5415992947,4.62016718724,8.21784092664,8.21784092634,8.217840927,8.217840927,8.21784092667,8.21784092667,7.98990909734,7.98740166384,8.21784092664,8.21784092674,8.21784092674,8.21784092704,8.21784092704,8.21784092704,5.07702627074,8.21784092684,8.21784092668,8.21784092668,8.21784092671,8.21784092671,8.21784092664,8.217840927226,8.217840927026,8.217840927126,8.217840927126,8.217840927126,8.21784092693,8.21784092693,8.21784092693,8.01478524747,8.21784092691,8.21784092691,8.21784092692,8.21784092692,8.21784092694,7.71384473424,8.21784092734,8.21784092724,8.21784092718,8.21784092718,8.21784092764,8.21784092771,8.21784092771,7.56748866454,5.54574137694,8.21784092744,8.21784092743,8.21784092743,8.217840927429,8.217840927429,6.94460540424,8.21784092744,7.21893541744,8.21784092734,8.21784092734,7.88802802231,8.21784092731,8.21784092714,7.9047251433,8.2178409273,8.2178409273,8.21784092729,8.21784092729,7.6045972234,8.21784092774,7.83186453194,8.21784092754,8.21784092754,5.76066463644,7.3194263462,6.7207612305,8.21784092688,8.21784092684,8.21784092684,8.21784092684,8.2178409276,8.2178409276,8.21784092764,7.0370169691,6.9647124897,8.2178409277,8.2178409272,6.4824325958,8.2178409276,8.2178409276,8.21784092749,8.21784092749,8.21784092751,8.2178409275,8.21784092774,8.21784092774,8.21784092774,7.92733470924,8.21784092764,8.21784092734,8.21784092774,8.21784092774,7.83409136094,8.21784092824,4.4243897291,4.94563627916,6.19833013765,8.2178409281,8.21784092787,8.21784092787,8.01074429878,8.21784092787,7.044852852,6.9028195518,8.21784092759,8.21784092789,8.19201282937,8.21784092778,8.21784092778,8.21784092779,8.21784092769,8.21784092769,8.2178409282,8.21784092798,8.21784092798,8.21784092798,8.21784092741,8.21784092741,8.21784092745,8.21784092795,7.1176695507,8.197147863,8.217840928,8.21784092758,8.21784092758,5.3892157105
"t4",4.46376771215,5.7961750616,3.5415992947,0,2.07025071394,5.66792445334,5.66792445304,5.6679244537,5.6679244537,5.66792445337,5.66792445337,5.43999262404,5.43748519054,5.66792445334,5.66792445344,5.66792445344,5.66792445374,5.66792445374,5.66792445374,2.52710979744,5.66792445354,5.66792445338,5.66792445338,5.66792445341,5.66792445341,5.66792445334,5.667924453926,5.667924453726,5.667924453826,5.667924453826,5.667924453826,5.66792445363,5.66792445363,5.66792445363,5.46486877417,5.66792445361,5.66792445361,5.66792445362,5.66792445362,5.66792445364,5.16392826094,5.66792445404,5.66792445394,5.66792445388,5.66792445388,5.66792445434,5.66792445441,5.66792445441,5.01757219124,2.99582490364,5.66792445414,5.66792445413,5.66792445413,5.667924454129,5.667924454129,4.39468893094,5.66792445414,4.66901894414,5.66792445404,5.66792445404,5.33811154901,5.66792445401,5.66792445384,5.35480867,5.667924454,5.667924454,5.66792445399,5.66792445399,5.0546807501,5.66792445444,5.28194805864,5.66792445424,5.66792445424,3.21074816314,4.7695098729,4.1708447572,5.66792445358,5.66792445354,5.66792445354,5.66792445354,5.6679244543,5.6679244543,5.66792445434,4.4871004958,4.4147960164,5.6679244544,5.6679244539,3.9325161225,5.6679244543,5.6679244543,5.66792445419,5.66792445419,5.66792445421,5.6679244542,5.66792445444,5.66792445444,5.66792445444,5.37741823594,5.66792445434,5.66792445404,5.66792445444,5.66792445444,5.28417488764,5.66792445494,3.606962731,4.12820928106,5.38090313955,7.40041393,7.40041392977,7.40041392977,7.19331730068,7.40041392977,6.2274258539,6.0853925537,7.40041392949,7.40041392979,7.37458583127,7.40041392968,7.40041392968,7.40041392969,7.40041392959,7.40041392959,7.4004139301,7.40041392988,7.40041392988,7.40041392988,7.40041392931,7.40041392931,7.40041392935,7.40041392985,6.3002425526,7.3797208649,7.4004139299,7.40041392948,7.40041392948,4.5717887124
"t5",5.54233560469,6.87474295414,4.62016718724,2.07025071394,0,4.7694027724,4.7694027721,4.76940277276,4.76940277276,4.76940277243,4.76940277243,4.5414709431,4.5389635096,4.7694027724,4.7694027725,4.7694027725,4.7694027728,4.7694027728,4.7694027728,1.6285881165,6.685995964,6.68599596384,6.68599596384,6.68599596387,6.68599596387,6.6859959638,6.685995964386,6.685995964186,6.685995964286,6.685995964286,6.685995964286,6.68599596409,6.68599596409,6.68599596409,6.48294028463,6.68599596407,6.68599596407,6.68599596408,6.68599596408,6.6859959641,6.1819997714,6.6859959645,6.6859959644,6.68599596434,6.68599596434,6.6859959648,6.68599596487,6.68599596487,6.0356437017,4.0138964141,6.6859959646,6.68599596459,6.68599596459,6.685995964589,6.685995964589,5.4127604414,6.6859959646,5.6870904546,6.6859959645,6.6859959645,6.35618305947,6.68599596447,6.6859959643,6.37288018046,6.68599596446,6.68599596446,6.68599596445,6.68599596445,6.07275226056,6.6859959649,6.3000195691,6.6859959647,6.6859959647,4.2288196736,5.78758138336,5.18891626766,6.68599596404,6.685995964,6.685995964,6.685995964,6.68599596476,6.68599596476,6.6859959648,5.50517200626,5.43286752686,6.68599596486,6.68599596436,4.95058763296,6.68599596476,6.68599596476,6.68599596465,6.68599596465,6.68599596467,6.68599596466,6.6859959649,6.6859959649,6.6859959649,6.3954897464,6.6859959648,6.6859959645,6.6859959649,6.6859959649,6.3022463981,6.6859959654,4.68553062354,5.2067771736,6.45947103209,8.47898182254,8.47898182231,8.47898182231,8.27188519322,8.47898182231,7.30599374644,7.16396044624,8.47898182203,8.47898182233,8.45315372381,8.47898182222,8.47898182222,8.47898182223,8.47898182213,8.47898182213,8.47898182264,8.47898182242,8.47898182242,8.47898182242,8.47898182185,8.47898182185,8.47898182189,8.47898182239,7.37881044514,8.45828875744,8.47898182244,8.47898182202,8.47898182202,5.65035660494
"t14",9.14000934409,10.47241669354,8.21784092664,5.66792445334,4.7694027724,0,4.5081691917,4.50816919236,4.50816919236,4.50816919203,4.50816919203,4.2802373627,4.2777299292,4.508169192,4.5081691921,4.5081691921,4.5081691924,4.5081691924,4.5081691924,3.7652398101,10.2836697034,10.28366970324,10.28366970324,10.28366970327,10.28366970327,10.2836697032,10.283669703786,10.283669703586,10.283669703686,10.283669703686,10.283669703686,10.28366970349,10.28366970349,10.28366970349,10.08061402403,10.28366970347,10.28366970347,10.28366970348,10.28366970348,10.2836697035,9.7796735108,10.2836697039,10.2836697038,10.28366970374,10.28366970374,10.2836697042,10.28366970427,10.28366970427,9.6333174411,7.6115701535,10.283669704,10.28366970399,10.28366970399,10.283669703989,10.283669703989,9.0104341808,10.283669704,9.284764194,10.2836697039,10.2836697039,9.95385679887,10.28366970387,10.2836697037,9.97055391986,10.28366970386,10.28366970386,10.28366970385,10.28366970385,9.67042599996,10.2836697043,9.8976933085,10.2836697041,10.2836697041,7.826493413,9.38525512276,8.78659000706,10.28366970344,10.2836697034,10.2836697034,10.2836697034,10.28366970416,10.28366970416,10.2836697042,9.10284574566,9.03054126626,10.28366970426,10.28366970376,8.54826137236,10.28366970416,10.28366970416,10.28366970405,10.28366970405,10.28366970407,10.28366970406,10.2836697043,10.2836697043,10.2836697043,9.9931634858,10.2836697042,10.2836697039,10.2836697043,10.2836697043,9.8999201375,10.2836697048,8.28320436294,8.804450913,10.05714477149,12.07665556194,12.07665556171,12.07665556171,11.86955893262,12.07665556171,10.90366748584,10.76163418564,12.07665556143,12.07665556173,12.05082746321,12.07665556162,12.07665556162,12.07665556163,12.07665556153,12.07665556153,12.07665556204,12.07665556182,12.07665556182,12.07665556182,12.07665556125,12.07665556125,12.07665556129,12.07665556179,10.97648418454,12.05596249684,12.07665556184,12.07665556142,12.07665556142,9.24803034434
"t37",9.14000934379,10.47241669324,8.21784092634,5.66792445304,4.7694027721,4.5081691917,0,2.63536020066,2.63536020066,3.00582415853,3.00582415853,2.7778923292,2.7753848957,3.0058241585,3.5307665342,3.5307665342,3.5307665345,3.6334661797,3.6334661797,3.7652398098,10.2836697031,10.28366970294,10.28366970294,10.28366970297,10.28366970297,10.2836697029,10.283669703486,10.283669703286,10.283669703386,10.283669703386,10.283669703386,10.28366970319,10.28366970319,10.28366970319,10.08061402373,10.28366970317,10.28366970317,10.28366970318,10.28366970318,10.2836697032,9.7796735105,10.2836697036,10.2836697035,10.28366970344,10.28366970344,10.2836697039,10.28366970397,10.28366970397,9.6333174408,7.6115701532,10.2836697037,10.28366970369,10.28366970369,10.283669703689,10.283669703689,9.0104341805,10.2836697037,9.2847641937,10.2836697036,10.2836697036,9.95385679857,10.28366970357,10.2836697034,9.97055391956,10.28366970356,10.28366970356,10.28366970355,10.28366970355,9.67042599966,10.283669704,9.8976933082,10.2836697038,10.2836697038,7.8264934127,9.38525512246,8.78659000676,10.28366970314,10.2836697031,10.2836697031,10.2836697031,10.28366970386,10.28366970386,10.2836697039,9.10284574536,9.03054126596,10.28366970396,10.28366970346,8.54826137206,10.28366970386,10.28366970386,10.28366970375,10.28366970375,10.28366970377,10.28366970376,10.283669704,10.283669704,10.283669704,9.9931634855,10.2836697039,10.2836697036,10.283669704,10.283669704,9.8999201372,10.2836697045,8.28320436264,8.8044509127,10.05714477119,12.07665556164,12.07665556141,12.07665556141,11.86955893232,12.07665556141,10.90366748554,10.76163418534,12.07665556113,12.07665556143,12.05082746291,12.07665556132,12.07665556132,12.07665556133,12.07665556123,12.07665556123,12.07665556174,12.07665556152,12.07665556152,12.07665556152,12.07665556095,12.07665556095,12.07665556099,12.07665556149,10.97648418424,12.05596249654,12.07665556154,12.07665556112,12.07665556112,9.24803034404
"t110",9.14000934445,10.4724166939,8.217840927,5.6679244537,4.76940277276,4.50816919236,2.63536020066,0,0.19266441132,3.00582415919,3.00582415919,2.77789232986,2.77538489636,3.00582415916,3.53076653486,3.53076653486,3.53076653516,3.63346618036,3.63346618036,3.76523981046,10.28366970376,10.2836697036,10.2836697036,10.28366970363,10.28366970363,10.28366970356,10.283669704146,10.283669703946,10.283669704046,10.283669704046,10.283669704046,10.28366970385,10.28366970385,10.28366970385,10.08061402439,10.28366970383,10.28366970383,10.28366970384,10.28366970384,10.28366970386,9.77967351116,10.28366970426,10.28366970416,10.2836697041,10.2836697041,10.28366970456,10.28366970463,10.28366970463,9.63331744146,7.61157015386,10.28366970436,10.28366970435,10.28366970435,10.283669704349,10.283669704349,9.01043418116,10.28366970436,9.28476419436,10.28366970426,10.28366970426,9.95385679923,10.28366970423,10.28366970406,9.97055392022,10.28366970422,10.28366970422,10.28366970421,10.28366970421,9.67042600032,10.28366970466,9.89769330886,10.28366970446,10.28366970446,7.82649341336,9.38525512312,8.78659000742,10.2836697038,10.28366970376,10.28366970376,10.28366970376,10.28366970452,10.28366970452,10.28366970456,9.10284574602,9.03054126662,10.28366970462,10.28366970412,8.54826137272,10.28366970452,10.28366970452,10.28366970441,10.28366970441,10.28366970443,10.28366970442,10.28366970466,10.28366970466,10.28366970466,9.99316348616,10.28366970456,10.28366970426,10.28366970466,10.28366970466,9.89992013786,10.28366970516,8.2832043633,8.80445091336,10.05714477185,12.0766555623,12.07665556207,12.07665556207,11.86955893298,12.07665556207,10.9036674862,10.761634186,12.07665556179,12.07665556209,12.05082746357,12.07665556198,12.07665556198,12.07665556199,12.07665556189,12.07665556189,12.0766555624,12.07665556218,12.07665556218,12.07665556218,12.07665556161,12.07665556161,12.07665556165,12.07665556215,10.9764841849,12.0559624972,12.0766555622,12.07665556178,12.07665556178,9.2480303447
"t111",9.14000934445,10.4724166939,8.217840927,5.6679244537,4.76940277276,4.50816919236,2.63536020066,0.19266441132,0,3.00582415919,3.00582415919,2.77789232986,2.77538489636,3.00582415916,3.53076653486,3.53076653486,3.53076653516,3.63346618036,3.63346618036,3.76523981046,10.28366970376,10.2836697036,10.2836697036,10.28366970363,10.28366970363,10.28366970356,10.283669704146,10.283669703946,10.283669704046,10.283669704046,10.283669704046,10.28366970385,10.28366970385,10.28366970385,10.08061402439,10.28366970383,10.28366970383,10.28366970384,10.28366970384,10.28366970386,9.77967351116,10.28366970426,10.28366970416,10.2836697041,10.2836697041,10.28366970456,10.28366970463,10.28366970463,9.63331744146,7.61157015386,10.28366970436,10.28366970435,10.28366970435,10.283669704349,10.283669704349,9.01043418116,10.28366970436,9.28476419436,10.28366970426,10.28366970426,9.95385679923,10.28366970423,10.28366970406,9.97055392022,10.28366970422,10.28366970422,10.28366970421,10.28366970421,9.67042600032,10.28366970466,9.89769330886,10.28366970446,10.28366970446,7.82649341336,9.38525512312,8.78659000742,10.2836697038,10.28366970376,10.28366970376,10.28366970376,10.28366970452,10.28366970452,10.28366970456,9.10284574602,9.03054126662,10.28366970462,10.28366970412,8.54826137272,10.28366970452,10.28366970452,10.28366970441,10.28366970441,10.28366970443,10.28366970442,10.28366970466,10.28366970466,10.28366970466,9.99316348616,10.28366970456,10.28366970426,10.28366970466,10.28366970466,9.89992013786,10.28366970516,8.2832043633,8.80445091336,10.05714477185,12.0766555623,12.07665556207,12.07665556207,11.86955893298,12.07665556207,10.9036674862,10.761634186,12.07665556179,12.07665556209,12.05082746357,12.07665556198,12.07665556198,12.07665556199,12.07665556189,12.07665556189,12.0766555624,12.07665556218,12.07665556218,12.07665556218,12.07665556161,12.07665556161,12.07665556165,12.07665556215,10.9764841849,12.0559624972,12.0766555622,12.07665556178,12.07665556178,9.2480303447
"t116",9.14000934412,10.47241669357,8.21784092667,5.66792445337,4.76940277243,4.50816919203,3.00582415853,3.00582415919,3.00582415919,0,0.14211503566,1.33085715613,2.23289016403,2.46332942683,3.53076653453,3.53076653453,3.53076653483,3.63346618003,3.63346618003,3.76523981013,10.28366970343,10.28366970327,10.28366970327,10.2836697033,10.2836697033,10.28366970323,10.283669703816,10.283669703616,10.283669703716,10.283669703716,10.283669703716,10.28366970352,10.28366970352,10.28366970352,10.08061402406,10.2836697035,10.2836697035,10.28366970351,10.28366970351,10.28366970353,9.77967351083,10.28366970393,10.28366970383,10.28366970377,10.28366970377,10.28366970423,10.2836697043,10.2836697043,9.63331744113,7.61157015353,10.28366970403,10.28366970402,10.28366970402,10.283669704019,10.283669704019,9.01043418083,10.28366970403,9.28476419403,10.28366970393,10.28366970393,9.9538567989,10.2836697039,10.28366970373,9.97055391989,10.28366970389,10.28366970389,10.28366970388,10.28366970388,9.67042599999,10.28366970433,9.89769330853,10.28366970413,10.28366970413,7.82649341303,9.38525512279,8.78659000709,10.28366970347,10.28366970343,10.28366970343,10.28366970343,10.28366970419,10.28366970419,10.28366970423,9.10284574569,9.03054126629,10.28366970429,10.28366970379,8.54826137239,10.28366970419,10.28366970419,10.28366970408,10.28366970408,10.2836697041,10.28366970409,10.28366970433,10.28366970433,10.28366970433,9.99316348583,10.28366970423,10.28366970393,10.28366970433,10.28366970433,9.89992013753,10.28366970483,8.28320436297,8.80445091303,10.05714477152,12.07665556197,12.07665556174,12.07665556174,11.86955893265,12.07665556174,10.90366748587,10.76163418567,12.07665556146,12.07665556176,12.05082746324,12.07665556165,12.07665556165,12.07665556166,12.07665556156,12.07665556156,12.07665556207,12.07665556185,12.07665556185,12.07665556185,12.07665556128,12.07665556128,12.07665556132,12.07665556182,10.97648418457,12.05596249687,12.07665556187,12.07665556145,12.07665556145,9.24803034437
"t117",9.14000934412,10.47241669357,8.21784092667,5.66792445337,4.76940277243,4.50816919203,3.00582415853,3.00582415919,3.00582415919,0.14211503566,0,1.33085715613,2.23289016403,2.46332942683,3.53076653453,3.53076653453,3.53076653483,3.63346618003,3.63346618003,3.76523981013,10.28366970343,10.28366970327,10.28366970327,10.2836697033,10.2836697033,10.28366970323,10.283669703816,10.283669703616,10.283669703716,10.283669703716,10.283669703716,10.28366970352,10.28366970352,10.28366970352,10.08061402406,10.2836697035,10.2836697035,10.28366970351,10.28366970351,10.28366970353,9.77967351083,10.28366970393,10.28366970383,10.28366970377,10.28366970377,10.28366970423,10.2836697043,10.2836697043,9.63331744113,7.61157015353,10.28366970403,10.28366970402,10.28366970402,10.283669704019,10.283669704019,9.01043418083,10.28366970403,9.28476419403,10.28366970393,10.28366970393,9.9538567989,10.2836697039,10.28366970373,9.97055391989,10.28366970389,10.28366970389,10.28366970388,10.28366970388,9.67042599999,10.28366970433,9.89769330853,10.28366970413,10.28366970413,7.82649341303,9.38525512279,8.78659000709,10.28366970347,10.28366970343,10.28366970343,10.28366970343,10.28366970419,10.28366970419,10.28366970423,9.10284574569,9.03054126629,10.28366970429,10.28366970379,8.54826137239,10.28366970419,10.28366970419,10.28366970408,10.28366970408,10.2836697041,10.28366970409,10.28366970433,10.28366970433,10.28366970433,9.99316348583,10.28366970423,10.28366970393,10.28366970433,10.28366970433,9.89992013753,10.28366970483,8.28320436297,8.80445091303,10.05714477152,12.07665556197,12.07665556174,12.07665556174,11.86955893265,12.07665556174,10.90366748587,10.76163418567,12.07665556146,12.07665556176,12.05082746324,12.07665556165,12.07665556165,12.07665556166,12.07665556156,12.07665556156,12.07665556207,12.07665556185,12.07665556185,12.07665556185,12.07665556128,12.07665556128,12.07665556132,12.07665556182,10.97648418457,12.05596249687,12.07665556187,12.07665556145,12.07665556145,9.24803034437
"t50",8.91207751479,10.24448486424,7.98990909734,5.43999262404,4.5414709431,4.2802373627,2.7778923292,2.77789232986,2.77789232986,1.33085715613,1.33085715613,0,2.0049583347,2.2353975975,3.3028347052,3.3028347052,3.3028347055,3.4055343507,3.4055343507,3.5373079808,10.0557378741,10.05573787394,10.05573787394,10.05573787397,10.05573787397,10.0557378739,10.055737874486,10.055737874286,10.055737874386,10.055737874386,10.055737874386,10.05573787419,10.05573787419,10.05573787419,9.85268219473,10.05573787417,10.05573787417,10.05573787418,10.05573787418,10.0557378742,9.5517416815,10.0557378746,10.0557378745,10.05573787444,10.05573787444,10.0557378749,10.05573787497,10.05573787497,9.4053856118,7.3836383242,10.0557378747,10.05573787469,10.05573787469,10.055737874689,10.055737874689,8.7825023515,10.0557378747,9.0568323647,10.0557378746,10.0557378746,9.72592496957,10.05573787457,10.0557378744,9.74262209056,10.05573787456,10.05573787456,10.05573787455,10.05573787455,9.44249417066,10.055737875,9.6697614792,10.0557378748,10.0557378748,7.5985615837,9.15732329346,8.55865817776,10.05573787414,10.0557378741,10.0557378741,10.0557378741,10.05573787486,10.05573787486,10.0557378749,8.87491391636,8.80260943696,10.05573787496,10.05573787446,8.32032954306,10.05573787486,10.05573787486,10.05573787475,10.05573787475,10.05573787477,10.05573787476,10.055737875,10.055737875,10.055737875,9.7652316565,10.0557378749,10.0557378746,10.055737875,10.055737875,9.6719883082,10.0557378755,8.05527253364,8.5765190837,9.82921294219,11.84872373264,11.84872373241,11.84872373241,11.64162710332,11.84872373241,10.67573565654,10.53370235634,11.84872373213,11.84872373243,11.82289563391,11.84872373232,11.84872373232,11.84872373233,11.84872373223,11.84872373223,11.84872373274,11.84872373252,11.84872373252,11.84872373252,11.84872373195,11.84872373195,11.84872373199,11.84872373249,10.74855235524,11.82803066754,11.84872373254,11.84872373212,11.84872373212,9.02009851504
"t55",8.90957008129,10.24197743074,7.98740166384,5.43748519054,4.5389635096,4.2777299292,2.7753848957,2.77538489636,2.77538489636,2.23289016403,2.23289016403,2.0049583347,0,1.2359953912,3.3003272717,3.3003272717,3.300327272,3.4030269172,3.4030269172,3.5348005473,10.0532304406,10.05323044044,10.05323044044,10.05323044047,10.05323044047,10.0532304404,10.053230440986,10.053230440786,10.053230440886,10.053230440886,10.053230440886,10.05323044069,10.05323044069,10.05323044069,9.85017476123,10.05323044067,10.05323044067,10.05323044068,10.05323044068,10.0532304407,9.549234248,10.0532304411,10.053230441,10.05323044094,10.05323044094,10.0532304414,10.05323044147,10.05323044147,9.4028781783,7.3811308907,10.0532304412,10.05323044119,10.05323044119,10.053230441189,10.053230441189,8.779994918,10.0532304412,9.0543249312,10.0532304411,10.0532304411,9.72341753607,10.05323044107,10.0532304409,9.74011465706,10.05323044106,10.05323044106,10.05323044105,10.05323044105,9.43998673716,10.0532304415,9.6672540457,10.0532304413,10.0532304413,7.5960541502,9.15481585996,8.55615074426,10.05323044064,10.0532304406,10.0532304406,10.0532304406,10.05323044136,10.05323044136,10.0532304414,8.87240648286,8.80010200346,10.05323044146,10.05323044096,8.31782210956,10.05323044136,10.05323044136,10.05323044125,10.05323044125,10.05323044127,10.05323044126,10.0532304415,10.0532304415,10.0532304415,9.762724223,10.0532304414,10.0532304411,10.0532304415,10.0532304415,9.6694808747,10.053230442,8.05276510014,8.5740116502,9.82670550869,11.84621629914,11.84621629891,11.84621629891,11.63911966982,11.84621629891,10.67322822304,10.53119492284,11.84621629863,11.84621629893,11.82038820041,11.84621629882,11.84621629882,11.84621629883,11.84621629873,11.84621629873,11.84621629924,11.84621629902,11.84621629902,11.84621629902,11.84621629845,11.84621629845,11.84621629849,11.84621629899,10.74604492174,11.82552323404,11.84621629904,11.84621629862,11.84621629862,9.01759108154
"t56",9.14000934409,10.47241669354,8.21784092664,5.66792445334,4.7694027724,4.508169192,3.0058241585,3.00582415916,3.00582415916,2.46332942683,2.46332942683,2.2353975975,1.2359953912,0,3.5307665345,3.5307665345,3.5307665348,3.63346618,3.63346618,3.7652398101,10.2836697034,10.28366970324,10.28366970324,10.28366970327,10.28366970327,10.2836697032,10.283669703786,10.283669703586,10.283669703686,10.283669703686,10.283669703686,10.28366970349,10.28366970349,10.28366970349,10.08061402403,10.28366970347,10.28366970347,10.28366970348,10.28366970348,10.2836697035,9.7796735108,10.2836697039,10.2836697038,10.28366970374,10.28366970374,10.2836697042,10.28366970427,10.28366970427,9.6333174411,7.6115701535,10.283669704,10.28366970399,10.28366970399,10.283669703989,10.283669703989,9.0104341808,10.283669704,9.284764194,10.2836697039,10.2836697039,9.95385679887,10.28366970387,10.2836697037,9.97055391986,10.28366970386,10.28366970386,10.28366970385,10.28366970385,9.67042599996,10.2836697043,9.8976933085,10.2836697041,10.2836697041,7.826493413,9.38525512276,8.78659000706,10.28366970344,10.2836697034,10.2836697034,10.2836697034,10.28366970416,10.28366970416,10.2836697042,9.10284574566,9.03054126626,10.28366970426,10.28366970376,8.54826137236,10.28366970416,10.28366970416,10.28366970405,10.28366970405,10.28366970407,10.28366970406,10.2836697043,10.2836697043,10.2836697043,9.9931634858,10.2836697042,10.2836697039,10.2836697043,10.2836697043,9.8999201375,10.2836697048,8.28320436294,8.804450913,10.05714477149,12.07665556194,12.07665556171,12.07665556171,11.86955893262,12.07665556171,10.90366748584,10.76163418564,12.07665556143,12.07665556173,12.05082746321,12.07665556162,12.07665556162,12.07665556163,12.07665556153,12.07665556153,12.07665556204,12.07665556182,12.07665556182,12.07665556182,12.07665556125,12.07665556125,12.07665556129,12.07665556179,10.97648418454,12.05596249684,12.07665556184,12.07665556142,12.07665556142,9.24803034434
"t65",9.14000934419,10.47241669364,8.21784092674,5.66792445344,4.7694027725,4.5081691921,3.5307665342,3.53076653486,3.53076653486,3.53076653453,3.53076653453,3.3028347052,3.3003272717,3.5307665345,0,1.063779977,2.4879346197,3.6334661801,3.6334661801,3.7652398102,10.2836697035,10.28366970334,10.28366970334,10.28366970337,10.28366970337,10.2836697033,10.283669703886,10.283669703686,10.283669703786,10.283669703786,10.283669703786,10.28366970359,10.28366970359,10.28366970359,10.08061402413,10.28366970357,10.28366970357,10.28366970358,10.28366970358,10.2836697036,9.7796735109,10.283669704,10.2836697039,10.28366970384,10.28366970384,10.2836697043,10.28366970437,10.28366970437,9.6333174412,7.6115701536,10.2836697041,10.28366970409,10.28366970409,10.283669704089,10.283669704089,9.0104341809,10.2836697041,9.2847641941,10.283669704,10.283669704,9.95385679897,10.28366970397,10.2836697038,9.97055391996,10.28366970396,10.28366970396,10.28366970395,10.28366970395,9.67042600006,10.2836697044,9.8976933086,10.2836697042,10.2836697042,7.8264934131,9.38525512286,8.78659000716,10.28366970354,10.2836697035,10.2836697035,10.2836697035,10.28366970426,10.28366970426,10.2836697043,9.10284574576,9.03054126636,10.28366970436,10.28366970386,8.54826137246,10.28366970426,10.28366970426,10.28366970415,10.28366970415,10.28366970417,10.28366970416,10.2836697044,10.2836697044,10.2836697044,9.9931634859,10.2836697043,10.283669704,10.2836697044,10.2836697044,9.8999201376,10.2836697049,8.28320436304,8.8044509131,10.05714477159,12.07665556204,12.07665556181,12.07665556181,11.86955893272,12.07665556181,10.90366748594,10.76163418574,12.07665556153,12.07665556183,12.05082746331,12.07665556172,12.07665556172,12.07665556173,12.07665556163,12.07665556163,12.07665556214,12.07665556192,12.07665556192,12.07665556192,12.07665556135,12.07665556135,12.07665556139,12.07665556189,10.97648418464,12.05596249694,12.07665556194,12.07665556152,12.07665556152,9.24803034444
"t66",9.14000934419,10.47241669364,8.21784092674,5.66792445344,4.7694027725,4.5081691921,3.5307665342,3.53076653486,3.53076653486,3.53076653453,3.53076653453,3.3028347052,3.3003272717,3.5307665345,1.063779977,0,2.4879346197,3.6334661801,3.6334661801,3.7652398102,10.2836697035,10.28366970334,10.28366970334,10.28366970337,10.28366970337,10.2836697033,10.283669703886,10.283669703686,10.283669703786,10.283669703786,10.283669703786,10.28366970359,10.28366970359,10.28366970359,10.08061402413,10.28366970357,10.28366970357,10.28366970358,10.28366970358,10.2836697036,9.7796735109,10.283669704,10.2836697039,10.28366970384,10.28366970384,10.2836697043,10.28366970437,10.28366970437,9.6333174412,7.6115701536,10.2836697041,10.28366970409,10.28366970409,10.283669704089,10.283669704089,9.0104341809,10.2836697041,9.2847641941,10.283669704,10.283669704,9.95385679897,10.28366970397,10.2836697038,9.97055391996,10.28366970396,10.28366970396,10.28366970395,10.28366970395,9.67042600006,10.2836697044,9.8976933086,10.2836697042,10.2836697042,7.8264934131,9.38525512286,8.78659000716,10.28366970354,10.2836697035,10.2836697035,10.2836697035,10.28366970426,10.28366970426,10.2836697043,9.10284574576,9.03054126636,10.28366970436,10.28366970386,8.54826137246,10.28366970426,10.28366970426,10.28366970415,10.28366970415,10.28366970417,10.28366970416,10.2836697044,10.2836697044,10.2836697044,9.9931634859,10.2836697043,10.283669704,10.2836697044,10.2836697044,9.8999201376,10.2836697049,8.28320436304,8.8044509131,10.05714477159,12.07665556204,12.07665556181,12.07665556181,11.86955893272,12.07665556181,10.90366748594,10.76163418574,12.07665556153,12.07665556183,12.05082746331,12.07665556172,12.07665556172,12.07665556173,12.07665556163,12.07665556163,12.07665556214,12.07665556192,12.07665556192,12.07665556192,12.07665556135,12.07665556135,12.07665556139,12.07665556189,10.97648418464,12.05596249694,12.07665556194,12.07665556152,12.07665556152,9.24803034444
"t39",9.14000934449,10.47241669394,8.21784092704,5.66792445374,4.7694027728,4.5081691924,3.5307665345,3.53076653516,3.53076653516,3.53076653483,3.53076653483,3.3028347055,3.300327272,3.5307665348,2.4879346197,2.4879346197,0,3.6334661804,3.6334661804,3.7652398105,10.2836697038,10.28366970364,10.28366970364,10.28366970367,10.28366970367,10.2836697036,10.283669704186,10.283669703986,10.283669704086,10.283669704086,10.283669704086,10.28366970389,10.28366970389,10.28366970389,10.08061402443,10.28366970387,10.28366970387,10.28366970388,10.28366970388,10.2836697039,9.7796735112,10.2836697043,10.2836697042,10.28366970414,10.28366970414,10.2836697046,10.28366970467,10.28366970467,9.6333174415,7.6115701539,10.2836697044,10.28366970439,10.28366970439,10.283669704389,10.283669704389,9.0104341812,10.2836697044,9.2847641944,10.2836697043,10.2836697043,9.95385679927,10.28366970427,10.2836697041,9.97055392026,10.28366970426,10.28366970426,10.28366970425,10.28366970425,9.67042600036,10.2836697047,9.8976933089,10.2836697045,10.2836697045,7.8264934134,9.38525512316,8.78659000746,10.28366970384,10.2836697038,10.2836697038,10.2836697038,10.28366970456,10.28366970456,10.2836697046,9.10284574606,9.03054126666,10.28366970466,10.28366970416,8.54826137276,10.28366970456,10.28366970456,10.28366970445,10.28366970445,10.28366970447,10.28366970446,10.2836697047,10.2836697047,10.2836697047,9.9931634862,10.2836697046,10.2836697043,10.2836697047,10.2836697047,9.8999201379,10.2836697052,8.28320436334,8.8044509134,10.05714477189,12.07665556234,12.07665556211,12.07665556211,11.86955893302,12.07665556211,10.90366748624,10.76163418604,12.07665556183,12.07665556213,12.05082746361,12.07665556202,12.07665556202,12.07665556203,12.07665556193,12.07665556193,12.07665556244,12.07665556222,12.07665556222,12.07665556222,12.07665556165,12.07665556165,12.07665556169,12.07665556219,10.97648418494,12.05596249724,12.07665556224,12.07665556182,12.07665556182,9.24803034474
"t101",9.14000934449,10.47241669394,8.21784092704,5.66792445374,4.7694027728,4.5081691924,3.6334661797,3.63346618036,3.63346618036,3.63346618003,3.63346618003,3.4055343507,3.4030269172,3.63346618,3.6334661801,3.6334661801,3.6334661804,0,0.2641602704,3.7652398105,10.2836697038,10.28366970364,10.28366970364,10.28366970367,10.28366970367,10.2836697036,10.283669704186,10.283669703986,10.283669704086,10.283669704086,10.283669704086,10.28366970389,10.28366970389,10.28366970389,10.08061402443,10.28366970387,10.28366970387,10.28366970388,10.28366970388,10.2836697039,9.7796735112,10.2836697043,10.2836697042,10.28366970414,10.28366970414,10.2836697046,10.28366970467,10.28366970467,9.6333174415,7.6115701539,10.2836697044,10.28366970439,10.28366970439,10.283669704389,10.283669704389,9.0104341812,10.2836697044,9.2847641944,10.2836697043,10.2836697043,9.95385679927,10.28366970427,10.2836697041,9.97055392026,10.28366970426,10.28366970426,10.28366970425,10.28366970425,9.67042600036,10.2836697047,9.8976933089,10.2836697045,10.2836697045,7.8264934134,9.38525512316,8.78659000746,10.28366970384,10.2836697038,10.2836697038,10.2836697038,10.28366970456,10.28366970456,10.2836697046,9.10284574606,9.03054126666,10.28366970466,10.28366970416,8.54826137276,10.28366970456,10.28366970456,10.28366970445,10.28366970445,10.28366970447,10.28366970446,10.2836697047,10.2836697047,10.2836697047,9.9931634862,10.2836697046,10.2836697043,10.2836697047,10.2836697047,9.8999201379,10.2836697052,8.28320436334,8.8044509134,10.05714477189,12.07665556234,12.07665556211,12.07665556211,11.86955893302,12.07665556211,10.90366748624,10.76163418604,12.07665556183,12.07665556213,12.05082746361,12.07665556202,12.07665556202,12.07665556203,12.07665556193,12.07665556193,12.07665556244,12.07665556222,12.07665556222,12.07665556222,12.07665556165,12.07665556165,12.07665556169,12.07665556219,10.97648418494,12.05596249724,12.07665556224,12.07665556182,12.07665556182,9.24803034474
"t102",9.14000934449,10.47241669394,8.21784092704,5.66792445374,4.7694027728,4.5081691924,3.6334661797,3.63346618036,3.63346618036,3.63346618003,3.63346618003,3.4055343507,3.4030269172,3.63346618,3.6334661801,3.6334661801,3.6334661804,0.2641602704,0,3.7652398105,10.2836697038,10.28366970364,10.28366970364,10.28366970367,10.28366970367,10.2836697036,10.283669704186,10.283669703986,10.283669704086,10.283669704086,10.283669704086,10.28366970389,10.28366970389,10.28366970389,10.08061402443,10.28366970387,10.28366970387,10.28366970388,10.28366970388,10.2836697039,9.7796735112,10.2836697043,10.2836697042,10.28366970414,10.28366970414,10.2836697046,10.28366970467,10.28366970467,9.6333174415,7.6115701539,10.2836697044,10.28366970439,10.28366970439,10.283669704389,10.283669704389,9.0104341812,10.2836697044,9.2847641944,10.2836697043,10.2836697043,9.95385679927,10.28366970427,10.2836697041,9.97055392026,10.28366970426,10.28366970426,10.28366970425,10.28366970425,9.67042600036,10.2836697047,9.8976933089,10.2836697045,10.2836697045,7.8264934134,9.38525512316,8.78659000746,10.28366970384,10.2836697038,10.2836697038,10.2836697038,10.28366970456,10.28366970456,10.2836697046,9.10284574606,9.03054126666,10.28366970466,10.28366970416,8.54826137276,10.28366970456,10.28366970456,10.28366970445,10.28366970445,10.28366970447,10.28366970446,10.2836697047,10.2836697047,10.2836697047,9.9931634862,10.2836697046,10.2836697043,10.2836697047,10.2836697047,9.8999201379,10.2836697052,8.28320436334,8.8044509134,10.05714477189,12.07665556234,12.07665556211,12.07665556211,11.86955893302,12.07665556211,10.90366748624,10.76163418604,12.07665556183,12.07665556213,12.05082746361,12.07665556202,12.07665556202,12.07665556203,12.07665556193,12.07665556193,12.07665556244,12.07665556222,12.07665556222,12.07665556222,12.07665556165,12.07665556165,12.07665556169,12.07665556219,10.97648418494,12.05596249724,12.07665556224,12.07665556182,12.07665556182,9.24803034474
"t8",5.99919468819,7.33160203764,5.07702627074,2.52710979744,1.6285881165,3.7652398101,3.7652398098,3.76523981046,3.76523981046,3.76523981013,3.76523981013,3.5373079808,3.5348005473,3.7652398101,3.7652398102,3.7652398102,3.7652398105,3.7652398105,3.7652398105,0,7.1428550475,7.14285504734,7.14285504734,7.14285504737,7.14285504737,7.1428550473,7.142855047886,7.142855047686,7.142855047786,7.142855047786,7.142855047786,7.14285504759,7.14285504759,7.14285504759,6.93979936813,7.14285504757,7.14285504757,7.14285504758,7.14285504758,7.1428550476,6.6388588549,7.142855048,7.1428550479,7.14285504784,7.14285504784,7.1428550483,7.14285504837,7.14285504837,6.4925027852,4.4707554976,7.1428550481,7.14285504809,7.14285504809,7.142855048089,7.142855048089,5.8696195249,7.1428550481,6.1439495381,7.142855048,7.142855048,6.81304214297,7.14285504797,7.1428550478,6.82973926396,7.14285504796,7.14285504796,7.14285504795,7.14285504795,6.52961134406,7.1428550484,6.7568786526,7.1428550482,7.1428550482,4.6856787571,6.24444046686,5.64577535116,7.14285504754,7.1428550475,7.1428550475,7.1428550475,7.14285504826,7.14285504826,7.1428550483,5.96203108976,5.88972661036,7.14285504836,7.14285504786,5.40744671646,7.14285504826,7.14285504826,7.14285504815,7.14285504815,7.14285504817,7.14285504816,7.1428550484,7.1428550484,7.1428550484,6.8523488299,7.1428550483,7.142855048,7.1428550484,7.1428550484,6.7591054816,7.1428550489,5.14238970704,5.6636362571,6.91633011559,8.93584090604,8.93584090581,8.93584090581,8.72874427672,8.93584090581,7.76285282994,7.62081952974,8.93584090553,8.93584090583,8.91001280731,8.93584090572,8.93584090572,8.93584090573,8.93584090563,8.93584090563,8.93584090614,8.93584090592,8.93584090592,8.93584090592,8.93584090535,8.93584090535,8.93584090539,8.93584090589,7.83566952864,8.91514784094,8.93584090594,8.93584090552,8.93584090552,6.10721568844
