"","t73","t74","t24","t29","t30","t91","t92","t51","t64","t86","t87","t67","t68","t12","t8","t46","t47","t25","t10","t56","t57","t83","t84","t20","t21","t54","t55","t4","t2","t13","t40","t41","t28","t58","t59","t60","t61","t44","t45","t19","t42","t43","t22","t32","t52","t53","t17","t5","t1","t97","t98","t38","t39","t75","t76","t99","t100","t88","t69","t70","t14","t95","t96","t85","t89","t90","t26","t3","t71","t72","t50","t31","t81","t82","t36","t37","t6","t11","t62","t63","t7","t23","t65","t66","t77","t78","t9","t79","t80","t48","t49","t27","t18","t15","t16","t93","t94","t35","t33","t34"
"t73",0,0.4428500852,1.9435397921,1.9435397921,1.9435397921,2.48601189829,2.48601189829,2.4860118982,2.4860118982544,2.4860118982544,2.4860118982544,2.48601189831,2.48601189831,2.67013667813,3.933105669343,3.933105669543,3.933105669543,3.933105669543,3.933105669043,3.933105669843,3.933105669843,3.933105669173,3.933105669173,3.933105669493,3.933105669493,3.933105669693,3.933105669693,3.933105669373,7.39956379393,7.39956379339,7.39956379369,7.39956379369,7.39956379359,7.3995637935466,7.3995637935466,7.3995637935,7.3995637935,7.39956379353,7.39956379353,7.39956379359,7.39956379363,7.39956379363,7.399563793609,7.399563793609,7.399563793509,7.399563793509,7.399563793809,7.399563794009,7.39956379313,7.39956379364,7.39956379364,7.39956379353,7.39956379353,7.39956379363,7.39956379363,7.3995637936189,7.3995637936189,7.39956379363,7.39956379383,7.39956379383,7.39956379413,7.39956379407,7.39956379407,7.39956379353,7.39956379352,7.39956379352,7.39956379353,7.39956379413,7.39956379393,7.39956379393,7.39956379393,7.39956379383,7.39956379383,7.39956379383,7.39956379413,7.39956379413,7.39956379433,7.39956379409,7.39956379379,7.39956379379,7.39956379343,7.39956379396,7.39956379396,7.39956379396,7.39956379393,7.39956379393,7.39956379393,7.39956379423,7.39956379423,7.39956379429,7.39956379429,7.39956379429,7.39956379389,7.39956379389,7.39956379389,7.39956379443,7.39956379443,7.39956379443,7.39956379423,7.39956379423
"t74",0.4428500852,0,1.9435397921,1.9435397921,1.9435397921,2.48601189829,2.48601189829,2.4860118982,2.4860118982544,2.4860118982544,2.4860118982544,2.48601189831,2.48601189831,2.67013667813,3.933105669343,3.933105669543,3.933105669543,3.933105669543,3.933105669043,3.933105669843,3.933105669843,3.933105669173,3.933105669173,3.933105669493,3.933105669493,3.933105669693,3.933105669693,3.933105669373,7.39956379393,7.39956379339,7.39956379369,7.39956379369,7.39956379359,7.3995637935466,7.3995637935466,7.3995637935,7.3995637935,7.39956379353,7.39956379353,7.39956379359,7.39956379363,7.39956379363,7.399563793609,7.399563793609,7.399563793509,7.399563793509,7.399563793809,7.399563794009,7.39956379313,7.39956379364,7.39956379364,7.39956379353,7.39956379353,7.39956379363,7.39956379363,7.3995637936189,7.3995637936189,7.39956379363,7.39956379383,7.39956379383,7.39956379413,7.39956379407,7.39956379407,7.39956379353,7.39956379352,7.39956379352,7.39956379353,7.39956379413,7.39956379393,7.39956379393,7.39956379393,7.39956379383,7.39956379383,7.39956379383,7.39956379413,7.39956379413,7.39956379433,7.39956379409,7.39956379379,7.39956379379,7.39956379343,7.39956379396,7.39956379396,7.39956379396,7.39956379393,7.39956379393,7.39956379393,7.39956379423,7.39956379423,7.39956379429,7.39956379429,7.39956379429,7.39956379389,7.39956379389,7.39956379389,7.39956379443,7.39956379443,7.39956379443,7.39956379423,7.39956379423
"t24",1.9435397921,1.9435397921,0,1.6656785628,1.6656785628,2.48601189839,2.48601189839,2.4860118983,2.4860118983544,2.4860118983544,2.4860118983544,2.48601189841,2.48601189841,2.67013667823,3.933105669443,3.933105669643,3.933105669643,3.933105669643,3.933105669143,3.933105669943,3.933105669943,3.933105669273,3.933105669273,3.933105669593,3.933105669593,3.933105669793,3.933105669793,3.933105669473,7.39956379403,7.39956379349,7.39956379379,7.39956379379,7.39956379369,7.3995637936466,7.3995637936466,7.3995637936,7.3995637936,7.39956379363,7.39956379363,7.39956379369,7.39956379373,7.39956379373,7.399563793709,7.399563793709,7.399563793609,7.399563793609,7.399563793909,7.399563794109,7.39956379323,7.39956379374,7.39956379374,7.39956379363,7.39956379363,7.39956379373,7.39956379373,7.3995637937189,7.3995637937189,7.39956379373,7.39956379393,7.39956379393,7.39956379423,7.39956379417,7.39956379417,7.39956379363,7.39956379362,7.39956379362,7.39956379363,7.39956379423,7.39956379403,7.39956379403,7.39956379403,7.39956379393,7.39956379393,7.39956379393,7.39956379423,7.39956379423,7.39956379443,7.39956379419,7.39956379389,7.39956379389,7.39956379353,7.39956379406,7.39956379406,7.39956379406,7.39956379403,7.39956379403,7.39956379403,7.39956379433,7.39956379433,7.39956379439,7.39956379439,7.39956379439,7.39956379399,7.39956379399,7.39956379399,7.39956379453,7.39956379453,7.39956379453,7.39956379433,7.39956379433
"t29",1.9435397921,1.9435397921,1.6656785628,0,1.3171340732,2.48601189839,2.48601189839,2.4860118983,2.4860118983544,2.4860118983544,2.4860118983544,2.48601189841,2.48601189841,2.67013667823,3.933105669443,3.933105669643,3.933105669643,3.933105669643,3.933105669143,3.933105669943,3.933105669943,3.933105669273,3.933105669273,3.933105669593,3.933105669593,3.933105669793,3.933105669793,3.933105669473,7.39956379403,7.39956379349,7.39956379379,7.39956379379,7.39956379369,7.3995637936466,7.3995637936466,7.3995637936,7.3995637936,7.39956379363,7.39956379363,7.39956379369,7.39956379373,7.39956379373,7.399563793709,7.399563793709,7.399563793609,7.399563793609,7.399563793909,7.399563794109,7.39956379323,7.39956379374,7.39956379374,7.39956379363,7.39956379363,7.39956379373,7.39956379373,7.3995637937189,7.3995637937189,7.39956379373,7.39956379393,7.39956379393,7.39956379423,7.39956379417,7.39956379417,7.39956379363,7.39956379362,7.39956379362,7.39956379363,7.39956379423,7.39956379403,7.39956379403,7.39956379403,7.39956379393,7.39956379393,7.39956379393,7.39956379423,7.39956379423,7.39956379443,7.39956379419,7.39956379389,7.39956379389,7.39956379353,7.39956379406,7.39956379406,7.39956379406,7.39956379403,7.39956379403,7.39956379403,7.39956379433,7.39956379433,7.39956379439,7.39956379439,7.39956379439,7.39956379399,7.39956379399,7.39956379399,7.39956379453,7.39956379453,7.39956379453,7.39956379433,7.39956379433
"t30",1.9435397921,1.9435397921,1.6656785628,1.3171340732,0,2.48601189839,2.48601189839,2.4860118983,2.4860118983544,2.4860118983544,2.4860118983544,2.48601189841,2.48601189841,2.67013667823,3.933105669443,3.933105669643,3.933105669643,3.933105669643,3.933105669143,3.933105669943,3.933105669943,3.933105669273,3.933105669273,3.933105669593,3.933105669593,3.933105669793,3.933105669793,3.933105669473,7.39956379403,7.39956379349,7.39956379379,7.39956379379,7.39956379369,7.3995637936466,7.3995637936466,7.3995637936,7.3995637936,7.39956379363,7.39956379363,7.39956379369,7.39956379373,7.39956379373,7.399563793709,7.399563793709,7.399563793609,7.399563793609,7.399563793909,7.399563794109,7.39956379323,7.39956379374,7.39956379374,7.39956379363,7.39956379363,7.39956379373,7.39956379373,7.3995637937189,7.3995637937189,7.39956379373,7.39956379393,7.39956379393,7.39956379423,7.39956379417,7.39956379417,7.39956379363,7.39956379362,7.39956379362,7.39956379363,7.39956379423,7.39956379403,7.39956379403,7.39956379403,7.39956379393,7.39956379393,7.39956379393,7.39956379423,7.39956379423,7.39956379443,7.39956379419,7.39956379389,7.39956379389,7.39956379353,7.39956379406,7.39956379406,7.39956379406,7.39956379403,7.39956379403,7.39956379403,7.39956379433,7.39956379433,7.39956379439,7.39956379439,7.39956379439,7.39956379399,7.39956379399,7.39956379399,7.39956379453,7.39956379453,7.39956379453,7.39956379433,7.39956379433
"t91",2.48601189829,2.48601189829,2.48601189839,2.48601189839,2.48601189839,0,0.13163757598,0.73878472209,1.2015521229444,1.2015521229444,1.2015521229444,1.201552123,1.201552123,2.67013667822,3.933105669433,3.933105669633,3.933105669633,3.933105669633,3.933105669133,3.933105669933,3.933105669933,3.933105669263,3.933105669263,3.933105669583,3.933105669583,3.933105669783,3.933105669783,3.933105669463,7.39956379402,7.39956379348,7.39956379378,7.39956379378,7.39956379368,7.3995637936366,7.3995637936366,7.39956379359,7.39956379359,7.39956379362,7.39956379362,7.39956379368,7.39956379372,7.39956379372,7.399563793699,7.399563793699,7.399563793599,7.399563793599,7.399563793899,7.399563794099,7.39956379322,7.39956379373,7.39956379373,7.39956379362,7.39956379362,7.39956379372,7.39956379372,7.3995637937089,7.3995637937089,7.39956379372,7.39956379392,7.39956379392,7.39956379422,7.39956379416,7.39956379416,7.39956379362,7.39956379361,7.39956379361,7.39956379362,7.39956379422,7.39956379402,7.39956379402,7.39956379402,7.39956379392,7.39956379392,7.39956379392,7.39956379422,7.39956379422,7.39956379442,7.39956379418,7.39956379388,7.39956379388,7.39956379352,7.39956379405,7.39956379405,7.39956379405,7.39956379402,7.39956379402,7.39956379402,7.39956379432,7.39956379432,7.39956379438,7.39956379438,7.39956379438,7.39956379398,7.39956379398,7.39956379398,7.39956379452,7.39956379452,7.39956379452,7.39956379432,7.39956379432
"t92",2.48601189829,2.48601189829,2.48601189839,2.48601189839,2.48601189839,0.13163757598,0,0.73878472209,1.2015521229444,1.2015521229444,1.2015521229444,1.201552123,1.201552123,2.67013667822,3.933105669433,3.933105669633,3.933105669633,3.933105669633,3.933105669133,3.933105669933,3.933105669933,3.933105669263,3.933105669263,3.933105669583,3.933105669583,3.933105669783,3.933105669783,3.933105669463,7.39956379402,7.39956379348,7.39956379378,7.39956379378,7.39956379368,7.3995637936366,7.3995637936366,7.39956379359,7.39956379359,7.39956379362,7.39956379362,7.39956379368,7.39956379372,7.39956379372,7.399563793699,7.399563793699,7.399563793599,7.399563793599,7.399563793899,7.399563794099,7.39956379322,7.39956379373,7.39956379373,7.39956379362,7.39956379362,7.39956379372,7.39956379372,7.3995637937089,7.3995637937089,7.39956379372,7.39956379392,7.39956379392,7.39956379422,7.39956379416,7.39956379416,7.39956379362,7.39956379361,7.39956379361,7.39956379362,7.39956379422,7.39956379402,7.39956379402,7.39956379402,7.39956379392,7.39956379392,7.39956379392,7.39956379422,7.39956379422,7.39956379442,7.39956379418,7.39956379388,7.39956379388,7.39956379352,7.39956379405,7.39956379405,7.39956379405,7.39956379402,7.39956379402,7.39956379402,7.39956379432,7.39956379432,7.39956379438,7.39956379438,7.39956379438,7.39956379398,7.39956379398,7.39956379398,7.39956379452,7.39956379452,7.39956379452,7.39956379432,7.39956379432
"t51",2.4860118982,2.4860118982,2.4860118983,2.4860118983,2.4860118983,0.73878472209,0.73878472209,0,1.2015521228544,1.2015521228544,1.2015521228544,1.20155212291,1.20155212291,2.67013667813,3.933105669343,3.933105669543,3.933105669543,3.933105669543,3.933105669043,3.933105669843,3.933105669843,3.933105669173,3.933105669173,3.933105669493,3.933105669493,3.933105669693,3.933105669693,3.933105669373,7.39956379393,7.39956379339,7.39956379369,7.39956379369,7.39956379359,7.3995637935466,7.3995637935466,7.3995637935,7.3995637935,7.39956379353,7.39956379353,7.39956379359,7.39956379363,7.39956379363,7.399563793609,7.399563793609,7.399563793509,7.399563793509,7.399563793809,7.399563794009,7.39956379313,7.39956379364,7.39956379364,7.39956379353,7.39956379353,7.39956379363,7.39956379363,7.3995637936189,7.3995637936189,7.39956379363,7.39956379383,7.39956379383,7.39956379413,7.39956379407,7.39956379407,7.39956379353,7.39956379352,7.39956379352,7.39956379353,7.39956379413,7.39956379393,7.39956379393,7.39956379393,7.39956379383,7.39956379383,7.39956379383,7.39956379413,7.39956379413,7.39956379433,7.39956379409,7.39956379379,7.39956379379,7.39956379343,7.39956379396,7.39956379396,7.39956379396,7.39956379393,7.39956379393,7.39956379393,7.39956379423,7.39956379423,7.39956379429,7.39956379429,7.39956379429,7.39956379389,7.39956379389,7.39956379389,7.39956379443,7.39956379443,7.39956379443,7.39956379423,7.39956379423
"t64",2.4860118982544,2.4860118982544,2.4860118983544,2.4860118983544,2.4860118983544,1.2015521229444,1.2015521229444,1.2015521228544,0,0.5574054282,0.5574054282,0.5576959225644,0.5576959225644,2.6701366781844,3.9331056693974,3.9331056695974,3.9331056695974,3.9331056695974,3.9331056690974,3.9331056698974,3.9331056698974,3.9331056692274,3.9331056692274,3.9331056695474,3.9331056695474,3.9331056697474,3.9331056697474,3.9331056694274,7.3995637939844,7.3995637934444,7.3995637937444,7.3995637937444,7.3995637936444,7.399563793601,7.399563793601,7.3995637935544,7.3995637935544,7.3995637935844,7.3995637935844,7.3995637936444,7.3995637936844,7.3995637936844,7.3995637936634,7.3995637936634,7.3995637935634,7.3995637935634,7.3995637938634,7.3995637940634,7.3995637931844,7.3995637936944,7.3995637936944,7.3995637935844,7.3995637935844,7.3995637936844,7.3995637936844,7.3995637936733,7.3995637936733,7.3995637936844,7.3995637938844,7.3995637938844,7.3995637941844,7.3995637941244,7.3995637941244,7.3995637935844,7.3995637935744,7.3995637935744,7.3995637935844,7.3995637941844,7.3995637939844,7.3995637939844,7.3995637939844,7.3995637938844,7.3995637938844,7.3995637938844,7.3995637941844,7.3995637941844,7.3995637943844,7.3995637941444,7.3995637938444,7.3995637938444,7.3995637934844,7.3995637940144,7.3995637940144,7.3995637940144,7.3995637939844,7.3995637939844,7.3995637939844,7.3995637942844,7.3995637942844,7.3995637943444,7.3995637943444,7.3995637943444,7.3995637939444,7.3995637939444,7.3995637939444,7.3995637944844,7.3995637944844,7.3995637944844,7.3995637942844,7.3995637942844
"t86",2.4860118982544,2.4860118982544,2.4860118983544,2.4860118983544,2.4860118983544,1.2015521229444,1.2015521229444,1.2015521228544,0.5574054282,0,0.2603835946,0.5576959225644,0.5576959225644,2.6701366781844,3.9331056693974,3.9331056695974,3.9331056695974,3.9331056695974,3.9331056690974,3.9331056698974,3.9331056698974,3.9331056692274,3.9331056692274,3.9331056695474,3.9331056695474,3.9331056697474,3.9331056697474,3.9331056694274,7.3995637939844,7.3995637934444,7.3995637937444,7.3995637937444,7.3995637936444,7.399563793601,7.399563793601,7.3995637935544,7.3995637935544,7.3995637935844,7.3995637935844,7.3995637936444,7.3995637936844,7.3995637936844,7.3995637936634,7.3995637936634,7.3995637935634,7.3995637935634,7.3995637938634,7.3995637940634,7.3995637931844,7.3995637936944,7.3995637936944,7.3995637935844,7.3995637935844,7.3995637936844,7.3995637936844,7.3995637936733,7.3995637936733,7.3995637936844,7.3995637938844,7.3995637938844,7.3995637941844,7.3995637941244,7.3995637941244,7.3995637935844,7.3995637935744,7.3995637935744,7.3995637935844,7.3995637941844,7.3995637939844,7.3995637939844,7.3995637939844,7.3995637938844,7.3995637938844,7.3995637938844,7.3995637941844,7.3995637941844,7.3995637943844,7.3995637941444,7.3995637938444,7.3995637938444,7.3995637934844,7.3995637940144,7.3995637940144,7.3995637940144,7.3995637939844,7.3995637939844,7.3995637939844,7.3995637942844,7.3995637942844,7.3995637943444,7.3995637943444,7.3995637943444,7.3995637939444,7.3995637939444,7.3995637939444,7.3995637944844,7.3995637944844,7.3995637944844,7.3995637942844,7.3995637942844
"t87",2.4860118982544,2.4860118982544,2.4860118983544,2.4860118983544,2.4860118983544,1.2015521229444,1.2015521229444,1.2015521228544,0.5574054282,0.2603835946,0,0.5576959225644,0.5576959225644,2.6701366781844,3.9331056693974,3.9331056695974,3.9331056695974,3.9331056695974,3.9331056690974,3.9331056698974,3.9331056698974,3.9331056692274,3.9331056692274,3.9331056695474,3.9331056695474,3.9331056697474,3.9331056697474,3.9331056694274,7.3995637939844,7.3995637934444,7.3995637937444,7.3995637937444,7.3995637936444,7.399563793601,7.399563793601,7.3995637935544,7.3995637935544,7.3995637935844,7.3995637935844,7.3995637936444,7.3995637936844,7.3995637936844,7.3995637936634,7.3995637936634,7.3995637935634,7.3995637935634,7.3995637938634,7.3995637940634,7.3995637931844,7.3995637936944,7.3995637936944,7.3995637935844,7.3995637935844,7.3995637936844,7.3995637936844,7.3995637936733,7.3995637936733,7.3995637936844,7.3995637938844,7.3995637938844,7.3995637941844,7.3995637941244,7.3995637941244,7.3995637935844,7.3995637935744,7.3995637935744,7.3995637935844,7.3995637941844,7.3995637939844,7.3995637939844,7.3995637939844,7.3995637938844,7.3995637938844,7.3995637938844,7.3995637941844,7.3995637941844,7.3995637943844,7.3995637941444,7.3995637938444,7.3995637938444,7.3995637934844,7.3995637940144,7.3995637940144,7.3995637940144,7.3995637939844,7.3995637939844,7.3995637939844,7.3995637942844,7.3995637942844,7.3995637943444,7.3995637943444,7.3995637943444,7.3995637939444,7.3995637939444,7.3995637939444,7.3995637944844,7.3995637944844,7.3995637944844,7.3995637942844,7.3995637942844
"t67",2.48601189831,2.48601189831,2.48601189841,2.48601189841,2.48601189841,1.201552123,1.201552123,1.20155212291,0.5576959225644,0.5576959225644,0.5576959225644,0,0.5035018648,2.67013667824,3.933105669453,3.933105669653,3.933105669653,3.933105669653,3.933105669153,3.933105669953,3.933105669953,3.933105669283,3.933105669283,3.933105669603,3.933105669603,3.933105669803,3.933105669803,3.933105669483,7.39956379404,7.3995637935,7.3995637938,7.3995637938,7.3995637937,7.3995637936566,7.3995637936566,7.39956379361,7.39956379361,7.39956379364,7.39956379364,7.3995637937,7.39956379374,7.39956379374,7.399563793719,7.399563793719,7.399563793619,7.399563793619,7.399563793919,7.399563794119,7.39956379324,7.39956379375,7.39956379375,7.39956379364,7.39956379364,7.39956379374,7.39956379374,7.3995637937289,7.3995637937289,7.39956379374,7.39956379394,7.39956379394,7.39956379424,7.39956379418,7.39956379418,7.39956379364,7.39956379363,7.39956379363,7.39956379364,7.39956379424,7.39956379404,7.39956379404,7.39956379404,7.39956379394,7.39956379394,7.39956379394,7.39956379424,7.39956379424,7.39956379444,7.3995637942,7.3995637939,7.3995637939,7.39956379354,7.39956379407,7.39956379407,7.39956379407,7.39956379404,7.39956379404,7.39956379404,7.39956379434,7.39956379434,7.3995637944,7.3995637944,7.3995637944,7.399563794,7.399563794,7.399563794,7.39956379454,7.39956379454,7.39956379454,7.39956379434,7.39956379434
"t68",2.48601189831,2.48601189831,2.48601189841,2.48601189841,2.48601189841,1.201552123,1.201552123,1.20155212291,0.5576959225644,0.5576959225644,0.5576959225644,0.5035018648,0,2.67013667824,3.933105669453,3.933105669653,3.933105669653,3.933105669653,3.933105669153,3.933105669953,3.933105669953,3.933105669283,3.933105669283,3.933105669603,3.933105669603,3.933105669803,3.933105669803,3.933105669483,7.39956379404,7.3995637935,7.3995637938,7.3995637938,7.3995637937,7.3995637936566,7.3995637936566,7.39956379361,7.39956379361,7.39956379364,7.39956379364,7.3995637937,7.39956379374,7.39956379374,7.399563793719,7.399563793719,7.399563793619,7.399563793619,7.399563793919,7.399563794119,7.39956379324,7.39956379375,7.39956379375,7.39956379364,7.39956379364,7.39956379374,7.39956379374,7.3995637937289,7.3995637937289,7.39956379374,7.39956379394,7.39956379394,7.39956379424,7.39956379418,7.39956379418,7.39956379364,7.39956379363,7.39956379363,7.39956379364,7.39956379424,7.39956379404,7.39956379404,7.39956379404,7.39956379394,7.39956379394,7.39956379394,7.39956379424,7.39956379424,7.39956379444,7.3995637942,7.3995637939,7.3995637939,7.39956379354,7.39956379407,7.39956379407,7.39956379407,7.39956379404,7.39956379404,7.39956379404,7.39956379434,7.39956379434,7.3995637944,7.3995637944,7.3995637944,7.399563794,7.399563794,7.399563794,7.39956379454,7.39956379454,7.39956379454,7.39956379434,7.39956379434
"t12",2.67013667813,2.67013667813,2.67013667823,2.67013667823,2.67013667823,2.67013667822,2.67013667822,2.67013667813,2.6701366781844,2.6701366781844,2.6701366781844,2.67013667824,2.67013667824,0,3.933105669213,3.933105669413,3.933105669413,3.933105669413,3.933105668913,3.933105669713,3.933105669713,3.933105669043,3.933105669043,3.933105669363,3.933105669363,3.933105669563,3.933105669563,3.933105669243,7.3995637938,7.39956379326,7.39956379356,7.39956379356,7.39956379346,7.3995637934166,7.3995637934166,7.39956379337,7.39956379337,7.3995637934,7.3995637934,7.39956379346,7.3995637935,7.3995637935,7.399563793479,7.399563793479,7.399563793379,7.399563793379,7.399563793679,7.399563793879,7.399563793,7.39956379351,7.39956379351,7.3995637934,7.3995637934,7.3995637935,7.3995637935,7.3995637934889,7.3995637934889,7.3995637935,7.3995637937,7.3995637937,7.399563794,7.39956379394,7.39956379394,7.3995637934,7.39956379339,7.39956379339,7.3995637934,7.399563794,7.3995637938,7.3995637938,7.3995637938,7.3995637937,7.3995637937,7.3995637937,7.399563794,7.399563794,7.3995637942,7.39956379396,7.39956379366,7.39956379366,7.3995637933,7.39956379383,7.39956379383,7.39956379383,7.3995637938,7.3995637938,7.3995637938,7.3995637941,7.3995637941,7.39956379416,7.39956379416,7.39956379416,7.39956379376,7.39956379376,7.39956379376,7.3995637943,7.3995637943,7.3995637943,7.3995637941,7.3995637941
"t8",3.933105669343,3.933105669343,3.933105669443,3.933105669443,3.933105669443,3.933105669433,3.933105669433,3.933105669343,3.9331056693974,3.9331056693974,3.9331056693974,3.933105669453,3.933105669453,3.933105669213,0,2.7340327922,2.7340327922,2.7340327922,2.87503640144,2.87503640224,2.87503640224,3.07952705117,3.07952705117,3.92751072109,3.92751072109,3.92751072129,3.92751072129,3.92751072097,7.399563793813,7.399563793273,7.399563793573,7.399563793573,7.399563793473,7.3995637934296,7.3995637934296,7.399563793383,7.399563793383,7.399563793413,7.399563793413,7.399563793473,7.399563793513,7.399563793513,7.399563793492,7.399563793492,7.399563793392,7.399563793392,7.399563793692,7.399563793892,7.399563793013,7.399563793523,7.399563793523,7.399563793413,7.399563793413,7.399563793513,7.399563793513,7.3995637935019,7.3995637935019,7.399563793513,7.399563793713,7.399563793713,7.399563794013,7.399563793953,7.399563793953,7.399563793413,7.399563793403,7.399563793403,7.399563793413,7.399563794013,7.399563793813,7.399563793813,7.399563793813,7.399563793713,7.399563793713,7.399563793713,7.399563794013,7.399563794013,7.399563794213,7.399563793973,7.399563793673,7.399563793673,7.399563793313,7.399563793843,7.399563793843,7.399563793843,7.399563793813,7.399563793813,7.399563793813,7.399563794113,7.399563794113,7.399563794173,7.399563794173,7.399563794173,7.399563793773,7.399563793773,7.399563793773,7.399563794313,7.399563794313,7.399563794313,7.399563794113,7.399563794113
"t46",3.933105669543,3.933105669543,3.933105669643,3.933105669643,3.933105669643,3.933105669633,3.933105669633,3.933105669543,3.9331056695974,3.9331056695974,3.9331056695974,3.933105669653,3.933105669653,3.933105669413,2.7340327922,0,0.8326598976,1.52500815,2.87503640164,2.87503640244,2.87503640244,3.07952705137,3.07952705137,3.92751072129,3.92751072129,3.92751072149,3.92751072149,3.92751072117,7.399563794013,7.399563793473,7.399563793773,7.399563793773,7.399563793673,7.3995637936296,7.3995637936296,7.399563793583,7.399563793583,7.399563793613,7.399563793613,7.399563793673,7.399563793713,7.399563793713,7.399563793692,7.399563793692,7.399563793592,7.399563793592,7.399563793892,7.399563794092,7.399563793213,7.399563793723,7.399563793723,7.399563793613,7.399563793613,7.399563793713,7.399563793713,7.3995637937019,7.3995637937019,7.399563793713,7.399563793913,7.399563793913,7.399563794213,7.399563794153,7.399563794153,7.399563793613,7.399563793603,7.399563793603,7.399563793613,7.399563794213,7.399563794013,7.399563794013,7.399563794013,7.399563793913,7.399563793913,7.399563793913,7.399563794213,7.399563794213,7.399563794413,7.399563794173,7.399563793873,7.399563793873,7.399563793513,7.399563794043,7.399563794043,7.399563794043,7.399563794013,7.399563794013,7.399563794013,7.399563794313,7.399563794313,7.399563794373,7.399563794373,7.399563794373,7.399563793973,7.399563793973,7.399563793973,7.399563794513,7.399563794513,7.399563794513,7.399563794313,7.399563794313
"t47",3.933105669543,3.933105669543,3.933105669643,3.933105669643,3.933105669643,3.933105669633,3.933105669633,3.933105669543,3.9331056695974,3.9331056695974,3.9331056695974,3.933105669653,3.933105669653,3.933105669413,2.7340327922,0.8326598976,0,1.52500815,2.87503640164,2.87503640244,2.87503640244,3.07952705137,3.07952705137,3.92751072129,3.92751072129,3.92751072149,3.92751072149,3.92751072117,7.399563794013,7.399563793473,7.399563793773,7.399563793773,7.399563793673,7.3995637936296,7.3995637936296,7.399563793583,7.399563793583,7.399563793613,7.399563793613,7.399563793673,7.399563793713,7.399563793713,7.399563793692,7.399563793692,7.399563793592,7.399563793592,7.399563793892,7.399563794092,7.399563793213,7.399563793723,7.399563793723,7.399563793613,7.399563793613,7.399563793713,7.399563793713,7.3995637937019,7.3995637937019,7.399563793713,7.399563793913,7.399563793913,7.399563794213,7.399563794153,7.399563794153,7.399563793613,7.399563793603,7.399563793603,7.399563793613,7.399563794213,7.399563794013,7.399563794013,7.399563794013,7.399563793913,7.399563793913,7.399563793913,7.399563794213,7.399563794213,7.399563794413,7.399563794173,7.399563793873,7.399563793873,7.399563793513,7.399563794043,7.399563794043,7.399563794043,7.399563794013,7.399563794013,7.399563794013,7.399563794313,7.399563794313,7.399563794373,7.399563794373,7.399563794373,7.399563793973,7.399563793973,7.399563793973,7.399563794513,7.399563794513,7.399563794513,7.399563794313,7.399563794313
"t25",3.933105669543,3.933105669543,3.933105669643,3.933105669643,3.933105669643,3.933105669633,3.933105669633,3.933105669543,3.9331056695974,3.9331056695974,3.9331056695974,3.933105669653,3.933105669653,3.933105669413,2.7340327922,1.52500815,1.52500815,0,2.87503640164,2.87503640244,2.87503640244,3.07952705137,3.07952705137,3.92751072129,3.92751072129,3.92751072149,3.92751072149,3.92751072117,7.399563794013,7.399563793473,7.399563793773,7.399563793773,7.399563793673,7.3995637936296,7.3995637936296,7.399563793583,7.399563793583,7.399563793613,7.399563793613,7.399563793673,7.399563793713,7.399563793713,7.399563793692,7.399563793692,7.399563793592,7.399563793592,7.399563793892,7.399563794092,7.399563793213,7.399563793723,7.399563793723,7.399563793613,7.399563793613,7.399563793713,7.399563793713,7.3995637937019,7.3995637937019,7.399563793713,7.399563793913,7.399563793913,7.399563794213,7.399563794153,7.399563794153,7.399563793613,7.399563793603,7.399563793603,7.399563793613,7.399563794213,7.399563794013,7.399563794013,7.399563794013,7.399563793913,7.399563793913,7.399563793913,7.399563794213,7.399563794213,7.399563794413,7.399563794173,7.399563793873,7.399563793873,7.399563793513,7.399563794043,7.399563794043,7.399563794043,7.399563794013,7.399563794013,7.399563794013,7.399563794313,7.399563794313,7.399563794373,7.399563794373,7.399563794373,7.399563793973,7.399563793973,7.399563793973,7.399563794513,7.399563794513,7.399563794513,7.399563794313,7.399563794313
"t10",3.933105669043,3.933105669043,3.933105669143,3.933105669143,3.933105669143,3.933105669133,3.933105669133,3.933105669043,3.9331056690974,3.9331056690974,3.9331056690974,3.933105669153,3.933105669153,3.933105668913,2.87503640144,2.87503640164,2.87503640164,2.87503640164,0,2.6904109088,2.6904109088,3.07952705087,3.07952705087,3.92751072079,3.92751072079,3.92751072099,3.92751072099,3.92751072067,7.399563793513,7.399563792973,7.399563793273,7.399563793273,7.399563793173,7.3995637931296,7.3995637931296,7.399563793083,7.399563793083,7.399563793113,7.399563793113,7.399563793173,7.399563793213,7.399563793213,7.399563793192,7.399563793192,7.399563793092,7.399563793092,7.399563793392,7.399563793592,7.399563792713,7.399563793223,7.399563793223,7.399563793113,7.399563793113,7.399563793213,7.399563793213,7.3995637932019,7.3995637932019,7.399563793213,7.399563793413,7.399563793413,7.399563793713,7.399563793653,7.399563793653,7.399563793113,7.399563793103,7.399563793103,7.399563793113,7.399563793713,7.399563793513,7.399563793513,7.399563793513,7.399563793413,7.399563793413,7.399563793413,7.399563793713,7.399563793713,7.399563793913,7.399563793673,7.399563793373,7.399563793373,7.399563793013,7.399563793543,7.399563793543,7.399563793543,7.399563793513,7.399563793513,7.399563793513,7.399563793813,7.399563793813,7.399563793873,7.399563793873,7.399563793873,7.399563793473,7.399563793473,7.399563793473,7.399563794013,7.399563794013,7.399563794013,7.399563793813,7.399563793813
"t56",3.933105669843,3.933105669843,3.933105669943,3.933105669943,3.933105669943,3.933105669933,3.933105669933,3.933105669843,3.9331056698974,3.9331056698974,3.9331056698974,3.933105669953,3.933105669953,3.933105669713,2.87503640224,2.87503640244,2.87503640244,2.87503640244,2.6904109088,0,0.6375638636,3.07952705167,3.07952705167,3.92751072159,3.92751072159,3.92751072179,3.92751072179,3.92751072147,7.399563794313,7.399563793773,7.399563794073,7.399563794073,7.399563793973,7.3995637939296,7.3995637939296,7.399563793883,7.399563793883,7.399563793913,7.399563793913,7.399563793973,7.399563794013,7.399563794013,7.399563793992,7.399563793992,7.399563793892,7.399563793892,7.399563794192,7.399563794392,7.399563793513,7.399563794023,7.399563794023,7.399563793913,7.399563793913,7.399563794013,7.399563794013,7.3995637940019,7.3995637940019,7.399563794013,7.399563794213,7.399563794213,7.399563794513,7.399563794453,7.399563794453,7.399563793913,7.399563793903,7.399563793903,7.399563793913,7.399563794513,7.399563794313,7.399563794313,7.399563794313,7.399563794213,7.399563794213,7.399563794213,7.399563794513,7.399563794513,7.399563794713,7.399563794473,7.399563794173,7.399563794173,7.399563793813,7.399563794343,7.399563794343,7.399563794343,7.399563794313,7.399563794313,7.399563794313,7.399563794613,7.399563794613,7.399563794673,7.399563794673,7.399563794673,7.399563794273,7.399563794273,7.399563794273,7.399563794813,7.399563794813,7.399563794813,7.399563794613,7.399563794613
"t57",3.933105669843,3.933105669843,3.933105669943,3.933105669943,3.933105669943,3.933105669933,3.933105669933,3.933105669843,3.9331056698974,3.9331056698974,3.9331056698974,3.933105669953,3.933105669953,3.933105669713,2.87503640224,2.87503640244,2.87503640244,2.87503640244,2.6904109088,0.6375638636,0,3.07952705167,3.07952705167,3.92751072159,3.92751072159,3.92751072179,3.92751072179,3.92751072147,7.399563794313,7.399563793773,7.399563794073,7.399563794073,7.399563793973,7.3995637939296,7.3995637939296,7.399563793883,7.399563793883,7.399563793913,7.399563793913,7.399563793973,7.399563794013,7.399563794013,7.399563793992,7.399563793992,7.399563793892,7.399563793892,7.399563794192,7.399563794392,7.399563793513,7.399563794023,7.399563794023,7.399563793913,7.399563793913,7.399563794013,7.399563794013,7.3995637940019,7.3995637940019,7.399563794013,7.399563794213,7.399563794213,7.399563794513,7.399563794453,7.399563794453,7.399563793913,7.399563793903,7.399563793903,7.399563793913,7.399563794513,7.399563794313,7.399563794313,7.399563794313,7.399563794213,7.399563794213,7.399563794213,7.399563794513,7.399563794513,7.399563794713,7.399563794473,7.399563794173,7.399563794173,7.399563793813,7.399563794343,7.399563794343,7.399563794343,7.399563794313,7.399563794313,7.399563794313,7.399563794613,7.399563794613,7.399563794673,7.399563794673,7.399563794673,7.399563794273,7.399563794273,7.399563794273,7.399563794813,7.399563794813,7.399563794813,7.399563794613,7.399563794613
"t83",3.933105669173,3.933105669173,3.933105669273,3.933105669273,3.933105669273,3.933105669263,3.933105669263,3.933105669173,3.9331056692274,3.9331056692274,3.9331056692274,3.933105669283,3.933105669283,3.933105669043,3.07952705117,3.07952705137,3.07952705137,3.07952705137,3.07952705087,3.07952705167,3.07952705167,0,0.345951819,3.92751072092,3.92751072092,3.92751072112,3.92751072112,3.9275107208,7.399563793643,7.399563793103,7.399563793403,7.399563793403,7.399563793303,7.3995637932596,7.3995637932596,7.399563793213,7.399563793213,7.399563793243,7.399563793243,7.399563793303,7.399563793343,7.399563793343,7.399563793322,7.399563793322,7.399563793222,7.399563793222,7.399563793522,7.399563793722,7.399563792843,7.399563793353,7.399563793353,7.399563793243,7.399563793243,7.399563793343,7.399563793343,7.3995637933319,7.3995637933319,7.399563793343,7.399563793543,7.399563793543,7.399563793843,7.399563793783,7.399563793783,7.399563793243,7.399563793233,7.399563793233,7.399563793243,7.399563793843,7.399563793643,7.399563793643,7.399563793643,7.399563793543,7.399563793543,7.399563793543,7.399563793843,7.399563793843,7.399563794043,7.399563793803,7.399563793503,7.399563793503,7.399563793143,7.399563793673,7.399563793673,7.399563793673,7.399563793643,7.399563793643,7.399563793643,7.399563793943,7.399563793943,7.399563794003,7.399563794003,7.399563794003,7.399563793603,7.399563793603,7.399563793603,7.399563794143,7.399563794143,7.399563794143,7.399563793943,7.399563793943
"t84",3.933105669173,3.933105669173,3.933105669273,3.933105669273,3.933105669273,3.933105669263,3.933105669263,3.933105669173,3.9331056692274,3.9331056692274,3.9331056692274,3.933105669283,3.933105669283,3.933105669043,3.07952705117,3.07952705137,3.07952705137,3.07952705137,3.07952705087,3.07952705167,3.07952705167,0.345951819,0,3.92751072092,3.92751072092,3.92751072112,3.92751072112,3.9275107208,7.399563793643,7.399563793103,7.399563793403,7.399563793403,7.399563793303,7.3995637932596,7.3995637932596,7.399563793213,7.399563793213,7.399563793243,7.399563793243,7.399563793303,7.399563793343,7.399563793343,7.399563793322,7.399563793322,7.399563793222,7.399563793222,7.399563793522,7.399563793722,7.399563792843,7.399563793353,7.399563793353,7.399563793243,7.399563793243,7.399563793343,7.399563793343,7.3995637933319,7.3995637933319,7.399563793343,7.399563793543,7.399563793543,7.399563793843,7.399563793783,7.399563793783,7.399563793243,7.399563793233,7.399563793233,7.399563793243,7.399563793843,7.399563793643,7.399563793643,7.399563793643,7.399563793543,7.399563793543,7.399563793543,7.399563793843,7.399563793843,7.399563794043,7.399563793803,7.399563793503,7.399563793503,7.399563793143,7.399563793673,7.399563793673,7.399563793673,7.399563793643,7.399563793643,7.399563793643,7.399563793943,7.399563793943,7.399563794003,7.399563794003,7.399563794003,7.399563793603,7.399563793603,7.399563793603,7.399563794143,7.399563794143,7.399563794143,7.399563793943,7.399563793943
"t20",3.933105669493,3.933105669493,3.933105669593,3.933105669593,3.933105669593,3.933105669583,3.933105669583,3.933105669493,3.9331056695474,3.9331056695474,3.9331056695474,3.933105669603,3.933105669603,3.933105669363,3.92751072109,3.92751072129,3.92751072129,3.92751072129,3.92751072079,3.92751072159,3.92751072159,3.92751072092,3.92751072092,0,1.8392431638,3.152636873,3.152636873,3.21138965812,7.399563793963,7.399563793423,7.399563793723,7.399563793723,7.399563793623,7.3995637935796,7.3995637935796,7.399563793533,7.399563793533,7.399563793563,7.399563793563,7.399563793623,7.399563793663,7.399563793663,7.399563793642,7.399563793642,7.399563793542,7.399563793542,7.399563793842,7.399563794042,7.399563793163,7.399563793673,7.399563793673,7.399563793563,7.399563793563,7.399563793663,7.399563793663,7.3995637936519,7.3995637936519,7.399563793663,7.399563793863,7.399563793863,7.399563794163,7.399563794103,7.399563794103,7.399563793563,7.399563793553,7.399563793553,7.399563793563,7.399563794163,7.399563793963,7.399563793963,7.399563793963,7.399563793863,7.399563793863,7.399563793863,7.399563794163,7.399563794163,7.399563794363,7.399563794123,7.399563793823,7.399563793823,7.399563793463,7.399563793993,7.399563793993,7.399563793993,7.399563793963,7.399563793963,7.399563793963,7.399563794263,7.399563794263,7.399563794323,7.399563794323,7.399563794323,7.399563793923,7.399563793923,7.399563793923,7.399563794463,7.399563794463,7.399563794463,7.399563794263,7.399563794263
"t21",3.933105669493,3.933105669493,3.933105669593,3.933105669593,3.933105669593,3.933105669583,3.933105669583,3.933105669493,3.9331056695474,3.9331056695474,3.9331056695474,3.933105669603,3.933105669603,3.933105669363,3.92751072109,3.92751072129,3.92751072129,3.92751072129,3.92751072079,3.92751072159,3.92751072159,3.92751072092,3.92751072092,1.8392431638,0,3.152636873,3.152636873,3.21138965812,7.399563793963,7.399563793423,7.399563793723,7.399563793723,7.399563793623,7.3995637935796,7.3995637935796,7.399563793533,7.399563793533,7.399563793563,7.399563793563,7.399563793623,7.399563793663,7.399563793663,7.399563793642,7.399563793642,7.399563793542,7.399563793542,7.399563793842,7.399563794042,7.399563793163,7.399563793673,7.399563793673,7.399563793563,7.399563793563,7.399563793663,7.399563793663,7.3995637936519,7.3995637936519,7.399563793663,7.399563793863,7.399563793863,7.399563794163,7.399563794103,7.399563794103,7.399563793563,7.399563793553,7.399563793553,7.399563793563,7.399563794163,7.399563793963,7.399563793963,7.399563793963,7.399563793863,7.399563793863,7.399563793863,7.399563794163,7.399563794163,7.399563794363,7.399563794123,7.399563793823,7.399563793823,7.399563793463,7.399563793993,7.399563793993,7.399563793993,7.399563793963,7.399563793963,7.399563793963,7.399563794263,7.399563794263,7.399563794323,7.399563794323,7.399563794323,7.399563793923,7.399563793923,7.399563793923,7.399563794463,7.399563794463,7.399563794463,7.399563794263,7.399563794263
"t54",3.933105669693,3.933105669693,3.933105669793,3.933105669793,3.933105669793,3.933105669783,3.933105669783,3.933105669693,3.9331056697474,3.9331056697474,3.9331056697474,3.933105669803,3.933105669803,3.933105669563,3.92751072129,3.92751072149,3.92751072149,3.92751072149,3.92751072099,3.92751072179,3.92751072179,3.92751072112,3.92751072112,3.152636873,3.152636873,0,0.6378778272,3.21138965832,7.399563794163,7.399563793623,7.399563793923,7.399563793923,7.399563793823,7.3995637937796,7.3995637937796,7.399563793733,7.399563793733,7.399563793763,7.399563793763,7.399563793823,7.399563793863,7.399563793863,7.399563793842,7.399563793842,7.399563793742,7.399563793742,7.399563794042,7.399563794242,7.399563793363,7.399563793873,7.399563793873,7.399563793763,7.399563793763,7.399563793863,7.399563793863,7.3995637938519,7.3995637938519,7.399563793863,7.399563794063,7.399563794063,7.399563794363,7.399563794303,7.399563794303,7.399563793763,7.399563793753,7.399563793753,7.399563793763,7.399563794363,7.399563794163,7.399563794163,7.399563794163,7.399563794063,7.399563794063,7.399563794063,7.399563794363,7.399563794363,7.399563794563,7.399563794323,7.399563794023,7.399563794023,7.399563793663,7.399563794193,7.399563794193,7.399563794193,7.399563794163,7.399563794163,7.399563794163,7.399563794463,7.399563794463,7.399563794523,7.399563794523,7.399563794523,7.399563794123,7.399563794123,7.399563794123,7.399563794663,7.399563794663,7.399563794663,7.399563794463,7.399563794463
