"","t1","t60","t61","t34","t119","t120","t124","t125","t84","t24","t14","t23","t130","t131","t76","t29","t30","t25","t134","t135","t93","t94","t62","t48","t37","t105","t106","t35","t115","t116","t41","t42","t122","t123","t45","t121","t132","t133","t109","t110","t74","t117","t118","t107","t126","t127","t19","t8","t70","t71","t43","t128","t129","t59","t39","t40","t17","t101","t102","t9","t15","t27","t28","t10","t5","t6","t7","t16","t53","t54","t18","t12","t72","t73","t31","t79","t80","t13","t47","t91","t92","t95","t96","t55","t77","t78","t3","t4","t20","t58","t89","t90","t66","t87","t88","t52","t97","t98","t50","t32","t21","t11","t26","t33","t51","t67","t82","t83","t22","t38","t57","t108","t113","t114","t56","t64","t65","t68","t75","t111","t112","t36","t81","t85","t86","t63","t49","t103","t104","t44","t46","t69","t99","t100","t2"
"t1",0,5.511780288392,5.898791502692,5.898791502792,5.898791502935,5.898791502935,5.898791502932,5.898791502932,5.898791502892,5.8987915026,4.10343591734,5.12997472554,5.89879150265,5.89879150265,5.89879150264,5.62848852824,5.89879150324,5.89879150304,5.8987915025245,5.8987915025245,5.89879150294,5.89879150294,5.89879150294,5.89879150284,5.89879150324,5.89879150284,5.89879150284,5.89879150266,5.89879150256,5.89879150256,5.0747954189,5.8987915027,5.89879150284,5.89879150284,5.47287208436,5.89879150271,5.89879150271,5.89879150271,5.89879150266,5.89879150266,5.89879150256,5.89879150282,5.89879150282,5.89879150287,5.89879150285,5.89879150285,4.56746197816,3.26855504756,5.89879150309,5.89879150309,5.89879150309,5.89879150319,5.89879150319,5.89879150319,5.89879150329,5.18822177759,5.89879150294,5.89879150294,5.89879150294,3.04591841738,3.8914153268607,5.8987915026707,4.6446948983807,3.1663593316707,2.31560444028,5.89879150318,3.03476387628,5.89879150328,5.89879150338,5.89879150338,4.49254516738,3.35364741808,5.89879150296,5.89879150296,4.95581558266,5.89879150256,5.89879150256,3.73405796066,5.89879150251,5.89879150241,5.89879150241,5.89879150251,5.89879150251,5.89879150291,5.89879150291,5.89879150291,2.00328807184,1.99928372254,5.82856245434,5.89879150244,5.89879150244,5.89879150244,5.89879150244,5.89879150244,5.89879150244,5.89879150241,5.89879150241,5.89879150241,5.59562823214,4.78967507304,4.52974924334,3.28782291176,5.89879150266,5.89879150336,5.68923417876,5.89879150286,5.89879150296,5.89879150296,4.83947786376,5.89879150266,5.89879150296,5.89879150296,5.89879150295,5.89879150295,5.89879150302,5.89879150302,5.89879150302,5.89879150302,5.89879150297,5.89879150297,5.89879150297,5.89879150326,5.60639487467,5.8987915029,5.8987915029,5.89879150294,5.89879150294,5.89879150284,5.89879150284,5.0214748145,5.54136402656,5.79140691866,5.89879150306,5.77196862713,2.3055386606
"t60",5.511780288392,0,0.7247528981,1.8978802456,2.685246076943,2.685246076943,2.68524607694,2.68524607694,2.6852460769,2.697272993792,6.882690590532,7.909229398732,8.678046175842,8.678046175842,8.678046175832,8.407743201432,8.678046176432,8.678046176232,8.6780461757165,8.6780461757165,8.678046176132,8.678046176132,8.678046176132,8.678046176032,8.678046176432,8.678046176032,8.678046176032,8.678046175852,8.678046175752,8.678046175752,7.854050092092,8.678046175892,8.678046176032,8.678046176032,8.252126757552,8.678046175902,8.678046175902,8.678046175902,8.678046175852,8.678046175852,8.678046175752,8.678046176012,8.678046176012,8.678046176062,8.678046176042,8.678046176042,7.346716651352,6.047809720752,8.678046176282,8.678046176282,8.678046176282,8.678046176382,8.678046176382,8.678046176382,8.678046176482,7.967476450782,8.678046176132,8.678046176132,8.678046176132,5.825173090572,6.6706700000527,8.6780461758627,7.4239495715727,5.9456140048627,5.094859113472,8.678046176372,5.814018549472,8.678046176472,8.678046176572,8.678046176572,7.271799840572,6.132902091272,8.678046176152,8.678046176152,7.735070255852,8.678046175752,8.678046175752,6.513312633852,8.678046175702,8.678046175602,8.678046175602,8.678046175702,8.678046175702,8.678046176102,8.678046176102,8.678046176102,4.782542745032,4.778538395732,8.607817127532,8.678046175632,8.678046175632,8.678046175632,8.678046175632,8.678046175632,8.678046175632,8.678046175602,8.678046175602,8.678046175602,8.374882905332,7.568929746232,7.309003916532,6.067077584952,8.678046175852,8.678046176552,8.468488851952,8.678046176052,8.678046176152,8.678046176152,7.618732536952,8.678046175852,8.678046176152,8.678046176152,8.678046176142,8.678046176142,8.678046176212,8.678046176212,8.678046176212,8.678046176212,8.678046176162,8.678046176162,8.678046176162,8.678046176452,8.385649547862,8.678046176092,8.678046176092,8.678046176132,8.678046176132,8.678046176032,8.678046176032,7.800729487692,8.320618699752,8.570661591852,8.678046176252,8.551223300322,6.317858697792
"t61",5.898791502692,0.7247528981,0,2.2848914599,3.072257291243,3.072257291243,3.07225729124,3.07225729124,3.0722572912,3.084284208092,7.269701804832,8.296240613032,9.065057390142,9.065057390142,9.065057390132,8.794754415732,9.065057390732,9.065057390532,9.0650573900165,9.0650573900165,9.065057390432,9.065057390432,9.065057390432,9.065057390332,9.065057390732,9.065057390332,9.065057390332,9.065057390152,9.065057390052,9.065057390052,8.241061306392,9.065057390192,9.065057390332,9.065057390332,8.639137971852,9.065057390202,9.065057390202,9.065057390202,9.065057390152,9.065057390152,9.065057390052,9.065057390312,9.065057390312,9.065057390362,9.065057390342,9.065057390342,7.733727865652,6.434820935052,9.065057390582,9.065057390582,9.065057390582,9.065057390682,9.065057390682,9.065057390682,9.065057390782,8.354487665082,9.065057390432,9.065057390432,9.065057390432,6.212184304872,7.0576812143527,9.0650573901627,7.8109607858727,6.3326252191627,5.481870327772,9.065057390672,6.201029763772,9.065057390772,9.065057390872,9.065057390872,7.658811054872,6.519913305572,9.065057390452,9.065057390452,8.122081470152,9.065057390052,9.065057390052,6.900323848152,9.065057390002,9.065057389902,9.065057389902,9.065057390002,9.065057390002,9.065057390402,9.065057390402,9.065057390402,5.169553959332,5.165549610032,8.994828341832,9.065057389932,9.065057389932,9.065057389932,9.065057389932,9.065057389932,9.065057389932,9.065057389902,9.065057389902,9.065057389902,8.761894119632,7.955940960532,7.696015130832,6.454088799252,9.065057390152,9.065057390852,8.855500066252,9.065057390352,9.065057390452,9.065057390452,8.005743751252,9.065057390152,9.065057390452,9.065057390452,9.065057390442,9.065057390442,9.065057390512,9.065057390512,9.065057390512,9.065057390512,9.065057390462,9.065057390462,9.065057390462,9.065057390752,8.772660762162,9.065057390392,9.065057390392,9.065057390432,9.065057390432,9.065057390332,9.065057390332,8.187740701992,8.707629914052,8.957672806152,9.065057390552,8.938234514622,6.704869912092
"t34",5.898791502792,1.8978802456,2.2848914599,0,3.072257291343,3.072257291343,3.07225729134,3.07225729134,3.0722572913,3.084284208192,7.269701804932,8.296240613132,9.065057390242,9.065057390242,9.065057390232,8.794754415832,9.065057390832,9.065057390632,9.0650573901165,9.0650573901165,9.065057390532,9.065057390532,9.065057390532,9.065057390432,9.065057390832,9.065057390432,9.065057390432,9.065057390252,9.065057390152,9.065057390152,8.241061306492,9.065057390292,9.065057390432,9.065057390432,8.639137971952,9.065057390302,9.065057390302,9.065057390302,9.065057390252,9.065057390252,9.065057390152,9.065057390412,9.065057390412,9.065057390462,9.065057390442,9.065057390442,7.733727865752,6.434820935152,9.065057390682,9.065057390682,9.065057390682,9.065057390782,9.065057390782,9.065057390782,9.065057390882,8.354487665182,9.065057390532,9.065057390532,9.065057390532,6.212184304972,7.0576812144527,9.0650573902627,7.8109607859727,6.3326252192627,5.481870327872,9.065057390772,6.201029763872,9.065057390872,9.065057390972,9.065057390972,7.658811054972,6.519913305672,9.065057390552,9.065057390552,8.122081470252,9.065057390152,9.065057390152,6.900323848252,9.065057390102,9.065057390002,9.065057390002,9.065057390102,9.065057390102,9.065057390502,9.065057390502,9.065057390502,5.169553959432,5.165549610132,8.994828341932,9.065057390032,9.065057390032,9.065057390032,9.065057390032,9.065057390032,9.065057390032,9.065057390002,9.065057390002,9.065057390002,8.761894119732,7.955940960632,7.696015130932,6.454088799352,9.065057390252,9.065057390952,8.855500066352,9.065057390452,9.065057390552,9.065057390552,8.005743751352,9.065057390252,9.065057390552,9.065057390552,9.065057390542,9.065057390542,9.065057390612,9.065057390612,9.065057390612,9.065057390612,9.065057390562,9.065057390562,9.065057390562,9.065057390852,8.772660762262,9.065057390492,9.065057390492,9.065057390532,9.065057390532,9.065057390432,9.065057390432,8.187740702092,8.707629914152,8.957672806252,9.065057390652,8.938234514722,6.704869912192
"t119",5.898791502935,2.685246076943,3.072257291243,3.072257291343,0,0.12991847096,0.137878091283,0.137878091283,0.535154129443,3.084284208335,7.269701805075,8.296240613275,9.065057390385,9.065057390385,9.065057390375,8.794754415975,9.065057390975,9.065057390775,9.0650573902595,9.0650573902595,9.065057390675,9.065057390675,9.065057390675,9.065057390575,9.065057390975,9.065057390575,9.065057390575,9.065057390395,9.065057390295,9.065057390295,8.241061306635,9.065057390435,9.065057390575,9.065057390575,8.639137972095,9.065057390445,9.065057390445,9.065057390445,9.065057390395,9.065057390395,9.065057390295,9.065057390555,9.065057390555,9.065057390605,9.065057390585,9.065057390585,7.733727865895,6.434820935295,9.065057390825,9.065057390825,9.065057390825,9.065057390925,9.065057390925,9.065057390925,9.065057391025,8.354487665325,9.065057390675,9.065057390675,9.065057390675,6.212184305115,7.0576812145957,9.0650573904057,7.8109607861157,6.3326252194057,5.481870328015,9.065057390915,6.201029764015,9.065057391015,9.065057391115,9.065057391115,7.658811055115,6.519913305815,9.065057390695,9.065057390695,8.122081470395,9.065057390295,9.065057390295,6.900323848395,9.065057390245,9.065057390145,9.065057390145,9.065057390245,9.065057390245,9.065057390645,9.065057390645,9.065057390645,5.169553959575,5.165549610275,8.994828342075,9.065057390175,9.065057390175,9.065057390175,9.065057390175,9.065057390175,9.065057390175,9.065057390145,9.065057390145,9.065057390145,8.761894119875,7.955940960775,7.696015131075,6.454088799495,9.065057390395,9.065057391095,8.855500066495,9.065057390595,9.065057390695,9.065057390695,8.005743751495,9.065057390395,9.065057390695,9.065057390695,9.065057390685,9.065057390685,9.065057390755,9.065057390755,9.065057390755,9.065057390755,9.065057390705,9.065057390705,9.065057390705,9.065057390995,8.772660762405,9.065057390635,9.065057390635,9.065057390675,9.065057390675,9.065057390575,9.065057390575,8.187740702235,8.707629914295,8.957672806395,9.065057390795,8.938234514865,6.704869912335
"t120",5.898791502935,2.685246076943,3.072257291243,3.072257291343,0.12991847096,0,0.137878091283,0.137878091283,0.535154129443,3.084284208335,7.269701805075,8.296240613275,9.065057390385,9.065057390385,9.065057390375,8.794754415975,9.065057390975,9.065057390775,9.0650573902595,9.0650573902595,9.065057390675,9.065057390675,9.065057390675,9.065057390575,9.065057390975,9.065057390575,9.065057390575,9.065057390395,9.065057390295,9.065057390295,8.241061306635,9.065057390435,9.065057390575,9.065057390575,8.639137972095,9.065057390445,9.065057390445,9.065057390445,9.065057390395,9.065057390395,9.065057390295,9.065057390555,9.065057390555,9.065057390605,9.065057390585,9.065057390585,7.733727865895,6.434820935295,9.065057390825,9.065057390825,9.065057390825,9.065057390925,9.065057390925,9.065057390925,9.065057391025,8.354487665325,9.065057390675,9.065057390675,9.065057390675,6.212184305115,7.0576812145957,9.0650573904057,7.8109607861157,6.3326252194057,5.481870328015,9.065057390915,6.201029764015,9.065057391015,9.065057391115,9.065057391115,7.658811055115,6.519913305815,9.065057390695,9.065057390695,8.122081470395,9.065057390295,9.065057390295,6.900323848395,9.065057390245,9.065057390145,9.065057390145,9.065057390245,9.065057390245,9.065057390645,9.065057390645,9.065057390645,5.169553959575,5.165549610275,8.994828342075,9.065057390175,9.065057390175,9.065057390175,9.065057390175,9.065057390175,9.065057390175,9.065057390145,9.065057390145,9.065057390145,8.761894119875,7.955940960775,7.696015131075,6.454088799495,9.065057390395,9.065057391095,8.855500066495,9.065057390595,9.065057390695,9.065057390695,8.005743751495,9.065057390395,9.065057390695,9.065057390695,9.065057390685,9.065057390685,9.065057390755,9.065057390755,9.065057390755,9.065057390755,9.065057390705,9.065057390705,9.065057390705,9.065057390995,8.772660762405,9.065057390635,9.065057390635,9.065057390675,9.065057390675,9.065057390575,9.065057390575,8.187740702235,8.707629914295,8.957672806395,9.065057390795,8.938234514865,6.704869912335
"t124",5.898791502932,2.68524607694,3.07225729124,3.07225729134,0.137878091283,0.137878091283,0,0.10949084516,0.53515412944,3.084284208332,7.269701805072,8.296240613272,9.065057390382,9.065057390382,9.065057390372,8.794754415972,9.065057390972,9.065057390772,9.0650573902565,9.0650573902565,9.065057390672,9.065057390672,9.065057390672,9.065057390572,9.065057390972,9.065057390572,9.065057390572,9.065057390392,9.065057390292,9.065057390292,8.241061306632,9.065057390432,9.065057390572,9.065057390572,8.639137972092,9.065057390442,9.065057390442,9.065057390442,9.065057390392,9.065057390392,9.065057390292,9.065057390552,9.065057390552,9.065057390602,9.065057390582,9.065057390582,7.733727865892,6.434820935292,9.065057390822,9.065057390822,9.065057390822,9.065057390922,9.065057390922,9.065057390922,9.065057391022,8.354487665322,9.065057390672,9.065057390672,9.065057390672,6.212184305112,7.0576812145927,9.0650573904027,7.8109607861127,6.3326252194027,5.481870328012,9.065057390912,6.201029764012,9.065057391012,9.065057391112,9.065057391112,7.658811055112,6.519913305812,9.065057390692,9.065057390692,8.122081470392,9.065057390292,9.065057390292,6.900323848392,9.065057390242,9.065057390142,9.065057390142,9.065057390242,9.065057390242,9.065057390642,9.065057390642,9.065057390642,5.169553959572,5.165549610272,8.994828342072,9.065057390172,9.065057390172,9.065057390172,9.065057390172,9.065057390172,9.065057390172,9.065057390142,9.065057390142,9.065057390142,8.761894119872,7.955940960772,7.696015131072,6.454088799492,9.065057390392,9.065057391092,8.855500066492,9.065057390592,9.065057390692,9.065057390692,8.005743751492,9.065057390392,9.065057390692,9.065057390692,9.065057390682,9.065057390682,9.065057390752,9.065057390752,9.065057390752,9.065057390752,9.065057390702,9.065057390702,9.065057390702,9.065057390992,8.772660762402,9.065057390632,9.065057390632,9.065057390672,9.065057390672,9.065057390572,9.065057390572,8.187740702232,8.707629914292,8.957672806392,9.065057390792,8.938234514862,6.704869912332
"t125",5.898791502932,2.68524607694,3.07225729124,3.07225729134,0.137878091283,0.137878091283,0.10949084516,0,0.53515412944,3.084284208332,7.269701805072,8.296240613272,9.065057390382,9.065057390382,9.065057390372,8.794754415972,9.065057390972,9.065057390772,9.0650573902565,9.0650573902565,9.065057390672,9.065057390672,9.065057390672,9.065057390572,9.065057390972,9.065057390572,9.065057390572,9.065057390392,9.065057390292,9.065057390292,8.241061306632,9.065057390432,9.065057390572,9.065057390572,8.639137972092,9.065057390442,9.065057390442,9.065057390442,9.065057390392,9.065057390392,9.065057390292,9.065057390552,9.065057390552,9.065057390602,9.065057390582,9.065057390582,7.733727865892,6.434820935292,9.065057390822,9.065057390822,9.065057390822,9.065057390922,9.065057390922,9.065057390922,9.065057391022,8.354487665322,9.065057390672,9.065057390672,9.065057390672,6.212184305112,7.0576812145927,9.0650573904027,7.8109607861127,6.3326252194027,5.481870328012,9.065057390912,6.201029764012,9.065057391012,9.065057391112,9.065057391112,7.658811055112,6.519913305812,9.065057390692,9.065057390692,8.122081470392,9.065057390292,9.065057390292,6.900323848392,9.065057390242,9.065057390142,9.065057390142,9.065057390242,9.065057390242,9.065057390642,9.065057390642,9.065057390642,5.169553959572,5.165549610272,8.994828342072,9.065057390172,9.065057390172,9.065057390172,9.065057390172,9.065057390172,9.065057390172,9.065057390142,9.065057390142,9.065057390142,8.761894119872,7.955940960772,7.696015131072,6.454088799492,9.065057390392,9.065057391092,8.855500066492,9.065057390592,9.065057390692,9.065057390692,8.005743751492,9.065057390392,9.065057390692,9.065057390692,9.065057390682,9.065057390682,9.065057390752,9.065057390752,9.065057390752,9.065057390752,9.065057390702,9.065057390702,9.065057390702,9.065057390992,8.772660762402,9.065057390632,9.065057390632,9.065057390672,9.065057390672,9.065057390572,9.065057390572,8.187740702232,8.707629914292,8.957672806392,9.065057390792,8.938234514862,6.704869912332
"t84",5.898791502892,2.6852460769,3.0722572912,3.0722572913,0.535154129443,0.535154129443,0.53515412944,0.53515412944,0,3.084284208292,7.269701805032,8.296240613232,9.065057390342,9.065057390342,9.065057390332,8.794754415932,9.065057390932,9.065057390732,9.0650573902165,9.0650573902165,9.065057390632,9.065057390632,9.065057390632,9.065057390532,9.065057390932,9.065057390532,9.065057390532,9.065057390352,9.065057390252,9.065057390252,8.241061306592,9.065057390392,9.065057390532,9.065057390532,8.639137972052,9.065057390402,9.065057390402,9.065057390402,9.065057390352,9.065057390352,9.065057390252,9.065057390512,9.065057390512,9.065057390562,9.065057390542,9.065057390542,7.733727865852,6.434820935252,9.065057390782,9.065057390782,9.065057390782,9.065057390882,9.065057390882,9.065057390882,9.065057390982,8.354487665282,9.065057390632,9.065057390632,9.065057390632,6.212184305072,7.0576812145527,9.0650573903627,7.8109607860727,6.3326252193627,5.481870327972,9.065057390872,6.201029763972,9.065057390972,9.065057391072,9.065057391072,7.658811055072,6.519913305772,9.065057390652,9.065057390652,8.122081470352,9.065057390252,9.065057390252,6.900323848352,9.065057390202,9.065057390102,9.065057390102,9.065057390202,9.065057390202,9.065057390602,9.065057390602,9.065057390602,5.169553959532,5.165549610232,8.994828342032,9.065057390132,9.065057390132,9.065057390132,9.065057390132,9.065057390132,9.065057390132,9.065057390102,9.065057390102,9.065057390102,8.761894119832,7.955940960732,7.696015131032,6.454088799452,9.065057390352,9.065057391052,8.855500066452,9.065057390552,9.065057390652,9.065057390652,8.005743751452,9.065057390352,9.065057390652,9.065057390652,9.065057390642,9.065057390642,9.065057390712,9.065057390712,9.065057390712,9.065057390712,9.065057390662,9.065057390662,9.065057390662,9.065057390952,8.772660762362,9.065057390592,9.065057390592,9.065057390632,9.065057390632,9.065057390532,9.065057390532,8.187740702192,8.707629914252,8.957672806352,9.065057390752,8.938234514822,6.704869912292
"t24",5.8987915026,2.697272993792,3.084284208092,3.084284208192,3.084284208335,3.084284208335,3.084284208332,3.084284208332,3.084284208292,0,7.26970180474,8.29624061294,9.06505739005,9.06505739005,9.06505739004,8.79475441564,9.06505739064,9.06505739044,9.0650573899245,9.0650573899245,9.06505739034,9.06505739034,9.06505739034,9.06505739024,9.06505739064,9.06505739024,9.06505739024,9.06505739006,9.06505738996,9.06505738996,8.2410613063,9.0650573901,9.06505739024,9.06505739024,8.63913797176,9.06505739011,9.06505739011,9.06505739011,9.06505739006,9.06505739006,9.06505738996,9.06505739022,9.06505739022,9.06505739027,9.06505739025,9.06505739025,7.73372786556,6.43482093496,9.06505739049,9.06505739049,9.06505739049,9.06505739059,9.06505739059,9.06505739059,9.06505739069,8.35448766499,9.06505739034,9.06505739034,9.06505739034,6.21218430478,7.0576812142607,9.0650573900707,7.8109607857807,6.3326252190707,5.48187032768,9.06505739058,6.20102976368,9.06505739068,9.06505739078,9.06505739078,7.65881105478,6.51991330548,9.06505739036,9.06505739036,8.12208147006,9.06505738996,9.06505738996,6.90032384806,9.06505738991,9.06505738981,9.06505738981,9.06505738991,9.06505738991,9.06505739031,9.06505739031,9.06505739031,5.16955395924,5.16554960994,8.99482834174,9.06505738984,9.06505738984,9.06505738984,9.06505738984,9.06505738984,9.06505738984,9.06505738981,9.06505738981,9.06505738981,8.76189411954,7.95594096044,7.69601513074,6.45408879916,9.06505739006,9.06505739076,8.85550006616,9.06505739026,9.06505739036,9.06505739036,8.00574375116,9.06505739006,9.06505739036,9.06505739036,9.06505739035,9.06505739035,9.06505739042,9.06505739042,9.06505739042,9.06505739042,9.06505739037,9.06505739037,9.06505739037,9.06505739066,8.77266076207,9.0650573903,9.0650573903,9.06505739034,9.06505739034,9.06505739024,9.06505739024,8.1877407019,8.70762991396,8.95767280606,9.06505739046,8.93823451453,6.704869912
"t14",4.10343591734,6.882690590532,7.269701804832,7.269701804932,7.269701805075,7.269701805075,7.269701805072,7.269701805072,7.269701805032,7.26970180474,0,1.929363389,2.69818016611,2.69818016611,2.6981801661,3.0840644349,3.3543674099,3.3543674097,3.3543674091845,3.3543674091845,3.3543674096,3.3543674096,3.3543674096,3.3543674095,3.3543674099,3.3543674095,3.3543674095,5.09648900452,5.09648900442,5.09648900442,4.27249292076,5.09648900456,5.0964890047,5.0964890047,4.67056958622,5.09648900457,5.09648900457,5.09648900457,5.09648900452,5.09648900452,5.09648900442,5.09648900468,5.09648900468,5.09648900473,5.09648900471,5.09648900471,3.76515948002,2.46625254942,5.09648900495,5.09648900495,5.09648900495,5.09648900505,5.09648900505,5.09648900505,5.09648900515,4.38591927945,5.0964890048,5.0964890048,5.0964890048,2.24361591924,3.0891128287207,5.0964890045307,3.8423924002407,2.3640568335307,2.84100817994,6.42419524284,3.56016761594,6.42419524294,6.42419524304,6.42419524304,5.01794890704,3.87905115774,6.42419524262,6.42419524262,5.48121932232,6.42419524222,6.42419524222,4.25946170032,6.42419524217,6.42419524207,6.42419524207,6.42419524217,6.42419524217,6.42419524257,6.42419524257,6.42419524257,2.8296234411,2.8256190918,6.949181169,7.0194102171,7.0194102171,7.0194102171,7.0194102171,7.0194102171,7.0194102171,7.01941021707,7.01941021707,7.01941021707,6.7162469468,5.9102937877,5.650367958,4.47549762398,7.08646621488,7.08646621558,6.87690889098,7.08646621508,7.08646621518,7.08646621518,6.02715257598,7.08646621488,7.08646621518,7.08646621518,7.08646621517,7.08646621517,7.08646621524,7.08646621524,7.08646621524,7.08646621524,7.08646621519,7.08646621519,7.08646621519,7.08646621548,6.79406958689,7.08646621512,7.08646621512,7.08646621516,7.08646621516,7.08646621506,7.08646621506,6.20914952672,6.72903873878,6.97908163088,7.08646621528,6.95964333935,4.90951432674
"t23",5.12997472554,7.909229398732,8.296240613032,8.296240613132,8.296240613275,8.296240613275,8.296240613272,8.296240613272,8.296240613232,8.29624061294,1.929363389,0,2.37981883451,2.37981883451,2.3798188345,4.1106032431,4.3809062181,4.3809062179,4.3809062173845,4.3809062173845,4.3809062178,4.3809062178,4.3809062178,4.3809062177,4.3809062181,4.3809062177,4.3809062177,6.12302781272,6.12302781262,6.12302781262,5.29903172896,6.12302781276,6.1230278129,6.1230278129,5.69710839442,6.12302781277,6.12302781277,6.12302781277,6.12302781272,6.12302781272,6.12302781262,6.12302781288,6.12302781288,6.12302781293,6.12302781291,6.12302781291,4.79169828822,3.49279135762,6.12302781315,6.12302781315,6.12302781315,6.12302781325,6.12302781325,6.12302781325,6.12302781335,5.41245808765,6.123027813,6.123027813,6.123027813,3.27015472744,4.1156516369207,6.1230278127307,4.8689312084407,3.3905956417307,3.86754698814,7.45073405104,4.58670642414,7.45073405114,7.45073405124,7.45073405124,6.04448771524,4.90558996594,7.45073405082,7.45073405082,6.50775813052,7.45073405042,7.45073405042,5.28600050852,7.45073405037,7.45073405027,7.45073405027,7.45073405037,7.45073405037,7.45073405077,7.45073405077,7.45073405077,3.8561622493,3.8521579,7.9757199772,8.0459490253,8.0459490253,8.0459490253,8.0459490253,8.0459490253,8.0459490253,8.04594902527,8.04594902527,8.04594902527,7.742785755,6.9368325959,6.6769067662,5.50203643218,8.11300502308,8.11300502378,7.90344769918,8.11300502328,8.11300502338,8.11300502338,7.05369138418,8.11300502308,8.11300502338,8.11300502338,8.11300502337,8.11300502337,8.11300502344,8.11300502344,8.11300502344,8.11300502344,8.11300502339,8.11300502339,8.11300502339,8.11300502368,7.82060839509,8.11300502332,8.11300502332,8.11300502336,8.11300502336,8.11300502326,8.11300502326,7.23568833492,7.75557754698,8.00562043908,8.11300502348,7.98618214755,5.93605313494
"t130",5.89879150265,8.678046175842,9.065057390142,9.065057390242,9.065057390385,9.065057390385,9.065057390382,9.065057390382,9.065057390342,9.06505739005,2.69818016611,2.37981883451,0,0.05938856462,0.69498818561,4.87942002021,5.14972299521,5.14972299501,5.1497229944945,5.1497229944945,5.14972299491,5.14972299491,5.14972299491,5.14972299481,5.14972299521,5.14972299481,5.14972299481,6.89184458983,6.89184458973,6.89184458973,6.06784850607,6.89184458987,6.89184459001,6.89184459001,6.46592517153,6.89184458988,6.89184458988,6.89184458988,6.89184458983,6.89184458983,6.89184458973,6.89184458999,6.89184458999,6.89184459004,6.89184459002,6.89184459002,5.56051506533,4.26160813473,6.89184459026,6.89184459026,6.89184459026,6.89184459036,6.89184459036,6.89184459036,6.89184459046,6.18127486476,6.89184459011,6.89184459011,6.89184459011,4.03897150455,4.8844684140307,6.8918445898407,5.6377479855507,4.1594124188407,4.63636376525,8.21955082815,5.35552320125,8.21955082825,8.21955082835,8.21955082835,6.81330449235,5.67440674305,8.21955082793,8.21955082793,7.27657490763,8.21955082753,8.21955082753,6.05481728563,8.21955082748,8.21955082738,8.21955082738,8.21955082748,8.21955082748,8.21955082788,8.21955082788,8.21955082788,4.62497902641,4.62097467711,8.74453675431,8.81476580241,8.81476580241,8.81476580241,8.81476580241,8.81476580241,8.81476580241,8.81476580238,8.81476580238,8.81476580238,8.51160253211,7.70564937301,7.44572354331,6.27085320929,8.88182180019,8.88182180089,8.67226447629,8.88182180039,8.88182180049,8.88182180049,7.82250816129,8.88182180019,8.88182180049,8.88182180049,8.88182180048,8.88182180048,8.88182180055,8.88182180055,8.88182180055,8.88182180055,8.8818218005,8.8818218005,8.8818218005,8.88182180079,8.5894251722,8.88182180043,8.88182180043,8.88182180047,8.88182180047,8.88182180037,8.88182180037,8.00450511203,8.52439432409,8.77443721619,8.88182180059,8.75499892466,6.70486991205
"t131",5.89879150265,8.678046175842,9.065057390142,9.065057390242,9.065057390385,9.065057390385,9.065057390382,9.065057390382,9.065057390342,9.06505739005,2.69818016611,2.37981883451,0.05938856462,0,0.69498818561,4.87942002021,5.14972299521,5.14972299501,5.1497229944945,5.1497229944945,5.14972299491,5.14972299491,5.14972299491,5.14972299481,5.14972299521,5.14972299481,5.14972299481,6.89184458983,6.89184458973,6.89184458973,6.06784850607,6.89184458987,6.89184459001,6.89184459001,6.46592517153,6.89184458988,6.89184458988,6.89184458988,6.89184458983,6.89184458983,6.89184458973,6.89184458999,6.89184458999,6.89184459004,6.89184459002,6.89184459002,5.56051506533,4.26160813473,6.89184459026,6.89184459026,6.89184459026,6.89184459036,6.89184459036,6.89184459036,6.89184459046,6.18127486476,6.89184459011,6.89184459011,6.89184459011,4.03897150455,4.8844684140307,6.8918445898407,5.6377479855507,4.1594124188407,4.63636376525,8.21955082815,5.35552320125,8.21955082825,8.21955082835,8.21955082835,6.81330449235,5.67440674305,8.21955082793,8.21955082793,7.27657490763,8.21955082753,8.21955082753,6.05481728563,8.21955082748,8.21955082738,8.21955082738,8.21955082748,8.21955082748,8.21955082788,8.21955082788,8.21955082788,4.62497902641,4.62097467711,8.74453675431,8.81476580241,8.81476580241,8.81476580241,8.81476580241,8.81476580241,8.81476580241,8.81476580238,8.81476580238,8.81476580238,8.51160253211,7.70564937301,7.44572354331,6.27085320929,8.88182180019,8.88182180089,8.67226447629,8.88182180039,8.88182180049,8.88182180049,7.82250816129,8.88182180019,8.88182180049,8.88182180049,8.88182180048,8.88182180048,8.88182180055,8.88182180055,8.88182180055,8.88182180055,8.8818218005,8.8818218005,8.8818218005,8.88182180079,8.5894251722,8.88182180043,8.88182180043,8.88182180047,8.88182180047,8.88182180037,8.88182180037,8.00450511203,8.52439432409,8.77443721619,8.88182180059,8.75499892466,6.70486991205
"t76",5.89879150264,8.678046175832,9.065057390132,9.065057390232,9.065057390375,9.065057390375,9.065057390372,9.065057390372,9.065057390332,9.06505739004,2.6981801661,2.3798188345,0.69498818561,0.69498818561,0,4.8794200202,5.1497229952,5.149722995,5.1497229944845,5.1497229944845,5.1497229949,5.1497229949,5.1497229949,5.1497229948,5.1497229952,5.1497229948,5.1497229948,6.89184458982,6.89184458972,6.89184458972,6.06784850606,6.89184458986,6.89184459,6.89184459,6.46592517152,6.89184458987,6.89184458987,6.89184458987,6.89184458982,6.89184458982,6.89184458972,6.89184458998,6.89184458998,6.89184459003,6.89184459001,6.89184459001,5.56051506532,4.26160813472,6.89184459025,6.89184459025,6.89184459025,6.89184459035,6.89184459035,6.89184459035,6.89184459045,6.18127486475,6.8918445901,6.8918445901,6.8918445901,4.03897150454,4.8844684140207,6.8918445898307,5.6377479855407,4.1594124188307,4.63636376524,8.21955082814,5.35552320124,8.21955082824,8.21955082834,8.21955082834,6.81330449234,5.67440674304,8.21955082792,8.21955082792,7.27657490762,8.21955082752,8.21955082752,6.05481728562,8.21955082747,8.21955082737,8.21955082737,8.21955082747,8.21955082747,8.21955082787,8.21955082787,8.21955082787,4.6249790264,4.6209746771,8.7445367543,8.8147658024,8.8147658024,8.8147658024,8.8147658024,8.8147658024,8.8147658024,8.81476580237,8.81476580237,8.81476580237,8.5116025321,7.705649373,7.4457235433,6.27085320928,8.88182180018,8.88182180088,8.67226447628,8.88182180038,8.88182180048,8.88182180048,7.82250816128,8.88182180018,8.88182180048,8.88182180048,8.88182180047,8.88182180047,8.88182180054,8.88182180054,8.88182180054,8.88182180054,8.88182180049,8.88182180049,8.88182180049,8.88182180078,8.58942517219,8.88182180042,8.88182180042,8.88182180046,8.88182180046,8.88182180036,8.88182180036,8.00450511202,8.52439432408,8.77443721618,8.88182180058,8.75499892465,6.70486991204
"t29",5.62848852824,8.407743201432,8.794754415732,8.794754415832,8.794754415975,8.794754415975,8.794754415972,8.794754415972,8.794754415932,8.79475441564,3.0840644349,4.1106032431,4.87942002021,4.87942002021,4.8794200202,0,2.365828515,3.6248059382,3.6248059376845,3.6248059376845,3.6248059381,3.6248059381,3.6248059381,3.624805938,3.6248059384,3.624805938,3.624805938,6.62154161542,6.62154161532,6.62154161532,5.79754553166,6.62154161546,6.6215416156,6.6215416156,6.19562219712,6.62154161547,6.62154161547,6.62154161547,6.62154161542,6.62154161542,6.62154161532,6.62154161558,6.62154161558,6.62154161563,6.62154161561,6.62154161561,5.29021209092,3.99130516032,6.62154161585,6.62154161585,6.62154161585,6.62154161595,6.62154161595,6.62154161595,6.62154161605,5.91097189035,6.6215416157,6.6215416157,6.6215416157,3.76866853014,4.6141654396207,6.6215416154307,5.3674450111407,3.8891094444307,4.36606079084,7.94924785374,5.08522022684,7.94924785384,7.94924785394,7.94924785394,6.54300151794,5.40410376864,7.94924785352,7.94924785352,7.00627193322,7.94924785312,7.94924785312,5.78451431122,7.94924785307,7.94924785297,7.94924785297,7.94924785307,7.94924785307,7.94924785347,7.94924785347,7.94924785347,4.354676052,4.3506717027,8.4742337799,8.544462828,8.544462828,8.544462828,8.544462828,8.544462828,8.544462828,8.54446282797,8.54446282797,8.54446282797,8.2412995577,7.4353463986,7.1754205689,6.00055023488,8.61151882578,8.61151882648,8.40196150188,8.61151882598,8.61151882608,8.61151882608,7.55220518688,8.61151882578,8.61151882608,8.61151882608,8.61151882607,8.61151882607,8.61151882614,8.61151882614,8.61151882614,8.61151882614,8.61151882609,8.61151882609,8.61151882609,8.61151882638,8.31912219779,8.61151882602,8.61151882602,8.61151882606,8.61151882606,8.61151882596,8.61151882596,7.73420213762,8.25409134968,8.50413424178,8.61151882618,8.48469595025,6.43456693764
"t30",5.89879150324,8.678046176432,9.065057390732,9.065057390832,9.065057390975,9.065057390975,9.065057390972,9.065057390972,9.065057390932,9.06505739064,3.3543674099,4.3809062181,5.14972299521,5.14972299521,5.1497229952,2.365828515,0,3.8951089132,3.8951089126845,3.8951089126845,3.8951089131,3.8951089131,3.8951089131,3.895108913,3.8951089134,3.895108913,3.895108913,6.89184459042,6.89184459032,6.89184459032,6.06784850666,6.89184459046,6.8918445906,6.8918445906,6.46592517212,6.89184459047,6.89184459047,6.89184459047,6.89184459042,6.89184459042,6.89184459032,6.89184459058,6.89184459058,6.89184459063,6.89184459061,6.89184459061,5.56051506592,4.26160813532,6.89184459085,6.89184459085,6.89184459085,6.89184459095,6.89184459095,6.89184459095,6.89184459105,6.18127486535,6.8918445907,6.8918445907,6.8918445907,4.03897150514,4.8844684146207,6.8918445904307,5.6377479861407,4.1594124194307,4.63636376584,8.21955082874,5.35552320184,8.21955082884,8.21955082894,8.21955082894,6.81330449294,5.67440674364,8.21955082852,8.21955082852,7.27657490822,8.21955082812,8.21955082812,6.05481728622,8.21955082807,8.21955082797,8.21955082797,8.21955082807,8.21955082807,8.21955082847,8.21955082847,8.21955082847,4.624979027,4.6209746777,8.7445367549,8.814765803,8.814765803,8.814765803,8.814765803,8.814765803,8.814765803,8.81476580297,8.81476580297,8.81476580297,8.5116025327,7.7056493736,7.4457235439,6.27085320988,8.88182180078,8.88182180148,8.67226447688,8.88182180098,8.88182180108,8.88182180108,7.82250816188,8.88182180078,8.88182180108,8.88182180108,8.88182180107,8.88182180107,8.88182180114,8.88182180114,8.88182180114,8.88182180114,8.88182180109,8.88182180109,8.88182180109,8.88182180138,8.58942517279,8.88182180102,8.88182180102,8.88182180106,8.88182180106,8.88182180096,8.88182180096,8.00450511262,8.52439432468,8.77443721678,8.88182180118,8.75499892525,6.70486991264
"t25",5.89879150304,8.678046176232,9.065057390532,9.065057390632,9.065057390775,9.065057390775,9.065057390772,9.065057390772,9.065057390732,9.06505739044,3.3543674097,4.3809062179,5.14972299501,5.14972299501,5.149722995,3.6248059382,3.8951089132,0,3.0632291594845,3.0632291594845,3.0632291599,3.0632291599,3.0632291599,3.0632291598,3.3218523514,3.321852351,3.321852351,6.89184459022,6.89184459012,6.89184459012,6.06784850646,6.89184459026,6.8918445904,6.8918445904,6.46592517192,6.89184459027,6.89184459027,6.89184459027,6.89184459022,6.89184459022,6.89184459012,6.89184459038,6.89184459038,6.89184459043,6.89184459041,6.89184459041,5.56051506572,4.26160813512,6.89184459065,6.89184459065,6.89184459065,6.89184459075,6.89184459075,6.89184459075,6.89184459085,6.18127486515,6.8918445905,6.8918445905,6.8918445905,4.03897150494,4.8844684144207,6.8918445902307,5.6377479859407,4.1594124192307,4.63636376564,8.21955082854,5.35552320164,8.21955082864,8.21955082874,8.21955082874,6.81330449274,5.67440674344,8.21955082832,8.21955082832,7.27657490802,8.21955082792,8.21955082792,6.05481728602,8.21955082787,8.21955082777,8.21955082777,8.21955082787,8.21955082787,8.21955082827,8.21955082827,8.21955082827,4.6249790268,4.6209746775,8.7445367547,8.8147658028,8.8147658028,8.8147658028,8.8147658028,8.8147658028,8.8147658028,8.81476580277,8.81476580277,8.81476580277,8.5116025325,7.7056493734,7.4457235437,6.27085320968,8.88182180058,8.88182180128,8.67226447668,8.88182180078,8.88182180088,8.88182180088,7.82250816168,8.88182180058,8.88182180088,8.88182180088,8.88182180087,8.88182180087,8.88182180094,8.88182180094,8.88182180094,8.88182180094,8.88182180089,8.88182180089,8.88182180089,8.88182180118,8.58942517259,8.88182180082,8.88182180082,8.88182180086,8.88182180086,8.88182180076,8.88182180076,8.00450511242,8.52439432448,8.77443721658,8.88182180098,8.75499892505,6.70486991244
"t134",5.8987915025245,8.6780461757165,9.0650573900165,9.0650573901165,9.0650573902595,9.0650573902595,9.0650573902565,9.0650573902565,9.0650573902165,9.0650573899245,3.3543674091845,4.3809062173845,5.1497229944945,5.1497229944945,5.1497229944845,3.6248059376845,3.8951089126845,3.0632291594845,0,0.000879074569,2.4344750389845,2.4344750389845,2.4344750389845,2.4344750388845,3.3218523508845,3.3218523504845,3.3218523504845,6.8918445897045,6.8918445896045,6.8918445896045,6.0678485059445,6.8918445897445,6.8918445898845,6.8918445898845,6.4659251714045,6.8918445897545,6.8918445897545,6.8918445897545,6.8918445897045,6.8918445897045,6.8918445896045,6.8918445898645,6.8918445898645,6.8918445899145,6.8918445898945,6.8918445898945,5.5605150652045,4.2616081346045,6.8918445901345,6.8918445901345,6.8918445901345,6.8918445902345,6.8918445902345,6.8918445902345,6.8918445903345,6.1812748646345,6.8918445899845,6.8918445899845,6.8918445899845,4.0389715044245,4.8844684139052,6.8918445897152,5.6377479854252,4.1594124187152,4.6363637651245,8.2195508280245,5.3555232011245,8.2195508281245,8.2195508282245,8.2195508282245,6.8133044922245,5.6744067429245,8.2195508278045,8.2195508278045,7.2765749075045,8.2195508274045,8.2195508274045,6.0548172855045,8.2195508273545,8.2195508272545,8.2195508272545,8.2195508273545,8.2195508273545,8.2195508277545,8.2195508277545,8.2195508277545,4.6249790262845,4.6209746769845,8.7445367541845,8.8147658022845,8.8147658022845,8.8147658022845,8.8147658022845,8.8147658022845,8.8147658022845,8.8147658022545,8.8147658022545,8.8147658022545,8.5116025319845,7.7056493728845,7.4457235431845,6.2708532091645,8.8818218000645,8.8818218007645,8.6722644761645,8.8818218002645,8.8818218003645,8.8818218003645,7.8225081611645,8.8818218000645,8.8818218003645,8.8818218003645,8.8818218003545,8.8818218003545,8.8818218004245,8.8818218004245,8.8818218004245,8.8818218004245,8.8818218003745,8.8818218003745,8.8818218003745,8.8818218006645,8.5894251720745,8.8818218003045,8.8818218003045,8.8818218003445,8.8818218003445,8.8818218002445,8.8818218002445,8.0045051119045,8.5243943239645,8.7744372160645,8.8818218004645,8.7549989245345,6.7048699119245
