"","t43","t83","t84","t71","t72","t33","t44","t59","t60","t6","t75","t76","t24","t38","t39","t3","t66","t67","t45","t46","t8","t47","t48","t7","t13","t14","t5","t27","t28","t49","t50","t61","t62","t1","t32","t77","t78","t29","t30","t21","t22","t16","t19","t20","t2","t86","t87","t73","t74","t10","t57","t58","t37","t89","t90","t53","t40","t41","t63","t64","t51","t52","t35","t36","t95","t96","t54","t99","t100","t26","t4","t23","t68","t69","t79","t80","t34","t9","t11","t65","t93","t94","t70","t42","t55","t56","t12","t15","t88","t91","t92","t85","t25","t17","t18","t31","t97","t98","t81","t82"
"t43",0,1.0087823102,1.0087823102,1.0087823103,1.0087823103,1.3059447255,1.8375410275,1.8375410274,1.8375410274,5.41395694948,5.41395694998,5.41395694998,5.41395694978,5.41395694978,5.41395694978,5.41395694978,5.41395695008,5.41395695008,5.4139569497,5.4139569497,5.41395694936,5.41395694956,5.41395694956,5.4139569499,5.41395694938,5.41395694938,5.6150901857,5.6150901856,5.6150901856,5.6150901856,5.6150901856,5.615090186,5.615090186,7.1583429725,7.1583429725,7.1583429726,7.1583429726,7.15834297318,7.15834297318,7.15834297244,7.15834297244,7.15834297238,7.1583429733,7.1583429733,7.21465295409,7.21465295388,7.21465295388,7.21465295389,7.21465295389,7.21465295369,7.214652953933,7.214652953933,7.214652953853,7.214652953853,7.214652953853,7.214652953853,7.214652953861,7.214652953861,7.214652953833,7.214652953833,7.21465295389,7.21465295389,7.21465295399,7.21465295399,7.214652953933,7.214652953933,7.21465295389,7.21465295399,7.21465295399,7.21465295399,7.21465295329,7.21465295379,7.21465295379,7.21465295379,7.21465295469,7.21465295469,7.21465295459,7.21465295449,7.21465295404,7.21465295414,7.21465295413,7.21465295413,7.21465295412,7.21465295419,7.21465295419,7.21465295419,7.21465295409,7.21465295378,7.21465295379,7.21465295379,7.21465295379,7.21465295378,7.21465295378,7.21465295371,7.21465295371,7.21465295379,7.214652953745,7.214652953745,7.21465295376,7.21465295376
"t83",1.0087823102,0,0.1785777256,0.8867641483,0.8867641483,1.3059447255,1.8375410275,1.8375410274,1.8375410274,5.41395694948,5.41395694998,5.41395694998,5.41395694978,5.41395694978,5.41395694978,5.41395694978,5.41395695008,5.41395695008,5.4139569497,5.4139569497,5.41395694936,5.41395694956,5.41395694956,5.4139569499,5.41395694938,5.41395694938,5.6150901857,5.6150901856,5.6150901856,5.6150901856,5.6150901856,5.615090186,5.615090186,7.1583429725,7.1583429725,7.1583429726,7.1583429726,7.15834297318,7.15834297318,7.15834297244,7.15834297244,7.15834297238,7.1583429733,7.1583429733,7.21465295409,7.21465295388,7.21465295388,7.21465295389,7.21465295389,7.21465295369,7.214652953933,7.214652953933,7.214652953853,7.214652953853,7.214652953853,7.214652953853,7.214652953861,7.214652953861,7.214652953833,7.214652953833,7.21465295389,7.21465295389,7.21465295399,7.21465295399,7.214652953933,7.214652953933,7.21465295389,7.21465295399,7.21465295399,7.21465295399,7.21465295329,7.21465295379,7.21465295379,7.21465295379,7.21465295469,7.21465295469,7.21465295459,7.21465295449,7.21465295404,7.21465295414,7.21465295413,7.21465295413,7.21465295412,7.21465295419,7.21465295419,7.21465295419,7.21465295409,7.21465295378,7.21465295379,7.21465295379,7.21465295379,7.21465295378,7.21465295378,7.21465295371,7.21465295371,7.21465295379,7.214652953745,7.214652953745,7.21465295376,7.21465295376
"t84",1.0087823102,0.1785777256,0,0.8867641483,0.8867641483,1.3059447255,1.8375410275,1.8375410274,1.8375410274,5.41395694948,5.41395694998,5.41395694998,5.41395694978,5.41395694978,5.41395694978,5.41395694978,5.41395695008,5.41395695008,5.4139569497,5.4139569497,5.41395694936,5.41395694956,5.41395694956,5.4139569499,5.41395694938,5.41395694938,5.6150901857,5.6150901856,5.6150901856,5.6150901856,5.6150901856,5.615090186,5.615090186,7.1583429725,7.1583429725,7.1583429726,7.1583429726,7.15834297318,7.15834297318,7.15834297244,7.15834297244,7.15834297238,7.1583429733,7.1583429733,7.21465295409,7.21465295388,7.21465295388,7.21465295389,7.21465295389,7.21465295369,7.214652953933,7.214652953933,7.214652953853,7.214652953853,7.214652953853,7.214652953853,7.214652953861,7.214652953861,7.214652953833,7.214652953833,7.21465295389,7.21465295389,7.21465295399,7.21465295399,7.214652953933,7.214652953933,7.21465295389,7.21465295399,7.21465295399,7.21465295399,7.21465295329,7.21465295379,7.21465295379,7.21465295379,7.21465295469,7.21465295469,7.21465295459,7.21465295449,7.21465295404,7.21465295414,7.21465295413,7.21465295413,7.21465295412,7.21465295419,7.21465295419,7.21465295419,7.21465295409,7.21465295378,7.21465295379,7.21465295379,7.21465295379,7.21465295378,7.21465295378,7.21465295371,7.21465295371,7.21465295379,7.214652953745,7.214652953745,7.21465295376,7.21465295376
"t71",1.0087823103,0.8867641483,0.8867641483,0,0.40143018,1.3059447256,1.8375410276,1.8375410275,1.8375410275,5.41395694958,5.41395695008,5.41395695008,5.41395694988,5.41395694988,5.41395694988,5.41395694988,5.41395695018,5.41395695018,5.4139569498,5.4139569498,5.41395694946,5.41395694966,5.41395694966,5.41395695,5.41395694948,5.41395694948,5.6150901858,5.6150901857,5.6150901857,5.6150901857,5.6150901857,5.6150901861,5.6150901861,7.1583429726,7.1583429726,7.1583429727,7.1583429727,7.15834297328,7.15834297328,7.15834297254,7.15834297254,7.15834297248,7.1583429734,7.1583429734,7.21465295419,7.21465295398,7.21465295398,7.21465295399,7.21465295399,7.21465295379,7.214652954033,7.214652954033,7.214652953953,7.214652953953,7.214652953953,7.214652953953,7.214652953961,7.214652953961,7.214652953933,7.214652953933,7.21465295399,7.21465295399,7.21465295409,7.21465295409,7.214652954033,7.214652954033,7.21465295399,7.21465295409,7.21465295409,7.21465295409,7.21465295339,7.21465295389,7.21465295389,7.21465295389,7.21465295479,7.21465295479,7.21465295469,7.21465295459,7.21465295414,7.21465295424,7.21465295423,7.21465295423,7.21465295422,7.21465295429,7.21465295429,7.21465295429,7.21465295419,7.21465295388,7.21465295389,7.21465295389,7.21465295389,7.21465295388,7.21465295388,7.21465295381,7.21465295381,7.21465295389,7.214652953845,7.214652953845,7.21465295386,7.21465295386
"t72",1.0087823103,0.8867641483,0.8867641483,0.40143018,0,1.3059447256,1.8375410276,1.8375410275,1.8375410275,5.41395694958,5.41395695008,5.41395695008,5.41395694988,5.41395694988,5.41395694988,5.41395694988,5.41395695018,5.41395695018,5.4139569498,5.4139569498,5.41395694946,5.41395694966,5.41395694966,5.41395695,5.41395694948,5.41395694948,5.6150901858,5.6150901857,5.6150901857,5.6150901857,5.6150901857,5.6150901861,5.6150901861,7.1583429726,7.1583429726,7.1583429727,7.1583429727,7.15834297328,7.15834297328,7.15834297254,7.15834297254,7.15834297248,7.1583429734,7.1583429734,7.21465295419,7.21465295398,7.21465295398,7.21465295399,7.21465295399,7.21465295379,7.214652954033,7.214652954033,7.214652953953,7.214652953953,7.214652953953,7.214652953953,7.214652953961,7.214652953961,7.214652953933,7.214652953933,7.21465295399,7.21465295399,7.21465295409,7.21465295409,7.214652954033,7.214652954033,7.21465295399,7.21465295409,7.21465295409,7.21465295409,7.21465295339,7.21465295389,7.21465295389,7.21465295389,7.21465295479,7.21465295479,7.21465295469,7.21465295459,7.21465295414,7.21465295424,7.21465295423,7.21465295423,7.21465295422,7.21465295429,7.21465295429,7.21465295429,7.21465295419,7.21465295388,7.21465295389,7.21465295389,7.21465295389,7.21465295388,7.21465295388,7.21465295381,7.21465295381,7.21465295389,7.214652953845,7.214652953845,7.21465295386,7.21465295386
"t33",1.3059447255,1.3059447255,1.3059447255,1.3059447256,1.3059447256,0,1.8375410276,1.8375410275,1.8375410275,5.41395694958,5.41395695008,5.41395695008,5.41395694988,5.41395694988,5.41395694988,5.41395694988,5.41395695018,5.41395695018,5.4139569498,5.4139569498,5.41395694946,5.41395694966,5.41395694966,5.41395695,5.41395694948,5.41395694948,5.6150901858,5.6150901857,5.6150901857,5.6150901857,5.6150901857,5.6150901861,5.6150901861,7.1583429726,7.1583429726,7.1583429727,7.1583429727,7.15834297328,7.15834297328,7.15834297254,7.15834297254,7.15834297248,7.1583429734,7.1583429734,7.21465295419,7.21465295398,7.21465295398,7.21465295399,7.21465295399,7.21465295379,7.214652954033,7.214652954033,7.214652953953,7.214652953953,7.214652953953,7.214652953953,7.214652953961,7.214652953961,7.214652953933,7.214652953933,7.21465295399,7.21465295399,7.21465295409,7.21465295409,7.214652954033,7.214652954033,7.21465295399,7.21465295409,7.21465295409,7.21465295409,7.21465295339,7.21465295389,7.21465295389,7.21465295389,7.21465295479,7.21465295479,7.21465295469,7.21465295459,7.21465295414,7.21465295424,7.21465295423,7.21465295423,7.21465295422,7.21465295429,7.21465295429,7.21465295429,7.21465295419,7.21465295388,7.21465295389,7.21465295389,7.21465295389,7.21465295388,7.21465295388,7.21465295381,7.21465295381,7.21465295389,7.214652953845,7.214652953845,7.21465295386,7.21465295386
"t44",1.8375410275,1.8375410275,1.8375410275,1.8375410276,1.8375410276,1.8375410276,0,0.9921860191,0.9921860191,5.41395694958,5.41395695008,5.41395695008,5.41395694988,5.41395694988,5.41395694988,5.41395694988,5.41395695018,5.41395695018,5.4139569498,5.4139569498,5.41395694946,5.41395694966,5.41395694966,5.41395695,5.41395694948,5.41395694948,5.6150901858,5.6150901857,5.6150901857,5.6150901857,5.6150901857,5.6150901861,5.6150901861,7.1583429726,7.1583429726,7.1583429727,7.1583429727,7.15834297328,7.15834297328,7.15834297254,7.15834297254,7.15834297248,7.1583429734,7.1583429734,7.21465295419,7.21465295398,7.21465295398,7.21465295399,7.21465295399,7.21465295379,7.214652954033,7.214652954033,7.214652953953,7.214652953953,7.214652953953,7.214652953953,7.214652953961,7.214652953961,7.214652953933,7.214652953933,7.21465295399,7.21465295399,7.21465295409,7.21465295409,7.214652954033,7.214652954033,7.21465295399,7.21465295409,7.21465295409,7.21465295409,7.21465295339,7.21465295389,7.21465295389,7.21465295389,7.21465295479,7.21465295479,7.21465295469,7.21465295459,7.21465295414,7.21465295424,7.21465295423,7.21465295423,7.21465295422,7.21465295429,7.21465295429,7.21465295429,7.21465295419,7.21465295388,7.21465295389,7.21465295389,7.21465295389,7.21465295388,7.21465295388,7.21465295381,7.21465295381,7.21465295389,7.214652953845,7.214652953845,7.21465295386,7.21465295386
"t59",1.8375410274,1.8375410274,1.8375410274,1.8375410275,1.8375410275,1.8375410275,0.9921860191,0,0.6040895096,5.41395694948,5.41395694998,5.41395694998,5.41395694978,5.41395694978,5.41395694978,5.41395694978,5.41395695008,5.41395695008,5.4139569497,5.4139569497,5.41395694936,5.41395694956,5.41395694956,5.4139569499,5.41395694938,5.41395694938,5.6150901857,5.6150901856,5.6150901856,5.6150901856,5.6150901856,5.615090186,5.615090186,7.1583429725,7.1583429725,7.1583429726,7.1583429726,7.15834297318,7.15834297318,7.15834297244,7.15834297244,7.15834297238,7.1583429733,7.1583429733,7.21465295409,7.21465295388,7.21465295388,7.21465295389,7.21465295389,7.21465295369,7.214652953933,7.214652953933,7.214652953853,7.214652953853,7.214652953853,7.214652953853,7.214652953861,7.214652953861,7.214652953833,7.214652953833,7.21465295389,7.21465295389,7.21465295399,7.21465295399,7.214652953933,7.214652953933,7.21465295389,7.21465295399,7.21465295399,7.21465295399,7.21465295329,7.21465295379,7.21465295379,7.21465295379,7.21465295469,7.21465295469,7.21465295459,7.21465295449,7.21465295404,7.21465295414,7.21465295413,7.21465295413,7.21465295412,7.21465295419,7.21465295419,7.21465295419,7.21465295409,7.21465295378,7.21465295379,7.21465295379,7.21465295379,7.21465295378,7.21465295378,7.21465295371,7.21465295371,7.21465295379,7.214652953745,7.214652953745,7.21465295376,7.21465295376
"t60",1.8375410274,1.8375410274,1.8375410274,1.8375410275,1.8375410275,1.8375410275,0.9921860191,0.6040895096,0,5.41395694948,5.41395694998,5.41395694998,5.41395694978,5.41395694978,5.41395694978,5.41395694978,5.41395695008,5.41395695008,5.4139569497,5.4139569497,5.41395694936,5.41395694956,5.41395694956,5.4139569499,5.41395694938,5.41395694938,5.6150901857,5.6150901856,5.6150901856,5.6150901856,5.6150901856,5.615090186,5.615090186,7.1583429725,7.1583429725,7.1583429726,7.1583429726,7.15834297318,7.15834297318,7.15834297244,7.15834297244,7.15834297238,7.1583429733,7.1583429733,7.21465295409,7.21465295388,7.21465295388,7.21465295389,7.21465295389,7.21465295369,7.214652953933,7.214652953933,7.214652953853,7.214652953853,7.214652953853,7.214652953853,7.214652953861,7.214652953861,7.214652953833,7.214652953833,7.21465295389,7.21465295389,7.21465295399,7.21465295399,7.214652953933,7.214652953933,7.21465295389,7.21465295399,7.21465295399,7.21465295399,7.21465295329,7.21465295379,7.21465295379,7.21465295379,7.21465295469,7.21465295469,7.21465295459,7.21465295449,7.21465295404,7.21465295414,7.21465295413,7.21465295413,7.21465295412,7.21465295419,7.21465295419,7.21465295419,7.21465295409,7.21465295378,7.21465295379,7.21465295379,7.21465295379,7.21465295378,7.21465295378,7.21465295371,7.21465295371,7.21465295379,7.214652953745,7.214652953745,7.21465295376,7.21465295376
"t6",5.41395694948,5.41395694948,5.41395694948,5.41395694958,5.41395694958,5.41395694958,5.41395694958,5.41395694948,5.41395694948,0,3.1566214985,3.1566214985,4.4458902021,4.4458902021,4.4458902021,4.4458902021,5.2385414856,5.2385414856,5.23854148522,5.23854148522,5.23854148488,5.23854148508,5.23854148508,5.23854148542,5.2385414849,5.2385414849,5.61509018578,5.61509018568,5.61509018568,5.61509018568,5.61509018568,5.61509018608,5.61509018608,7.15834297258,7.15834297258,7.15834297268,7.15834297268,7.15834297326,7.15834297326,7.15834297252,7.15834297252,7.15834297246,7.15834297338,7.15834297338,7.21465295417,7.21465295396,7.21465295396,7.21465295397,7.21465295397,7.21465295377,7.214652954013,7.214652954013,7.214652953933,7.214652953933,7.214652953933,7.214652953933,7.214652953941,7.214652953941,7.214652953913,7.214652953913,7.21465295397,7.21465295397,7.21465295407,7.21465295407,7.214652954013,7.214652954013,7.21465295397,7.21465295407,7.21465295407,7.21465295407,7.21465295337,7.21465295387,7.21465295387,7.21465295387,7.21465295477,7.21465295477,7.21465295467,7.21465295457,7.21465295412,7.21465295422,7.21465295421,7.21465295421,7.2146529542,7.21465295427,7.21465295427,7.21465295427,7.21465295417,7.21465295386,7.21465295387,7.21465295387,7.21465295387,7.21465295386,7.21465295386,7.21465295379,7.21465295379,7.21465295387,7.214652953825,7.214652953825,7.21465295384,7.21465295384
"t75",5.41395694998,5.41395694998,5.41395694998,5.41395695008,5.41395695008,5.41395695008,5.41395695008,5.41395694998,5.41395694998,3.1566214985,0,0.278913809,4.4458902026,4.4458902026,4.4458902026,4.4458902026,5.2385414861,5.2385414861,5.23854148572,5.23854148572,5.23854148538,5.23854148558,5.23854148558,5.23854148592,5.2385414854,5.2385414854,5.61509018628,5.61509018618,5.61509018618,5.61509018618,5.61509018618,5.61509018658,5.61509018658,7.15834297308,7.15834297308,7.15834297318,7.15834297318,7.15834297376,7.15834297376,7.15834297302,7.15834297302,7.15834297296,7.15834297388,7.15834297388,7.21465295467,7.21465295446,7.21465295446,7.21465295447,7.21465295447,7.21465295427,7.214652954513,7.214652954513,7.214652954433,7.214652954433,7.214652954433,7.214652954433,7.214652954441,7.214652954441,7.214652954413,7.214652954413,7.21465295447,7.21465295447,7.21465295457,7.21465295457,7.214652954513,7.214652954513,7.21465295447,7.21465295457,7.21465295457,7.21465295457,7.21465295387,7.21465295437,7.21465295437,7.21465295437,7.21465295527,7.21465295527,7.21465295517,7.21465295507,7.21465295462,7.21465295472,7.21465295471,7.21465295471,7.2146529547,7.21465295477,7.21465295477,7.21465295477,7.21465295467,7.21465295436,7.21465295437,7.21465295437,7.21465295437,7.21465295436,7.21465295436,7.21465295429,7.21465295429,7.21465295437,7.214652954325,7.214652954325,7.21465295434,7.21465295434
"t76",5.41395694998,5.41395694998,5.41395694998,5.41395695008,5.41395695008,5.41395695008,5.41395695008,5.41395694998,5.41395694998,3.1566214985,0.278913809,0,4.4458902026,4.4458902026,4.4458902026,4.4458902026,5.2385414861,5.2385414861,5.23854148572,5.23854148572,5.23854148538,5.23854148558,5.23854148558,5.23854148592,5.2385414854,5.2385414854,5.61509018628,5.61509018618,5.61509018618,5.61509018618,5.61509018618,5.61509018658,5.61509018658,7.15834297308,7.15834297308,7.15834297318,7.15834297318,7.15834297376,7.15834297376,7.15834297302,7.15834297302,7.15834297296,7.15834297388,7.15834297388,7.21465295467,7.21465295446,7.21465295446,7.21465295447,7.21465295447,7.21465295427,7.214652954513,7.214652954513,7.214652954433,7.214652954433,7.214652954433,7.214652954433,7.214652954441,7.214652954441,7.214652954413,7.214652954413,7.21465295447,7.21465295447,7.21465295457,7.21465295457,7.214652954513,7.214652954513,7.21465295447,7.21465295457,7.21465295457,7.21465295457,7.21465295387,7.21465295437,7.21465295437,7.21465295437,7.21465295527,7.21465295527,7.21465295517,7.21465295507,7.21465295462,7.21465295472,7.21465295471,7.21465295471,7.2146529547,7.21465295477,7.21465295477,7.21465295477,7.21465295467,7.21465295436,7.21465295437,7.21465295437,7.21465295437,7.21465295436,7.21465295436,7.21465295429,7.21465295429,7.21465295437,7.214652954325,7.214652954325,7.21465295434,7.21465295434
"t24",5.41395694978,5.41395694978,5.41395694978,5.41395694988,5.41395694988,5.41395694988,5.41395694988,5.41395694978,5.41395694978,4.4458902021,4.4458902026,4.4458902026,0,1.6489784572,1.6489784572,3.573286922,5.2385414859,5.2385414859,5.23854148552,5.23854148552,5.23854148518,5.23854148538,5.23854148538,5.23854148572,5.2385414852,5.2385414852,5.61509018608,5.61509018598,5.61509018598,5.61509018598,5.61509018598,5.61509018638,5.61509018638,7.15834297288,7.15834297288,7.15834297298,7.15834297298,7.15834297356,7.15834297356,7.15834297282,7.15834297282,7.15834297276,7.15834297368,7.15834297368,7.21465295447,7.21465295426,7.21465295426,7.21465295427,7.21465295427,7.21465295407,7.214652954313,7.214652954313,7.214652954233,7.214652954233,7.214652954233,7.214652954233,7.214652954241,7.214652954241,7.214652954213,7.214652954213,7.21465295427,7.21465295427,7.21465295437,7.21465295437,7.214652954313,7.214652954313,7.21465295427,7.21465295437,7.21465295437,7.21465295437,7.21465295367,7.21465295417,7.21465295417,7.21465295417,7.21465295507,7.21465295507,7.21465295497,7.21465295487,7.21465295442,7.21465295452,7.21465295451,7.21465295451,7.2146529545,7.21465295457,7.21465295457,7.21465295457,7.21465295447,7.21465295416,7.21465295417,7.21465295417,7.21465295417,7.21465295416,7.21465295416,7.21465295409,7.21465295409,7.21465295417,7.214652954125,7.214652954125,7.21465295414,7.21465295414
"t38",5.41395694978,5.41395694978,5.41395694978,5.41395694988,5.41395694988,5.41395694988,5.41395694988,5.41395694978,5.41395694978,4.4458902021,4.4458902026,4.4458902026,1.6489784572,0,1.1024076538,3.573286922,5.2385414859,5.2385414859,5.23854148552,5.23854148552,5.23854148518,5.23854148538,5.23854148538,5.23854148572,5.2385414852,5.2385414852,5.61509018608,5.61509018598,5.61509018598,5.61509018598,5.61509018598,5.61509018638,5.61509018638,7.15834297288,7.15834297288,7.15834297298,7.15834297298,7.15834297356,7.15834297356,7.15834297282,7.15834297282,7.15834297276,7.15834297368,7.15834297368,7.21465295447,7.21465295426,7.21465295426,7.21465295427,7.21465295427,7.21465295407,7.214652954313,7.214652954313,7.214652954233,7.214652954233,7.214652954233,7.214652954233,7.214652954241,7.214652954241,7.214652954213,7.214652954213,7.21465295427,7.21465295427,7.21465295437,7.21465295437,7.214652954313,7.214652954313,7.21465295427,7.21465295437,7.21465295437,7.21465295437,7.21465295367,7.21465295417,7.21465295417,7.21465295417,7.21465295507,7.21465295507,7.21465295497,7.21465295487,7.21465295442,7.21465295452,7.21465295451,7.21465295451,7.2146529545,7.21465295457,7.21465295457,7.21465295457,7.21465295447,7.21465295416,7.21465295417,7.21465295417,7.21465295417,7.21465295416,7.21465295416,7.21465295409,7.21465295409,7.21465295417,7.214652954125,7.214652954125,7.21465295414,7.21465295414
"t39",5.41395694978,5.41395694978,5.41395694978,5.41395694988,5.41395694988,5.41395694988,5.41395694988,5.41395694978,5.41395694978,4.4458902021,4.4458902026,4.4458902026,1.6489784572,1.1024076538,0,3.573286922,5.2385414859,5.2385414859,5.23854148552,5.23854148552,5.23854148518,5.23854148538,5.23854148538,5.23854148572,5.2385414852,5.2385414852,5.61509018608,5.61509018598,5.61509018598,5.61509018598,5.61509018598,5.61509018638,5.61509018638,7.15834297288,7.15834297288,7.15834297298,7.15834297298,7.15834297356,7.15834297356,7.15834297282,7.15834297282,7.15834297276,7.15834297368,7.15834297368,7.21465295447,7.21465295426,7.21465295426,7.21465295427,7.21465295427,7.21465295407,7.214652954313,7.214652954313,7.214652954233,7.214652954233,7.214652954233,7.214652954233,7.214652954241,7.214652954241,7.214652954213,7.214652954213,7.21465295427,7.21465295427,7.21465295437,7.21465295437,7.214652954313,7.214652954313,7.21465295427,7.21465295437,7.21465295437,7.21465295437,7.21465295367,7.21465295417,7.21465295417,7.21465295417,7.21465295507,7.21465295507,7.21465295497,7.21465295487,7.21465295442,7.21465295452,7.21465295451,7.21465295451,7.2146529545,7.21465295457,7.21465295457,7.21465295457,7.21465295447,7.21465295416,7.21465295417,7.21465295417,7.21465295417,7.21465295416,7.21465295416,7.21465295409,7.21465295409,7.21465295417,7.214652954125,7.214652954125,7.21465295414,7.21465295414
"t3",5.41395694978,5.41395694978,5.41395694978,5.41395694988,5.41395694988,5.41395694988,5.41395694988,5.41395694978,5.41395694978,4.4458902021,4.4458902026,4.4458902026,3.573286922,3.573286922,3.573286922,0,5.2385414859,5.2385414859,5.23854148552,5.23854148552,5.23854148518,5.23854148538,5.23854148538,5.23854148572,5.2385414852,5.2385414852,5.61509018608,5.61509018598,5.61509018598,5.61509018598,5.61509018598,5.61509018638,5.61509018638,7.15834297288,7.15834297288,7.15834297298,7.15834297298,7.15834297356,7.15834297356,7.15834297282,7.15834297282,7.15834297276,7.15834297368,7.15834297368,7.21465295447,7.21465295426,7.21465295426,7.21465295427,7.21465295427,7.21465295407,7.214652954313,7.214652954313,7.214652954233,7.214652954233,7.214652954233,7.214652954233,7.214652954241,7.214652954241,7.214652954213,7.214652954213,7.21465295427,7.21465295427,7.21465295437,7.21465295437,7.214652954313,7.214652954313,7.21465295427,7.21465295437,7.21465295437,7.21465295437,7.21465295367,7.21465295417,7.21465295417,7.21465295417,7.21465295507,7.21465295507,7.21465295497,7.21465295487,7.21465295442,7.21465295452,7.21465295451,7.21465295451,7.2146529545,7.21465295457,7.21465295457,7.21465295457,7.21465295447,7.21465295416,7.21465295417,7.21465295417,7.21465295417,7.21465295416,7.21465295416,7.21465295409,7.21465295409,7.21465295417,7.214652954125,7.214652954125,7.21465295414,7.21465295414
"t66",5.41395695008,5.41395695008,5.41395695008,5.41395695018,5.41395695018,5.41395695018,5.41395695018,5.41395695008,5.41395695008,5.2385414856,5.2385414861,5.2385414861,5.2385414859,5.2385414859,5.2385414859,5.2385414859,0,0.479175619,4.45004499462,4.45004499462,4.45004499428,4.45004499448,4.45004499448,4.45004499482,4.4500449943,4.4500449943,5.61509018638,5.61509018628,5.61509018628,5.61509018628,5.61509018628,5.61509018668,5.61509018668,7.15834297318,7.15834297318,7.15834297328,7.15834297328,7.15834297386,7.15834297386,7.15834297312,7.15834297312,7.15834297306,7.15834297398,7.15834297398,7.21465295477,7.21465295456,7.21465295456,7.21465295457,7.21465295457,7.21465295437,7.214652954613,7.214652954613,7.214652954533,7.214652954533,7.214652954533,7.214652954533,7.214652954541,7.214652954541,7.214652954513,7.214652954513,7.21465295457,7.21465295457,7.21465295467,7.21465295467,7.214652954613,7.214652954613,7.21465295457,7.21465295467,7.21465295467,7.21465295467,7.21465295397,7.21465295447,7.21465295447,7.21465295447,7.21465295537,7.21465295537,7.21465295527,7.21465295517,7.21465295472,7.21465295482,7.21465295481,7.21465295481,7.2146529548,7.21465295487,7.21465295487,7.21465295487,7.21465295477,7.21465295446,7.21465295447,7.21465295447,7.21465295447,7.21465295446,7.21465295446,7.21465295439,7.21465295439,7.21465295447,7.214652954425,7.214652954425,7.21465295444,7.21465295444
"t67",5.41395695008,5.41395695008,5.41395695008,5.41395695018,5.41395695018,5.41395695018,5.41395695018,5.41395695008,5.41395695008,5.2385414856,5.2385414861,5.2385414861,5.2385414859,5.2385414859,5.2385414859,5.2385414859,0.479175619,0,4.45004499462,4.45004499462,4.45004499428,4.45004499448,4.45004499448,4.45004499482,4.4500449943,4.4500449943,5.61509018638,5.61509018628,5.61509018628,5.61509018628,5.61509018628,5.61509018668,5.61509018668,7.15834297318,7.15834297318,7.15834297328,7.15834297328,7.15834297386,7.15834297386,7.15834297312,7.15834297312,7.15834297306,7.15834297398,7.15834297398,7.21465295477,7.21465295456,7.21465295456,7.21465295457,7.21465295457,7.21465295437,7.214652954613,7.214652954613,7.214652954533,7.214652954533,7.214652954533,7.214652954533,7.214652954541,7.214652954541,7.214652954513,7.214652954513,7.21465295457,7.21465295457,7.21465295467,7.21465295467,7.214652954613,7.214652954613,7.21465295457,7.21465295467,7.21465295467,7.21465295467,7.21465295397,7.21465295447,7.21465295447,7.21465295447,7.21465295537,7.21465295537,7.21465295527,7.21465295517,7.21465295472,7.21465295482,7.21465295481,7.21465295481,7.2146529548,7.21465295487,7.21465295487,7.21465295487,7.21465295477,7.21465295446,7.21465295447,7.21465295447,7.21465295447,7.21465295446,7.21465295446,7.21465295439,7.21465295439,7.21465295447,7.214652954425,7.214652954425,7.21465295444,7.21465295444
"t45",5.4139569497,5.4139569497,5.4139569497,5.4139569498,5.4139569498,5.4139569498,5.4139569498,5.4139569497,5.4139569497,5.23854148522,5.23854148572,5.23854148572,5.23854148552,5.23854148552,5.23854148552,5.23854148552,4.45004499462,4.45004499462,0,0.9788281698,3.23635920346,3.23635920366,3.23635920366,3.236359204,3.27462235512,3.27462235512,5.615090186,5.6150901859,5.6150901859,5.6150901859,5.6150901859,5.6150901863,5.6150901863,7.1583429728,7.1583429728,7.1583429729,7.1583429729,7.15834297348,7.15834297348,7.15834297274,7.15834297274,7.15834297268,7.1583429736,7.1583429736,7.21465295439,7.21465295418,7.21465295418,7.21465295419,7.21465295419,7.21465295399,7.214652954233,7.214652954233,7.214652954153,7.214652954153,7.214652954153,7.214652954153,7.214652954161,7.214652954161,7.214652954133,7.214652954133,7.21465295419,7.21465295419,7.21465295429,7.21465295429,7.214652954233,7.214652954233,7.21465295419,7.21465295429,7.21465295429,7.21465295429,7.21465295359,7.21465295409,7.21465295409,7.21465295409,7.21465295499,7.21465295499,7.21465295489,7.21465295479,7.21465295434,7.21465295444,7.21465295443,7.21465295443,7.21465295442,7.21465295449,7.21465295449,7.21465295449,7.21465295439,7.21465295408,7.21465295409,7.21465295409,7.21465295409,7.21465295408,7.21465295408,7.21465295401,7.21465295401,7.21465295409,7.214652954045,7.214652954045,7.21465295406,7.21465295406
"t46",5.4139569497,5.4139569497,5.4139569497,5.4139569498,5.4139569498,5.4139569498,5.4139569498,5.4139569497,5.4139569497,5.23854148522,5.23854148572,5.23854148572,5.23854148552,5.23854148552,5.23854148552,5.23854148552,4.45004499462,4.45004499462,0.9788281698,0,3.23635920346,3.23635920366,3.23635920366,3.236359204,3.27462235512,3.27462235512,5.615090186,5.6150901859,5.6150901859,5.6150901859,5.6150901859,5.6150901863,5.6150901863,7.1583429728,7.1583429728,7.1583429729,7.1583429729,7.15834297348,7.15834297348,7.15834297274,7.15834297274,7.15834297268,7.1583429736,7.1583429736,7.21465295439,7.21465295418,7.21465295418,7.21465295419,7.21465295419,7.21465295399,7.214652954233,7.214652954233,7.214652954153,7.214652954153,7.214652954153,7.214652954153,7.214652954161,7.214652954161,7.214652954133,7.214652954133,7.21465295419,7.21465295419,7.21465295429,7.21465295429,7.214652954233,7.214652954233,7.21465295419,7.21465295429,7.21465295429,7.21465295429,7.21465295359,7.21465295409,7.21465295409,7.21465295409,7.21465295499,7.21465295499,7.21465295489,7.21465295479,7.21465295434,7.21465295444,7.21465295443,7.21465295443,7.21465295442,7.21465295449,7.21465295449,7.21465295449,7.21465295439,7.21465295408,7.21465295409,7.21465295409,7.21465295409,7.21465295408,7.21465295408,7.21465295401,7.21465295401,7.21465295409,7.214652954045,7.214652954045,7.21465295406,7.21465295406
"t8",5.41395694936,5.41395694936,5.41395694936,5.41395694946,5.41395694946,5.41395694946,5.41395694946,5.41395694936,5.41395694936,5.23854148488,5.23854148538,5.23854148538,5.23854148518,5.23854148518,5.23854148518,5.23854148518,4.45004499428,4.45004499428,3.23635920346,3.23635920346,0,2.7596012982,2.7596012982,2.87955256146,3.27462235478,3.27462235478,5.61509018566,5.61509018556,5.61509018556,5.61509018556,5.61509018556,5.61509018596,5.61509018596,7.15834297246,7.15834297246,7.15834297256,7.15834297256,7.15834297314,7.15834297314,7.1583429724,7.1583429724,7.15834297234,7.15834297326,7.15834297326,7.21465295405,7.21465295384,7.21465295384,7.21465295385,7.21465295385,7.21465295365,7.214652953893,7.214652953893,7.214652953813,7.214652953813,7.214652953813,7.214652953813,7.214652953821,7.214652953821,7.214652953793,7.214652953793,7.21465295385,7.21465295385,7.21465295395,7.21465295395,7.214652953893,7.214652953893,7.21465295385,7.21465295395,7.21465295395,7.21465295395,7.21465295325,7.21465295375,7.21465295375,7.21465295375,7.21465295465,7.21465295465,7.21465295455,7.21465295445,7.214652954,7.2146529541,7.21465295409,7.21465295409,7.21465295408,7.21465295415,7.21465295415,7.21465295415,7.21465295405,7.21465295374,7.21465295375,7.21465295375,7.21465295375,7.21465295374,7.21465295374,7.21465295367,7.21465295367,7.21465295375,7.214652953705,7.214652953705,7.21465295372,7.21465295372
"t47",5.41395694956,5.41395694956,5.41395694956,5.41395694966,5.41395694966,5.41395694966,5.41395694966,5.41395694956,5.41395694956,5.23854148508,5.23854148558,5.23854148558,5.23854148538,5.23854148538,5.23854148538,5.23854148538,4.45004499448,4.45004499448,3.23635920366,3.23635920366,2.7596012982,0,0.9774365974,2.87955256166,3.27462235498,3.27462235498,5.61509018586,5.61509018576,5.61509018576,5.61509018576,5.61509018576,5.61509018616,5.61509018616,7.15834297266,7.15834297266,7.15834297276,7.15834297276,7.15834297334,7.15834297334,7.1583429726,7.1583429726,7.15834297254,7.15834297346,7.15834297346,7.21465295425,7.21465295404,7.21465295404,7.21465295405,7.21465295405,7.21465295385,7.214652954093,7.214652954093,7.214652954013,7.214652954013,7.214652954013,7.214652954013,7.214652954021,7.214652954021,7.214652953993,7.214652953993,7.21465295405,7.21465295405,7.21465295415,7.21465295415,7.214652954093,7.214652954093,7.21465295405,7.21465295415,7.21465295415,7.21465295415,7.21465295345,7.21465295395,7.21465295395,7.21465295395,7.21465295485,7.21465295485,7.21465295475,7.21465295465,7.2146529542,7.2146529543,7.21465295429,7.21465295429,7.21465295428,7.21465295435,7.21465295435,7.21465295435,7.21465295425,7.21465295394,7.21465295395,7.21465295395,7.21465295395,7.21465295394,7.21465295394,7.21465295387,7.21465295387,7.21465295395,7.214652953905,7.214652953905,7.21465295392,7.21465295392
"t48",5.41395694956,5.41395694956,5.41395694956,5.41395694966,5.41395694966,5.41395694966,5.41395694966,5.41395694956,5.41395694956,5.23854148508,5.23854148558,5.23854148558,5.23854148538,5.23854148538,5.23854148538,5.23854148538,4.45004499448,4.45004499448,3.23635920366,3.23635920366,2.7596012982,0.9774365974,0,2.87955256166,3.27462235498,3.27462235498,5.61509018586,5.61509018576,5.61509018576,5.61509018576,5.61509018576,5.61509018616,5.61509018616,7.15834297266,7.15834297266,7.15834297276,7.15834297276,7.15834297334,7.15834297334,7.1583429726,7.1583429726,7.15834297254,7.15834297346,7.15834297346,7.21465295425,7.21465295404,7.21465295404,7.21465295405,7.21465295405,7.21465295385,7.214652954093,7.214652954093,7.214652954013,7.214652954013,7.214652954013,7.214652954013,7.214652954021,7.214652954021,7.214652953993,7.214652953993,7.21465295405,7.21465295405,7.21465295415,7.21465295415,7.214652954093,7.214652954093,7.21465295405,7.21465295415,7.21465295415,7.21465295415,7.21465295345,7.21465295395,7.21465295395,7.21465295395,7.21465295485,7.21465295485,7.21465295475,7.21465295465,7.2146529542,7.2146529543,7.21465295429,7.21465295429,7.21465295428,7.21465295435,7.21465295435,7.21465295435,7.21465295425,7.21465295394,7.21465295395,7.21465295395,7.21465295395,7.21465295394,7.21465295394,7.21465295387,7.21465295387,7.21465295395,7.214652953905,7.214652953905,7.21465295392,7.21465295392
"t7",5.4139569499,5.4139569499,5.4139569499,5.41395695,5.41395695,5.41395695,5.41395695,5.4139569499,5.4139569499,5.23854148542,5.23854148592,5.23854148592,5.23854148572,5.23854148572,5.23854148572,5.23854148572,4.45004499482,4.45004499482,3.236359204,3.236359204,2.87955256146,2.87955256166,2.87955256166,0,3.27462235532,3.27462235532,5.6150901862,5.6150901861,5.6150901861,5.6150901861,5.6150901861,5.6150901865,5.6150901865,7.158342973,7.158342973,7.1583429731,7.1583429731,7.15834297368,7.15834297368,7.15834297294,7.15834297294,7.15834297288,7.1583429738,7.1583429738,7.21465295459,7.21465295438,7.21465295438,7.21465295439,7.21465295439,7.21465295419,7.214652954433,7.214652954433,7.214652954353,7.214652954353,7.214652954353,7.214652954353,7.214652954361,7.214652954361,7.214652954333,7.214652954333,7.21465295439,7.21465295439,7.21465295449,7.21465295449,7.214652954433,7.214652954433,7.21465295439,7.21465295449,7.21465295449,7.21465295449,7.21465295379,7.21465295429,7.21465295429,7.21465295429,7.21465295519,7.21465295519,7.21465295509,7.21465295499,7.21465295454,7.21465295464,7.21465295463,7.21465295463,7.21465295462,7.21465295469,7.21465295469,7.21465295469,7.21465295459,7.21465295428,7.21465295429,7.21465295429,7.21465295429,7.21465295428,7.21465295428,7.21465295421,7.21465295421,7.21465295429,7.214652954245,7.214652954245,7.21465295426,7.21465295426
"t13",5.41395694938,5.41395694938,5.41395694938,5.41395694948,5.41395694948,5.41395694948,5.41395694948,5.41395694938,5.41395694938,5.2385414849,5.2385414854,5.2385414854,5.2385414852,5.2385414852,5.2385414852,5.2385414852,4.4500449943,4.4500449943,3.27462235512,3.27462235512,3.27462235478,3.27462235498,3.27462235498,3.27462235532,0,2.056125516,5.61509018568,5.61509018558,5.61509018558,5.61509018558,5.61509018558,5.61509018598,5.61509018598,7.15834297248,7.15834297248,7.15834297258,7.15834297258,7.15834297316,7.15834297316,7.15834297242,7.15834297242,7.15834297236,7.15834297328,7.15834297328,7.21465295407,7.21465295386,7.21465295386,7.21465295387,7.21465295387,7.21465295367,7.214652953913,7.214652953913,7.214652953833,7.214652953833,7.214652953833,7.214652953833,7.214652953841,7.214652953841,7.214652953813,7.214652953813,7.21465295387,7.21465295387,7.21465295397,7.21465295397,7.214652953913,7.214652953913,7.21465295387,7.21465295397,7.21465295397,7.21465295397,7.21465295327,7.21465295377,7.21465295377,7.21465295377,7.21465295467,7.21465295467,7.21465295457,7.21465295447,7.21465295402,7.21465295412,7.21465295411,7.21465295411,7.2146529541,7.21465295417,7.21465295417,7.21465295417,7.21465295407,7.21465295376,7.21465295377,7.21465295377,7.21465295377,7.21465295376,7.21465295376,7.21465295369,7.21465295369,7.21465295377,7.214652953725,7.214652953725,7.21465295374,7.21465295374
"t14",5.41395694938,5.41395694938,5.41395694938,5.41395694948,5.41395694948,5.41395694948,5.41395694948,5.41395694938,5.41395694938,5.2385414849,5.2385414854,5.2385414854,5.2385414852,5.2385414852,5.2385414852,5.2385414852,4.4500449943,4.4500449943,3.27462235512,3.27462235512,3.27462235478,3.27462235498,3.27462235498,3.27462235532,2.056125516,0,5.61509018568,5.61509018558,5.61509018558,5.61509018558,5.61509018558,5.61509018598,5.61509018598,7.15834297248,7.15834297248,7.15834297258,7.15834297258,7.15834297316,7.15834297316,7.15834297242,7.15834297242,7.15834297236,7.15834297328,7.15834297328,7.21465295407,7.21465295386,7.21465295386,7.21465295387,7.21465295387,7.21465295367,7.214652953913,7.214652953913,7.214652953833,7.214652953833,7.214652953833,7.214652953833,7.214652953841,7.214652953841,7.214652953813,7.214652953813,7.21465295387,7.21465295387,7.21465295397,7.21465295397,7.214652953913,7.214652953913,7.21465295387,7.21465295397,7.21465295397,7.21465295397,7.21465295327,7.21465295377,7.21465295377,7.21465295377,7.21465295467,7.21465295467,7.21465295457,7.21465295447,7.21465295402,7.21465295412,7.21465295411,7.21465295411,7.2146529541,7.21465295417,7.21465295417,7.21465295417,7.21465295407,7.21465295376,7.21465295377,7.21465295377,7.21465295377,7.21465295376,7.21465295376,7.21465295369,7.21465295369,7.21465295377,7.214652953725,7.214652953725,7.21465295374,7.21465295374
"t5",5.6150901857,5.6150901857,5.6150901857,5.6150901858,5.6150901858,5.6150901858,5.6150901858,5.6150901857,5.6150901857,5.61509018578,5.61509018628,5.61509018628,5.61509018608,5.61509018608,5.61509018608,5.61509018608,5.61509018638,5.61509018638,5.615090186,5.615090186,5.61509018566,5.61509018586,5.61509018586,5.6150901862,5.61509018568,5.61509018568,0,3.2763233159,3.2763233159,3.2763233159,3.2763233159,3.2763233163,3.2763233163,7.1583429728,7.1583429728,7.1583429729,7.1583429729,7.15834297348,7.15834297348,7.15834297274,7.15834297274,7.15834297268,7.1583429736,7.1583429736,7.21465295439,7.21465295418,7.21465295418,7.21465295419,7.21465295419,7.21465295399,7.214652954233,7.214652954233,7.214652954153,7.214652954153,7.214652954153,7.214652954153,7.214652954161,7.214652954161,7.214652954133,7.214652954133,7.21465295419,7.21465295419,7.21465295429,7.21465295429,7.214652954233,7.214652954233,7.21465295419,7.21465295429,7.21465295429,7.21465295429,7.21465295359,7.21465295409,7.21465295409,7.21465295409,7.21465295499,7.21465295499,7.21465295489,7.21465295479,7.21465295434,7.21465295444,7.21465295443,7.21465295443,7.21465295442,7.21465295449,7.21465295449,7.21465295449,7.21465295439,7.21465295408,7.21465295409,7.21465295409,7.21465295409,7.21465295408,7.21465295408,7.21465295401,7.21465295401,7.21465295409,7.214652954045,7.214652954045,7.21465295406,7.21465295406
"t27",5.6150901856,5.6150901856,5.6150901856,5.6150901857,5.6150901857,5.6150901857,5.6150901857,5.6150901856,5.6150901856,5.61509018568,5.61509018618,5.61509018618,5.61509018598,5.61509018598,5.61509018598,5.61509018598,5.61509018628,5.61509018628,5.6150901859,5.6150901859,5.61509018556,5.61509018576,5.61509018576,5.6150901861,5.61509018558,5.61509018558,3.2763233159,0,1.373424736,2.147161419,2.147161419,2.9239589508,2.9239589508,7.1583429727,7.1583429727,7.1583429728,7.1583429728,7.15834297338,7.15834297338,7.15834297264,7.15834297264,7.15834297258,7.1583429735,7.1583429735,7.21465295429,7.21465295408,7.21465295408,7.21465295409,7.21465295409,7.21465295389,7.214652954133,7.214652954133,7.214652954053,7.214652954053,7.214652954053,7.214652954053,7.214652954061,7.214652954061,7.214652954033,7.214652954033,7.21465295409,7.21465295409,7.21465295419,7.21465295419,7.214652954133,7.214652954133,7.21465295409,7.21465295419,7.21465295419,7.21465295419,7.21465295349,7.21465295399,7.21465295399,7.21465295399,7.21465295489,7.21465295489,7.21465295479,7.21465295469,7.21465295424,7.21465295434,7.21465295433,7.21465295433,7.21465295432,7.21465295439,7.21465295439,7.21465295439,7.21465295429,7.21465295398,7.21465295399,7.21465295399,7.21465295399,7.21465295398,7.21465295398,7.21465295391,7.21465295391,7.21465295399,7.214652953945,7.214652953945,7.21465295396,7.21465295396
