"","t3","t18","t19","t35","t89","t90","t45","t68","t135","t136","t49","t27","t28","t21","t8","t12","t13","t10","t9","t6","t4","t7","t38","t39","t85","t86","t32","t11","t139","t140","t125","t126","t143","t144","t23","t25","t26","t57","t58","t79","t80","t61","t56","t48","t102","t103","t41","t67","t133","t134","t14","t81","t82","t69","t113","t114","t40","t66","t137","t138","t30","t31","t20","t22","t101","t127","t128","t43","t109","t110","t76","t77","t78","t119","t120","t104","t33","t123","t124","t105","t106","t111","t112","t50","t59","t60","t55","t42","t117","t118","t17","t87","t88","t63","t107","t108","t34","t71","t72","t24","t16","t73","t141","t142","t29","t147","t148","t62","t47","t74","t75","t121","t122","t37","t64","t65","t96","t97","t53","t54","t115","t116","t51","t52","t98","t99","t93","t91","t92","t100","t129","t130","t94","t95","t15","t131","t132","t70","t36","t145","t146","t46","t44","t83","t84","t5","t2","t1"
"t3",0,6.31351008312,6.14419653602,8.09714436762,8.09714436792,8.09714436792,7.21604291362,8.09714436792,8.0971443679,8.0971443679,7.77350190302,6.910198798562,7.289672135762,7.937917533062,5.05330961432,7.27256072162,7.54303514162,4.89760336758,4.87008573512,4.47382861412,3.6770710802,4.8991074517,8.097144368,6.81225172592,8.0971443675,8.0971443675,8.0971443677,6.0811614971,8.09714436811,8.09714436811,8.0971443681,8.0971443681,8.09714436812,8.09714436812,6.4184828779,7.287254728663,7.655153436663,8.0971443676,7.4964785389,8.0971443681,8.0971443681,8.097144368,8.097144368,8.0971443681,8.0971443681,8.0971443681,7.6836037782,8.0971443681,8.09714436815,8.09714436815,5.59566935223,8.0971443681,7.7529891084,8.097144368,8.097144368,8.097144368,6.809845052604,7.53679876485,8.09714436791,8.09714436791,6.7385888584,8.0971443682,6.9630199927,7.14348079579,8.097144368,8.0971443681,8.0971443681,8.0757338901,8.0971443678,8.0971443678,8.0971443678,8.097144368,8.097144368,8.0971443681,8.0971443681,8.0971443681,6.5102012657,8.09714436798,8.09714436798,8.09714436802,8.09714436802,8.05441353437,8.09714436797,8.09714436807,8.09714436807,8.09714436807,8.09714436799,8.09714436819,8.09714436829,8.09714436829,6.0763869613,8.0971443677,8.0971443677,8.0971443679,8.0971443679,8.0971443679,6.994227779,8.0971443681,8.0971443681,7.5739430322,5.74256080732,8.09714436853,8.09714436854,8.09714436854,7.37588396163,8.097144367812,8.097144367812,7.9149350137,8.0971443681,8.09714436812,8.09714436812,8.097144368,8.097144368,7.7331501226,8.097144368,8.097144368,8.0971443679,8.0971443679,8.0971443685,8.0310719047,8.0971443682,8.0971443682,7.426187934264,8.097144368164,8.056810391334,8.097144368234,7.843034925914,8.0971443683,8.0971443683,8.0971443682,8.09714436814,8.09714436814,7.75542159669,8.0971443683,8.0971443679,8.09714436911,8.09714436911,8.0971443691,8.0971443691,8.09714436891,8.09714436891,8.09714436871,6.95707691231,8.0971443685,8.0971443685,8.0971443679,2.7495844297,3.8516424384
"t18",6.31351008312,0,0.7389573389,4.8829695545,4.8829695548,4.8829695548,4.0018681005,4.8829695548,4.88296955478,4.88296955478,4.5593270899,3.696023985442,4.075497322642,4.723742719942,4.4874518292,6.7067029365,6.9771773565,4.33174558246,4.30422795,3.907970829,3.17829954252,5.86711577182,9.06515268812,7.78026004604,9.06515268762,9.06515268762,9.06515268782,7.04916981722,9.06515268823,9.06515268823,9.06515268822,9.06515268822,9.06515268824,9.06515268824,7.38649119802,8.255263048783,8.623161756783,9.06515268772,8.46448685902,9.06515268822,9.06515268822,9.06515268812,9.06515268812,9.06515268822,9.06515268822,9.06515268822,8.65161209832,9.06515268822,9.06515268827,9.06515268827,6.56367767235,9.06515268822,8.72099742852,9.06515268812,9.06515268812,9.06515268812,7.777853372724,8.50480708497,9.06515268803,9.06515268803,7.70659717852,9.06515268832,7.93102831282,8.11148911591,9.06515268812,9.06515268822,9.06515268822,9.04374221022,9.06515268792,9.06515268792,9.06515268792,9.06515268812,9.06515268812,9.06515268822,9.06515268822,9.06515268822,7.47820958582,9.0651526881,9.0651526881,9.06515268814,9.06515268814,9.02242185449,9.06515268809,9.06515268819,9.06515268819,9.06515268819,9.06515268811,9.06515268831,9.06515268841,9.06515268841,7.04439528142,9.06515268782,9.06515268782,9.06515268802,9.06515268802,9.06515268802,7.96223609912,9.06515268822,9.06515268822,8.54195135232,6.71056912744,9.06515268865,9.06515268866,9.06515268866,8.34389228175,9.065152687932,9.065152687932,8.88294333382,9.06515268822,9.06515268824,9.06515268824,9.06515268812,9.06515268812,8.70115844272,9.06515268812,9.06515268812,9.47297417122,9.47297417122,9.47297417182,9.40690170802,9.47297417152,9.47297417152,8.802017737584,9.472974171484,9.432640194654,9.472974171554,9.218864729234,9.47297417162,9.47297417162,9.47297417152,9.47297417146,9.47297417146,9.13125140001,9.47297417162,9.47297417122,9.47297417243,9.47297417243,9.47297417242,9.47297417242,9.47297417223,9.47297417223,9.47297417203,8.33290671563,9.47297417182,9.47297417182,9.47297417122,5.89617839882,6.99823640752
"t19",6.14419653602,0.7389573389,0,4.7136560074,4.7136560077,4.7136560077,3.8325545534,4.7136560077,4.71365600768,4.71365600768,4.3900135428,3.526710438342,3.906183775542,4.554429172842,4.3181382821,6.5373893894,6.8078638094,4.16243203536,4.1349144029,3.7386572819,3.00898599542,5.69780222472,8.89583914102,7.61094649894,8.89583914052,8.89583914052,8.89583914072,6.87985627012,8.89583914113,8.89583914113,8.89583914112,8.89583914112,8.89583914114,8.89583914114,7.21717765092,8.085949501683,8.453848209683,8.89583914062,8.29517331192,8.89583914112,8.89583914112,8.89583914102,8.89583914102,8.89583914112,8.89583914112,8.89583914112,8.48229855122,8.89583914112,8.89583914117,8.89583914117,6.39436412525,8.89583914112,8.55168388142,8.89583914102,8.89583914102,8.89583914102,7.608539825624,8.33549353787,8.89583914093,8.89583914093,7.53728363142,8.89583914122,7.76171476572,7.94217556881,8.89583914102,8.89583914112,8.89583914112,8.87442866312,8.89583914082,8.89583914082,8.89583914082,8.89583914102,8.89583914102,8.89583914112,8.89583914112,8.89583914112,7.30889603872,8.895839141,8.895839141,8.89583914104,8.89583914104,8.85310830739,8.89583914099,8.89583914109,8.89583914109,8.89583914109,8.89583914101,8.89583914121,8.89583914131,8.89583914131,6.87508173432,8.89583914072,8.89583914072,8.89583914092,8.89583914092,8.89583914092,7.79292255202,8.89583914112,8.89583914112,8.37263780522,6.54125558034,8.89583914155,8.89583914156,8.89583914156,8.17457873465,8.895839140832,8.895839140832,8.71362978672,8.89583914112,8.89583914114,8.89583914114,8.89583914102,8.89583914102,8.53184489562,8.89583914102,8.89583914102,9.30366062412,9.30366062412,9.30366062472,9.23758816092,9.30366062442,9.30366062442,8.632704190484,9.303660624384,9.263326647554,9.303660624454,9.049551182134,9.30366062452,9.30366062452,9.30366062442,9.30366062436,9.30366062436,8.96193785291,9.30366062452,9.30366062412,9.30366062533,9.30366062533,9.30366062532,9.30366062532,9.30366062513,9.30366062513,9.30366062493,8.16359316853,9.30366062472,9.30366062472,9.30366062412,5.72686485172,6.82892286042
"t35",8.09714436762,4.8829695545,4.7136560074,0,3.1312782343,3.1312782343,2.25017678,3.7327851005,3.73278510048,3.73278510048,3.4091426356,2.829914649942,3.209387987142,3.857633384442,6.2710861137,8.490337221,8.760811641,6.11537986696,6.0878622345,5.6916051135,4.96193382702,7.65075005632,10.84878697262,9.56389433054,10.84878697212,10.84878697212,10.84878697232,8.83280410172,10.84878697273,10.84878697273,10.84878697272,10.84878697272,10.84878697274,10.84878697274,9.17012548252,10.038897333283,10.406796041283,10.84878697222,10.24812114352,10.84878697272,10.84878697272,10.84878697262,10.84878697262,10.84878697272,10.84878697272,10.84878697272,10.43524638282,10.84878697272,10.84878697277,10.84878697277,8.34731195685,10.84878697272,10.50463171302,10.84878697262,10.84878697262,10.84878697262,9.561487657224,10.28844136947,10.84878697253,10.84878697253,9.49023146302,10.84878697282,9.71466259732,9.89512340041,10.84878697262,10.84878697272,10.84878697272,10.82737649472,10.84878697242,10.84878697242,10.84878697242,10.84878697262,10.84878697262,10.84878697272,10.84878697272,10.84878697272,9.26184387032,10.8487869726,10.8487869726,10.84878697264,10.84878697264,10.80605613899,10.84878697259,10.84878697269,10.84878697269,10.84878697269,10.84878697261,10.84878697281,10.84878697291,10.84878697291,8.82802956592,10.84878697232,10.84878697232,10.84878697252,10.84878697252,10.84878697252,9.74587038362,10.84878697272,10.84878697272,10.32558563682,8.49420341194,10.84878697315,10.84878697316,10.84878697316,10.12752656625,10.848786972432,10.848786972432,10.66657761832,10.84878697272,10.84878697274,10.84878697274,10.84878697262,10.84878697262,10.48479272722,10.84878697262,10.84878697262,11.25660845572,11.25660845572,11.25660845632,11.19053599252,11.25660845602,11.25660845602,10.585652022084,11.256608455984,11.216274479154,11.256608456054,11.002499013734,11.25660845612,11.25660845612,11.25660845602,11.25660845596,11.25660845596,10.91488568451,11.25660845612,11.25660845572,11.25660845693,11.25660845693,11.25660845692,11.25660845692,11.25660845673,11.25660845673,11.25660845653,10.11654100013,11.25660845632,11.25660845632,11.25660845572,7.67981268332,8.78187069202
"t89",8.09714436792,4.8829695548,4.7136560077,3.1312782343,0,0.8209268804,1.3617157107,3.7327851008,3.73278510078,3.73278510078,3.4091426359,2.829914650242,3.209387987442,3.857633384742,6.271086114,8.4903372213,8.7608116413,6.11537986726,6.0878622348,5.6916051138,4.96193382732,7.65075005662,10.84878697292,9.56389433084,10.84878697242,10.84878697242,10.84878697262,8.83280410202,10.84878697303,10.84878697303,10.84878697302,10.84878697302,10.84878697304,10.84878697304,9.17012548282,10.038897333583,10.406796041583,10.84878697252,10.24812114382,10.84878697302,10.84878697302,10.84878697292,10.84878697292,10.84878697302,10.84878697302,10.84878697302,10.43524638312,10.84878697302,10.84878697307,10.84878697307,8.34731195715,10.84878697302,10.50463171332,10.84878697292,10.84878697292,10.84878697292,9.561487657524,10.28844136977,10.84878697283,10.84878697283,9.49023146332,10.84878697312,9.71466259762,9.89512340071,10.84878697292,10.84878697302,10.84878697302,10.82737649502,10.84878697272,10.84878697272,10.84878697272,10.84878697292,10.84878697292,10.84878697302,10.84878697302,10.84878697302,9.26184387062,10.8487869729,10.8487869729,10.84878697294,10.84878697294,10.80605613929,10.84878697289,10.84878697299,10.84878697299,10.84878697299,10.84878697291,10.84878697311,10.84878697321,10.84878697321,8.82802956622,10.84878697262,10.84878697262,10.84878697282,10.84878697282,10.84878697282,9.74587038392,10.84878697302,10.84878697302,10.32558563712,8.49420341224,10.84878697345,10.84878697346,10.84878697346,10.12752656655,10.848786972732,10.848786972732,10.66657761862,10.84878697302,10.84878697304,10.84878697304,10.84878697292,10.84878697292,10.48479272752,10.84878697292,10.84878697292,11.25660845602,11.25660845602,11.25660845662,11.19053599282,11.25660845632,11.25660845632,10.585652022384,11.256608456284,11.216274479454,11.256608456354,11.002499014034,11.25660845642,11.25660845642,11.25660845632,11.25660845626,11.25660845626,10.91488568481,11.25660845642,11.25660845602,11.25660845723,11.25660845723,11.25660845722,11.25660845722,11.25660845703,11.25660845703,11.25660845683,10.11654100043,11.25660845662,11.25660845662,11.25660845602,7.67981268362,8.78187069232
"t90",8.09714436792,4.8829695548,4.7136560077,3.1312782343,0.8209268804,0,1.3617157107,3.7327851008,3.73278510078,3.73278510078,3.4091426359,2.829914650242,3.209387987442,3.857633384742,6.271086114,8.4903372213,8.7608116413,6.11537986726,6.0878622348,5.6916051138,4.96193382732,7.65075005662,10.84878697292,9.56389433084,10.84878697242,10.84878697242,10.84878697262,8.83280410202,10.84878697303,10.84878697303,10.84878697302,10.84878697302,10.84878697304,10.84878697304,9.17012548282,10.038897333583,10.406796041583,10.84878697252,10.24812114382,10.84878697302,10.84878697302,10.84878697292,10.84878697292,10.84878697302,10.84878697302,10.84878697302,10.43524638312,10.84878697302,10.84878697307,10.84878697307,8.34731195715,10.84878697302,10.50463171332,10.84878697292,10.84878697292,10.84878697292,9.561487657524,10.28844136977,10.84878697283,10.84878697283,9.49023146332,10.84878697312,9.71466259762,9.89512340071,10.84878697292,10.84878697302,10.84878697302,10.82737649502,10.84878697272,10.84878697272,10.84878697272,10.84878697292,10.84878697292,10.84878697302,10.84878697302,10.84878697302,9.26184387062,10.8487869729,10.8487869729,10.84878697294,10.84878697294,10.80605613929,10.84878697289,10.84878697299,10.84878697299,10.84878697299,10.84878697291,10.84878697311,10.84878697321,10.84878697321,8.82802956622,10.84878697262,10.84878697262,10.84878697282,10.84878697282,10.84878697282,9.74587038392,10.84878697302,10.84878697302,10.32558563712,8.49420341224,10.84878697345,10.84878697346,10.84878697346,10.12752656655,10.848786972732,10.848786972732,10.66657761862,10.84878697302,10.84878697304,10.84878697304,10.84878697292,10.84878697292,10.48479272752,10.84878697292,10.84878697292,11.25660845602,11.25660845602,11.25660845662,11.19053599282,11.25660845632,11.25660845632,10.585652022384,11.256608456284,11.216274479454,11.256608456354,11.002499014034,11.25660845642,11.25660845642,11.25660845632,11.25660845626,11.25660845626,10.91488568481,11.25660845642,11.25660845602,11.25660845723,11.25660845723,11.25660845722,11.25660845722,11.25660845703,11.25660845703,11.25660845683,10.11654100043,11.25660845662,11.25660845662,11.25660845602,7.67981268362,8.78187069232
"t45",7.21604291362,4.0018681005,3.8325545534,2.25017678,1.3617157107,1.3617157107,0,2.8516836465,2.85168364648,2.85168364648,2.5280411816,1.948813195942,2.328286533142,2.976531930442,5.3899846597,7.609235767,7.879710187,5.23427841296,5.2067607805,4.8105036595,4.08083237302,6.76964860232,9.96768551862,8.68279287654,9.96768551812,9.96768551812,9.96768551832,7.95170264772,9.96768551873,9.96768551873,9.96768551872,9.96768551872,9.96768551874,9.96768551874,8.28902402852,9.157795879283,9.525694587283,9.96768551822,9.36701968952,9.96768551872,9.96768551872,9.96768551862,9.96768551862,9.96768551872,9.96768551872,9.96768551872,9.55414492882,9.96768551872,9.96768551877,9.96768551877,7.46621050285,9.96768551872,9.62353025902,9.96768551862,9.96768551862,9.96768551862,8.680386203224,9.40733991547,9.96768551853,9.96768551853,8.60913000902,9.96768551882,8.83356114332,9.01402194641,9.96768551862,9.96768551872,9.96768551872,9.94627504072,9.96768551842,9.96768551842,9.96768551842,9.96768551862,9.96768551862,9.96768551872,9.96768551872,9.96768551872,8.38074241632,9.9676855186,9.9676855186,9.96768551864,9.96768551864,9.92495468499,9.96768551859,9.96768551869,9.96768551869,9.96768551869,9.96768551861,9.96768551881,9.96768551891,9.96768551891,7.94692811192,9.96768551832,9.96768551832,9.96768551852,9.96768551852,9.96768551852,8.86476892962,9.96768551872,9.96768551872,9.44448418282,7.61310195794,9.96768551915,9.96768551916,9.96768551916,9.24642511225,9.967685518432,9.967685518432,9.78547616432,9.96768551872,9.96768551874,9.96768551874,9.96768551862,9.96768551862,9.60369127322,9.96768551862,9.96768551862,10.37550700172,10.37550700172,10.37550700232,10.30943453852,10.37550700202,10.37550700202,9.704550568084,10.375507001984,10.335173025154,10.375507002054,10.121397559734,10.37550700212,10.37550700212,10.37550700202,10.37550700196,10.37550700196,10.03378423051,10.37550700212,10.37550700172,10.37550700293,10.37550700293,10.37550700292,10.37550700292,10.37550700273,10.37550700273,10.37550700253,9.23543954613,10.37550700232,10.37550700232,10.37550700172,6.79871122932,7.90076923802
"t68",8.09714436792,4.8829695548,4.7136560077,3.7327851005,3.7327851008,3.7327851008,2.8516836465,0,1.14728798498,1.14728798498,1.4391435583,2.829914650242,3.209387987442,3.857633384742,6.271086114,8.4903372213,8.7608116413,6.11537986726,6.0878622348,5.6916051138,4.96193382732,7.65075005662,10.84878697292,9.56389433084,10.84878697242,10.84878697242,10.84878697262,8.83280410202,10.84878697303,10.84878697303,10.84878697302,10.84878697302,10.84878697304,10.84878697304,9.17012548282,10.038897333583,10.406796041583,10.84878697252,10.24812114382,10.84878697302,10.84878697302,10.84878697292,10.84878697292,10.84878697302,10.84878697302,10.84878697302,10.43524638312,10.84878697302,10.84878697307,10.84878697307,8.34731195715,10.84878697302,10.50463171332,10.84878697292,10.84878697292,10.84878697292,9.561487657524,10.28844136977,10.84878697283,10.84878697283,9.49023146332,10.84878697312,9.71466259762,9.89512340071,10.84878697292,10.84878697302,10.84878697302,10.82737649502,10.84878697272,10.84878697272,10.84878697272,10.84878697292,10.84878697292,10.84878697302,10.84878697302,10.84878697302,9.26184387062,10.8487869729,10.8487869729,10.84878697294,10.84878697294,10.80605613929,10.84878697289,10.84878697299,10.84878697299,10.84878697299,10.84878697291,10.84878697311,10.84878697321,10.84878697321,8.82802956622,10.84878697262,10.84878697262,10.84878697282,10.84878697282,10.84878697282,9.74587038392,10.84878697302,10.84878697302,10.32558563712,8.49420341224,10.84878697345,10.84878697346,10.84878697346,10.12752656655,10.848786972732,10.848786972732,10.66657761862,10.84878697302,10.84878697304,10.84878697304,10.84878697292,10.84878697292,10.48479272752,10.84878697292,10.84878697292,11.25660845602,11.25660845602,11.25660845662,11.19053599282,11.25660845632,11.25660845632,10.585652022384,11.256608456284,11.216274479454,11.256608456354,11.002499014034,11.25660845642,11.25660845642,11.25660845632,11.25660845626,11.25660845626,10.91488568481,11.25660845642,11.25660845602,11.25660845723,11.25660845723,11.25660845722,11.25660845722,11.25660845703,11.25660845703,11.25660845683,10.11654100043,11.25660845662,11.25660845662,11.25660845602,7.67981268362,8.78187069232
"t135",8.0971443679,4.88296955478,4.71365600768,3.73278510048,3.73278510078,3.73278510078,2.85168364648,1.14728798498,0,0.17314085056,1.43914355828,2.829914650222,3.209387987422,3.857633384722,6.27108611398,8.49033722128,8.76081164128,6.11537986724,6.08786223478,5.69160511378,4.9619338273,7.6507500566,10.8487869729,9.56389433082,10.8487869724,10.8487869724,10.8487869726,8.832804102,10.84878697301,10.84878697301,10.848786973,10.848786973,10.84878697302,10.84878697302,9.1701254828,10.038897333563,10.406796041563,10.8487869725,10.2481211438,10.848786973,10.848786973,10.8487869729,10.8487869729,10.848786973,10.848786973,10.848786973,10.4352463831,10.848786973,10.84878697305,10.84878697305,8.34731195713,10.848786973,10.5046317133,10.8487869729,10.8487869729,10.8487869729,9.561487657504,10.28844136975,10.84878697281,10.84878697281,9.4902314633,10.8487869731,9.7146625976,9.89512340069,10.8487869729,10.848786973,10.848786973,10.827376495,10.8487869727,10.8487869727,10.8487869727,10.8487869729,10.8487869729,10.848786973,10.848786973,10.848786973,9.2618438706,10.84878697288,10.84878697288,10.84878697292,10.84878697292,10.80605613927,10.84878697287,10.84878697297,10.84878697297,10.84878697297,10.84878697289,10.84878697309,10.84878697319,10.84878697319,8.8280295662,10.8487869726,10.8487869726,10.8487869728,10.8487869728,10.8487869728,9.7458703839,10.848786973,10.848786973,10.3255856371,8.49420341222,10.84878697343,10.84878697344,10.84878697344,10.12752656653,10.848786972712,10.848786972712,10.6665776186,10.848786973,10.84878697302,10.84878697302,10.8487869729,10.8487869729,10.4847927275,10.8487869729,10.8487869729,11.256608456,11.256608456,11.2566084566,11.1905359928,11.2566084563,11.2566084563,10.585652022364,11.256608456264,11.216274479434,11.256608456334,11.002499014014,11.2566084564,11.2566084564,11.2566084563,11.25660845624,11.25660845624,10.91488568479,11.2566084564,11.256608456,11.25660845721,11.25660845721,11.2566084572,11.2566084572,11.25660845701,11.25660845701,11.25660845681,10.11654100041,11.2566084566,11.2566084566,11.256608456,7.6798126836,8.7818706923
"t136",8.0971443679,4.88296955478,4.71365600768,3.73278510048,3.73278510078,3.73278510078,2.85168364648,1.14728798498,0.17314085056,0,1.43914355828,2.829914650222,3.209387987422,3.857633384722,6.27108611398,8.49033722128,8.76081164128,6.11537986724,6.08786223478,5.69160511378,4.9619338273,7.6507500566,10.8487869729,9.56389433082,10.8487869724,10.8487869724,10.8487869726,8.832804102,10.84878697301,10.84878697301,10.848786973,10.848786973,10.84878697302,10.84878697302,9.1701254828,10.038897333563,10.406796041563,10.8487869725,10.2481211438,10.848786973,10.848786973,10.8487869729,10.8487869729,10.848786973,10.848786973,10.848786973,10.4352463831,10.848786973,10.84878697305,10.84878697305,8.34731195713,10.848786973,10.5046317133,10.8487869729,10.8487869729,10.8487869729,9.561487657504,10.28844136975,10.84878697281,10.84878697281,9.4902314633,10.8487869731,9.7146625976,9.89512340069,10.8487869729,10.848786973,10.848786973,10.827376495,10.8487869727,10.8487869727,10.8487869727,10.8487869729,10.8487869729,10.848786973,10.848786973,10.848786973,9.2618438706,10.84878697288,10.84878697288,10.84878697292,10.84878697292,10.80605613927,10.84878697287,10.84878697297,10.84878697297,10.84878697297,10.84878697289,10.84878697309,10.84878697319,10.84878697319,8.8280295662,10.8487869726,10.8487869726,10.8487869728,10.8487869728,10.8487869728,9.7458703839,10.848786973,10.848786973,10.3255856371,8.49420341222,10.84878697343,10.84878697344,10.84878697344,10.12752656653,10.848786972712,10.848786972712,10.6665776186,10.848786973,10.84878697302,10.84878697302,10.8487869729,10.8487869729,10.4847927275,10.8487869729,10.8487869729,11.256608456,11.256608456,11.2566084566,11.1905359928,11.2566084563,11.2566084563,10.585652022364,11.256608456264,11.216274479434,11.256608456334,11.002499014014,11.2566084564,11.2566084564,11.2566084563,11.25660845624,11.25660845624,10.91488568479,11.2566084564,11.256608456,11.25660845721,11.25660845721,11.2566084572,11.2566084572,11.25660845701,11.25660845701,11.25660845681,10.11654100041,11.2566084566,11.2566084566,11.256608456,7.6798126836,8.7818706923
"t49",7.77350190302,4.5593270899,4.3900135428,3.4091426356,3.4091426359,3.4091426359,2.5280411816,1.4391435583,1.43914355828,1.43914355828,0,2.506272185342,2.885745522542,3.533990919842,5.9474436491,8.1666947564,8.4371691764,5.79173740236,5.7642197699,5.3679626489,4.63829136242,7.32710759172,10.52514450802,9.24025186594,10.52514450752,10.52514450752,10.52514450772,8.50916163712,10.52514450813,10.52514450813,10.52514450812,10.52514450812,10.52514450814,10.52514450814,8.84648301792,9.715254868683,10.083153576683,10.52514450762,9.92447867892,10.52514450812,10.52514450812,10.52514450802,10.52514450802,10.52514450812,10.52514450812,10.52514450812,10.11160391822,10.52514450812,10.52514450817,10.52514450817,8.02366949225,10.52514450812,10.18098924842,10.52514450802,10.52514450802,10.52514450802,9.237845192624,9.96479890487,10.52514450793,10.52514450793,9.16658899842,10.52514450822,9.39102013272,9.57148093581,10.52514450802,10.52514450812,10.52514450812,10.50373403012,10.52514450782,10.52514450782,10.52514450782,10.52514450802,10.52514450802,10.52514450812,10.52514450812,10.52514450812,8.93820140572,10.525144508,10.525144508,10.52514450804,10.52514450804,10.48241367439,10.52514450799,10.52514450809,10.52514450809,10.52514450809,10.52514450801,10.52514450821,10.52514450831,10.52514450831,8.50438710132,10.52514450772,10.52514450772,10.52514450792,10.52514450792,10.52514450792,9.42222791902,10.52514450812,10.52514450812,10.00194317222,8.17056094734,10.52514450855,10.52514450856,10.52514450856,9.80388410165,10.525144507832,10.525144507832,10.34293515372,10.52514450812,10.52514450814,10.52514450814,10.52514450802,10.52514450802,10.16115026262,10.52514450802,10.52514450802,10.93296599112,10.93296599112,10.93296599172,10.86689352792,10.93296599142,10.93296599142,10.262009557484,10.932965991384,10.892632014554,10.932965991454,10.678856549134,10.93296599152,10.93296599152,10.93296599142,10.93296599136,10.93296599136,10.59124321991,10.93296599152,10.93296599112,10.93296599233,10.93296599233,10.93296599232,10.93296599232,10.93296599213,10.93296599213,10.93296599193,9.79289853553,10.93296599172,10.93296599172,10.93296599112,7.35617021872,8.45822822742
"t27",6.910198798562,3.696023985442,3.526710438342,2.829914649942,2.829914650242,2.829914650242,1.948813195942,2.829914650242,2.829914650222,2.829914650222,2.506272185342,0,1.7289626948,2.6679392595,5.084140544642,7.303391651942,7.573866071942,4.928434297902,4.900916665442,4.504659544442,3.774988257962,6.463804487262,9.661841403562,8.376948761482,9.661841403062,9.661841403062,9.661841403262,7.645858532662,9.661841403672,9.661841403672,9.661841403662,9.661841403662,9.661841403682,9.661841403682,7.983179913462,8.851951764225,9.219850472225,9.661841403162,9.061175574462,9.661841403662,9.661841403662,9.661841403562,9.661841403562,9.661841403662,9.661841403662,9.661841403662,9.248300813762,9.661841403662,9.661841403712,9.661841403712,7.160366387792,9.661841403662,9.317686143962,9.661841403562,9.661841403562,9.661841403562,8.374542088166,9.101495800412,9.661841403472,9.661841403472,8.303285893962,9.661841403762,8.527717028262,8.708177831352,9.661841403562,9.661841403662,9.661841403662,9.640430925662,9.661841403362,9.661841403362,9.661841403362,9.661841403562,9.661841403562,9.661841403662,9.661841403662,9.661841403662,8.074898301262,9.661841403542,9.661841403542,9.661841403582,9.661841403582,9.619110569932,9.661841403532,9.661841403632,9.661841403632,9.661841403632,9.661841403552,9.661841403752,9.661841403852,9.661841403852,7.641083996862,9.661841403262,9.661841403262,9.661841403462,9.661841403462,9.661841403462,8.558924814562,9.661841403662,9.661841403662,9.138640067762,7.307257842882,9.661841404092,9.661841404102,9.661841404102,8.940580997192,9.661841403374,9.661841403374,9.479632049262,9.661841403662,9.661841403682,9.661841403682,9.661841403562,9.661841403562,9.297847158162,9.661841403562,9.661841403562,10.069662886662,10.069662886662,10.069662887262,10.003590423462,10.069662886962,10.069662886962,9.398706453026,10.069662886926,10.029328910096,10.069662886996,9.815553444676,10.069662887062,10.069662887062,10.069662886962,10.069662886902,10.069662886902,9.727940115452,10.069662887062,10.069662886662,10.069662887872,10.069662887872,10.069662887862,10.069662887862,10.069662887672,10.069662887672,10.069662887472,8.929595431072,10.069662887262,10.069662887262,10.069662886662,6.492867114262,7.594925122962
"t28",7.289672135762,4.075497322642,3.906183775542,3.209387987142,3.209387987442,3.209387987442,2.328286533142,3.209387987442,3.209387987422,3.209387987422,2.885745522542,1.7289626948,0,3.0474125967,5.463613881842,7.682864989142,7.953339409142,5.307907635102,5.280390002642,4.884132881642,4.154461595162,6.843277824462,10.041314740762,8.756422098682,10.041314740262,10.041314740262,10.041314740462,8.025331869862,10.041314740872,10.041314740872,10.041314740862,10.041314740862,10.041314740882,10.041314740882,8.362653250662,9.231425101425,9.599323809425,10.041314740362,9.440648911662,10.041314740862,10.041314740862,10.041314740762,10.041314740762,10.041314740862,10.041314740862,10.041314740862,9.627774150962,10.041314740862,10.041314740912,10.041314740912,7.539839724992,10.041314740862,9.697159481162,10.041314740762,10.041314740762,10.041314740762,8.754015425366,9.480969137612,10.041314740672,10.041314740672,8.682759231162,10.041314740962,8.907190365462,9.087651168552,10.041314740762,10.041314740862,10.041314740862,10.019904262862,10.041314740562,10.041314740562,10.041314740562,10.041314740762,10.041314740762,10.041314740862,10.041314740862,10.041314740862,8.454371638462,10.041314740742,10.041314740742,10.041314740782,10.041314740782,9.998583907132,10.041314740732,10.041314740832,10.041314740832,10.041314740832,10.041314740752,10.041314740952,10.041314741052,10.041314741052,8.020557334062,10.041314740462,10.041314740462,10.041314740662,10.041314740662,10.041314740662,8.938398151762,10.041314740862,10.041314740862,9.518113404962,7.686731180082,10.041314741292,10.041314741302,10.041314741302,9.320054334392,10.041314740574,10.041314740574,9.859105386462,10.041314740862,10.041314740882,10.041314740882,10.041314740762,10.041314740762,9.677320495362,10.041314740762,10.041314740762,10.449136223862,10.449136223862,10.449136224462,10.383063760662,10.449136224162,10.449136224162,9.778179790226,10.449136224126,10.408802247296,10.449136224196,10.195026781876,10.449136224262,10.449136224262,10.449136224162,10.449136224102,10.449136224102,10.107413452652,10.449136224262,10.449136223862,10.449136225072,10.449136225072,10.449136225062,10.449136225062,10.449136224872,10.449136224872,10.449136224672,9.309068768272,10.449136224462,10.449136224462,10.449136223862,6.872340451462,7.974398460162
"t21",7.937917533062,4.723742719942,4.554429172842,3.857633384442,3.857633384742,3.857633384742,2.976531930442,3.857633384742,3.857633384722,3.857633384722,3.533990919842,2.6679392595,3.0474125967,0,6.111859279142,8.331110386442,8.601584806442,5.956153032402,5.928635399942,5.532378278942,4.802706992462,7.491523221762,10.689560138062,9.404667495982,10.689560137562,10.689560137562,10.689560137762,8.673577267162,10.689560138172,10.689560138172,10.689560138162,10.689560138162,10.689560138182,10.689560138182,9.010898647962,9.879670498725,10.247569206725,10.689560137662,10.088894308962,10.689560138162,10.689560138162,10.689560138062,10.689560138062,10.689560138162,10.689560138162,10.689560138162,10.276019548262,10.689560138162,10.689560138212,10.689560138212,8.188085122292,10.689560138162,10.345404878462,10.689560138062,10.689560138062,10.689560138062,9.402260822666,10.129214534912,10.689560137972,10.689560137972,9.331004628462,10.689560138262,9.555435762762,9.735896565852,10.689560138062,10.689560138162,10.689560138162,10.668149660162,10.689560137862,10.689560137862,10.689560137862,10.689560138062,10.689560138062,10.689560138162,10.689560138162,10.689560138162,9.102617035762,10.689560138042,10.689560138042,10.689560138082,10.689560138082,10.646829304432,10.689560138032,10.689560138132,10.689560138132,10.689560138132,10.689560138052,10.689560138252,10.689560138352,10.689560138352,8.668802731362,10.689560137762,10.689560137762,10.689560137962,10.689560137962,10.689560137962,9.586643549062,10.689560138162,10.689560138162,10.166358802262,8.334976577382,10.689560138592,10.689560138602,10.689560138602,9.968299731692,10.689560137874,10.689560137874,10.507350783762,10.689560138162,10.689560138182,10.689560138182,10.689560138062,10.689560138062,10.325565892662,10.689560138062,10.689560138062,11.097381621162,11.097381621162,11.097381621762,11.031309157962,11.097381621462,11.097381621462,10.426425187526,11.097381621426,11.057047644596,11.097381621496,10.843272179176,11.097381621562,11.097381621562,11.097381621462,11.097381621402,11.097381621402,10.755658849952,11.097381621562,11.097381621162,11.097381622372,11.097381622372,11.097381622362,11.097381622362,11.097381622172,11.097381622172,11.097381621972,9.957314165572,11.097381621762,11.097381621762,11.097381621162,7.520585848762,8.622643857462
"t8",5.05330961432,4.4874518292,4.3181382821,6.2710861137,6.271086114,6.271086114,5.3899846597,6.271086114,6.27108611398,6.27108611398,5.9474436491,5.084140544642,5.463613881842,6.111859279142,0,3.9751257721,4.2456001921,1.60016841806,1.5726507856,1.51452446,1.91809907372,4.60691530302,7.80495221932,6.52005957724,7.80495221882,7.80495221882,7.80495221902,5.78896934842,7.80495221943,7.80495221943,7.80495221942,7.80495221942,7.80495221944,7.80495221944,6.12629072922,6.995062579983,7.362961287983,7.80495221892,7.20428639022,7.80495221942,7.80495221942,7.80495221932,7.80495221932,7.80495221942,7.80495221942,7.80495221942,7.39141162952,7.80495221942,7.80495221947,7.80495221947,5.30347720355,7.80495221942,7.46079695972,7.80495221932,7.80495221932,7.80495221932,6.517652903924,7.24460661617,7.80495221923,7.80495221923,6.44639670972,7.80495221952,6.67082784402,6.85128864711,7.80495221932,7.80495221942,7.80495221942,7.78354174142,7.80495221912,7.80495221912,7.80495221912,7.80495221932,7.80495221932,7.80495221942,7.80495221942,7.80495221942,6.21800911702,7.8049522193,7.8049522193,7.80495221934,7.80495221934,7.76222138569,7.80495221929,7.80495221939,7.80495221939,7.80495221939,7.80495221931,7.80495221951,7.80495221961,7.80495221961,5.78419481262,7.80495221902,7.80495221902,7.80495221922,7.80495221922,7.80495221922,6.70203563032,7.80495221942,7.80495221942,7.28175088352,5.45036865864,7.80495221985,7.80495221986,7.80495221986,7.08369181295,7.804952219132,7.804952219132,7.62274286502,7.80495221942,7.80495221944,7.80495221944,7.80495221932,7.80495221932,7.44095797392,7.80495221932,7.80495221932,8.21277370242,8.21277370242,8.21277370302,8.14670123922,8.21277370272,8.21277370272,7.541817268784,8.212773702684,8.172439725854,8.212773702754,7.958664260434,8.21277370282,8.21277370282,8.21277370272,8.21277370266,8.21277370266,7.87105093121,8.21277370282,8.21277370242,8.21277370363,8.21277370363,8.21277370362,8.21277370362,8.21277370343,8.21277370343,8.21277370323,7.07270624683,8.21277370302,8.21277370302,8.21277370242,4.63597793002,5.73803593872
"t12",7.27256072162,6.7067029365,6.5373893894,8.490337221,8.4903372213,8.4903372213,7.609235767,8.4903372213,8.49033722128,8.49033722128,8.1666947564,7.303391651942,7.682864989142,8.331110386442,3.9751257721,0,3.96647442,2.43268809096,2.9928914381,3.7337755673,4.13735018102,6.82616641032,10.02420332662,8.73931068454,10.02420332612,10.02420332612,10.02420332632,8.00822045572,10.02420332673,10.02420332673,10.02420332672,10.02420332672,10.02420332674,10.02420332674,8.34554183652,9.214313687283,9.582212395283,10.02420332622,9.42353749752,10.02420332672,10.02420332672,10.02420332662,10.02420332662,10.02420332672,10.02420332672,10.02420332672,9.61066273682,10.02420332672,10.02420332677,10.02420332677,7.52272831085,10.02420332672,9.68004806702,10.02420332662,10.02420332662,10.02420332662,8.736904011224,9.46385772347,10.02420332653,10.02420332653,8.66564781702,10.02420332682,8.89007895132,9.07053975441,10.02420332662,10.02420332672,10.02420332672,10.00279284872,10.02420332642,10.02420332642,10.02420332642,10.02420332662,10.02420332662,10.02420332672,10.02420332672,10.02420332672,8.43726022432,10.0242033266,10.0242033266,10.02420332664,10.02420332664,9.98147249299,10.02420332659,10.02420332669,10.02420332669,10.02420332669,10.02420332661,10.02420332681,10.02420332691,10.02420332691,8.00344591992,10.02420332632,10.02420332632,10.02420332652,10.02420332652,10.02420332652,8.92128673762,10.02420332672,10.02420332672,9.50100199082,7.66961976594,10.02420332715,10.02420332716,10.02420332716,9.30294292025,10.024203326432,10.024203326432,9.84199397232,10.02420332672,10.02420332674,10.02420332674,10.02420332662,10.02420332662,9.66020908122,10.02420332662,10.02420332662,10.43202480972,10.43202480972,10.43202481032,10.36595234652,10.43202481002,10.43202481002,9.761068376084,10.432024809984,10.391690833154,10.432024810054,10.177915367734,10.43202481012,10.43202481012,10.43202481002,10.43202480996,10.43202480996,10.09030203851,10.43202481012,10.43202480972,10.43202481093,10.43202481093,10.43202481092,10.43202481092,10.43202481073,10.43202481073,10.43202481053,9.29195735413,10.43202481032,10.43202481032,10.43202480972,6.85522903732,7.95728704602
"t13",7.54303514162,6.9771773565,6.8078638094,8.760811641,8.7608116413,8.7608116413,7.879710187,8.7608116413,8.76081164128,8.76081164128,8.4371691764,7.573866071942,7.953339409142,8.601584806442,4.2456001921,3.96647442,0,2.70316251096,3.2633658581,4.0042499873,4.40782460102,7.09664083032,10.29467774662,9.00978510454,10.29467774612,10.29467774612,10.29467774632,8.27869487572,10.29467774673,10.29467774673,10.29467774672,10.29467774672,10.29467774674,10.29467774674,8.61601625652,9.484788107283,9.852686815283,10.29467774622,9.69401191752,10.29467774672,10.29467774672,10.29467774662,10.29467774662,10.29467774672,10.29467774672,10.29467774672,9.88113715682,10.29467774672,10.29467774677,10.29467774677,7.79320273085,10.29467774672,9.95052248702,10.29467774662,10.29467774662,10.29467774662,9.007378431224,9.73433214347,10.29467774653,10.29467774653,8.93612223702,10.29467774682,9.16055337132,9.34101417441,10.29467774662,10.29467774672,10.29467774672,10.27326726872,10.29467774642,10.29467774642,10.29467774642,10.29467774662,10.29467774662,10.29467774672,10.29467774672,10.29467774672,8.70773464432,10.2946777466,10.2946777466,10.29467774664,10.29467774664,10.25194691299,10.29467774659,10.29467774669,10.29467774669,10.29467774669,10.29467774661,10.29467774681,10.29467774691,10.29467774691,8.27392033992,10.29467774632,10.29467774632,10.29467774652,10.29467774652,10.29467774652,9.19176115762,10.29467774672,10.29467774672,9.77147641082,7.94009418594,10.29467774715,10.29467774716,10.29467774716,9.57341734025,10.294677746432,10.294677746432,10.11246839232,10.29467774672,10.29467774674,10.29467774674,10.29467774662,10.29467774662,9.93068350122,10.29467774662,10.29467774662,10.70249922972,10.70249922972,10.70249923032,10.63642676652,10.70249923002,10.70249923002,10.031542796084,10.702499229984,10.662165253154,10.702499230054,10.448389787734,10.70249923012,10.70249923012,10.70249923002,10.70249922996,10.70249922996,10.36077645851,10.70249923012,10.70249922972,10.70249923093,10.70249923093,10.70249923092,10.70249923092,10.70249923073,10.70249923073,10.70249923053,9.56243177413,10.70249923032,10.70249923032,10.70249922972,7.12570345732,8.22776146602
"t10",4.89760336758,4.33174558246,4.16243203536,6.11537986696,6.11537986726,6.11537986726,5.23427841296,6.11537986726,6.11537986724,6.11537986724,5.79173740236,4.928434297902,5.307907635102,5.956153032402,1.60016841806,2.43268809096,2.70316251096,0,0.61793408406,1.35881821326,1.76239282698,4.45120905628,7.64924597258,6.3643533305,7.64924597208,7.64924597208,7.64924597228,5.63326310168,7.64924597269,7.64924597269,7.64924597268,7.64924597268,7.6492459727,7.6492459727,5.97058448248,6.839356333243,7.207255041243,7.64924597218,7.04858014348,7.64924597268,7.64924597268,7.64924597258,7.64924597258,7.64924597268,7.64924597268,7.64924597268,7.23570538278,7.64924597268,7.64924597273,7.64924597273,5.14777095681,7.64924597268,7.30509071298,7.64924597258,7.64924597258,7.64924597258,6.361946657184,7.08890036943,7.64924597249,7.64924597249,6.29069046298,7.64924597278,6.51512159728,6.69558240037,7.64924597258,7.64924597268,7.64924597268,7.62783549468,7.64924597238,7.64924597238,7.64924597238,7.64924597258,7.64924597258,7.64924597268,7.64924597268,7.64924597268,6.06230287028,7.64924597256,7.64924597256,7.6492459726,7.6492459726,7.60651513895,7.64924597255,7.64924597265,7.64924597265,7.64924597265,7.64924597257,7.64924597277,7.64924597287,7.64924597287,5.62848856588,7.64924597228,7.64924597228,7.64924597248,7.64924597248,7.64924597248,6.54632938358,7.64924597268,7.64924597268,7.12604463678,5.2946624119,7.64924597311,7.64924597312,7.64924597312,6.92798556621,7.649245972392,7.649245972392,7.46703661828,7.64924597268,7.6492459727,7.6492459727,7.64924597258,7.64924597258,7.28525172718,7.64924597258,7.64924597258,8.05706745568,8.05706745568,8.05706745628,7.99099499248,8.05706745598,8.05706745598,7.386111022044,8.057067455944,8.016733479114,8.057067456014,7.802958013694,8.05706745608,8.05706745608,8.05706745598,8.05706745592,8.05706745592,7.71534468447,8.05706745608,8.05706745568,8.05706745689,8.05706745689,8.05706745688,8.05706745688,8.05706745669,8.05706745669,8.05706745649,6.91700000009,8.05706745628,8.05706745628,8.05706745568,4.48027168328,5.58232969198
