"","t9","t11","t130","t131","t42","t23","t24","t106","t107","t87","t14","t7","t8","t5","t15","t16","t17","t6","t12","t13","t10","t123","t124","t119","t120","t125","t126","t55","t52","t21","t37","t51","t146","t147","t39","t100","t134","t135","t35","t71","t72","t90","t91","t80","t81","t63","t53","t56","t57","t115","t116","t77","t78","t150","t151","t99","t4","t3","t47","t48","t83","t84","t75","t76","t128","t129","t88","t89","t144","t145","t121","t108","t142","t143","t73","t62","t54","t46","t64","t65","t32","t140","t141","t101","t102","t113","t114","t68","t33","t34","t43","t66","t67","t36","t20","t85","t154","t155","t138","t74","t136","t137","t122","t69","t70","t127","t148","t149","t86","t132","t133","t82","t19","t95","t96","t93","t94","t25","t26","t27","t60","t61","t49","t50","t111","t112","t97","t98","t92","t152","t153","t139","t109","t110","t103","t104","t105","t117","t118","t79","t58","t59","t40","t41","t29","t44","t45","t38","t28","t30","t31","t22","t18","t2","t1"
"t9",0,3.433921196,6.0435977368,6.0435977368,5.52140407,4.5374262817,6.0435977368,6.0361888755,6.0435977368,6.0435977367,3.6532054469,4.9762858864,8.4333143366,5.57552204699,9.3821778054,8.01432386751,8.1972283156,6.2388851359,7.64217833129,7.35643175903,7.18844165466,10.05253903163,10.05253903163,10.05253903163,10.05253903163,10.05253903162,10.05253903162,10.0525390316,9.2756516994,10.0525390317,9.1021498078,10.05253903198,10.05253903158,10.05253903158,9.15517669628,9.86954396493,10.05253903111,10.05253903111,9.67448901886,9.75578173503,10.05253903143,10.05253903153,10.05253903153,10.05253903163,10.05253903163,10.05253903163,10.05253903156,10.05253903166,9.47018946526,10.05253903153,10.05253903153,10.0525390313,9.51739733717,10.05253903121,10.05253903121,10.0525390312,7.0955852592,7.2333376405,9.60958985802,9.52340123552,10.05253903232,10.05253903232,10.05253903235,9.55980017905,10.05253903239,10.05253903239,10.05253903237,10.02234513067,10.05253903238,10.05253903238,10.05253903234,10.05253903234,10.0525390323,10.0525390323,9.52583641206,9.36991041288,10.05253903232,9.47746433365,10.05253903245,10.05253903245,9.3113726133,10.05253903235,10.05253903235,10.05253903237,10.05253903237,10.05253903235,10.05253903235,9.90975085535,10.052539032524,9.360086457224,9.029833219274,9.414592186094,9.591942009244,9.573574390944,10.05253903183,10.05253903253,10.052539032463,10.052539032463,10.05253903246,9.78238457953,10.05253903248,10.05253903248,10.05253903243,9.72837417943,10.05253903253,10.05253903262,10.05253903263,10.05253903263,10.05253903218,10.05253903215,10.05253903215,10.05253903223,8.1996423963,9.88319521247,10.05253903207,10.05253903207,10.05253903207,9.24195270883,10.05253903183,8.82530846003,9.35588577037,10.05253903183,10.05253903183,10.05253903183,10.0525390321,10.0525390321,10.05253903206,10.05253903206,10.05253903208,10.052539032021,10.052539032021,10.05253903202,10.0525390321,10.0525390321,10.0525390321,10.0525390321,10.052539032,10.05253903197,10.05253903197,10.052539032,9.53162711433,9.64822455233,9.0069971284,9.8513469507,10.0525390322,9.8039538991,9.00856795361,10.0525390315,10.0525390319,10.05253903152,10.05253903152,8.37894143192,10.0525390318,5.51304256946,5.8296120626
"t11",3.433921196,0,2.993502454,2.993502454,2.4713087872,1.4873309989,2.993502454,2.9860935927,2.993502454,2.9935024539,0.6031101641,3.5888490804,7.0458775306,4.18808524099,7.9947409994,6.62688706151,6.8097915096,4.8514483299,6.25474152529,5.96899495303,5.80100484866,8.66510222563,8.66510222563,8.66510222563,8.66510222563,8.66510222562,8.66510222562,8.6651022256,7.8882148934,8.6651022257,7.7147130018,8.66510222598,8.66510222558,8.66510222558,7.76773989028,8.48210715893,8.66510222511,8.66510222511,8.28705221286,8.36834492903,8.66510222543,8.66510222553,8.66510222553,8.66510222563,8.66510222563,8.66510222563,8.66510222556,8.66510222566,8.08275265926,8.66510222553,8.66510222553,8.6651022253,8.12996053117,8.66510222521,8.66510222521,8.6651022252,5.7081484532,5.8459008345,8.22215305202,8.13596442952,8.66510222632,8.66510222632,8.66510222635,8.17236337305,8.66510222639,8.66510222639,8.66510222637,8.63490832467,8.66510222638,8.66510222638,8.66510222634,8.66510222634,8.6651022263,8.6651022263,8.13839960606,7.98247360688,8.66510222632,8.09002752765,8.66510222645,8.66510222645,7.9239358073,8.66510222635,8.66510222635,8.66510222637,8.66510222637,8.66510222635,8.66510222635,8.52231404935,8.665102226524,7.972649651224,7.642396413274,8.027155380094,8.204505203244,8.186137584944,8.66510222583,8.66510222653,8.665102226463,8.665102226463,8.66510222646,8.39494777353,8.66510222648,8.66510222648,8.66510222643,8.34093737343,8.66510222653,8.66510222662,8.66510222663,8.66510222663,8.66510222618,8.66510222615,8.66510222615,8.66510222623,6.8122055903,8.49575840647,8.66510222607,8.66510222607,8.66510222607,7.85451590283,8.66510222583,7.43787165403,7.96844896437,8.66510222583,8.66510222583,8.66510222583,8.6651022261,8.6651022261,8.66510222606,8.66510222606,8.66510222608,8.665102226021,8.665102226021,8.66510222602,8.6651022261,8.6651022261,8.6651022261,8.6651022261,8.665102226,8.66510222597,8.66510222597,8.665102226,8.14419030833,8.26078774633,7.6195603224,8.4639101447,8.6651022262,8.4165170931,7.62113114761,8.6651022255,8.6651022259,8.66510222552,8.66510222552,6.99150462592,8.6651022258,4.12560576346,4.4421752566
"t130",6.0435977368,2.993502454,0,0.1744239902,1.7140797874,2.5732673527,4.0794388078,4.6088628631,4.6162717244,4.6162717243,2.5492168841,6.1985256212,9.6555540714,6.79776178179,10.6044175402,9.23656360231,9.4194680504,7.4611248707,8.86441806609,8.57867149383,8.41068138946,11.27477876643,11.27477876643,11.27477876643,11.27477876643,11.27477876642,11.27477876642,11.2747787664,10.4978914342,11.2747787665,10.3243895426,11.27477876678,11.27477876638,11.27477876638,10.37741643108,11.09178369973,11.27477876591,11.27477876591,10.89672875366,10.97802146983,11.27477876623,11.27477876633,11.27477876633,11.27477876643,11.27477876643,11.27477876643,11.27477876636,11.27477876646,10.69242920006,11.27477876633,11.27477876633,11.2747787661,10.73963707197,11.27477876601,11.27477876601,11.274778766,8.317824994,8.4555773753,10.83182959282,10.74564097032,11.27477876712,11.27477876712,11.27477876715,10.78203991385,11.27477876719,11.27477876719,11.27477876717,11.24458486547,11.27477876718,11.27477876718,11.27477876714,11.27477876714,11.2747787671,11.2747787671,10.74807614686,10.59215014768,11.27477876712,10.69970406845,11.27477876725,11.27477876725,10.5336123481,11.27477876715,11.27477876715,11.27477876717,11.27477876717,11.27477876715,11.27477876715,11.13199059015,11.274778767324,10.582326192024,10.252072954074,10.636831920894,10.814181744044,10.795814125744,11.27477876663,11.27477876733,11.274778767263,11.274778767263,11.27477876726,11.00462431433,11.27477876728,11.27477876728,11.27477876723,10.95061391423,11.27477876733,11.27477876742,11.27477876743,11.27477876743,11.27477876698,11.27477876695,11.27477876695,11.27477876703,9.4218821311,11.10543494727,11.27477876687,11.27477876687,11.27477876687,10.46419244363,11.27477876663,10.04754819483,10.57812550517,11.27477876663,11.27477876663,11.27477876663,11.2747787669,11.2747787669,11.27477876686,11.27477876686,11.27477876688,11.274778766821,11.274778766821,11.27477876682,11.2747787669,11.2747787669,11.2747787669,11.2747787669,11.2747787668,11.27477876677,11.27477876677,11.2747787668,10.75386684913,10.87046428713,10.2292368632,11.0735866855,11.274778767,11.0261936339,10.23080768841,11.2747787663,11.2747787667,11.27477876632,11.27477876632,9.60118116672,11.2747787666,6.73528230426,7.0518517974
"t131",6.0435977368,2.993502454,0.1744239902,0,1.7140797874,2.5732673527,4.0794388078,4.6088628631,4.6162717244,4.6162717243,2.5492168841,6.1985256212,9.6555540714,6.79776178179,10.6044175402,9.23656360231,9.4194680504,7.4611248707,8.86441806609,8.57867149383,8.41068138946,11.27477876643,11.27477876643,11.27477876643,11.27477876643,11.27477876642,11.27477876642,11.2747787664,10.4978914342,11.2747787665,10.3243895426,11.27477876678,11.27477876638,11.27477876638,10.37741643108,11.09178369973,11.27477876591,11.27477876591,10.89672875366,10.97802146983,11.27477876623,11.27477876633,11.27477876633,11.27477876643,11.27477876643,11.27477876643,11.27477876636,11.27477876646,10.69242920006,11.27477876633,11.27477876633,11.2747787661,10.73963707197,11.27477876601,11.27477876601,11.274778766,8.317824994,8.4555773753,10.83182959282,10.74564097032,11.27477876712,11.27477876712,11.27477876715,10.78203991385,11.27477876719,11.27477876719,11.27477876717,11.24458486547,11.27477876718,11.27477876718,11.27477876714,11.27477876714,11.2747787671,11.2747787671,10.74807614686,10.59215014768,11.27477876712,10.69970406845,11.27477876725,11.27477876725,10.5336123481,11.27477876715,11.27477876715,11.27477876717,11.27477876717,11.27477876715,11.27477876715,11.13199059015,11.274778767324,10.582326192024,10.252072954074,10.636831920894,10.814181744044,10.795814125744,11.27477876663,11.27477876733,11.274778767263,11.274778767263,11.27477876726,11.00462431433,11.27477876728,11.27477876728,11.27477876723,10.95061391423,11.27477876733,11.27477876742,11.27477876743,11.27477876743,11.27477876698,11.27477876695,11.27477876695,11.27477876703,9.4218821311,11.10543494727,11.27477876687,11.27477876687,11.27477876687,10.46419244363,11.27477876663,10.04754819483,10.57812550517,11.27477876663,11.27477876663,11.27477876663,11.2747787669,11.2747787669,11.27477876686,11.27477876686,11.27477876688,11.274778766821,11.274778766821,11.27477876682,11.2747787669,11.2747787669,11.2747787669,11.2747787669,11.2747787668,11.27477876677,11.27477876677,11.2747787668,10.75386684913,10.87046428713,10.2292368632,11.0735866855,11.274778767,11.0261936339,10.23080768841,11.2747787663,11.2747787667,11.27477876632,11.27477876632,9.60118116672,11.2747787666,6.73528230426,7.0518517974
"t42",5.52140407,2.4713087872,1.7140797874,1.7140797874,0,2.0510736859,3.557245141,4.0866691963,4.0940780576,4.0940780575,2.0270232173,5.6763319544,9.1333604046,6.27556811499,10.0822238734,8.71436993551,8.8972743836,6.9389312039,8.34222439929,8.05647782703,7.88848772266,10.75258509963,10.75258509963,10.75258509963,10.75258509963,10.75258509962,10.75258509962,10.7525850996,9.9756977674,10.7525850997,9.8021958758,10.75258509998,10.75258509958,10.75258509958,9.85522276428,10.56959003293,10.75258509911,10.75258509911,10.37453508686,10.45582780303,10.75258509943,10.75258509953,10.75258509953,10.75258509963,10.75258509963,10.75258509963,10.75258509956,10.75258509966,10.17023553326,10.75258509953,10.75258509953,10.7525850993,10.21744340517,10.75258509921,10.75258509921,10.7525850992,7.7956313272,7.9333837085,10.30963592602,10.22344730352,10.75258510032,10.75258510032,10.75258510035,10.25984624705,10.75258510039,10.75258510039,10.75258510037,10.72239119867,10.75258510038,10.75258510038,10.75258510034,10.75258510034,10.7525851003,10.7525851003,10.22588248006,10.06995648088,10.75258510032,10.17751040165,10.75258510045,10.75258510045,10.0114186813,10.75258510035,10.75258510035,10.75258510037,10.75258510037,10.75258510035,10.75258510035,10.60979692335,10.752585100524,10.060132525224,9.729879287274,10.114638254094,10.291988077244,10.273620458944,10.75258509983,10.75258510053,10.752585100463,10.752585100463,10.75258510046,10.48243064753,10.75258510048,10.75258510048,10.75258510043,10.42842024743,10.75258510053,10.75258510062,10.75258510063,10.75258510063,10.75258510018,10.75258510015,10.75258510015,10.75258510023,8.8996884643,10.58324128047,10.75258510007,10.75258510007,10.75258510007,9.94199877683,10.75258509983,9.52535452803,10.05593183837,10.75258509983,10.75258509983,10.75258509983,10.7525851001,10.7525851001,10.75258510006,10.75258510006,10.75258510008,10.752585100021,10.752585100021,10.75258510002,10.7525851001,10.7525851001,10.7525851001,10.7525851001,10.7525851,10.75258509997,10.75258509997,10.7525851,10.23167318233,10.34827062033,9.7070431964,10.5513930187,10.7525851002,10.5039999671,9.70861402161,10.7525850995,10.7525850999,10.75258509952,10.75258509952,9.07898749992,10.7525850998,6.21308863746,6.5296581306
"t23",4.5374262817,1.4873309989,2.5732673527,2.5732673527,2.0510736859,0,2.2736704629,3.102691408,3.1101002693,3.1101002692,1.043045429,4.6923541661,8.1493826163,5.29159032669,9.0982460851,7.73039214721,7.9132965953,5.9549534156,7.35824661099,7.07250003873,6.90450993436,9.76860731133,9.76860731133,9.76860731133,9.76860731133,9.76860731132,9.76860731132,9.7686073113,8.9917199791,9.7686073114,8.8182180875,9.76860731168,9.76860731128,9.76860731128,8.87124497598,9.58561224463,9.76860731081,9.76860731081,9.39055729856,9.47185001473,9.76860731113,9.76860731123,9.76860731123,9.76860731133,9.76860731133,9.76860731133,9.76860731126,9.76860731136,9.18625774496,9.76860731123,9.76860731123,9.768607311,9.23346561687,9.76860731091,9.76860731091,9.7686073109,6.8116535389,6.9494059202,9.32565813772,9.23946951522,9.76860731202,9.76860731202,9.76860731205,9.27586845875,9.76860731209,9.76860731209,9.76860731207,9.73841341037,9.76860731208,9.76860731208,9.76860731204,9.76860731204,9.768607312,9.768607312,9.24190469176,9.08597869258,9.76860731202,9.19353261335,9.76860731215,9.76860731215,9.027440893,9.76860731204999,9.76860731204999,9.76860731207,9.76860731207,9.76860731204999,9.76860731204999,9.62581913505,9.768607312224,9.076154736924,8.745901498974,9.130660465794,9.308010288944,9.289642670644,9.76860731153,9.76860731223,9.768607312163,9.768607312163,9.76860731216,9.49845285923,9.76860731218,9.76860731218,9.76860731213,9.44444245913,9.76860731223,9.76860731232,9.76860731233,9.76860731233,9.76860731188,9.76860731185,9.76860731185,9.76860731193,7.915710676,9.59926349217,9.76860731177,9.76860731177,9.76860731177,8.95802098853,9.76860731153,8.54137673973,9.07195405007,9.76860731153,9.76860731153,9.76860731153,9.7686073118,9.7686073118,9.76860731176,9.76860731176,9.76860731178,9.768607311721,9.768607311721,9.76860731172,9.7686073118,9.7686073118,9.7686073118,9.7686073118,9.7686073117,9.76860731167,9.76860731167,9.7686073117,9.24769539403,9.36429283203,8.7230654081,9.5674152304,9.7686073119,9.5200221788,8.72463623331,9.7686073112,9.7686073116,9.76860731122,9.76860731122,8.09500971162,9.7686073115,5.22911084916,5.5456803423
"t24",6.0435977368,2.993502454,4.0794388078,4.0794388078,3.557245141,2.2736704629,0,4.6088628631,4.6162717244,4.6162717243,2.5492168841,6.1985256212,9.6555540714,6.79776178179,10.6044175402,9.23656360231,9.4194680504,7.4611248707,8.86441806609,8.57867149383,8.41068138946,11.27477876643,11.27477876643,11.27477876643,11.27477876643,11.27477876642,11.27477876642,11.2747787664,10.4978914342,11.2747787665,10.3243895426,11.27477876678,11.27477876638,11.27477876638,10.37741643108,11.09178369973,11.27477876591,11.27477876591,10.89672875366,10.97802146983,11.27477876623,11.27477876633,11.27477876633,11.27477876643,11.27477876643,11.27477876643,11.27477876636,11.27477876646,10.69242920006,11.27477876633,11.27477876633,11.2747787661,10.73963707197,11.27477876601,11.27477876601,11.274778766,8.317824994,8.4555773753,10.83182959282,10.74564097032,11.27477876712,11.27477876712,11.27477876715,10.78203991385,11.27477876719,11.27477876719,11.27477876717,11.24458486547,11.27477876718,11.27477876718,11.27477876714,11.27477876714,11.2747787671,11.2747787671,10.74807614686,10.59215014768,11.27477876712,10.69970406845,11.27477876725,11.27477876725,10.5336123481,11.27477876715,11.27477876715,11.27477876717,11.27477876717,11.27477876715,11.27477876715,11.13199059015,11.274778767324,10.582326192024,10.252072954074,10.636831920894,10.814181744044,10.795814125744,11.27477876663,11.27477876733,11.274778767263,11.274778767263,11.27477876726,11.00462431433,11.27477876728,11.27477876728,11.27477876723,10.95061391423,11.27477876733,11.27477876742,11.27477876743,11.27477876743,11.27477876698,11.27477876695,11.27477876695,11.27477876703,9.4218821311,11.10543494727,11.27477876687,11.27477876687,11.27477876687,10.46419244363,11.27477876663,10.04754819483,10.57812550517,11.27477876663,11.27477876663,11.27477876663,11.2747787669,11.2747787669,11.27477876686,11.27477876686,11.27477876688,11.274778766821,11.274778766821,11.27477876682,11.2747787669,11.2747787669,11.2747787669,11.2747787669,11.2747787668,11.27477876677,11.27477876677,11.2747787668,10.75386684913,10.87046428713,10.2292368632,11.0735866855,11.274778767,11.0261936339,10.23080768841,11.2747787663,11.2747787667,11.27477876632,11.27477876632,9.60118116672,11.2747787666,6.73528230426,7.0518517974
"t106",6.0361888755,2.9860935927,4.6088628631,4.6088628631,4.0866691963,3.102691408,4.6088628631,0,0.4058282805,0.723407153,2.5418080228,6.1911167599,9.6481452101,6.79035292049,10.5970086789,9.22915474101,9.4120591891,7.4537160094,8.85700920479,8.57126263253,8.40327252816,11.26736990513,11.26736990513,11.26736990513,11.26736990513,11.26736990512,11.26736990512,11.2673699051,10.4904825729,11.2673699052,10.3169806813,11.26736990548,11.26736990508,11.26736990508,10.37000756978,11.08437483843,11.26736990461,11.26736990461,10.88931989236,10.97061260853,11.26736990493,11.26736990503,11.26736990503,11.26736990513,11.26736990513,11.26736990513,11.26736990506,11.26736990516,10.68502033876,11.26736990503,11.26736990503,11.2673699048,10.73222821067,11.26736990471,11.26736990471,11.2673699047,8.3104161327,8.448168514,10.82442073152,10.73823210902,11.26736990582,11.26736990582,11.26736990585,10.77463105255,11.26736990589,11.26736990589,11.26736990587,11.23717600417,11.26736990588,11.26736990588,11.26736990584,11.26736990584,11.2673699058,11.2673699058,10.74066728556,10.58474128638,11.26736990582,10.69229520715,11.26736990595,11.26736990595,10.5262034868,11.26736990585,11.26736990585,11.26736990587,11.26736990587,11.26736990585,11.26736990585,11.12458172885,11.267369906024,10.574917330724,10.244664092774,10.629423059594,10.806772882744,10.788405264444,11.26736990533,11.26736990603,11.267369905963,11.267369905963,11.26736990596,10.99721545303,11.26736990598,11.26736990598,11.26736990593,10.94320505293,11.26736990603,11.26736990612,11.26736990613,11.26736990613,11.26736990568,11.26736990565,11.26736990565,11.26736990573,9.4144732698,11.09802608597,11.26736990557,11.26736990557,11.26736990557,10.45678358233,11.26736990533,10.04013933353,10.57071664387,11.26736990533,11.26736990533,11.26736990533,11.2673699056,11.2673699056,11.26736990556,11.26736990556,11.26736990558,11.267369905521,11.267369905521,11.26736990552,11.2673699056,11.2673699056,11.2673699056,11.2673699056,11.2673699055,11.26736990547,11.26736990547,11.2673699055,10.74645798783,10.86305542583,10.2218280019,11.0661778242,11.2673699057,11.0187847726,10.22339882711,11.267369905,11.2673699054,11.26736990502,11.26736990502,9.59377230542,11.2673699053,6.72787344296,7.0444429361
"t107",6.0435977368,2.993502454,4.6162717244,4.6162717244,4.0940780576,3.1101002693,4.6162717244,0.4058282805,0,0.7308160143,2.5492168841,6.1985256212,9.6555540714,6.79776178179,10.6044175402,9.23656360231,9.4194680504,7.4611248707,8.86441806609,8.57867149383,8.41068138946,11.27477876643,11.27477876643,11.27477876643,11.27477876643,11.27477876642,11.27477876642,11.2747787664,10.4978914342,11.2747787665,10.3243895426,11.27477876678,11.27477876638,11.27477876638,10.37741643108,11.09178369973,11.27477876591,11.27477876591,10.89672875366,10.97802146983,11.27477876623,11.27477876633,11.27477876633,11.27477876643,11.27477876643,11.27477876643,11.27477876636,11.27477876646,10.69242920006,11.27477876633,11.27477876633,11.2747787661,10.73963707197,11.27477876601,11.27477876601,11.274778766,8.317824994,8.4555773753,10.83182959282,10.74564097032,11.27477876712,11.27477876712,11.27477876715,10.78203991385,11.27477876719,11.27477876719,11.27477876717,11.24458486547,11.27477876718,11.27477876718,11.27477876714,11.27477876714,11.2747787671,11.2747787671,10.74807614686,10.59215014768,11.27477876712,10.69970406845,11.27477876725,11.27477876725,10.5336123481,11.27477876715,11.27477876715,11.27477876717,11.27477876717,11.27477876715,11.27477876715,11.13199059015,11.274778767324,10.582326192024,10.252072954074,10.636831920894,10.814181744044,10.795814125744,11.27477876663,11.27477876733,11.274778767263,11.274778767263,11.27477876726,11.00462431433,11.27477876728,11.27477876728,11.27477876723,10.95061391423,11.27477876733,11.27477876742,11.27477876743,11.27477876743,11.27477876698,11.27477876695,11.27477876695,11.27477876703,9.4218821311,11.10543494727,11.27477876687,11.27477876687,11.27477876687,10.46419244363,11.27477876663,10.04754819483,10.57812550517,11.27477876663,11.27477876663,11.27477876663,11.2747787669,11.2747787669,11.27477876686,11.27477876686,11.27477876688,11.274778766821,11.274778766821,11.27477876682,11.2747787669,11.2747787669,11.2747787669,11.2747787669,11.2747787668,11.27477876677,11.27477876677,11.2747787668,10.75386684913,10.87046428713,10.2292368632,11.0735866855,11.274778767,11.0261936339,10.23080768841,11.2747787663,11.2747787667,11.27477876632,11.27477876632,9.60118116672,11.2747787666,6.73528230426,7.0518517974
"t87",6.0435977367,2.9935024539,4.6162717243,4.6162717243,4.0940780575,3.1101002692,4.6162717243,0.723407153,0.7308160143,0,2.549216884,6.1985256211,9.6555540713,6.79776178169,10.6044175401,9.23656360221,9.4194680503,7.4611248706,8.86441806599,8.57867149373,8.41068138936,11.27477876633,11.27477876633,11.27477876633,11.27477876633,11.27477876632,11.27477876632,11.2747787663,10.4978914341,11.2747787664,10.3243895425,11.27477876668,11.27477876628,11.27477876628,10.37741643098,11.09178369963,11.27477876581,11.27477876581,10.89672875356,10.97802146973,11.27477876613,11.27477876623,11.27477876623,11.27477876633,11.27477876633,11.27477876633,11.27477876626,11.27477876636,10.69242919996,11.27477876623,11.27477876623,11.274778766,10.73963707187,11.27477876591,11.27477876591,11.2747787659,8.3178249939,8.4555773752,10.83182959272,10.74564097022,11.27477876702,11.27477876702,11.27477876705,10.78203991375,11.27477876709,11.27477876709,11.27477876707,11.24458486537,11.27477876708,11.27477876708,11.27477876704,11.27477876704,11.274778767,11.274778767,10.74807614676,10.59215014758,11.27477876702,10.69970406835,11.27477876715,11.27477876715,10.533612348,11.27477876705,11.27477876705,11.27477876707,11.27477876707,11.27477876705,11.27477876705,11.13199059005,11.274778767224,10.582326191924,10.252072953974,10.636831920794,10.814181743944,10.795814125644,11.27477876653,11.27477876723,11.274778767163,11.274778767163,11.27477876716,11.00462431423,11.27477876718,11.27477876718,11.27477876713,10.95061391413,11.27477876723,11.27477876732,11.27477876733,11.27477876733,11.27477876688,11.27477876685,11.27477876685,11.27477876693,9.421882131,11.10543494717,11.27477876677,11.27477876677,11.27477876677,10.46419244353,11.27477876653,10.04754819473,10.57812550507,11.27477876653,11.27477876653,11.27477876653,11.2747787668,11.2747787668,11.27477876676,11.27477876676,11.27477876678,11.274778766721,11.274778766721,11.27477876672,11.2747787668,11.2747787668,11.2747787668,11.2747787668,11.2747787667,11.27477876667,11.27477876667,11.2747787667,10.75386684903,10.87046428703,10.2292368631,11.0735866854,11.2747787669,11.0261936338,10.23080768831,11.2747787662,11.2747787666,11.27477876622,11.27477876622,9.60118116662,11.2747787665,6.73528230416,7.0518517973
"t14",3.6532054469,0.6031101641,2.5492168841,2.5492168841,2.0270232173,1.043045429,2.5492168841,2.5418080228,2.5492168841,2.549216884,0,3.8081333313,7.2651617815,4.40736949189,8.2140252503,6.84617131241,7.0290757605,5.0707325808,6.47402577619,6.18827920393,6.02028909956,8.88438647653,8.88438647653,8.88438647653,8.88438647653,8.88438647652,8.88438647652,8.8843864765,8.1074991443,8.8843864766,7.9339972527,8.88438647688,8.88438647648,8.88438647648,7.98702414118,8.70139140983,8.88438647601,8.88438647601,8.50633646376,8.58762917993,8.88438647633,8.88438647643,8.88438647643,8.88438647653,8.88438647653,8.88438647653,8.88438647646,8.88438647656,8.30203691016,8.88438647643,8.88438647643,8.8843864762,8.34924478207,8.88438647611,8.88438647611,8.8843864761,5.9274327041,6.0651850854,8.44143730292,8.35524868042,8.88438647722,8.88438647722,8.88438647725,8.39164762395,8.88438647729,8.88438647729,8.88438647727,8.85419257557,8.88438647728,8.88438647728,8.88438647724,8.88438647724,8.8843864772,8.8843864772,8.35768385696,8.20175785778,8.88438647722,8.30931177855,8.88438647735,8.88438647735,8.1432200582,8.88438647725,8.88438647725,8.88438647727,8.88438647727,8.88438647725,8.88438647725,8.74159830025,8.884386477424,8.191933902124,7.861680664174,8.246439630994,8.423789454144,8.405421835844,8.88438647673,8.88438647743,8.884386477363,8.884386477363,8.88438647736,8.61423202443,8.88438647738,8.88438647738,8.88438647733,8.56022162433,8.88438647743,8.88438647752,8.88438647753,8.88438647753,8.88438647708,8.88438647705,8.88438647705,8.88438647713,7.0314898412,8.71504265737,8.88438647697,8.88438647697,8.88438647697,8.07380015373,8.88438647673,7.65715590493,8.18773321527,8.88438647673,8.88438647673,8.88438647673,8.884386477,8.884386477,8.88438647696,8.88438647696,8.88438647698,8.884386476921,8.884386476921,8.88438647692,8.884386477,8.884386477,8.884386477,8.884386477,8.8843864769,8.88438647687,8.88438647687,8.8843864769,8.36347455923,8.48007199723,7.8388445733,8.6831943956,8.8843864771,8.635801344,7.84041539851,8.8843864764,8.8843864768,8.88438647642,8.88438647642,7.21078887682,8.8843864767,4.34489001436,4.6614595075
"t7",4.9762858864,3.5888490804,6.1985256212,6.1985256212,5.6763319544,4.6923541661,6.1985256212,6.1911167599,6.1985256212,6.1985256211,3.8081333313,0,4.3014982258,3.34073333139,7.1473890898,5.77953515191,5.9624396,4.0040964203,5.40738961569,5.12164304343,4.95365293906,7.81775031603,7.81775031603,7.81775031603,7.81775031603,7.81775031602,7.81775031602,7.817750316,7.0408629838,7.8177503161,6.8673610922,7.81775031638,7.81775031598,7.81775031598,6.92038798068,7.63475524933,7.81775031551,7.81775031551,7.43970030326,7.52099301943,7.81775031583,7.81775031593,7.81775031593,7.81775031603,7.81775031603,7.81775031603,7.81775031596,7.81775031606,7.23540074966,7.81775031593,7.81775031593,7.8177503157,7.28260862157,7.81775031561,7.81775031561,7.8177503156,4.8607965436,4.9985489249,7.37480114242,7.28861251992,7.81775031672,7.81775031672,7.81775031675,7.32501146345,7.81775031679,7.81775031679,7.81775031677,7.78755641507,7.81775031678,7.81775031678,7.81775031674,7.81775031674,7.8177503167,7.8177503167,7.29104769646,7.13512169728,7.81775031672,7.24267561805,7.81775031685,7.81775031685,7.0765838977,7.81775031675,7.81775031675,7.81775031677,7.81775031677,7.81775031675,7.81775031675,7.67496213975,7.817750316924,7.125297741624,6.795044503674,7.179803470494,7.357153293644,7.338785675344,7.81775031623,7.81775031693,7.817750316863,7.817750316863,7.81775031686,7.54759586393,7.81775031688,7.81775031688,7.81775031683,7.49358546383,7.81775031693,7.81775031702,7.81775031703,7.81775031703,7.81775031658,7.81775031655,7.81775031655,7.81775031663,5.9648536807,7.64840649687,7.81775031647,7.81775031647,7.81775031647,7.00716399323,7.81775031623,6.59051974443,7.12109705477,7.81775031623,7.81775031623,7.81775031623,7.8177503165,7.8177503165,7.81775031646,7.81775031646,7.81775031648,7.817750316421,7.817750316421,7.81775031642,7.8177503165,7.8177503165,7.8177503165,7.8177503165,7.8177503164,7.81775031637,7.81775031637,7.8177503164,7.29683839873,7.41343583673,6.7722084128,7.6165582351,7.8177503166,7.5691651835,6.77377923801,7.8177503159,7.8177503163,7.81775031592,7.81775031592,6.14415271632,7.8177503162,3.27825385386,3.594823347
"t8",8.4333143366,7.0458775306,9.6555540714,9.6555540714,9.1333604046,8.1493826163,9.6555540714,9.6481452101,9.6555540714,9.6555540713,7.2651617815,4.3014982258,0,6.79776178159,10.60441754,9.23656360211,9.4194680502,7.4611248705,8.86441806589,8.57867149363,8.41068138926,11.27477876623,11.27477876623,11.27477876623,11.27477876623,11.27477876622,11.27477876622,11.2747787662,10.497891434,11.2747787663,10.3243895424,11.27477876658,11.27477876618,11.27477876618,10.37741643088,11.09178369953,11.27477876571,11.27477876571,10.89672875346,10.97802146963,11.27477876603,11.27477876613,11.27477876613,11.27477876623,11.27477876623,11.27477876623,11.27477876616,11.27477876626,10.69242919986,11.27477876613,11.27477876613,11.2747787659,10.73963707177,11.27477876581,11.27477876581,11.2747787658,8.3178249938,8.4555773751,10.83182959262,10.74564097012,11.27477876692,11.27477876692,11.27477876695,10.78203991365,11.27477876699,11.27477876699,11.27477876697,11.24458486527,11.27477876698,11.27477876698,11.27477876694,11.27477876694,11.2747787669,11.2747787669,10.74807614666,10.59215014748,11.27477876692,10.69970406825,11.27477876705,11.27477876705,10.5336123479,11.27477876695,11.27477876695,11.27477876697,11.27477876697,11.27477876695,11.27477876695,11.13199058995,11.274778767124,10.582326191824,10.252072953874,10.636831920694,10.814181743844,10.795814125544,11.27477876643,11.27477876713,11.274778767063,11.274778767063,11.27477876706,11.00462431413,11.27477876708,11.27477876708,11.27477876703,10.95061391403,11.27477876713,11.27477876722,11.27477876723,11.27477876723,11.27477876678,11.27477876675,11.27477876675,11.27477876683,9.4218821309,11.10543494707,11.27477876667,11.27477876667,11.27477876667,10.46419244343,11.27477876643,10.04754819463,10.57812550497,11.27477876643,11.27477876643,11.27477876643,11.2747787667,11.2747787667,11.27477876666,11.27477876666,11.27477876668,11.274778766621,11.274778766621,11.27477876662,11.2747787667,11.2747787667,11.2747787667,11.2747787667,11.2747787666,11.27477876657,11.27477876657,11.2747787666,10.75386684893,10.87046428693,10.229236863,11.0735866853,11.2747787668,11.0261936337,10.23080768821,11.2747787661,11.2747787665,11.27477876612,11.27477876612,9.60118116652,11.2747787664,6.73528230406,7.0518517972
"t5",5.57552204699,4.18808524099,6.79776178179,6.79776178179,6.27556811499,5.29159032669,6.79776178179,6.79035292049,6.79776178179,6.79776178169,4.40736949189,3.34073333139,6.79776178159,0,3.91847705319,2.5506231153,2.73352756339,0.77518438369,3.59951137408,3.31376480182,3.14577469745,6.00987207442,6.00987207442,6.00987207442,6.00987207442,6.00987207441,6.00987207441,6.00987207439,5.23298474219,6.00987207449,5.05948285059,6.00987207477,6.00987207437,6.00987207437,5.11250973907,5.82687700772,6.0098720739,6.0098720739,5.63182206165,5.71311477782,6.00987207422,6.00987207432,6.00987207432,6.00987207442,6.00987207442,6.00987207442,6.00987207435,6.00987207445,5.42752250805,6.00987207432,6.00987207432,6.00987207409,5.47473037996,6.009872074,6.009872074,6.00987207399,3.05291830199,3.74295347329,6.11920569081,6.03301706831,6.56215486511,6.56215486511,6.56215486514,6.06941601184,6.56215486518,6.56215486518,6.56215486516,6.53196096346,6.56215486517,6.56215486517,6.56215486513,6.56215486513,6.56215486509,6.56215486509,6.03545224485,5.87952624567,6.56215486511,5.98708016644,6.56215486524,6.56215486524,5.82098844609,6.56215486514,6.56215486514,6.56215486516,6.56215486516,6.56215486514,6.56215486514,6.41936668814,6.562154865314,5.869702290014,5.539449052064,5.924208018884,6.101557842034,6.083190223734,6.56215486462,6.56215486532,6.562154865253,6.562154865253,6.56215486525,6.29200041232,6.56215486527,6.56215486527,6.56215486522,6.23799001222,6.56215486532,6.56215486541,6.56215486542,6.56215486542,6.56215486497,6.56215486494,6.56215486494,6.56215486502,4.70925822909,6.39281104526,6.56215486486,6.56215486486,6.56215486486,5.75156854162,6.56215486462,5.33492429282,5.86550160316,6.56215486462,6.56215486462,6.56215486462,6.56215486489,6.56215486489,6.56215486485,6.56215486485,6.56215486487,6.562154864811,6.562154864811,6.56215486481,6.56215486489,6.56215486489,6.56215486489,6.56215486489,6.56215486479,6.56215486476,6.56215486476,6.56215486479,6.04124294712,6.15784038512,5.51661296119,6.36096278349,6.56215486499,6.31356973189,5.5181837864,6.56215486429,6.56215486469,6.56215486431,6.56215486431,4.88855726471,6.56215486459,2.25826531945,2.57483481259
"t15",9.3821778054,7.9947409994,10.6044175402,10.6044175402,10.0822238734,9.0982460851,10.6044175402,10.5970086789,10.6044175402,10.6044175401,8.2140252503,7.1473890898,10.60441754,3.91847705319,0,2.11247615011,2.2953805982,3.9268197625,7.40616713249,7.12042056023,6.95243045586,9.81652783283,9.81652783283,9.81652783283,9.81652783283,9.81652783282,9.81652783282,9.8165278328,9.0396405006,9.8165278329,8.866138609,9.81652783318,9.81652783278,9.81652783278,8.91916549748,9.63353276613,9.81652783231,9.81652783231,9.43847782006,9.51977053623,9.81652783263,9.81652783273,9.81652783273,9.81652783283,9.81652783283,9.81652783283,9.81652783276,9.81652783286,9.23417826646,9.81652783273,9.81652783273,9.8165278325,9.28138613837,9.81652783241,9.81652783241,9.8165278324,6.8595740604,7.5496092317,9.92586144922,9.83967282672,10.36881062352,10.36881062352,10.36881062355,9.87607177025,10.36881062359,10.36881062359,10.36881062357,10.33861672187,10.36881062358,10.36881062358,10.36881062354,10.36881062354,10.3688106235,10.3688106235,9.84210800326,9.68618200408,10.36881062352,9.79373592485,10.36881062365,10.36881062365,9.6276442045,10.36881062355,10.36881062355,10.36881062357,10.36881062357,10.36881062355,10.36881062355,10.22602244655,10.368810623724,9.676358048424,9.346104810474,9.730863777294,9.908213600444,9.889845982144,10.36881062303,10.36881062373,10.368810623663,10.368810623663,10.36881062366,10.09865617073,10.36881062368,10.36881062368,10.36881062363,10.04464577063,10.36881062373,10.36881062382,10.36881062383,10.36881062383,10.36881062338,10.36881062335,10.36881062335,10.36881062343,8.5159139875,10.19946680367,10.36881062327,10.36881062327,10.36881062327,9.55822430003,10.36881062303,9.14158005123,9.67215736157,10.36881062303,10.36881062303,10.36881062303,10.3688106233,10.3688106233,10.36881062326,10.36881062326,10.36881062328,10.368810623221,10.368810623221,10.36881062322,10.3688106233,10.3688106233,10.3688106233,10.3688106233,10.3688106232,10.36881062317,10.36881062317,10.3688106232,9.84789870553,9.96449614353,9.3232687196,10.1676185419,10.3688106234,10.1202254903,9.32483954481,10.3688106227,10.3688106231,10.36881062272,10.36881062272,8.69521302312,10.368810623,6.06492107786,6.381490571
"t16",8.01432386751,6.62688706151,9.23656360231,9.23656360231,8.71436993551,7.73039214721,9.23656360231,9.22915474101,9.23656360231,9.23656360221,6.84617131241,5.77953515191,9.23656360211,2.5506231153,2.11247615011,0,0.22549685711,2.55896582461,6.0383131946,5.75256662234,5.58457651797,8.44867389494,8.44867389494,8.44867389494,8.44867389494,8.44867389493,8.44867389493,8.44867389491,7.67178656271,8.44867389501,7.49828467111,8.44867389529,8.44867389489,8.44867389489,7.55131155959,8.26567882824,8.44867389442,8.44867389442,8.07062388217,8.15191659834,8.44867389474,8.44867389484,8.44867389484,8.44867389494,8.44867389494,8.44867389494,8.44867389487,8.44867389497,7.86632432857,8.44867389484,8.44867389484,8.44867389461,7.91353220048,8.44867389452,8.44867389452,8.44867389451,5.49172012251,6.18175529381,8.55800751133,8.47181888883,9.00095668563,9.00095668563,9.00095668566,8.50821783236,9.0009566857,9.0009566857,9.00095668568,8.97076278398,9.00095668569,9.00095668569,9.00095668565,9.00095668565,9.00095668561,9.00095668561,8.47425406537,8.31832806619,9.00095668563,8.42588198696,9.00095668576,9.00095668576,8.25979026661,9.00095668566,9.00095668566,9.00095668568,9.00095668568,9.00095668566,9.00095668566,8.85816850866,9.000956685834,8.308504110534,7.978250872584,8.363009839404,8.540359662554,8.521992044254,9.00095668514,9.00095668584,9.000956685773,9.000956685773,9.00095668577,8.73080223284,9.00095668579,9.00095668579,9.00095668574,8.67679183274,9.00095668584,9.00095668593,9.00095668594,9.00095668594,9.00095668549,9.00095668546,9.00095668546,9.00095668554,7.14806004961,8.83161286578,9.00095668538,9.00095668538,9.00095668538,8.19037036214,9.00095668514,7.77372611334,8.30430342368,9.00095668514,9.00095668514,9.00095668514,9.00095668541,9.00095668541,9.00095668537,9.00095668537,9.00095668539,9.000956685331,9.000956685331,9.00095668533,9.00095668541,9.00095668541,9.00095668541,9.00095668541,9.00095668531,9.00095668528,9.00095668528,9.00095668531,8.48004476764,8.59664220564,7.95541478171,8.79976460401,9.00095668551,8.75237155241,7.95698560692,9.00095668481,9.00095668521,9.00095668483,9.00095668483,7.32735908523,9.00095668511,4.69706713997,5.01363663311
"t17",8.1972283156,6.8097915096,9.4194680504,9.4194680504,8.8972743836,7.9132965953,9.4194680504,9.4120591891,9.4194680504,9.4194680503,7.0290757605,5.9624396,9.4194680502,2.73352756339,2.2953805982,0.22549685711,0,2.7418702727,6.22121764269,5.93547107043,5.76748096606,8.63157834303,8.63157834303,8.63157834303,8.63157834303,8.63157834302,8.63157834302,8.631578343,7.8546910108,8.6315783431,7.6811891192,8.63157834338,8.63157834298,8.63157834298,7.73421600768,8.44858327633,8.63157834251,8.63157834251,8.25352833026,8.33482104643,8.63157834283,8.63157834293,8.63157834293,8.63157834303,8.63157834303,8.63157834303,8.63157834296,8.63157834306,8.04922877666,8.63157834293,8.63157834293,8.6315783427,8.09643664857,8.63157834261,8.63157834261,8.6315783426,5.6746245706,6.3646597419,8.74091195942,8.65472333692,9.18386113372,9.18386113372,9.18386113375,8.69112228045,9.18386113379,9.18386113379,9.18386113377,9.15366723207,9.18386113378,9.18386113378,9.18386113374,9.18386113374,9.1838611337,9.1838611337,8.65715851346,8.50123251428,9.18386113372,8.60878643505,9.18386113385,9.18386113385,8.4426947147,9.18386113375,9.18386113375,9.18386113377,9.18386113377,9.18386113375,9.18386113375,9.04107295675,9.183861133924,8.491408558624,8.161155320674,8.545914287494,8.723264110644,8.704896492344,9.18386113323,9.18386113393,9.183861133863,9.183861133863,9.18386113386,8.91370668093,9.18386113388,9.18386113388,9.18386113383,8.85969628083,9.18386113393,9.18386113402,9.18386113403,9.18386113403,9.18386113358,9.18386113355,9.18386113355,9.18386113363,7.3309644977,9.01451731387,9.18386113347,9.18386113347,9.18386113347,8.37327481023,9.18386113323,7.95663056143,8.48720787177,9.18386113323,9.18386113323,9.18386113323,9.1838611335,9.1838611335,9.18386113346,9.18386113346,9.18386113348,9.183861133421,9.183861133421,9.18386113342,9.1838611335,9.1838611335,9.1838611335,9.1838611335,9.1838611334,9.18386113337,9.18386113337,9.1838611334,8.66294921573,8.77954665373,8.1383192298,8.9826690521,9.1838611336,8.9352760005,8.13989005501,9.1838611329,9.1838611333,9.18386113292,9.18386113292,7.51026353332,9.1838611332,4.87997158806,5.1965410812
